68,0
378,0
68,1
378,1
68,2
378,2
68,3
378,3
70,4
71,4
76,4
378,4
70,5
71,5
76,5
378,5
70,6
72,6
77,6
378,6
71,7
71,7
78,7
378,7
72,8
72,8
78,8
378,8
72,9
72,9
79,9
378,9
72,10
73,10
79,10
378,10
73,11
73,11
80,11
378,11
73,12
73,12
81,12
378,12
82,13
378,13
74,14
74,14
83,14
378,14
83,15
378,15
83,16
378,16
83,17
378,17
83,18
378,18
83,19
378,19
83,20
378,20
83,21
378,21
83,22
378,22
83,23
378,23
83,24
379,24
83,25
379,25
83,26
379,26
83,27
379,27
83,28
379,28
83,29
379,29
83,30
379,30
84,31
379,31
84,32
379,32
84,33
379,33
84,34
379,34
84,35
379,35
84,36
379,36
84,37
379,37
84,38
379,38
84,39
378,39
84,40
378,40
84,41
378,41
84,42
378,42
84,43
378,43
83,44
378,44
83,45
378,45
83,46
378,46
83,47
378,47
83,48
112,48
116,48
378,48
83,49
111,49
117,49
378,49
83,50
111,50
117,50
378,50
83,51
111,51
117,51
378,51
83,52
111,52
118,52
378,52
83,53
111,53
118,53
378,53
83,54
111,54
119,54
378,54
80,55
111,55
119,55
358,55
360,55
377,55
80,56
111,56
120,56
357,56
361,56
378,56
80,57
111,57
120,57
357,57
361,57
377,57
75,58
77,58
80,58
111,58
120,58
357,58
361,58
378,58
75,59
78,59
80,59
111,59
121,59
357,59
361,59
378,59
75,60
111,60
121,60
357,60
361,60
377,60
76,61
111,61
122,61
357,61
361,61
377,61
76,62
111,62
113,62
114,62
123,62
356,62
360,62
377,62
76,63
111,63
113,63
114,63
116,63
116,63
124,63
356,63
360,63
377,63
76,64
117,64
124,64
356,64
361,64
377,64
76,65
117,65
124,65
356,65
361,65
377,65
76,66
116,66
124,66
356,66
361,66
376,66
76,67
116,67
125,67
356,67
360,67
376,67
76,68
115,68
126,68
356,68
360,68
376,68
76,69
115,69
126,69
356,69
360,69
376,69
76,70
115,70
126,70
356,70
360,70
376,70
76,71
115,71
126,71
355,71
360,71
375,71
75,72
115,72
126,72
355,72
360,72
375,72
75,73
115,73
124,73
355,73
360,73
375,73
75,74
115,74
124,74
355,74
360,74
375,74
75,75
115,75
124,75
355,75
360,75
375,75
75,76
115,76
124,76
355,76
359,76
375,76
75,77
115,77
123,77
354,77
359,77
374,77
75,78
115,78
123,78
354,78
359,78
374,78
75,79
115,79
122,79
353,79
359,79
374,79
75,80
114,80
121,80
353,80
359,80
374,80
75,81
114,81
120,81
354,81
359,81
374,81
75,82
114,82
119,82
354,82
359,82
374,82
75,83
114,83
118,83
354,83
359,83
373,83
75,84
115,84
117,84
353,84
359,84
373,84
74,85
353,85
359,85
373,85
74,86
353,86
359,86
373,86
74,87
352,87
359,87
372,87
74,88
352,88
359,88
372,88
74,89
352,89
359,89
372,89
74,90
113,90
117,90
352,90
359,90
372,90
74,91
113,91
117,91
352,91
359,91
371,91
74,92
113,92
117,92
352,92
359,92
371,92
74,93
113,93
117,93
351,93
359,93
371,93
74,94
112,94
116,94
351,94
359,94
371,94
74,95
112,95
116,95
351,95
359,95
371,95
74,96
112,96
116,96
351,96
359,96
371,96
74,97
112,97
115,97
351,97
359,97
370,97
73,98
113,98
115,98
184,98
188,98
351,98
359,98
369,98
73,99
184,99
188,99
350,99
359,99
369,99
73,100
183,100
189,100
350,100
358,100
369,100
73,101
182,101
190,101
350,101
358,101
369,101
73,102
180,102
182,102
182,102
191,102
350,102
357,102
369,102
73,103
180,103
192,103
350,103
357,103
368,103
73,104
180,104
192,104
349,104
357,104
368,104
73,105
180,105
191,105
349,105
357,105
368,105
73,106
179,106
192,106
349,106
357,106
368,106
72,107
178,107
192,107
349,107
357,107
368,107
72,108
178,108
193,108
349,108
357,108
367,108
72,109
177,109
193,109
348,109
357,109
367,109
72,110
176,110
193,110
348,110
357,110
367,110
72,111
176,111
193,111
348,111
357,111
367,111
72,112
174,112
192,112
348,112
356,112
366,112
72,113
174,113
192,113
348,113
356,113
366,113
72,114
172,114
192,114
348,114
356,114
366,114
72,115
172,115
191,115
347,115
356,115
365,115
72,116
172,116
191,116
347,116
356,116
365,116
72,117
171,117
191,117
347,117
356,117
365,117
72,118
170,118
190,118
347,118
356,118
364,118
71,119
170,119
190,119
347,119
356,119
364,119
71,120
167,120
190,120
347,120
356,120
364,120
71,121
166,121
189,121
347,121
355,121
363,121
71,122
166,122
188,122
352,122
354,122
364,122
71,123
166,123
188,123
365,123
368,123
371,123
71,124
163,124
165,124
166,124
188,124
375,124
70,125
162,125
165,125
166,125
187,125
375,125
70,126
165,126
187,126
375,126
70,127
164,127
187,127
375,127
70,128
163,128
187,128
375,128
70,129
162,129
187,129
375,129
70,130
160,130
186,130
375,130
70,131
159,131
161,131
161,131
186,131
374,131
70,132
160,132
185,132
374,132
70,133
159,133
185,133
373,133
70,134
159,134
185,134
373,134
69,135
158,135
184,135
372,135
69,136
157,136
184,136
372,136
68,137
158,137
183,137
372,137
68,138
157,138
182,138
371,138
67,139
157,139
176,139
176,139
182,139
368,139
370,139
371,139
66,140
156,140
174,140
368,140
370,140
370,140
66,141
156,141
167,141
370,141
65,142
155,142
164,142
370,142
67,143
69,143
71,143
155,143
168,143
369,143
67,144
67,144
72,144
367,144
369,144
369,144
73,145
367,145
74,146
368,146
74,147
365,147
367,147
368,147
74,148
367,148
74,149
367,149
73,150
367,150
73,151
366,151
73,152
366,152
73,153
365,153
73,154
365,154
73,155
365,155
73,156
366,156
73,157
367,157
73,158
368,158
72,159
370,159
72,160
372,160
72,161
374,161
72,162
376,162
72,163
379,163
71,164
381,164
71,165
383,165
71,166
385,166
71,167
388,167
71,168
389,168
71,169
391,169
71,170
392,170
71,171
394,171
71,172
395,172
71,173
396,173
71,174
398,174
71,175
399,175
70,176
400,176
70,177
401,177
70,178
403,178
70,179
404,179
70,180
405,180
70,181
406,181
70,182
407,182
70,183
409,183
70,184
410,184
70,185
411,185
70,186
412,186
69,187
413,187
69,188
414,188
69,189
415,189
69,190
415,190
68,191
416,191
68,192
417,192
68,193
418,193
67,194
419,194
67,195
420,195
67,196
420,196
67,197
421,197
66,198
421,198
63,199
422,199
63,200
423,200
62,201
424,201
61,202
424,202
60,203
425,203
59,204
425,204
59,205
426,205
59,206
426,206
59,207
426,207
59,208
427,208
59,209
427,209
58,210
428,210
57,211
428,211
55,212
428,212
54,213
429,213
54,214
429,214
52,215
429,215
51,216
429,216
51,217
429,217
51,218
430,218
51,219
430,219
50,220
431,220
50,221
431,221
49,222
431,222
49,223
431,223
47,224
432,224
47,225
432,225
46,226
432,226
45,227
432,227
45,228
432,228
44,229
432,229
44,230
432,230
44,231
433,231
43,232
433,232
43,233
433,233
41,234
433,234
41,235
433,235
40,236
433,236
39,237
433,237
39,238
433,238
38,239
434,239
37,240
434,240
37,241
434,241
36,242
434,242
37,243
434,243
37,244
434,244
37,245
434,245
37,246
434,246
37,247
434,247
36,248
434,248
34,249
434,249
33,250
434,250
32,251
32,251
34,251
434,251
31,252
32,252
34,252
435,252
31,253
435,253
30,254
435,254
30,255
435,255
29,256
435,256
28,257
435,257
28,258
436,258
27,259
436,259
27,260
436,260
26,261
436,261
25,262
436,262
24,263
436,263
24,264
436,264
24,265
436,265
23,266
437,266
24,267
437,267
24,268
437,268
24,269
437,269
24,270
437,270
24,271
437,271
23,272
438,272
23,273
438,273
22,274
438,274
19,275
438,275
18,276
438,276
17,277
18,277
21,277
438,277
17,278
438,278
19,279
439,279
18,280
439,280
17,281
439,281
17,282
439,282
16,283
438,283
15,284
440,284
15,285
440,285
15,286
440,286
14,287
440,287
14,288
441,288
13,289
441,289
12,290
441,290
11,291
441,291
11,292
442,292
10,293
442,293
9,294
442,294
9,295
442,295
8,296
443,296
8,297
443,297
9,298
443,298
9,299
443,299
9,300
443,300
9,301
444,301
7,302
7,302
9,302
444,302
7,303
444,303
8,304
444,304
6,305
445,305
5,306
445,306
5,307
445,307
5,308
446,308
4,309
458,309
3,310
461,310
463,310
464,310
466,310
468,310
470,310
470,310
3,311
473,311
3,312
477,312
3,313
479,313
3,314
479,314
2,315
479,315
0,316
479,316
0,317
479,317
0,318
479,318
0,319
479,319
0,320
479,320
0,321
479,321
0,322
479,322
0,323
479,323
0,324
479,324
0,325
479,325
0,326
479,326
0,327
479,327
0,328
479,328
0,329
479,329
0,330
479,330
0,331
479,331
0,332
479,332
0,333
479,333
0,334
479,334
0,335
479,335
0,336
479,336
0,337
479,337
0,338
479,338
0,339
479,339
0,340
479,340
0,341
479,341
0,342
479,342
0,343
479,343
0,344
479,344
0,345
479,345
0,346
479,346
0,347
479,347
0,348
479,348
0,349
479,349
0,350
479,350
0,351
479,351
0,352
479,352
0,353
479,353
0,354
479,354
0,355
479,355
0,356
479,356
0,357
479,357
0,358
479,358
0,359
479,359
