77,0
403,0
406,0
407,0
412,0
412,0
415,0
417,0
419,0
423,0
77,1
407,1
412,1
418,1
420,1
420,1
77,2
403,2
405,2
406,2
412,2
414,2
419,2
420,2
78,3
403,3
406,3
406,3
410,3
413,3
419,3
420,3
78,4
386,4
394,4
395,4
400,4
400,4
407,4
412,4
79,5
386,5
394,5
395,5
79,6
385,6
80,7
383,7
80,8
383,8
80,9
383,9
81,10
382,10
81,11
382,11
82,12
382,12
83,13
382,13
83,14
382,14
83,15
382,15
84,16
382,16
84,17
382,17
84,18
382,18
86,19
383,19
86,20
87,20
91,20
383,20
86,21
87,21
92,21
383,21
87,22
87,22
92,22
383,22
87,23
87,23
93,23
383,23
88,24
88,24
94,24
383,24
88,25
88,25
94,25
383,25
88,26
88,26
95,26
383,26
88,27
88,27
95,27
384,27
89,28
89,28
97,28
384,28
89,29
89,29
97,29
384,29
98,30
384,30
98,31
384,31
98,32
384,32
98,33
384,33
98,34
384,34
98,35
383,35
385,35
385,35
98,36
385,36
98,37
385,37
98,38
385,38
98,39
385,39
98,40
385,40
98,41
385,41
98,42
385,42
98,43
385,43
98,44
385,44
98,45
385,45
98,46
385,46
98,47
385,47
98,48
385,48
98,49
385,49
98,50
385,50
98,51
385,51
98,52
385,52
98,53
385,53
98,54
385,54
98,55
385,55
98,56
385,56
98,57
385,57
98,58
385,58
98,59
385,59
98,60
385,60
98,61
127,61
129,61
365,61
367,61
385,61
98,62
126,62
130,62
364,62
368,62
384,62
98,63
126,63
130,63
364,63
368,63
384,63
98,64
125,64
130,64
364,64
368,64
384,64
98,65
125,65
131,65
364,65
368,65
383,65
98,66
125,66
131,66
364,66
368,66
384,66
98,67
125,67
132,67
364,67
368,67
384,67
98,68
125,68
133,68
364,68
368,68
384,68
89,69
89,69
97,69
124,69
133,69
364,69
368,69
384,69
96,70
125,70
133,70
364,70
368,70
383,70
89,71
89,71
96,71
125,71
134,71
364,71
368,71
383,71
92,72
93,72
96,72
125,72
134,72
364,72
368,72
383,72
91,73
93,73
95,73
125,73
135,73
364,73
368,73
383,73
91,74
124,74
135,74
364,74
368,74
383,74
91,75
125,75
136,75
364,75
368,75
383,75
92,76
127,76
129,76
129,76
136,76
364,76
368,76
383,76
92,77
130,77
136,77
364,77
368,77
382,77
92,78
130,78
136,78
363,78
368,78
382,78
92,79
129,79
136,79
363,79
368,79
382,79
91,80
128,80
138,80
363,80
368,80
382,80
91,81
128,81
138,81
363,81
368,81
382,81
91,82
128,82
139,82
363,82
368,82
382,82
91,83
128,83
139,83
363,83
368,83
382,83
91,84
128,84
139,84
362,84
368,84
382,84
91,85
128,85
137,85
362,85
368,85
382,85
91,86
128,86
137,86
362,86
368,86
381,86
90,87
128,87
137,87
362,87
368,87
381,87
90,88
128,88
137,88
362,88
368,88
381,88
90,89
127,89
135,89
135,89
137,89
362,89
368,89
381,89
90,90
127,90
135,90
362,90
368,90
381,90
90,91
127,91
135,91
361,91
368,91
381,91
90,92
127,92
135,92
361,92
368,92
381,92
90,93
127,93
134,93
361,93
368,93
380,93
90,94
127,94
133,94
361,94
368,94
380,94
90,95
127,95
132,95
361,95
368,95
380,95
90,96
127,96
132,96
361,96
368,96
380,96
90,97
127,97
132,97
361,97
368,97
380,97
90,98
127,98
132,98
360,98
368,98
379,98
90,99
127,99
131,99
360,99
368,99
379,99
89,100
127,100
131,100
360,100
368,100
379,100
89,101
127,101
130,101
360,101
368,101
379,101
89,102
127,102
130,102
360,102
368,102
379,102
89,103
127,103
130,103
360,103
368,103
379,103
89,104
126,104
130,104
360,104
368,104
379,104
89,105
126,105
129,105
360,105
368,105
378,105
89,106
126,106
129,106
360,106
368,106
378,106
89,107
126,107
128,107
359,107
368,107
378,107
89,108
126,108
128,108
359,108
368,108
377,108
89,109
126,109
128,109
359,109
367,109
377,109
89,110
126,110
128,110
359,110
367,110
377,110
89,111
359,111
367,111
377,111
88,112
359,112
367,112
377,112
88,113
359,113
367,113
377,113
88,114
198,114
200,114
359,114
367,114
376,114
88,115
197,115
201,115
359,115
367,115
376,115
88,116
196,116
201,116
358,116
367,116
376,116
88,117
195,117
202,117
358,117
367,117
376,117
88,118
195,118
203,118
358,118
367,118
376,118
88,119
194,119
203,119
358,119
367,119
376,119
88,120
193,120
204,120
357,120
367,120
375,120
87,121
193,121
204,121
357,121
367,121
375,121
87,122
192,122
204,122
357,122
367,122
375,122
87,123
191,123
205,123
357,123
367,123
375,123
87,124
191,124
204,124
356,124
367,124
375,124
87,125
190,125
205,125
356,125
367,125
374,125
87,126
190,126
205,126
356,126
367,126
374,126
87,127
189,127
204,127
356,127
367,127
373,127
87,128
187,128
205,128
355,128
367,128
374,128
87,129
187,129
205,129
355,129
367,129
373,129
87,130
187,130
205,130
355,130
367,130
373,130
87,131
186,131
204,131
355,131
367,131
373,131
87,132
186,132
205,132
356,132
366,132
372,132
87,133
185,133
205,133
359,133
365,133
373,133
87,134
185,134
204,134
376,134
87,135
182,135
184,135
184,135
204,135
377,135
87,136
182,136
184,136
184,136
204,136
377,136
87,137
183,137
203,137
377,137
87,138
183,138
203,138
377,138
87,139
182,139
203,139
377,139
87,140
182,140
203,140
377,140
87,141
181,141
203,141
377,141
87,142
181,142
202,142
376,142
87,143
181,143
202,143
376,143
87,144
179,144
200,144
376,144
86,145
179,145
200,145
375,145
86,146
179,146
199,146
375,146
85,147
179,147
198,147
375,147
85,148
179,148
197,148
374,148
84,149
179,149
191,149
371,149
373,149
374,149
83,150
179,150
182,150
373,150
83,151
373,151
81,152
373,152
81,153
372,153
84,154
84,154
89,154
370,154
372,154
372,154
90,155
371,155
91,156
371,156
91,157
371,157
90,158
370,158
90,159
370,159
90,160
369,160
90,161
369,161
90,162
368,162
89,163
368,163
89,164
368,164
89,165
368,165
89,166
368,166
89,167
369,167
89,168
373,168
89,169
375,169
89,170
376,170
89,171
378,171
89,172
381,172
88,173
383,173
88,174
385,174
88,175
388,175
88,176
389,176
88,177
390,177
88,178
391,178
88,179
392,179
88,180
395,180
88,181
396,181
88,182
398,182
88,183
400,183
88,184
401,184
88,185
403,185
87,186
404,186
87,187
405,187
87,188
406,188
87,189
407,189
87,190
409,190
87,191
410,191
87,192
410,192
87,193
412,193
86,194
413,194
84,195
414,195
84,196
414,196
83,197
414,197
83,198
416,198
82,199
417,199
80,200
418,200
82,201
419,201
83,202
420,202
82,203
420,203
81,204
419,204
421,204
421,204
78,205
422,205
78,206
423,206
78,207
423,207
75,208
424,208
75,209
424,209
74,210
425,210
74,211
425,211
73,212
426,212
73,213
426,213
72,214
427,214
72,215
427,215
71,216
427,216
69,217
428,217
69,218
428,218
68,219
429,219
67,220
429,220
67,221
429,221
66,222
429,222
65,223
429,223
65,224
430,224
64,225
430,225
64,226
431,226
64,227
431,227
64,228
431,228
63,229
431,229
62,230
431,230
61,231
432,231
59,232
432,232
59,233
432,233
58,234
432,234
58,235
432,235
58,236
432,236
57,237
432,237
57,238
433,238
56,239
433,239
55,240
433,240
54,241
433,241
53,242
433,242
53,243
433,243
52,244
433,244
51,245
434,245
51,246
434,246
51,247
434,247
52,248
434,248
52,249
434,249
51,250
434,250
51,251
434,251
49,252
434,252
48,253
435,253
46,254
435,254
46,255
435,255
45,256
435,256
45,257
435,257
44,258
435,258
44,259
435,259
44,260
436,260
42,261
436,261
42,262
436,262
41,263
436,263
40,264
436,264
40,265
436,265
39,266
436,266
38,267
437,267
38,268
437,268
37,269
437,269
38,270
437,270
38,271
437,271
38,272
437,272
38,273
437,273
38,274
438,274
38,275
438,275
37,276
438,276
35,277
438,277
34,278
438,278
33,279
33,279
35,279
439,279
32,280
33,280
35,280
439,280
32,281
439,281
31,282
439,282
31,283
439,283
30,284
438,284
440,284
440,284
29,285
440,285
29,286
440,286
28,287
441,287
28,288
441,288
27,289
441,289
27,290
441,290
26,291
441,291
25,292
442,292
25,293
442,293
24,294
442,294
24,295
442,295
23,296
443,296
23,297
443,297
23,298
443,298
22,299
443,299
22,300
443,300
23,301
444,301
22,302
444,302
21,303
445,303
21,304
445,304
20,305
20,305
22,305
445,305
19,306
20,306
22,306
445,306
21,307
446,307
19,308
446,308
17,309
446,309
17,310
447,310
17,311
447,311
17,312
467,312
470,312
470,312
17,313
475,313
17,314
473,314
475,314
479,314
16,315
479,315
16,316
479,316
15,317
479,317
15,318
479,318
14,319
479,319
14,320
479,320
14,321
479,321
13,322
479,322
12,323
479,323
12,324
479,324
11,325
479,325
10,326
479,326
10,327
479,327
11,328
479,328
10,329
479,329
10,330
479,330
11,331
479,331
11,332
479,332
11,333
479,333
11,334
479,334
9,335
479,335
9,336
479,336
8,337
479,337
8,338
8,338
10,338
479,338
9,339
479,339
7,340
479,340
5,341
479,341
6,342
479,342
5,343
479,343
4,344
479,344
4,345
479,345
4,346
479,346
4,347
479,347
4,348
479,348
5,349
479,349
6,350
479,350
6,351
479,351
6,352
479,352
6,353
479,353
5,354
479,354
5,355
479,355
4,356
479,356
2,357
479,357
1,358
479,358
0,359
479,359
