162,0
392,0
162,1
392,1
162,2
392,2
162,3
392,3
162,4
163,4
165,4
392,4
163,5
392,5
164,6
392,6
166,7
183,7
188,7
392,7
165,8
166,8
168,8
177,8
188,8
393,8
165,9
167,9
170,9
175,9
188,9
393,9
168,10
169,10
188,10
393,10
187,11
393,11
187,12
393,12
187,13
393,13
187,14
393,14
187,15
393,15
187,16
393,16
187,17
393,17
187,18
392,18
188,19
392,19
188,20
392,20
188,21
392,21
188,22
392,22
188,23
392,23
188,24
385,24
388,24
392,24
188,25
385,25
388,25
392,25
189,26
385,26
388,26
391,26
190,27
385,27
388,27
391,27
190,28
384,28
388,28
391,28
190,29
384,29
388,29
391,29
190,30
384,30
388,30
391,30
190,31
384,31
388,31
391,31
190,32
383,32
388,32
390,32
191,33
383,33
388,33
389,33
191,34
384,34
388,34
389,34
192,35
385,35
388,35
389,35
193,36
386,36
388,36
389,36
193,37
386,37
388,37
389,37
193,38
388,38
194,39
387,39
194,40
387,40
194,41
386,41
193,42
385,42
193,43
385,43
193,44
384,44
193,45
384,45
192,46
383,46
192,47
383,47
192,48
382,48
192,49
377,49
380,49
381,49
192,50
376,50
191,51
376,51
191,52
376,52
191,53
376,53
191,54
376,54
191,55
376,55
191,56
376,56
191,57
375,57
191,58
376,58
191,59
376,59
191,60
376,60
191,61
376,61
192,62
376,62
193,63
376,63
195,64
376,64
197,65
377,65
197,66
377,66
201,67
377,67
202,68
377,68
203,69
203,69
205,69
377,69
203,70
203,70
205,70
377,70
203,71
377,71
203,72
379,72
203,73
379,73
204,74
382,74
204,75
381,75
205,76
381,76
206,77
381,77
206,78
381,78
206,79
381,79
207,80
381,80
207,81
381,81
208,82
381,82
208,83
382,83
209,84
382,84
209,85
382,85
209,86
382,86
209,87
382,87
210,88
382,88
210,89
382,89
211,90
382,90
211,91
382,91
211,92
383,92
211,93
383,93
211,94
383,94
211,95
383,95
211,96
383,96
211,97
383,97
211,98
383,98
211,99
383,99
211,100
383,100
211,101
383,101
211,102
384,102
211,103
384,103
211,104
384,104
211,105
384,105
211,106
384,106
211,107
384,107
211,108
384,108
211,109
384,109
211,110
384,110
210,111
385,111
210,112
385,112
210,113
385,113
210,114
385,114
210,115
385,115
210,116
385,116
210,117
385,117
210,118
385,118
210,119
385,119
210,120
385,120
210,121
385,121
209,122
385,122
209,123
210,123
212,123
386,123
209,124
209,124
212,124
385,124
209,125
209,125
212,125
385,125
212,126
386,126
212,127
386,127
213,128
387,128
213,129
388,129
212,130
388,130
212,131
389,131
212,132
381,132
383,132
388,132
212,133
379,133
213,134
379,134
213,135
379,135
213,136
379,136
213,137
379,137
212,138
379,138
212,139
379,139
211,140
379,140
210,141
379,141
212,142
379,142
213,143
214,143
216,143
379,143
213,144
213,144
216,144
378,144
213,145
213,145
216,145
378,145
216,146
378,146
216,147
378,147
216,148
378,148
216,149
378,149
216,150
377,150
216,151
377,151
214,152
377,152
211,153
211,153
214,153
377,153
210,154
377,154
209,155
377,155
207,156
377,156
207,157
377,157
204,158
206,158
208,158
377,158
202,159
377,159
202,160
376,160
378,160
378,160
200,161
375,161
198,162
375,162
197,163
376,163
378,163
378,163
195,164
195,164
197,164
377,164
195,165
378,165
193,166
380,166
192,167
192,167
195,167
382,167
192,168
383,168
190,169
385,169
190,170
387,170
189,171
189,171
192,171
388,171
188,172
389,172
187,173
390,173
187,174
391,174
186,175
393,175
186,176
186,176
188,176
394,176
186,177
395,177
185,178
396,178
184,179
397,179
184,180
397,180
184,181
398,181
183,182
399,182
183,183
399,183
183,184
399,184
182,185
400,185
182,186
400,186
181,187
399,187
181,188
401,188
181,189
401,189
180,190
401,190
180,191
402,191
180,192
402,192
180,193
403,193
180,194
403,194
180,195
403,195
180,196
403,196
180,197
403,197
180,198
403,198
179,199
403,199
179,200
403,200
179,201
403,201
179,202
403,202
179,203
403,203
179,204
403,204
179,205
403,205
179,206
403,206
179,207
403,207
179,208
403,208
179,209
403,209
178,210
403,210
178,211
403,211
178,212
403,212
178,213
403,213
178,214
403,214
178,215
403,215
178,216
403,216
178,217
403,217
178,218
403,218
177,219
403,219
177,220
403,220
176,221
404,221
169,222
404,222
166,223
404,223
164,224
404,224
161,225
404,225
159,226
404,226
157,227
404,227
156,228
404,228
155,229
404,229
154,230
405,230
153,231
405,231
153,232
405,232
151,233
405,233
151,234
405,234
150,235
405,235
151,236
405,236
150,237
405,237
150,238
405,238
150,239
405,239
149,240
405,240
149,241
405,241
149,242
405,242
149,243
406,243
149,244
406,244
149,245
406,245
149,246
406,246
149,247
406,247
149,248
406,248
149,249
406,249
408,249
408,249
150,250
415,250
417,250
419,250
150,251
422,251
150,252
422,252
424,252
426,252
150,253
427,253
151,254
430,254
151,255
431,255
152,256
432,256
152,257
433,257
153,258
434,258
153,259
435,259
154,260
435,260
154,261
435,261
155,262
435,262
156,263
435,263
157,264
435,264
157,265
435,265
158,266
435,266
160,267
435,267
160,268
434,268
159,269
434,269
159,270
433,270
158,271
433,271
158,272
430,272
158,273
430,273
158,274
429,274
157,275
428,275
157,276
427,276
157,277
426,277
156,278
424,278
156,279
424,279
156,280
424,280
155,281
423,281
155,282
423,282
154,283
423,283
154,284
422,284
154,285
421,285
154,286
420,286
154,287
420,287
153,288
419,288
153,289
419,289
152,290
419,290
152,291
420,291
152,292
421,292
151,293
421,293
151,294
421,294
151,295
421,295
151,296
421,296
151,297
421,297
150,298
421,298
149,299
421,299
149,300
421,300
149,301
422,301
149,302
422,302
148,303
423,303
147,304
423,304
146,305
423,305
146,306
423,306
147,307
423,307
146,308
423,308
145,309
423,309
145,310
424,310
144,311
424,311
143,312
345,312
348,312
423,312
143,313
345,313
348,313
424,313
143,314
345,314
348,314
424,314
142,315
345,315
348,315
425,315
142,316
344,316
348,316
425,316
141,317
344,317
348,317
425,317
141,318
344,318
348,318
425,318
140,319
344,319
348,319
425,319
140,320
343,320
348,320
425,320
140,321
343,321
348,321
425,321
139,322
343,322
348,322
425,322
139,323
343,323
348,323
425,323
138,324
342,324
348,324
425,324
138,325
342,325
348,325
425,325
138,326
341,326
348,326
426,326
137,327
341,327
348,327
426,327
137,328
341,328
347,328
426,328
136,329
341,329
347,329
426,329
136,330
341,330
347,330
426,330
136,331
341,331
347,331
426,331
135,332
341,332
348,332
426,332
134,333
341,333
348,333
426,333
134,334
341,334
348,334
427,334
133,335
341,335
347,335
427,335
133,336
341,336
346,336
427,336
132,337
341,337
346,337
428,337
132,338
340,338
346,338
428,338
132,339
340,339
346,339
428,339
131,340
340,340
346,340
428,340
131,341
340,341
346,341
428,341
130,342
339,342
346,342
429,342
130,343
339,343
346,343
429,343
129,344
339,344
346,344
429,344
129,345
339,345
345,345
429,345
128,346
340,346
344,346
430,346
128,347
340,347
344,347
430,347
127,348
340,348
344,348
431,348
127,349
340,349
345,349
431,349
127,350
340,350
346,350
432,350
126,351
340,351
346,351
432,351
125,352
340,352
344,352
433,352
125,353
340,353
344,353
434,353
124,354
340,354
343,354
434,354
124,355
435,355
123,356
435,356
123,357
436,357
122,358
437,358
122,359
437,359
