140,0
352,0
140,1
352,1
139,2
352,2
140,3
352,3
143,4
352,4
143,5
351,5
143,6
351,6
143,7
351,7
141,8
349,8
141,9
346,9
348,9
348,9
143,10
346,10
143,11
346,11
143,12
345,12
143,13
344,13
143,14
344,14
143,15
164,15
168,15
344,15
146,16
151,16
168,16
345,16
168,17
344,17
168,18
344,18
168,19
344,19
168,20
343,20
168,21
342,21
167,22
340,22
166,23
340,23
165,24
340,24
165,25
339,25
164,26
338,26
163,27
338,27
163,28
337,28
162,29
336,29
161,30
336,30
160,31
161,31
163,31
337,31
160,32
336,32
159,33
335,33
158,34
334,34
157,35
334,35
156,36
333,36
156,37
332,37
155,38
330,38
154,39
330,39
154,40
329,40
153,41
328,41
152,42
327,42
151,43
326,43
151,44
324,44
150,45
324,45
150,46
324,46
149,47
324,47
148,48
324,48
148,49
324,49
147,50
324,50
147,51
323,51
146,52
323,52
146,53
324,53
146,54
324,54
146,55
323,55
147,56
323,56
147,57
323,57
149,58
323,58
149,59
323,59
149,60
153,60
155,60
157,60
159,60
162,60
164,60
323,60
153,61
156,61
159,61
164,61
166,61
323,61
162,62
164,62
166,62
323,62
167,63
323,63
169,64
318,64
320,64
322,64
170,65
317,65
320,65
322,65
170,66
317,66
320,66
322,66
169,67
316,67
320,67
322,67
169,68
315,68
320,68
321,68
169,69
314,69
320,69
321,69
169,70
314,70
320,70
320,70
169,71
313,71
320,71
320,71
169,72
312,72
319,72
320,72
169,73
312,73
319,73
319,73
168,74
311,74
319,74
319,74
168,75
310,75
318,75
318,75
168,76
310,76
168,77
309,77
317,77
317,77
168,78
309,78
168,79
308,79
168,80
308,80
168,81
308,81
168,82
307,82
168,83
306,83
168,84
306,84
168,85
307,85
168,86
307,86
168,87
307,87
168,88
307,88
168,89
307,89
168,90
307,90
168,91
307,91
168,92
307,92
168,93
307,93
168,94
307,94
168,95
307,95
168,96
307,96
168,97
307,97
168,98
307,98
168,99
307,99
168,100
307,100
309,100
309,100
168,101
311,101
168,102
311,102
169,103
310,103
169,104
310,104
169,105
310,105
169,106
310,106
170,107
310,107
169,108
174,108
177,108
310,108
169,109
174,109
177,109
310,109
169,110
174,110
177,110
310,110
169,111
174,111
177,111
310,111
169,112
173,112
177,112
311,112
169,113
173,113
177,113
311,113
170,114
173,114
177,114
311,114
170,115
173,115
177,115
311,115
170,116
173,116
177,116
311,116
170,117
173,117
178,117
311,117
170,118
170,118
172,118
173,118
178,118
261,118
264,118
311,118
170,119
170,119
172,119
173,119
178,119
262,119
264,119
311,119
170,120
173,120
178,120
262,120
266,120
311,120
170,121
173,121
178,121
262,121
267,121
311,121
170,122
173,122
178,122
262,122
267,122
311,122
171,123
173,123
178,123
262,123
267,123
311,123
171,124
173,124
179,124
262,124
267,124
311,124
171,125
173,125
179,125
262,125
268,125
312,125
171,126
173,126
179,126
262,126
268,126
312,126
171,127
172,127
179,127
262,127
269,127
312,127
171,128
172,128
179,128
262,128
270,128
312,128
171,129
172,129
179,129
262,129
270,129
312,129
171,130
172,130
178,130
262,130
270,130
312,130
171,131
172,131
175,131
176,131
178,131
263,131
270,131
312,131
171,132
263,132
270,132
312,132
171,133
263,133
271,133
312,133
171,134
263,134
271,134
312,134
171,135
263,135
272,135
312,135
172,136
264,136
272,136
312,136
173,137
264,137
272,137
313,137
174,138
264,138
272,138
313,138
175,139
265,139
272,139
313,139
175,140
313,140
175,141
314,141
176,142
312,142
176,143
310,143
176,144
310,144
176,145
310,145
176,146
310,146
175,147
310,147
172,148
310,148
169,149
310,149
168,150
310,150
166,151
310,151
164,152
166,152
168,152
311,152
163,153
311,153
162,154
312,154
160,155
312,155
159,156
312,156
157,157
312,157
156,158
313,158
155,159
314,159
154,160
316,160
153,161
316,161
152,162
316,162
153,163
316,163
150,164
316,164
150,165
318,165
149,166
318,166
149,167
319,167
148,168
320,168
148,169
320,169
147,170
321,170
147,171
321,171
146,172
323,172
146,173
323,173
145,174
324,174
145,175
324,175
145,176
325,176
145,177
326,177
145,178
327,178
144,179
327,179
144,180
328,180
144,181
328,181
144,182
329,182
144,183
330,183
143,184
330,184
143,185
331,185
143,186
331,186
143,187
332,187
143,188
333,188
143,189
333,189
143,190
334,190
143,191
335,191
142,192
335,192
142,193
335,193
142,194
335,194
142,195
336,195
142,196
338,196
142,197
337,197
142,198
339,198
141,199
339,199
141,200
340,200
141,201
340,201
140,202
341,202
140,203
342,203
140,204
342,204
140,205
341,205
139,206
341,206
139,207
341,207
139,208
342,208
139,209
344,209
138,210
345,210
138,211
345,211
138,212
346,212
138,213
346,213
137,214
347,214
137,215
347,215
137,216
348,216
137,217
348,217
137,218
348,218
136,219
349,219
136,220
349,220
135,221
349,221
116,222
123,222
125,222
125,222
135,222
350,222
115,223
128,223
134,223
350,223
113,224
351,224
113,225
351,225
114,226
352,226
114,227
353,227
115,228
353,228
115,229
353,229
115,230
354,230
116,231
354,231
116,232
354,232
116,233
354,233
117,234
355,234
117,235
355,235
118,236
355,236
118,237
355,237
118,238
356,238
119,239
356,239
119,240
358,240
119,241
358,241
120,242
359,242
120,243
359,243
120,244
358,244
120,245
358,245
120,246
358,246
120,247
358,247
120,248
359,248
120,249
334,249
338,249
361,249
120,250
333,250
338,250
361,250
120,251
333,251
338,251
361,251
120,252
333,252
337,252
362,252
120,253
331,253
337,253
361,253
119,254
332,254
338,254
361,254
119,255
332,255
338,255
361,255
118,256
332,256
339,256
362,256
118,257
332,257
339,257
363,257
118,258
331,258
339,258
363,258
118,259
331,259
339,259
363,259
117,260
331,260
340,260
362,260
117,261
331,261
341,261
362,261
116,262
332,262
341,262
362,262
116,263
116,263
118,263
332,263
342,263
363,263
116,264
285,264
287,264
332,264
343,264
363,264
115,265
284,265
288,265
332,265
343,265
364,265
116,266
284,266
288,266
332,266
342,266
364,266
115,267
284,267
287,267
332,267
341,267
365,267
114,268
284,268
287,268
332,268
342,268
365,268
114,269
284,269
287,269
332,269
342,269
364,269
113,270
283,270
287,270
332,270
342,270
364,270
113,271
283,271
287,271
332,271
343,271
365,271
113,272
282,272
288,272
333,272
343,272
365,272
112,273
282,273
287,273
333,273
343,273
366,273
112,274
281,274
286,274
333,274
343,274
366,274
111,275
282,275
286,275
333,275
343,275
367,275
111,276
281,276
286,276
333,276
344,276
367,276
110,277
281,277
286,277
334,277
344,277
365,277
110,278
280,278
286,278
334,278
345,278
365,278
110,279
280,279
286,279
334,279
345,279
366,279
109,280
280,280
287,280
334,280
345,280
368,280
109,281
110,281
112,281
279,281
286,281
334,281
345,281
368,281
109,282
279,282
286,282
334,282
345,282
368,282
108,283
278,283
286,283
334,283
345,283
368,283
108,284
278,284
286,284
334,284
345,284
368,284
108,285
278,285
286,285
334,285
346,285
368,285
107,286
278,286
286,286
335,286
347,286
368,286
107,287
278,287
286,287
335,287
347,287
368,287
107,288
278,288
286,288
335,288
346,288
369,288
106,289
277,289
286,289
335,289
346,289
369,289
106,290
277,290
285,290
335,290
346,290
369,290
106,291
106,291
108,291
277,291
285,291
335,291
346,291
369,291
106,292
277,292
285,292
335,292
346,292
346,292
348,292
369,292
105,293
276,293
285,293
335,293
346,293
369,293
105,294
276,294
286,294
336,294
348,294
370,294
104,295
276,295
286,295
337,295
350,295
370,295
104,296
275,296
286,296
337,296
348,296
370,296
104,297
275,297
286,297
338,297
348,297
370,297
103,298
275,298
286,298
339,298
347,298
370,298
102,299
275,299
286,299
339,299
348,299
370,299
102,300
275,300
286,300
339,300
349,300
370,300
101,301
275,301
286,301
340,301
349,301
370,301
101,302
274,302
286,302
340,302
349,302
350,302
352,302
371,302
100,303
274,303
286,303
341,303
349,303
350,303
352,303
371,303
99,304
274,304
286,304
341,304
349,304
350,304
352,304
371,304
99,305
274,305
286,305
342,305
350,305
371,305
99,306
274,306
286,306
343,306
348,306
371,306
98,307
274,307
286,307
344,307
348,307
371,307
98,308
274,308
286,308
344,308
348,308
370,308
97,309
274,309
287,309
344,309
349,309
370,309
97,310
274,310
287,310
345,310
350,310
370,310
96,311
274,311
287,311
345,311
350,311
371,311
96,312
274,312
287,312
346,312
350,312
371,312
95,313
274,313
287,313
347,313
350,313
372,313
95,314
274,314
287,314
347,314
349,314
372,314
94,315
274,315
287,315
347,315
349,315
372,315
94,316
274,316
287,316
371,316
94,317
275,317
287,317
371,317
93,318
275,318
287,318
372,318
93,319
275,319
287,319
372,319
92,320
275,320
287,320
372,320
91,321
275,321
287,321
372,321
91,322
275,322
287,322
371,322
91,323
275,323
287,323
371,323
90,324
275,324
287,324
371,324
89,325
275,325
288,325
371,325
89,326
275,326
288,326
372,326
88,327
275,327
288,327
372,327
88,328
275,328
288,328
373,328
87,329
275,329
288,329
373,329
87,330
275,330
288,330
373,330
87,331
275,331
288,331
373,331
86,332
275,332
288,332
373,332
85,333
275,333
288,333
373,333
85,334
275,334
288,334
373,334
84,335
276,335
288,335
373,335
84,336
276,336
288,336
373,336
83,337
276,337
288,337
373,337
83,338
276,338
288,338
373,338
82,339
276,339
289,339
373,339
82,340
276,340
289,340
373,340
81,341
276,341
289,341
374,341
81,342
277,342
289,342
374,342
80,343
277,343
289,343
374,343
80,344
277,344
289,344
374,344
79,345
277,345
289,345
374,345
78,346
277,346
289,346
374,346
78,347
277,347
290,347
374,347
78,348
277,348
290,348
374,348
77,349
277,349
290,349
374,349
76,350
277,350
290,350
375,350
76,351
277,351
290,351
374,351
75,352
277,352
290,352
374,352
75,353
277,353
290,353
374,353
74,354
277,354
290,354
374,354
74,355
277,355
290,355
373,355
375,355
375,355
73,356
277,356
291,356
373,356
73,357
277,357
291,357
373,357
72,358
277,358
291,358
373,358
72,359
277,359
291,359
373,359
