270,0
312,0
268,1
314,1
266,2
314,2
269,3
313,3
263,4
313,4
261,5
314,5
260,6
314,6
259,7
315,7
258,8
315,8
258,9
315,9
199,10
209,10
258,10
315,10
194,11
217,11
241,11
241,11
244,11
252,11
257,11
313,11
190,12
213,12
216,12
220,12
237,12
253,12
256,12
313,12
185,13
222,13
234,13
314,13
183,14
219,14
221,14
223,14
232,14
315,14
179,15
224,15
231,15
232,15
234,15
315,15
176,16
224,16
231,16
315,16
174,17
225,17
230,17
315,17
172,18
226,18
230,18
315,18
169,19
316,19
168,20
313,20
168,21
313,21
166,22
313,22
166,23
314,23
166,24
315,24
166,25
315,25
166,26
315,26
165,27
315,27
165,28
166,28
168,28
315,28
166,29
315,29
166,30
315,30
167,31
314,31
168,32
315,32
169,33
315,33
169,34
315,34
170,35
315,35
170,36
315,36
170,37
313,37
315,37
316,37
170,38
315,38
171,39
314,39
173,40
313,40
174,41
313,41
174,42
314,42
174,43
314,43
174,44
312,44
175,45
312,45
175,46
313,46
176,47
313,47
177,48
313,48
178,49
302,49
304,49
312,49
179,50
294,50
300,50
312,50
179,51
293,51
306,51
312,51
179,52
294,52
179,53
295,53
180,54
295,54
180,55
295,55
181,56
296,56
181,57
296,57
182,58
297,58
183,59
298,59
184,60
298,60
185,61
299,61
185,62
300,62
185,63
301,63
186,64
301,64
187,65
302,65
188,66
303,66
189,67
303,67
194,68
304,68
194,69
304,69
194,70
305,70
194,71
306,71
194,72
306,72
194,73
307,73
194,74
307,74
194,75
308,75
194,76
308,76
194,77
309,77
195,78
309,78
194,79
309,79
195,80
308,80
195,81
304,81
307,81
307,81
196,82
307,82
196,83
298,83
303,83
303,83
306,83
306,83
196,84
298,84
197,85
298,85
197,86
298,86
199,87
298,87
200,88
298,88
201,89
299,89
201,90
299,90
202,91
299,91
202,92
299,92
203,93
299,93
203,94
299,94
202,95
299,95
203,96
300,96
203,97
300,97
203,98
300,98
203,99
300,99
203,100
296,100
298,100
300,100
203,101
296,101
299,101
300,101
203,102
296,102
299,102
301,102
203,103
296,103
299,103
301,103
203,104
296,104
300,104
301,104
202,105
296,105
300,105
302,105
200,106
296,106
300,106
302,106
200,107
296,107
301,107
302,107
200,108
296,108
301,108
302,108
200,109
296,109
302,109
302,109
200,110
296,110
302,110
302,110
200,111
297,111
302,111
303,111
200,112
211,112
214,112
297,112
302,112
302,112
200,113
211,113
214,113
297,113
302,113
302,113
200,114
210,114
215,114
297,114
303,114
303,114
200,115
210,115
215,115
297,115
303,115
304,115
200,116
210,116
215,116
298,116
304,116
304,116
200,117
210,117
215,117
298,117
304,117
304,117
200,118
210,118
215,118
298,118
200,119
210,119
214,119
298,119
200,120
210,120
215,120
298,120
200,121
210,121
215,121
298,121
200,122
210,122
213,122
213,122
215,122
298,122
200,123
210,123
213,123
298,123
200,124
299,124
200,125
299,125
200,126
299,126
200,127
299,127
199,128
299,128
199,129
299,129
199,130
299,130
199,131
299,131
200,132
299,132
199,133
200,133
202,133
205,133
207,133
300,133
200,134
300,134
201,135
300,135
202,136
206,136
208,136
300,136
202,137
206,137
208,137
300,137
202,138
206,138
209,138
297,138
300,138
300,138
201,139
206,139
208,139
297,139
300,139
300,139
201,140
297,140
301,140
301,140
201,141
297,141
301,141
301,141
202,142
297,142
202,143
297,143
202,144
299,144
202,145
300,145
202,146
299,146
301,146
302,146
202,147
301,147
303,147
303,147
202,148
304,148
202,149
305,149
202,150
305,150
201,151
306,151
200,152
306,152
200,153
307,153
200,154
307,154
199,155
308,155
199,156
308,156
199,157
309,157
197,158
309,158
196,159
309,159
196,160
309,160
197,161
310,161
196,162
310,162
194,163
310,163
193,164
310,164
193,165
311,165
192,166
311,166
193,167
311,167
190,168
311,168
191,169
311,169
190,170
311,170
189,171
312,171
188,172
312,172
188,173
312,173
188,174
312,174
186,175
312,175
186,176
312,176
186,177
312,177
184,178
313,178
184,179
313,179
184,180
313,180
185,181
314,181
183,182
314,182
183,183
314,183
181,184
315,184
180,185
315,185
179,186
315,186
178,187
315,187
178,188
316,188
178,189
316,189
177,190
316,190
326,190
330,190
177,191
316,191
321,191
330,191
176,192
329,192
176,193
329,193
175,194
329,194
174,195
328,195
174,196
328,196
173,197
328,197
172,198
327,198
172,199
327,199
172,200
327,200
172,201
326,201
171,202
326,202
171,203
326,203
170,204
326,204
170,205
326,205
170,206
326,206
169,207
185,207
190,207
326,207
169,208
185,208
190,208
326,208
168,209
183,209
191,209
326,209
167,210
182,210
191,210
327,210
166,211
182,211
191,211
327,211
166,212
182,212
191,212
327,212
165,213
180,213
182,213
182,213
191,213
328,213
165,214
182,214
191,214
328,214
165,215
181,215
191,215
295,215
299,215
329,215
165,216
181,216
191,216
295,216
299,216
329,216
164,217
181,217
191,217
295,217
299,217
329,217
164,218
180,218
191,218
295,218
300,218
330,218
164,219
180,219
191,219
295,219
300,219
330,219
164,220
178,220
192,220
295,220
300,220
331,220
163,221
178,221
191,221
295,221
300,221
331,221
163,222
179,222
191,222
295,222
300,222
331,222
163,223
178,223
191,223
295,223
300,223
332,223
163,224
178,224
191,224
295,224
300,224
332,224
162,225
178,225
191,225
295,225
300,225
333,225
161,226
177,226
191,226
295,226
300,226
333,226
161,227
177,227
190,227
295,227
301,227
333,227
160,228
176,228
191,228
295,228
301,228
334,228
160,229
176,229
190,229
295,229
301,229
334,229
160,230
176,230
190,230
295,230
301,230
334,230
160,231
176,231
190,231
295,231
301,231
335,231
159,232
175,232
190,232
295,232
301,232
335,232
159,233
175,233
190,233
296,233
301,233
335,233
158,234
175,234
189,234
296,234
301,234
336,234
158,235
174,235
189,235
296,235
301,235
336,235
158,236
173,236
189,236
297,236
301,236
336,236
157,237
173,237
189,237
297,237
302,237
337,237
158,238
173,238
188,238
297,238
302,238
337,238
156,239
173,239
188,239
297,239
302,239
337,239
157,240
173,240
189,240
297,240
302,240
338,240
156,241
171,241
188,241
297,241
302,241
338,241
156,242
171,242
187,242
297,242
302,242
339,242
156,243
171,243
187,243
297,243
302,243
337,243
339,243
339,243
156,244
171,244
186,244
298,244
302,244
340,244
156,245
171,245
186,245
298,245
302,245
340,245
155,246
171,246
185,246
298,246
302,246
341,246
155,247
170,247
185,247
298,247
302,247
341,247
155,248
170,248
185,248
298,248
302,248
341,248
155,249
168,249
170,249
170,249
184,249
298,249
302,249
342,249
154,250
170,250
184,250
299,250
302,250
342,250
155,251
170,251
183,251
299,251
303,251
343,251
154,252
169,252
183,252
299,252
303,252
343,252
154,253
168,253
183,253
299,253
303,253
344,253
154,254
169,254
182,254
300,254
303,254
344,254
153,255
169,255
182,255
301,255
303,255
345,255
154,256
167,256
169,256
169,256
182,256
345,256
153,257
167,257
181,257
345,257
153,258
167,258
181,258
346,258
153,259
167,259
169,259
169,259
181,259
346,259
153,260
169,260
180,260
347,260
152,261
169,261
180,261
348,261
153,262
168,262
180,262
348,262
152,263
167,263
178,263
348,263
152,264
167,264
178,264
349,264
151,265
167,265
178,265
349,265
151,266
168,266
178,266
350,266
151,267
168,267
177,267
350,267
150,268
167,268
176,268
350,268
150,269
167,269
176,269
351,269
150,270
167,270
176,270
352,270
151,271
167,271
175,271
352,271
150,272
167,272
175,272
353,272
150,273
167,273
175,273
353,273
150,274
167,274
175,274
354,274
150,275
167,275
174,275
354,275
149,276
167,276
173,276
355,276
149,277
166,277
173,277
355,277
149,278
166,278
173,278
355,278
148,279
166,279
173,279
356,279
149,280
166,280
173,280
357,280
149,281
166,281
171,281
171,281
173,281
357,281
149,282
166,282
171,282
357,282
148,283
166,283
170,283
358,283
149,284
163,284
165,284
166,284
170,284
358,284
149,285
163,285
165,285
165,285
170,285
359,285
148,286
165,286
169,286
360,286
149,287
164,287
169,287
360,287
147,288
164,288
169,288
361,288
147,289
164,289
169,289
361,289
147,290
163,290
169,290
362,290
146,291
163,291
165,291
165,291
170,291
362,291
148,292
164,292
171,292
363,292
148,293
164,293
172,293
363,293
147,294
164,294
172,294
364,294
146,295
163,295
172,295
364,295
146,296
164,296
172,296
365,296
148,297
164,297
173,297
365,297
148,298
164,298
173,298
365,298
147,299
148,299
150,299
151,299
156,299
161,299
163,299
164,299
174,299
365,299
147,300
147,300
149,300
150,300
157,300
163,300
174,300
365,300
149,301
149,301
158,301
163,301
172,301
365,301
148,302
148,302
159,302
160,302
171,302
365,302
147,303
147,303
159,303
160,303
171,303
364,303
159,304
160,304
170,304
364,304
169,305
364,305
169,306
363,306
168,307
363,307
168,308
363,308
168,309
363,309
167,310
363,310
166,311
362,311
166,312
362,312
166,313
362,313
165,314
362,314
165,315
361,315
165,316
361,316
165,317
361,317
165,318
360,318
165,319
361,319
165,320
360,320
166,321
360,321
166,322
360,322
166,323
360,323
168,324
360,324
168,325
360,325
168,326
360,326
168,327
360,327
168,328
361,328
169,329
361,329
169,330
361,330
171,331
361,331
171,332
361,332
173,333
361,333
176,334
361,334
177,335
361,335
179,336
361,336
179,337
361,337
179,338
361,338
179,339
361,339
179,340
361,340
179,341
361,341
179,342
361,342
179,343
361,343
179,344
361,344
179,345
361,345
179,346
361,346
179,347
360,347
179,348
359,348
179,349
359,349
179,350
359,350
179,351
359,351
179,352
359,352
179,353
359,353
179,354
359,354
179,355
359,355
179,356
359,356
179,357
359,357
179,358
359,358
179,359
359,359
