295,11
301,11
289,12
311,12
286,13
295,13
299,13
317,13
212,14
224,14
281,14
322,14
208,15
228,15
279,15
279,15
282,15
324,15
203,16
232,16
277,16
278,16
280,16
324,16
198,17
233,17
235,17
236,17
275,17
324,17
194,18
237,18
273,18
324,18
192,19
239,19
253,19
253,19
255,19
255,19
264,19
264,19
273,19
324,19
192,20
240,20
249,20
266,20
273,20
326,20
192,21
241,21
247,21
267,21
272,21
326,21
192,22
241,22
246,22
268,22
272,22
327,22
192,23
242,23
245,23
269,23
271,23
327,23
189,24
326,24
189,25
326,25
190,26
326,26
189,27
326,27
189,28
325,28
190,29
325,29
189,30
324,30
189,31
323,31
189,32
324,32
189,33
322,33
190,34
323,34
191,35
323,35
191,36
324,36
190,37
322,37
191,38
322,38
192,39
321,39
191,40
322,40
191,41
322,41
193,42
322,42
193,43
322,43
193,44
321,44
193,45
320,45
193,46
320,46
193,47
320,47
193,48
320,48
194,49
320,49
194,50
320,50
195,51
319,51
195,52
318,52
195,53
318,53
195,54
317,54
195,55
317,55
195,56
317,56
197,57
303,57
305,57
317,57
198,58
316,58
197,59
315,59
197,60
304,60
309,60
315,60
199,61
303,61
199,62
303,62
199,63
303,63
199,64
199,64
203,64
209,64
213,64
304,64
200,65
205,65
214,65
304,65
200,66
200,66
202,66
202,66
214,66
305,66
214,67
305,67
214,68
305,68
214,69
305,69
214,70
305,70
214,71
306,71
214,72
306,72
214,73
306,73
214,74
306,74
214,75
306,75
214,76
306,76
213,77
306,77
213,78
306,78
213,79
306,79
213,80
307,80
213,81
307,81
212,82
307,82
212,83
306,83
211,84
307,84
211,85
307,85
211,86
306,86
211,87
305,87
211,88
305,88
211,89
305,89
211,90
305,90
212,91
305,91
213,92
305,92
213,93
213,93
216,93
305,93
218,94
305,94
218,95
305,95
218,96
305,96
219,97
305,97
219,98
305,98
220,99
305,99
220,100
306,100
221,101
306,101
221,102
306,102
222,103
306,103
222,104
306,104
223,105
306,105
223,106
307,106
224,107
307,107
224,108
307,108
225,109
307,109
225,110
307,110
225,111
307,111
225,112
307,112
225,113
308,113
225,114
305,114
307,114
308,114
225,115
305,115
307,115
308,115
225,116
304,116
308,116
308,116
226,117
305,117
226,118
305,118
226,119
305,119
309,119
309,119
226,120
305,120
225,121
305,121
225,122
305,122
225,123
225,123
228,123
306,123
225,124
225,124
228,124
306,124
228,125
306,125
228,126
306,126
228,127
306,127
229,128
306,128
224,129
306,129
224,130
227,130
229,130
305,130
224,131
306,131
225,132
306,132
225,133
306,133
226,134
304,134
226,135
304,135
226,136
304,136
225,137
303,137
222,138
303,138
222,139
303,139
220,140
303,140
217,141
303,141
216,142
303,142
216,143
303,143
214,144
303,144
213,145
304,145
213,146
305,146
211,147
307,147
210,148
308,148
210,149
309,149
210,150
310,150
209,151
311,151
208,152
311,152
208,153
312,153
207,154
312,154
207,155
312,155
207,156
312,156
207,157
313,157
207,158
313,158
207,159
313,159
206,160
313,160
206,161
313,161
206,162
313,162
206,163
313,163
206,164
314,164
206,165
311,165
313,165
314,165
206,166
311,166
313,166
314,166
205,167
311,167
313,167
314,167
205,168
314,168
205,169
314,169
205,170
314,170
205,171
314,171
205,172
314,172
204,173
314,173
204,174
314,174
204,175
314,175
195,176
314,176
193,177
315,177
192,178
315,178
191,179
315,179
190,180
291,180
294,180
315,180
190,181
291,181
294,181
315,181
190,182
190,182
192,182
291,182
294,182
315,182
190,183
291,183
295,183
315,183
190,184
291,184
296,184
315,184
190,185
291,185
296,185
316,185
191,186
291,186
296,186
319,186
321,186
327,186
191,187
292,187
294,187
319,187
321,187
329,187
192,188
329,188
192,189
329,189
193,190
328,190
194,191
327,191
194,192
327,192
195,193
326,193
195,194
326,194
194,195
325,195
194,196
325,196
194,197
324,197
193,198
323,198
193,199
323,199
193,200
289,200
293,200
323,200
192,201
288,201
294,201
294,201
296,201
323,201
192,202
288,202
295,202
323,202
192,203
288,203
296,203
323,203
191,204
287,204
296,204
323,204
191,205
287,205
296,205
323,205
190,206
287,206
296,206
323,206
190,207
286,207
296,207
324,207
190,208
286,208
297,208
324,208
189,209
286,209
297,209
324,209
189,210
285,210
297,210
324,210
189,211
285,211
297,211
325,211
188,212
285,212
297,212
325,212
188,213
284,213
297,213
325,213
188,214
284,214
297,214
325,214
187,215
284,215
297,215
325,215
187,216
284,216
297,216
326,216
186,217
284,217
297,217
325,217
186,218
284,218
297,218
326,218
185,219
284,219
297,219
326,219
184,220
283,220
297,220
326,220
184,221
283,221
297,221
326,221
184,222
283,222
297,222
327,222
183,223
282,223
297,223
327,223
183,224
282,224
297,224
327,224
182,225
282,225
297,225
327,225
182,226
282,226
297,226
327,226
182,227
282,227
297,227
328,227
181,228
282,228
297,228
328,228
181,229
282,229
297,229
328,229
180,230
282,230
297,230
328,230
180,231
282,231
297,231
329,231
179,232
283,232
297,232
329,232
179,233
283,233
297,233
330,233
178,234
283,234
297,234
330,234
177,235
283,235
297,235
331,235
177,236
283,236
297,236
331,236
177,237
283,237
297,237
332,237
176,238
283,238
297,238
332,238
175,239
283,239
297,239
333,239
175,240
283,240
296,240
334,240
175,241
283,241
296,241
334,241
174,242
283,242
296,242
334,242
174,243
283,243
296,243
335,243
173,244
283,244
296,244
335,244
172,245
283,245
296,245
336,245
172,246
284,246
296,246
336,246
172,247
284,247
295,247
336,247
171,248
284,248
296,248
337,248
170,249
284,249
296,249
337,249
170,250
284,250
296,250
338,250
169,251
284,251
296,251
338,251
169,252
284,252
296,252
339,252
168,253
284,253
296,253
340,253
168,254
284,254
296,254
341,254
167,255
283,255
296,255
341,255
166,256
283,256
294,256
341,256
166,257
284,257
294,257
342,257
165,258
284,258
294,258
342,258
165,259
285,259
294,259
343,259
165,260
285,260
294,260
343,260
164,261
284,261
294,261
344,261
163,262
284,262
294,262
344,262
163,263
284,263
294,263
345,263
162,264
283,264
293,264
345,264
162,265
284,265
293,265
346,265
162,266
285,266
293,266
346,266
162,267
285,267
293,267
346,267
163,268
286,268
292,268
347,268
163,269
287,269
292,269
347,269
164,270
288,270
292,270
348,270
164,271
288,271
293,271
349,271
164,272
288,272
290,272
349,272
165,273
349,273
165,274
350,274
165,275
350,275
166,276
351,276
166,277
351,277
166,278
352,278
167,279
352,279
167,280
296,280
300,280
353,280
166,281
295,281
300,281
353,281
165,282
295,282
301,282
354,282
165,283
295,283
302,283
354,283
165,284
295,284
302,284
354,284
165,285
295,285
302,285
354,285
165,286
295,286
302,286
353,286
164,287
296,287
303,287
352,287
164,288
296,288
303,288
352,288
164,289
297,289
303,289
349,289
351,289
351,289
164,290
297,290
303,290
351,290
163,291
297,291
304,291
349,291
163,292
297,292
303,292
303,292
305,292
348,292
163,293
298,293
304,293
348,293
162,294
298,294
304,294
348,294
162,295
298,295
305,295
348,295
162,296
298,296
304,296
348,296
162,297
162,297
164,297
298,297
305,297
349,297
162,298
299,298
305,298
349,298
163,299
163,299
165,299
299,299
306,299
350,299
164,300
299,300
306,300
350,300
164,301
300,301
306,301
350,301
165,302
300,302
306,302
350,302
166,303
300,303
306,303
351,303
168,304
300,304
307,304
351,304
170,305
301,305
307,305
351,305
174,306
301,306
307,306
351,306
174,307
302,307
308,307
351,307
174,308
302,308
308,308
351,308
174,309
302,309
308,309
351,309
174,310
302,310
309,310
352,310
175,311
302,311
309,311
352,311
175,312
303,312
310,312
352,312
175,313
303,313
310,313
352,313
176,314
303,314
310,314
352,314
176,315
303,315
311,315
352,315
176,316
304,316
311,316
352,316
176,317
304,317
312,317
352,317
176,318
305,318
312,318
353,318
177,319
305,319
312,319
353,319
177,320
305,320
313,320
353,320
177,321
306,321
313,321
353,321
178,322
306,322
314,322
353,322
178,323
307,323
314,323
353,323
178,324
307,324
315,324
352,324
179,325
307,325
315,325
352,325
179,326
308,326
316,326
352,326
179,327
308,327
316,327
351,327
180,328
308,328
316,328
350,328
180,329
308,329
317,329
350,329
180,330
309,330
318,330
350,330
181,331
309,331
318,331
351,331
181,332
309,332
319,332
351,332
181,333
310,333
319,333
351,333
182,334
310,334
320,334
351,334
182,335
310,335
320,335
352,335
183,336
311,336
321,336
352,336
184,337
311,337
321,337
353,337
184,338
312,338
322,338
353,338
184,339
312,339
323,339
353,339
184,340
312,340
323,340
353,340
184,341
313,341
324,341
354,341
184,342
313,342
325,342
354,342
183,343
313,343
325,343
354,343
183,344
313,344
326,344
354,344
183,345
314,345
326,345
355,345
182,346
314,346
328,346
355,346
182,347
315,347
328,347
355,347
182,348
315,348
328,348
355,348
181,349
315,349
330,349
356,349
181,350
315,350
330,350
356,350
181,351
316,351
330,351
356,351
180,352
316,352
331,352
356,352
180,353
317,353
332,353
356,353
180,354
317,354
333,354
357,354
179,355
317,355
333,355
357,355
179,356
317,356
334,356
357,356
179,357
318,357
335,357
357,357
178,358
318,358
335,358
357,358
178,359
318,359
336,359
358,359
