203,10
221,10
199,11
204,11
207,11
226,11
194,12
221,12
224,12
229,12
282,12
300,12
190,13
223,13
225,13
232,13
280,13
304,13
189,14
234,14
274,14
311,14
188,15
236,15
272,15
272,15
275,15
314,15
316,15
316,15
188,16
237,16
248,16
255,16
270,16
318,16
189,17
237,17
244,17
259,17
269,17
318,17
188,18
238,18
243,18
261,18
269,18
319,18
186,19
238,19
242,19
263,19
268,19
319,19
186,20
238,20
241,20
263,20
268,20
319,20
185,21
264,21
268,21
319,21
187,22
321,22
186,23
321,23
186,24
322,24
186,25
321,25
186,26
320,26
186,27
320,27
186,28
319,28
188,29
319,29
188,30
319,30
187,31
319,31
187,32
318,32
188,33
318,33
187,34
316,34
187,35
316,35
189,36
317,36
189,37
317,37
189,38
317,38
188,39
316,39
188,40
315,40
188,41
188,41
190,41
315,41
188,42
315,42
189,43
315,43
190,44
315,44
190,45
314,45
189,46
313,46
190,47
313,47
190,48
313,48
190,49
313,49
190,50
312,50
192,51
312,51
192,52
312,52
192,53
192,53
194,53
310,53
193,54
310,54
194,55
309,55
193,56
310,56
193,57
194,57
196,57
204,57
208,57
297,57
300,57
310,57
194,58
201,58
208,58
309,58
195,59
197,59
208,59
307,59
208,60
307,60
209,61
297,61
304,61
307,61
208,62
298,62
208,63
298,63
208,64
298,64
207,65
298,65
207,66
299,66
208,67
299,67
206,68
299,68
206,69
299,69
205,70
299,70
205,71
300,71
204,72
300,72
204,73
300,73
203,74
299,74
202,75
299,75
202,76
299,76
202,77
299,77
201,78
299,78
201,79
299,79
200,80
299,80
200,81
299,81
200,82
299,82
200,83
298,83
202,84
202,84
204,84
204,84
206,84
297,84
203,85
204,85
206,85
297,85
204,86
206,86
210,86
297,86
212,87
297,87
212,88
297,88
212,89
298,89
212,90
299,90
213,91
299,91
212,92
299,92
213,93
299,93
213,94
299,94
214,95
300,95
214,96
300,96
214,97
300,97
215,98
301,98
215,99
301,99
216,100
301,100
216,101
301,101
217,102
302,102
217,103
302,103
218,104
303,104
219,105
300,105
303,105
303,105
219,106
300,106
220,107
300,107
304,107
304,107
220,108
300,108
304,108
304,108
220,109
301,109
221,110
301,110
221,111
301,111
222,112
222,112
224,112
301,112
222,113
301,113
222,114
301,114
223,115
302,115
223,116
301,116
224,117
302,117
224,118
302,118
224,119
303,119
224,120
303,120
225,121
303,121
225,122
303,122
224,123
304,123
216,124
303,124
215,125
303,125
216,126
303,126
217,127
218,127
220,127
303,127
217,128
303,128
218,129
302,129
218,130
301,130
218,131
301,131
218,132
302,132
216,133
301,133
215,134
301,134
213,135
301,135
210,136
301,136
209,137
300,137
208,138
300,138
207,139
300,139
206,140
297,140
300,140
300,140
205,141
297,141
300,141
300,141
204,142
298,142
203,143
300,143
202,144
300,144
203,145
302,145
201,146
303,146
201,147
303,147
200,148
304,148
200,149
305,149
199,150
305,150
199,151
305,151
199,152
305,152
199,153
306,153
199,154
306,154
199,155
306,155
199,156
306,156
198,157
304,157
306,157
306,157
198,158
306,158
198,159
306,159
198,160
306,160
198,161
304,161
306,161
306,161
198,162
304,162
306,162
306,162
198,163
304,163
306,163
307,163
198,164
282,164
285,164
304,164
306,164
307,164
197,165
282,165
285,165
304,165
306,165
307,165
197,166
282,166
286,166
307,166
197,167
282,167
286,167
307,167
197,168
282,168
286,168
307,168
197,169
282,169
286,169
307,169
197,170
282,170
287,170
307,170
197,171
281,171
287,171
307,171
196,172
281,172
287,172
308,172
196,173
281,173
287,173
308,173
195,174
281,174
288,174
309,174
188,175
188,175
190,175
281,175
288,175
309,175
184,176
281,176
288,176
309,176
184,177
281,177
288,177
309,177
183,178
281,178
289,178
309,178
183,179
183,179
185,179
281,179
289,179
309,179
183,180
281,180
289,180
289,180
291,180
310,180
183,181
281,181
289,181
311,181
320,181
320,181
184,182
281,182
289,182
311,182
313,182
322,182
184,183
281,183
289,183
322,183
184,184
281,184
289,184
321,184
185,185
281,185
289,185
321,185
185,186
281,186
287,186
321,186
186,187
281,187
288,187
320,187
187,188
281,188
288,188
320,188
187,189
281,189
288,189
319,189
188,190
281,190
287,190
319,190
188,191
281,191
285,191
319,191
188,192
281,192
284,192
318,192
188,193
281,193
285,193
317,193
188,194
280,194
286,194
286,194
288,194
317,194
187,195
280,195
287,195
317,195
187,196
280,196
288,196
288,196
290,196
290,196
294,196
317,196
187,197
279,197
289,197
317,197
187,198
279,198
290,198
317,198
186,199
279,199
290,199
317,199
186,200
278,200
291,200
317,200
186,201
278,201
291,201
317,201
185,202
277,202
291,202
318,202
185,203
277,203
291,203
318,203
185,204
277,204
292,204
318,204
184,205
276,205
292,205
318,205
184,206
276,206
292,206
319,206
184,207
276,207
292,207
319,207
184,208
276,208
292,208
319,208
183,209
276,209
292,209
320,209
183,210
276,210
292,210
320,210
183,211
275,211
292,211
320,211
182,212
275,212
292,212
320,212
182,213
275,213
292,213
320,213
182,214
275,214
292,214
321,214
182,215
275,215
292,215
321,215
181,216
274,216
292,216
321,216
181,217
274,217
292,217
321,217
180,218
274,218
292,218
321,218
180,219
274,219
292,219
322,219
179,220
274,220
292,220
322,220
179,221
274,221
292,221
322,221
179,222
274,222
292,222
323,222
178,223
274,223
292,223
323,223
177,224
274,224
292,224
323,224
177,225
274,225
292,225
323,225
177,226
274,226
292,226
323,226
176,227
274,227
292,227
324,227
176,228
274,228
292,228
324,228
175,229
274,229
292,229
325,229
175,230
274,230
292,230
325,230
174,231
274,231
292,231
326,231
174,232
274,232
292,232
326,232
174,233
274,233
292,233
327,233
173,234
275,234
292,234
327,234
173,235
275,235
292,235
327,235
172,236
275,236
292,236
327,236
172,237
275,237
292,237
328,237
171,238
275,238
292,238
329,238
171,239
275,239
292,239
329,239
170,240
275,240
292,240
329,240
170,241
275,241
292,241
330,241
169,242
275,242
292,242
330,242
169,243
275,243
292,243
331,243
168,244
275,244
292,244
331,244
168,245
275,245
293,245
331,245
167,246
275,246
293,246
332,246
167,247
275,247
293,247
332,247
166,248
276,248
293,248
333,248
166,249
275,249
293,249
333,249
165,250
274,250
293,250
333,250
165,251
274,251
293,251
334,251
164,252
275,252
293,252
334,252
164,253
276,253
293,253
335,253
163,254
276,254
293,254
335,254
163,255
276,255
293,255
336,255
162,256
276,256
293,256
336,256
162,257
274,257
293,257
336,257
161,258
274,258
293,258
337,258
161,259
274,259
293,259
337,259
160,260
275,260
293,260
338,260
160,261
276,261
294,261
338,261
159,262
276,262
294,262
339,262
159,263
277,263
294,263
339,263
158,264
278,264
294,264
339,264
158,265
278,265
294,265
340,265
158,266
279,266
294,266
340,266
158,267
280,267
294,267
341,267
158,268
280,268
295,268
341,268
159,269
281,269
295,269
342,269
159,270
281,270
295,270
342,270
159,271
282,271
295,271
342,271
160,272
282,272
296,272
343,272
160,273
282,273
296,273
343,273
161,274
283,274
295,274
344,274
161,275
283,275
296,275
344,275
161,276
284,276
295,276
345,276
162,277
284,277
296,277
345,277
162,278
285,278
296,278
346,278
162,279
285,279
297,279
346,279
162,280
285,280
297,280
347,280
162,281
285,281
297,281
347,281
162,282
286,282
297,282
347,282
162,283
286,283
297,283
347,283
162,284
286,284
297,284
346,284
161,285
287,285
297,285
345,285
161,286
287,286
298,286
344,286
161,287
288,287
298,287
341,287
161,288
288,288
298,288
342,288
161,289
288,289
299,289
341,289
160,290
288,290
299,290
341,290
160,291
289,291
299,291
341,291
160,292
289,292
299,292
341,292
160,293
289,293
300,293
341,293
160,294
289,294
300,294
341,294
160,295
289,295
301,295
341,295
160,296
290,296
300,296
342,296
160,297
290,297
300,297
342,297
160,298
290,298
301,298
342,298
160,299
290,299
301,299
343,299
160,300
291,300
302,300
343,300
161,301
291,301
302,301
344,301
162,302
291,302
302,302
344,302
163,303
291,303
303,303
344,303
164,304
292,304
303,304
344,304
164,305
166,305
168,305
292,305
303,305
344,305
166,306
166,306
169,306
292,306
304,306
345,306
169,307
293,307
304,307
345,307
169,308
293,308
304,308
345,308
169,309
294,309
305,309
345,309
169,310
294,310
305,310
346,310
170,311
294,311
306,311
346,311
170,312
294,312
306,312
346,312
170,313
295,313
307,313
346,313
170,314
295,314
307,314
346,314
170,315
296,315
308,315
346,315
171,316
296,316
309,316
346,316
171,317
297,317
308,317
346,317
171,318
297,318
309,318
346,318
171,319
297,319
309,319
346,319
171,320
297,320
309,320
346,320
172,321
298,321
310,321
346,321
172,322
298,322
311,322
346,322
172,323
299,323
311,323
346,323
172,324
299,324
312,324
345,324
174,325
299,325
312,325
344,325
173,326
300,326
313,326
344,326
173,327
300,327
315,327
344,327
173,328
173,328
175,328
301,328
314,328
344,328
174,329
174,329
176,329
301,329
314,329
344,329
174,330
174,330
176,330
302,330
315,330
344,330
174,331
302,331
316,331
345,331
175,332
302,332
316,332
345,332
175,333
303,333
317,333
345,333
175,334
303,334
317,334
345,334
175,335
303,335
318,335
318,335
320,335
346,335
174,336
304,336
318,336
346,336
174,337
304,337
319,337
347,337
173,338
304,338
320,338
347,338
173,339
305,339
320,339
347,339
173,340
305,340
321,340
347,340
173,341
306,341
322,341
348,341
172,342
306,342
322,342
348,342
172,343
307,343
323,343
348,343
172,344
307,344
323,344
349,344
171,345
307,345
324,345
349,345
171,346
307,346
325,346
349,346
171,347
307,347
325,347
349,347
171,348
308,348
326,348
349,348
170,349
309,349
327,349
349,349
170,350
309,350
328,350
350,350
170,351
309,351
328,351
350,351
170,352
310,352
329,352
350,352
169,353
310,353
330,353
350,353
169,354
311,354
331,354
350,354
168,355
311,355
331,355
351,355
168,356
311,356
332,356
350,356
168,357
311,357
332,357
351,357
168,358
312,358
333,358
351,358
168,359
313,359
333,359
351,359
