181,1
183,1
188,1
189,1
191,1
191,1
180,2
202,2
178,3
180,3
183,3
207,3
179,4
214,4
179,5
217,5
178,6
221,6
175,7
176,7
178,7
223,7
175,8
225,8
176,9
228,9
174,10
230,10
174,11
232,11
176,12
233,12
176,13
235,13
304,13
304,13
175,14
236,14
287,14
309,14
175,15
235,15
237,15
237,15
283,15
316,15
175,16
237,16
251,16
253,16
280,16
319,16
175,17
237,17
245,17
260,17
278,17
322,17
175,18
237,18
242,18
264,18
275,18
324,18
175,19
237,19
242,19
244,19
246,19
266,19
274,19
328,19
176,20
237,20
241,20
267,20
274,20
331,20
176,21
268,21
273,21
327,21
329,21
332,21
176,22
268,22
273,22
331,22
333,22
334,22
176,23
269,23
272,23
331,23
333,23
334,23
176,24
269,24
272,24
334,24
176,25
334,25
177,26
334,26
176,27
334,27
176,28
336,28
176,29
336,29
177,30
335,30
178,31
336,31
178,32
336,32
178,33
335,33
177,34
333,34
335,34
335,34
176,35
335,35
177,36
334,36
177,37
334,37
177,38
334,38
178,39
331,39
333,39
333,39
178,40
333,40
179,41
331,41
179,42
179,42
181,42
331,42
178,43
331,43
178,44
331,44
178,45
331,45
178,46
330,46
179,47
179,47
181,47
330,47
179,48
330,48
179,49
327,49
180,50
327,50
181,51
327,51
181,52
327,52
180,53
328,53
180,54
328,54
181,55
328,55
181,56
328,56
181,57
327,57
182,58
326,58
183,59
325,59
183,60
325,60
183,61
190,61
198,61
325,61
198,62
325,62
198,63
324,63
198,64
324,64
198,65
323,65
197,66
323,66
197,67
321,67
197,68
321,68
197,69
321,69
196,70
318,70
321,70
321,70
196,71
319,71
196,72
319,72
196,73
303,73
308,73
319,73
196,74
303,74
311,74
318,74
195,75
303,75
313,75
317,75
195,76
303,76
194,77
303,77
193,78
303,78
193,79
303,79
192,80
303,80
192,81
303,81
192,82
303,82
191,83
303,83
190,84
303,84
190,85
303,85
190,86
303,86
189,87
304,87
190,88
304,88
190,89
305,89
191,90
305,90
191,91
306,91
193,92
306,92
194,93
194,93
197,93
306,93
198,94
306,94
198,95
306,95
198,96
307,96
198,97
307,97
198,98
307,98
199,99
306,99
199,100
306,100
199,101
305,101
199,102
304,102
200,103
299,103
200,104
300,104
200,105
299,105
200,106
299,106
201,107
299,107
201,108
299,108
202,109
297,109
299,109
300,109
202,110
300,110
202,111
300,111
202,112
205,112
207,112
300,112
202,113
205,113
207,113
300,113
203,114
205,114
207,114
300,114
203,115
300,115
204,116
300,116
204,117
300,117
204,118
301,118
205,119
301,119
205,120
301,120
205,121
301,121
206,122
301,122
206,123
301,123
207,124
301,124
207,125
301,125
207,126
301,126
207,127
301,127
207,128
301,128
207,129
301,129
207,130
301,130
207,131
301,131
207,132
299,132
301,132
302,132
207,133
299,133
302,133
302,133
207,134
299,134
207,135
299,135
302,135
302,135
207,136
207,136
209,136
299,136
209,137
299,137
209,138
299,138
209,139
299,139
209,140
299,140
208,141
299,141
208,142
299,142
208,143
299,143
207,144
299,144
207,145
300,145
207,146
300,146
204,147
204,147
207,147
299,147
201,148
201,148
203,148
298,148
203,149
298,149
202,150
299,150
202,151
297,151
202,152
297,152
203,153
297,153
203,154
297,154
204,155
298,155
204,156
298,156
204,157
299,157
203,158
299,158
201,159
300,159
197,160
300,160
195,161
300,161
194,162
300,162
192,163
301,163
192,164
302,164
190,165
302,165
189,166
303,166
188,167
303,167
188,168
303,168
187,169
304,169
186,170
302,170
304,170
305,170
186,171
305,171
186,172
306,172
185,173
307,173
185,174
307,174
185,175
308,175
184,176
308,176
184,177
308,177
184,178
309,178
184,179
310,179
184,180
310,180
184,181
311,181
184,182
311,182
184,183
312,183
184,184
312,184
184,185
313,185
184,186
313,186
184,187
314,187
184,188
314,188
184,189
314,189
184,190
315,190
184,191
316,191
184,192
316,192
184,193
317,193
184,194
317,194
184,195
318,195
184,196
318,196
184,197
318,197
183,198
318,198
183,199
319,199
322,199
323,199
183,200
325,200
183,201
326,201
183,202
328,202
183,203
330,203
183,204
330,204
182,205
331,205
177,206
331,206
172,207
331,207
172,208
331,208
168,209
331,209
167,210
331,210
167,211
330,211
167,212
330,212
167,213
167,213
169,213
330,213
168,214
329,214
168,215
329,215
169,216
170,216
172,216
328,216
169,217
170,217
173,217
328,217
170,218
170,218
172,218
327,218
171,219
327,219
172,220
327,220
172,221
328,221
173,222
326,222
328,222
329,222
173,223
330,223
174,224
329,224
175,225
329,225
175,226
329,226
175,227
327,227
329,227
330,227
175,228
331,228
175,229
332,229
175,230
332,230
175,231
332,231
175,232
292,232
296,232
332,232
174,233
292,233
298,233
332,233
174,234
292,234
299,234
333,234
174,235
292,235
300,235
333,235
174,236
291,236
300,236
334,236
173,237
291,237
300,237
335,237
173,238
291,238
300,238
335,238
173,239
291,239
300,239
335,239
173,240
291,240
300,240
336,240
173,241
291,241
300,241
336,241
172,242
290,242
300,242
336,242
172,243
290,243
301,243
336,243
172,244
290,244
301,244
337,244
172,245
290,245
301,245
337,245
172,246
290,246
302,246
338,246
172,247
290,247
302,247
339,247
171,248
172,248
174,248
290,248
302,248
339,248
171,249
172,249
174,249
289,249
302,249
340,249
171,250
172,250
174,250
289,250
302,250
340,250
171,251
289,251
302,251
340,251
171,252
289,252
302,252
339,252
341,252
341,252
171,253
289,253
302,253
339,253
341,253
342,253
170,254
289,254
302,254
342,254
170,255
289,255
303,255
343,255
171,256
289,256
302,256
343,256
170,257
289,257
302,257
344,257
169,258
289,258
302,258
344,258
169,259
289,259
302,259
345,259
168,260
289,260
302,260
345,260
168,261
289,261
303,261
345,261
167,262
289,262
303,262
343,262
346,262
346,262
168,263
289,263
303,263
343,263
346,263
346,263
168,264
289,264
303,264
347,264
166,265
289,265
303,265
347,265
166,266
289,266
303,266
348,266
165,267
289,267
303,267
348,267
165,268
289,268
303,268
349,268
164,269
290,269
303,269
349,269
164,270
290,270
303,270
349,270
164,271
290,271
303,271
350,271
164,272
290,272
303,272
351,272
163,273
290,273
304,273
351,273
163,274
291,274
304,274
352,274
162,275
291,275
304,275
352,275
162,276
291,276
304,276
352,276
161,277
291,277
304,277
353,277
161,278
291,278
304,278
354,278
161,279
291,279
304,279
354,279
160,280
292,280
304,280
354,280
160,281
292,281
304,281
355,281
158,282
292,282
304,282
355,282
158,283
292,283
304,283
356,283
158,284
292,284
304,284
356,284
158,285
293,285
304,285
357,285
157,286
293,286
304,286
357,286
157,287
293,287
304,287
358,287
156,288
293,288
304,288
359,288
156,289
294,289
304,289
359,289
156,290
294,290
305,290
360,290
154,291
294,291
305,291
360,291
154,292
294,292
305,292
361,292
154,293
295,293
305,293
361,293
154,294
295,294
305,294
362,294
153,295
295,295
305,295
362,295
153,296
296,296
305,296
363,296
152,297
296,297
305,297
363,297
151,298
296,298
305,298
364,298
151,299
296,299
305,299
364,299
151,300
296,300
305,300
365,300
151,301
296,301
305,301
366,301
150,302
296,302
305,302
366,302
150,303
296,303
305,303
367,303
149,304
296,304
305,304
367,304
149,305
297,305
305,305
367,305
148,306
297,306
305,306
368,306
148,307
297,307
305,307
369,307
147,308
297,308
305,308
369,308
147,309
297,309
305,309
369,309
147,310
297,310
306,310
369,310
147,311
297,311
306,311
368,311
147,312
297,312
306,312
369,312
146,313
295,313
306,313
368,313
145,314
296,314
306,314
368,314
145,315
296,315
306,315
368,315
144,316
296,316
306,316
367,316
144,317
296,317
306,317
367,317
144,318
297,318
306,318
367,318
143,319
297,319
307,319
367,319
143,320
297,320
307,320
367,320
142,321
298,321
307,321
366,321
142,322
299,322
307,322
366,322
142,323
299,323
307,323
366,323
142,324
300,324
307,324
365,324
142,325
300,325
307,325
365,325
144,326
300,326
307,326
365,326
144,327
301,327
307,327
364,327
147,328
301,328
307,328
364,328
148,329
302,329
307,329
365,329
149,330
302,330
308,330
366,330
149,331
303,331
308,331
366,331
150,332
303,332
308,332
367,332
149,333
303,333
308,333
367,333
149,334
303,334
308,334
367,334
149,335
303,335
308,335
368,335
149,336
304,336
309,336
368,336
149,337
304,337
309,337
368,337
148,338
304,338
309,338
369,338
148,339
304,339
309,339
369,339
148,340
305,340
309,340
369,340
148,341
305,341
309,341
370,341
148,342
305,342
309,342
370,342
148,343
305,343
310,343
370,343
148,344
306,344
310,344
369,344
148,345
306,345
310,345
370,345
148,346
306,346
310,346
370,346
148,347
307,347
310,347
370,347
148,348
306,348
311,348
370,348
148,349
307,349
311,349
370,349
148,350
307,350
311,350
369,350
147,351
307,351
311,351
369,351
147,352
307,352
311,352
369,352
147,353
308,353
311,353
368,353
147,354
308,354
312,354
366,354
147,355
308,355
312,355
366,355
147,356
308,356
312,356
360,356
362,356
364,356
147,357
308,357
312,357
359,357
362,357
362,357
147,358
308,358
313,358
359,358
148,359
308,359
313,359
359,359
