313,14
328,14
312,15
323,15
325,15
329,15
310,16
330,16
310,17
331,17
309,18
331,18
309,19
332,19
308,20
333,20
307,21
333,21
307,22
334,22
307,23
335,23
306,24
337,24
306,25
338,25
306,26
336,26
338,26
339,26
305,27
336,27
338,27
339,27
305,28
339,28
305,29
341,29
305,30
341,30
305,31
342,31
305,32
343,32
305,33
344,33
305,34
345,34
305,35
346,35
305,36
346,36
305,37
347,37
305,38
348,38
305,39
348,39
305,40
349,40
306,41
350,41
306,42
350,42
306,43
351,43
306,44
351,44
307,45
352,45
307,46
353,46
368,46
369,46
307,47
372,47
308,48
375,48
308,49
377,49
309,50
379,50
308,51
380,51
306,52
381,52
302,53
382,53
298,54
383,54
296,55
384,55
293,56
385,56
290,57
386,57
288,58
387,58
286,59
387,59
284,60
388,60
281,61
388,61
281,62
389,62
280,63
390,63
276,64
390,64
275,65
391,65
274,66
391,66
273,67
392,67
271,68
392,68
270,69
270,69
273,69
393,69
269,70
393,70
268,71
268,71
270,71
394,71
266,72
394,72
266,73
395,73
265,74
395,74
264,75
395,75
263,76
395,76
263,77
396,77
262,78
396,78
261,79
261,79
263,79
396,79
260,80
396,80
259,81
397,81
258,82
397,82
258,83
397,83
257,84
397,84
257,85
397,85
256,86
397,86
256,87
397,87
255,88
397,88
255,89
398,89
255,90
398,90
254,91
398,91
254,92
399,92
253,93
400,93
253,94
400,94
253,95
400,95
253,96
401,96
252,97
401,97
252,98
401,98
252,99
402,99
252,100
402,100
251,101
402,101
251,102
403,102
251,103
403,103
251,104
404,104
250,105
404,105
249,106
404,106
248,107
404,107
248,108
248,108
250,108
405,108
250,109
405,109
250,110
405,110
249,111
406,111
249,112
406,112
250,113
406,113
251,114
407,114
251,115
407,115
251,116
407,116
251,117
408,117
251,118
408,118
251,119
408,119
250,120
408,120
250,121
409,121
250,122
409,122
249,123
409,123
250,124
251,124
253,124
410,124
254,125
410,125
254,126
410,126
254,127
410,127
255,128
410,128
255,129
410,129
255,130
411,130
256,131
411,131
256,132
411,132
258,133
412,133
261,134
412,134
262,135
263,135
266,135
412,135
262,136
263,136
266,136
413,136
263,137
264,137
267,137
413,137
263,138
264,138
267,138
267,138
270,138
413,138
264,139
265,139
267,139
267,139
271,139
413,139
265,140
265,140
271,140
413,140
271,141
413,141
272,142
413,142
271,143
414,143
271,144
414,144
271,145
414,145
271,146
414,146
270,147
414,147
270,148
415,148
269,149
415,149
269,150
415,150
269,151
415,151
268,152
415,152
266,153
415,153
265,154
416,154
264,155
416,155
263,156
416,156
264,157
416,157
265,158
416,158
266,159
417,159
268,160
416,160
269,161
416,161
270,162
416,162
271,163
416,163
271,164
417,164
271,165
417,165
271,166
417,166
271,167
417,167
271,168
417,168
273,169
418,169
274,170
418,170
274,171
418,171
275,172
418,172
275,173
418,173
276,174
276,174
279,174
418,174
277,175
418,175
278,176
418,176
278,177
418,177
279,178
418,178
280,179
419,179
280,180
419,180
280,181
419,181
281,182
419,182
281,183
419,183
282,184
420,184
283,185
420,185
283,186
420,186
288,187
420,187
289,188
420,188
289,189
420,189
289,190
399,190
402,190
421,190
289,191
399,191
402,191
421,191
289,192
399,192
402,192
421,192
289,193
399,193
402,193
421,193
289,194
399,194
403,194
421,194
288,195
399,195
403,195
421,195
288,196
399,196
403,196
422,196
288,197
400,197
403,197
422,197
288,198
400,198
403,198
422,198
288,199
400,199
404,199
422,199
289,200
400,200
404,200
413,200
417,200
422,200
291,201
400,201
404,201
413,201
417,201
422,201
291,202
400,202
405,202
413,202
417,202
418,202
420,202
422,202
291,203
400,203
405,203
414,203
418,203
422,203
291,204
400,204
405,204
414,204
419,204
423,204
291,205
400,205
406,205
414,205
420,205
423,205
291,206
400,206
406,206
414,206
420,206
423,206
291,207
400,207
407,207
414,207
423,207
424,207
291,208
400,208
407,208
414,208
422,208
424,208
291,209
400,209
408,209
414,209
424,209
425,209
291,210
400,210
408,210
415,210
423,210
425,210
291,211
401,211
409,211
416,211
424,211
425,211
291,212
401,212
409,212
416,212
424,212
425,212
291,213
401,213
409,213
416,213
425,213
425,213
291,214
401,214
410,214
416,214
426,214
426,214
291,215
401,215
411,215
414,215
416,215
417,215
426,215
426,215
291,216
402,216
411,216
414,216
291,217
402,217
412,217
414,217
291,218
402,218
413,218
415,218
291,219
402,219
413,219
416,219
292,220
295,220
298,220
402,220
414,220
416,220
292,221
295,221
298,221
402,221
414,221
416,221
292,222
295,222
298,222
402,222
415,222
416,222
292,223
403,223
415,223
417,223
292,224
403,224
416,224
417,224
292,225
403,225
417,225
418,225
291,226
403,226
417,226
418,226
290,227
404,227
418,227
418,227
290,228
404,228
418,228
419,228
289,229
404,229
419,229
419,229
289,230
393,230
395,230
405,230
288,231
387,231
389,231
392,231
397,231
405,231
288,232
386,232
390,232
392,232
397,232
406,232
287,233
386,233
390,233
393,233
397,233
400,233
402,233
406,233
287,234
386,234
390,234
393,234
399,234
406,234
153,235
153,235
287,235
386,235
390,235
393,235
401,235
407,235
153,236
153,236
286,236
379,236
383,236
386,236
391,236
393,236
402,236
407,236
154,237
154,237
286,237
379,237
383,237
386,237
391,237
393,237
403,237
407,237
154,238
154,238
285,238
379,238
383,238
386,238
391,238
393,238
404,238
407,238
154,239
154,239
168,239
172,239
284,239
380,239
384,239
387,239
392,239
393,239
405,239
408,239
154,240
154,240
160,240
175,240
284,240
380,240
384,240
387,240
392,240
393,240
406,240
406,240
408,240
409,240
155,241
177,241
283,241
380,241
384,241
387,241
392,241
393,241
406,241
409,241
155,242
178,242
283,242
380,242
384,242
387,242
393,242
394,242
407,242
409,242
153,243
179,243
283,243
381,243
384,243
387,243
393,243
394,243
408,243
408,243
149,244
180,244
283,244
378,244
380,244
380,244
385,244
387,244
393,244
394,244
408,244
408,244
146,245
181,245
283,245
378,245
380,245
380,245
385,245
387,245
394,245
394,245
143,246
181,246
282,246
381,246
386,246
387,246
394,246
394,246
141,247
182,247
282,247
381,247
386,247
387,247
394,247
394,247
138,248
182,248
281,248
382,248
387,248
387,248
137,249
183,249
280,249
382,249
386,249
387,249
135,250
183,250
280,250
382,250
386,250
387,250
135,251
184,251
269,251
275,251
280,251
384,251
134,252
184,252
267,252
367,252
371,252
383,252
134,253
184,253
266,253
266,253
268,253
367,253
372,253
383,253
388,253
388,253
134,254
184,254
266,254
367,254
372,254
383,254
388,254
388,254
134,255
184,255
266,255
367,255
372,255
384,255
388,255
388,255
133,256
185,256
265,256
266,256
268,256
367,256
372,256
384,256
133,257
185,257
265,257
266,257
268,257
367,257
372,257
382,257
384,257
385,257
133,258
185,258
265,258
266,258
268,258
368,258
372,258
382,258
133,259
185,259
265,259
266,259
268,259
368,259
373,259
383,259
132,260
185,260
266,260
266,260
268,260
368,260
373,260
383,260
132,261
186,261
266,261
368,261
374,261
383,261
131,262
186,262
266,262
368,262
374,262
384,262
131,263
186,263
266,263
368,263
374,263
384,263
131,264
186,264
266,264
368,264
373,264
384,264
130,265
186,265
266,265
368,265
373,265
384,265
131,266
186,266
266,266
368,266
373,266
384,266
131,267
186,267
266,267
368,267
374,267
385,267
131,268
186,268
266,268
369,268
374,268
385,268
131,269
185,269
266,269
369,269
374,269
385,269
132,270
185,270
266,270
370,270
375,270
385,270
132,271
185,271
266,271
370,271
374,271
385,271
133,272
186,272
266,272
370,272
375,272
385,272
133,273
187,273
265,273
370,273
374,273
385,273
133,274
188,274
264,274
370,274
374,274
385,274
134,275
189,275
264,275
371,275
375,275
386,275
134,276
190,276
263,276
371,276
375,276
386,276
133,277
190,277
262,277
372,277
375,277
386,277
133,278
191,278
261,278
372,278
375,278
386,278
133,279
192,279
194,279
195,279
261,279
372,279
375,279
386,279
133,280
192,280
194,280
203,280
260,280
386,280
133,281
211,281
259,281
386,281
133,282
216,282
258,282
386,282
134,283
220,283
258,283
386,283
134,284
226,284
257,284
386,284
134,285
231,285
256,285
386,285
135,286
235,286
255,286
387,286
135,287
239,287
255,287
387,287
136,288
245,288
254,288
387,288
137,289
248,289
253,289
387,289
138,290
249,290
252,290
387,290
138,291
139,291
141,291
388,291
139,292
388,292
140,293
388,293
141,294
388,294
141,295
142,295
144,295
388,295
142,296
387,296
143,297
388,297
144,298
388,298
145,299
388,299
147,300
388,300
149,301
388,301
410,301
418,301
151,302
389,302
408,302
417,302
154,303
389,303
405,303
416,303
156,304
389,304
403,304
415,304
161,305
389,305
401,305
413,305
166,306
389,306
399,306
412,306
176,307
389,307
397,307
412,307
177,308
389,308
395,308
408,308
410,308
412,308
178,309
389,309
393,309
412,309
178,310
411,310
178,311
409,311
177,312
390,312
392,312
406,312
177,313
403,313
177,314
399,314
176,315
396,315
176,316
395,316
176,317
393,317
395,317
395,317
176,318
395,318
176,319
395,319
176,320
395,320
175,321
395,321
175,322
395,322
175,323
395,323
175,324
393,324
395,324
395,324
174,325
395,325
174,326
395,326
174,327
395,327
174,328
395,328
174,329
396,329
174,330
396,330
174,331
396,331
173,332
396,332
173,333
397,333
173,334
397,334
173,335
398,335
173,336
398,336
173,337
399,337
173,338
400,338
172,339
400,339
172,340
401,340
172,341
401,341
172,342
402,342
172,343
403,343
172,344
403,344
172,345
404,345
171,346
404,346
171,347
405,347
171,348
405,348
171,349
406,349
171,350
406,350
171,351
407,351
171,352
407,352
171,353
408,353
170,354
409,354
170,355
409,355
170,356
409,356
169,357
410,357
169,358
411,358
169,359
411,359
