293,15
295,15
290,16
297,16
286,17
298,17
282,18
299,18
280,19
282,19
284,19
302,19
279,20
304,20
277,21
305,21
277,22
307,22
276,23
308,23
276,24
310,24
276,25
311,25
275,26
312,26
275,27
313,27
275,28
315,28
275,29
275,29
277,29
316,29
275,30
317,30
275,31
318,31
274,32
319,32
274,33
320,33
274,34
321,34
274,35
322,35
274,36
324,36
274,37
327,37
344,37
349,37
274,38
329,38
338,38
355,38
274,39
331,39
336,39
357,39
275,40
359,40
275,41
362,41
275,42
362,42
276,43
363,43
276,44
365,44
276,45
366,45
277,46
367,46
277,47
368,47
278,48
369,48
278,49
370,49
279,50
371,50
279,51
371,51
280,52
372,52
280,53
373,53
279,54
374,54
277,55
372,55
374,55
374,55
274,56
375,56
273,57
376,57
271,58
376,58
269,59
377,59
267,60
377,60
265,61
378,61
264,62
379,62
262,63
379,63
261,64
380,64
260,65
380,65
259,66
381,66
258,67
381,67
256,68
381,68
255,69
256,69
258,69
381,69
254,70
255,70
257,70
381,70
253,71
254,71
256,71
382,71
252,72
253,72
255,72
382,72
251,73
382,73
250,74
382,74
249,75
382,75
248,76
382,76
247,77
382,77
247,78
380,78
382,78
383,78
246,79
383,79
245,80
383,80
244,81
384,81
244,82
384,82
243,83
385,83
243,84
385,84
242,85
385,85
241,86
386,86
241,87
386,87
240,88
387,88
240,89
387,89
239,90
388,90
238,91
388,91
238,92
389,92
238,93
389,93
237,94
389,94
237,95
390,95
237,96
390,96
237,97
391,97
236,98
391,98
236,99
391,99
236,100
391,100
235,101
392,101
235,102
392,102
235,103
392,103
235,104
393,104
235,105
393,105
235,106
394,106
235,107
394,107
235,108
394,108
234,109
394,109
234,110
395,110
234,111
395,111
234,112
395,112
234,113
396,113
233,114
234,114
236,114
396,114
233,115
396,115
233,116
396,116
232,117
396,117
232,118
397,118
232,119
397,119
231,120
231,120
234,120
398,120
230,121
230,121
234,121
398,121
230,122
230,122
234,122
398,122
234,123
398,123
235,124
398,124
236,125
398,125
236,126
399,126
236,127
399,127
236,128
400,128
236,129
400,129
236,130
400,130
236,131
400,131
236,132
400,132
236,133
238,133
240,133
400,133
236,134
236,134
238,134
238,134
240,134
400,134
236,135
236,135
239,135
239,135
241,135
401,135
239,136
239,136
241,136
401,136
239,137
239,137
242,137
401,137
242,138
401,138
242,139
401,139
243,140
402,140
243,141
244,141
246,141
402,141
243,142
243,142
247,142
251,142
254,142
402,142
244,143
244,143
247,143
251,143
255,143
402,143
248,144
252,144
255,144
256,144
258,144
402,144
249,145
252,145
256,145
402,145
251,146
253,146
257,146
258,146
260,146
402,146
252,147
253,147
257,147
257,147
260,147
402,147
252,148
254,148
261,148
403,148
254,149
254,149
261,149
403,149
261,150
403,150
261,151
403,151
262,152
403,152
262,153
403,153
262,154
403,154
262,155
403,155
261,156
403,156
261,157
404,157
261,158
404,158
260,159
404,159
260,160
404,160
259,161
404,161
258,162
404,162
257,163
258,163
260,163
404,163
256,164
404,164
255,165
256,165
258,165
404,165
255,166
256,166
258,166
404,166
256,167
404,167
257,168
404,168
259,169
404,169
261,170
404,170
264,171
404,171
264,172
404,172
264,173
404,173
265,174
404,174
265,175
405,175
265,176
405,176
266,177
405,177
266,178
405,178
267,179
267,179
269,179
405,179
269,180
405,180
270,181
270,181
272,181
405,181
270,182
270,182
272,182
405,182
271,183
271,183
273,183
405,183
273,184
405,184
274,185
405,185
274,186
405,186
275,187
405,187
276,188
405,188
276,189
405,189
277,190
405,190
278,191
299,191
302,191
405,191
278,192
299,192
304,192
405,192
278,193
299,193
303,193
405,193
278,194
299,194
303,194
405,194
278,195
299,195
304,195
405,195
278,196
299,196
305,196
405,196
278,197
299,197
305,197
405,197
278,198
299,198
306,198
405,198
278,199
299,199
306,199
405,199
278,200
299,200
307,200
405,200
278,201
299,201
307,201
385,201
388,201
405,201
278,202
299,202
308,202
385,202
388,202
405,202
277,203
298,203
307,203
385,203
388,203
405,203
277,204
278,204
280,204
298,204
305,204
385,204
389,204
405,204
277,205
298,205
303,205
385,205
389,205
405,205
278,206
298,206
302,206
385,206
389,206
406,206
281,207
299,207
301,207
385,207
389,207
406,207
281,208
385,208
389,208
406,208
281,209
385,209
390,209
396,209
399,209
406,209
281,210
384,210
390,210
391,210
393,210
396,210
399,210
406,210
281,211
385,211
391,211
394,211
396,211
396,211
400,211
406,211
162,212
162,212
281,212
385,212
391,212
394,212
396,212
396,212
400,212
406,212
161,213
162,213
280,213
385,213
391,213
396,213
401,213
406,213
162,214
162,214
280,214
385,214
391,214
396,214
401,214
406,214
162,215
162,215
280,215
385,215
392,215
396,215
402,215
406,215
162,216
162,216
281,216
385,216
392,216
392,216
394,216
396,216
402,216
407,216
162,217
162,217
281,217
385,217
392,217
397,217
403,217
407,217
162,218
162,218
282,218
385,218
393,218
397,218
404,218
407,218
163,219
163,219
171,219
183,219
282,219
386,219
393,219
397,219
404,219
407,219
163,220
186,220
282,220
386,220
393,220
397,220
405,220
405,220
407,220
407,220
162,221
187,221
282,221
380,221
383,221
386,221
394,221
397,221
405,221
407,221
160,222
189,222
282,222
380,222
383,222
386,222
394,222
397,222
406,222
407,222
156,223
190,223
283,223
380,223
383,223
387,223
395,223
397,223
407,223
407,223
153,224
190,224
283,224
380,224
384,224
387,224
395,224
397,224
407,224
408,224
150,225
191,225
283,225
380,225
384,225
385,225
387,225
387,225
396,225
398,225
407,225
408,225
148,226
191,226
283,226
380,226
384,226
385,226
387,226
387,226
396,226
398,226
408,226
408,226
147,227
192,227
283,227
380,227
385,227
387,227
396,227
398,227
145,228
192,228
283,228
380,228
385,228
387,228
397,228
398,228
144,229
193,229
284,229
380,229
386,229
388,229
397,229
399,229
142,230
142,230
144,230
193,230
284,230
381,230
386,230
388,230
398,230
399,230
141,231
193,231
284,231
381,231
387,231
388,231
398,231
399,231
141,232
194,232
284,232
381,232
387,232
388,232
399,232
399,232
141,233
194,233
284,233
381,233
387,233
388,233
399,233
400,233
141,234
194,234
284,234
381,234
388,234
389,234
400,234
400,234
140,235
194,235
284,235
381,235
388,235
389,235
400,235
400,235
140,236
194,236
283,236
373,236
375,236
381,236
389,236
389,236
140,237
195,237
283,237
381,237
389,237
389,237
401,237
401,237
139,238
195,238
283,238
374,238
377,238
381,238
139,239
195,239
282,239
374,239
378,239
381,239
390,239
390,239
139,240
195,240
282,240
374,240
378,240
381,240
139,241
195,241
281,241
374,241
378,241
381,241
138,242
195,242
281,242
375,242
378,242
379,242
381,242
381,242
138,243
196,243
281,243
375,243
379,243
379,243
381,243
381,243
138,244
138,244
140,244
195,244
280,244
375,244
379,244
381,244
137,245
195,245
280,245
375,245
379,245
381,245
137,246
196,246
280,246
375,246
379,246
380,246
382,246
382,246
137,247
196,247
279,247
376,247
380,247
380,247
382,247
382,247
137,248
195,248
279,248
374,248
376,248
376,248
380,248
382,248
138,249
195,249
278,249
369,249
373,249
375,249
377,249
377,249
381,249
381,249
138,250
195,250
278,250
369,250
374,250
375,250
377,250
377,250
381,250
382,250
138,251
195,251
278,251
369,251
377,251
377,251
382,251
382,251
139,252
195,252
265,252
265,252
277,252
367,252
369,252
369,252
377,252
378,252
382,252
382,252
139,253
195,253
261,253
269,253
277,253
369,253
378,253
378,253
382,253
382,253
139,254
196,254
259,254
272,254
276,254
369,254
378,254
379,254
140,255
197,255
259,255
273,255
275,255
367,255
369,255
369,255
378,255
380,255
140,256
198,256
258,256
259,256
261,256
369,256
379,256
381,256
140,257
199,257
257,257
370,257
379,257
379,257
381,257
381,257
140,258
199,258
258,258
370,258
379,258
379,258
381,258
382,258
140,259
200,259
257,259
370,259
379,259
383,259
140,260
200,260
257,260
370,260
380,260
384,260
140,261
201,261
258,261
370,261
381,261
384,261
140,262
201,262
258,262
370,262
382,262
384,262
140,263
201,263
204,263
207,263
258,263
370,263
141,264
208,264
258,264
371,264
141,265
211,265
258,265
371,265
141,266
212,266
258,266
371,266
142,267
214,267
258,267
371,267
143,268
216,268
258,268
371,268
143,269
217,269
258,269
372,269
144,270
220,270
259,270
372,270
144,271
222,271
259,271
372,271
145,272
223,272
258,272
372,272
146,273
225,273
258,273
372,273
147,274
226,274
258,274
373,274
147,275
228,275
257,275
373,275
148,276
230,276
256,276
373,276
149,277
231,277
255,277
373,277
150,278
233,278
254,278
374,278
151,279
235,279
253,279
374,279
152,280
236,280
252,280
374,280
153,281
237,281
251,281
374,281
154,282
239,282
251,282
374,282
157,283
240,283
250,283
374,283
159,284
241,284
249,284
374,284
162,285
243,285
248,285
374,285
165,286
244,286
246,286
374,286
169,287
374,287
174,288
374,288
178,289
375,289
178,290
376,290
178,291
375,291
178,292
376,292
178,293
376,293
178,294
376,294
177,295
376,295
177,296
376,296
177,297
377,297
177,298
377,298
176,299
377,299
176,300
376,300
176,301
376,301
175,302
376,302
175,303
377,303
175,304
377,304
175,305
378,305
175,306
378,306
174,307
378,307
174,308
378,308
174,309
378,309
174,310
378,310
174,311
379,311
173,312
379,312
173,313
379,313
405,313
411,313
173,314
379,314
403,314
414,314
173,315
379,315
400,315
413,315
173,316
380,316
398,316
412,316
173,317
380,317
396,317
411,317
173,318
379,318
393,318
409,318
173,319
380,319
391,319
393,319
395,319
406,319
408,319
408,319
173,320
379,320
389,320
391,320
395,320
405,320
408,320
409,320
173,321
380,321
386,321
402,321
407,321
410,321
173,322
380,322
384,322
408,322
173,323
380,323
384,323
406,323
173,324
380,324
384,324
403,324
173,325
380,325
383,325
399,325
173,326
393,326
173,327
390,327
174,328
390,328
174,329
390,329
174,330
390,330
174,331
390,331
174,332
390,332
175,333
390,333
175,334
390,334
173,335
390,335
173,336
390,336
173,337
390,337
172,338
390,338
172,339
390,339
172,340
390,340
171,341
390,341
171,342
272,342
274,342
390,342
171,343
272,343
274,343
390,343
171,344
271,344
274,344
390,344
171,345
271,345
274,345
390,345
170,346
271,346
274,346
390,346
170,347
271,347
274,347
391,347
170,348
170,348
172,348
270,348
274,348
391,348
170,349
270,349
274,349
391,349
170,350
270,350
274,350
392,350
169,351
270,351
274,351
392,351
169,352
270,352
273,352
393,352
169,353
270,353
273,353
394,353
169,354
269,354
273,354
394,354
169,355
269,355
273,355
395,355
169,356
269,356
273,356
395,356
169,357
269,357
273,357
395,357
169,358
269,358
273,358
396,358
169,359
269,359
273,359
274,359
276,359
396,359
