295,13
296,13
293,14
297,14
288,15
298,15
283,16
299,16
281,17
301,17
279,18
304,18
278,19
279,19
281,19
305,19
277,20
307,20
277,21
308,21
277,22
309,22
276,23
308,23
310,23
311,23
276,24
312,24
276,25
313,25
275,26
314,26
275,27
315,27
275,28
317,28
275,29
318,29
275,30
319,30
274,31
320,31
275,32
321,32
275,33
322,33
275,34
323,34
275,35
275,35
277,35
325,35
275,36
275,36
277,36
328,36
345,36
350,36
275,37
330,37
339,37
355,37
275,38
332,38
337,38
357,38
275,39
359,39
276,40
361,40
276,41
364,41
276,42
365,42
277,43
363,43
365,43
366,43
277,44
367,44
277,45
368,45
278,46
369,46
278,47
370,47
279,48
371,48
279,49
371,49
280,50
372,50
280,51
373,51
280,52
374,52
279,53
374,53
278,54
375,54
275,55
374,55
376,55
376,55
273,56
374,56
376,56
377,56
272,57
377,57
270,58
378,58
268,59
378,59
266,60
379,60
265,61
380,61
263,62
380,62
262,63
381,63
260,64
381,64
259,65
381,65
258,66
382,66
256,67
382,67
255,68
382,68
254,69
255,69
257,69
382,69
253,70
254,70
256,70
382,70
252,71
253,71
255,71
383,71
251,72
383,72
250,73
383,73
249,74
383,74
248,75
383,75
247,76
383,76
247,77
383,77
246,78
384,78
245,79
384,79
244,80
384,80
244,81
385,81
243,82
386,82
243,83
386,83
242,84
386,84
241,85
387,85
241,86
387,86
240,87
388,87
240,88
388,88
239,89
389,89
238,90
389,90
238,91
390,91
238,92
390,92
237,93
390,93
237,94
391,94
237,95
391,95
236,96
391,96
236,97
392,97
236,98
392,98
236,99
393,99
235,100
393,100
235,101
393,101
235,102
393,102
235,103
393,103
235,104
394,104
235,105
394,105
235,106
395,106
234,107
395,107
234,108
395,108
234,109
396,109
234,110
396,110
234,111
396,111
234,112
397,112
233,113
234,113
236,113
397,113
233,114
397,114
233,115
397,115
232,116
397,116
232,117
398,117
232,118
398,118
231,119
231,119
234,119
399,119
234,120
399,120
230,121
230,121
234,121
399,121
229,122
229,122
234,122
399,122
235,123
399,123
235,124
399,124
235,125
400,125
235,126
400,126
236,127
400,127
236,128
401,128
235,129
401,129
236,130
401,130
236,131
401,131
236,132
401,132
236,133
236,133
238,133
238,133
240,133
401,133
236,134
236,134
238,134
238,134
240,134
401,134
241,135
402,135
242,136
402,136
242,137
402,137
242,138
402,138
239,139
239,139
242,139
402,139
243,140
403,140
243,141
243,141
246,141
251,141
254,141
403,141
243,142
243,142
247,142
251,142
254,142
403,142
247,143
251,143
255,143
403,143
248,144
252,144
256,144
403,144
250,145
252,145
256,145
403,145
251,146
253,146
257,146
257,146
260,146
403,146
252,147
253,147
260,147
404,147
253,148
253,148
261,148
404,148
254,149
254,149
261,149
404,149
261,150
404,150
261,151
404,151
262,152
404,152
261,153
404,153
261,154
405,154
261,155
405,155
261,156
405,156
261,157
405,157
260,158
405,158
260,159
405,159
259,160
405,160
259,161
405,161
258,162
405,162
257,163
405,163
256,164
405,164
255,165
405,165
255,166
255,166
258,166
405,166
256,167
256,167
258,167
405,167
257,168
405,168
259,169
405,169
262,170
405,170
264,171
405,171
264,172
406,172
264,173
406,173
265,174
406,174
265,175
406,175
265,176
406,176
265,177
406,177
266,178
406,178
269,179
406,179
269,180
406,180
270,181
270,181
272,181
406,181
270,182
406,182
273,183
406,183
273,184
406,184
274,185
406,185
274,186
406,186
275,187
406,187
275,188
406,188
276,189
406,189
277,190
406,190
277,191
299,191
302,191
406,191
278,192
299,192
303,192
406,192
278,193
299,193
303,193
406,193
278,194
299,194
304,194
407,194
278,195
299,195
304,195
407,195
278,196
299,196
305,196
406,196
278,197
299,197
305,197
406,197
278,198
299,198
306,198
406,198
278,199
299,199
306,199
407,199
278,200
299,200
307,200
407,200
278,201
299,201
308,201
407,201
278,202
299,202
308,202
407,202
278,203
299,203
308,203
386,203
389,203
407,203
277,204
278,204
280,204
299,204
305,204
386,204
389,204
407,204
277,205
299,205
304,205
386,205
390,205
407,205
278,206
298,206
303,206
386,206
390,206
407,206
281,207
299,207
301,207
386,207
390,207
407,207
281,208
386,208
390,208
407,208
281,209
386,209
391,209
407,209
281,210
386,210
391,210
407,210
163,211
163,211
281,211
386,211
391,211
398,211
400,211
407,211
163,212
163,212
281,212
386,212
392,212
397,212
401,212
407,212
163,213
163,213
280,213
386,213
392,213
393,213
395,213
397,213
401,213
407,213
163,214
163,214
280,214
386,214
392,214
397,214
401,214
407,214
163,215
163,215
280,215
386,215
393,215
397,215
402,215
407,215
163,216
163,216
281,216
386,216
393,216
397,216
402,216
407,216
164,217
164,217
282,217
386,217
393,217
393,217
395,217
397,217
403,217
408,217
164,218
164,218
172,218
185,218
282,218
387,218
394,218
398,218
404,218
408,218
164,219
187,219
282,219
387,219
394,219
398,219
404,219
408,219
163,220
189,220
283,220
381,220
383,220
387,220
394,220
398,220
405,220
408,220
161,221
187,221
189,221
190,221
283,221
283,221
285,221
381,221
384,221
387,221
394,221
398,221
406,221
408,221
157,222
191,222
283,222
381,222
384,222
387,222
395,222
398,222
406,222
408,222
154,223
192,223
283,223
381,223
384,223
388,223
395,223
398,223
407,223
409,223
151,224
193,224
283,224
381,224
385,224
388,224
396,224
399,224
407,224
409,224
150,225
193,225
283,225
381,225
385,225
388,225
396,225
399,225
408,225
409,225
148,226
194,226
283,226
381,226
385,226
388,226
396,226
399,226
408,226
409,226
146,227
194,227
284,227
381,227
386,227
388,227
397,227
399,227
409,227
409,227
145,228
194,228
284,228
381,228
386,228
388,228
398,228
399,228
409,228
409,228
143,229
195,229
284,229
381,229
387,229
389,229
398,229
399,229
410,229
410,229
143,230
195,230
284,230
381,230
387,230
389,230
399,230
400,230
142,231
195,231
285,231
381,231
388,231
389,231
399,231
400,231
142,232
195,232
285,232
382,232
388,232
389,232
399,232
400,232
142,233
196,233
285,233
382,233
388,233
389,233
400,233
400,233
141,234
196,234
285,234
382,234
389,234
390,234
400,234
401,234
141,235
196,235
284,235
382,235
389,235
390,235
401,235
401,235
141,236
196,236
284,236
382,236
390,236
390,236
401,236
401,236
141,237
196,237
283,237
382,237
390,237
390,237
140,238
196,238
283,238
382,238
390,238
390,238
402,238
402,238
140,239
194,239
196,239
197,239
283,239
382,239
140,240
197,240
282,240
375,240
378,240
382,240
139,241
194,241
196,241
197,241
282,241
375,241
378,241
382,241
139,242
197,242
281,242
375,242
378,242
382,242
139,243
139,243
141,243
194,243
196,243
197,243
281,243
376,243
379,243
382,243
138,244
139,244
141,244
197,244
281,244
376,244
379,244
382,244
138,245
197,245
280,245
376,245
379,245
382,245
138,246
197,246
280,246
376,246
380,246
382,246
138,247
197,247
280,247
376,247
380,247
382,247
139,248
197,248
279,248
377,248
381,248
382,248
139,249
197,249
279,249
370,249
372,249
377,249
381,249
382,249
139,250
196,250
278,250
370,250
374,250
378,250
381,250
382,250
140,251
196,251
278,251
370,251
377,251
378,251
382,251
383,251
140,252
196,252
278,252
370,252
378,252
378,252
382,252
383,252
140,253
197,253
263,253
266,253
277,253
370,253
379,253
379,253
383,253
383,253
141,254
198,254
260,254
269,254
277,254
370,254
379,254
379,254
383,254
383,254
141,255
199,255
259,255
272,255
276,255
370,255
379,255
383,255
141,256
200,256
258,256
259,256
261,256
368,256
370,256
370,256
379,256
381,256
141,257
201,257
257,257
258,257
260,257
371,257
380,257
382,257
141,258
201,258
257,258
371,258
380,258
380,258
382,258
382,258
141,259
202,259
258,259
371,259
380,259
384,259
141,260
202,260
257,260
371,260
381,260
384,260
141,261
203,261
258,261
371,261
381,261
385,261
142,262
205,262
258,262
371,262
382,262
385,262
142,263
210,263
258,263
371,263
384,263
385,263
142,264
210,264
258,264
372,264
143,265
213,265
258,265
372,265
143,266
214,266
258,266
372,266
144,267
216,267
258,267
372,267
144,268
218,268
258,268
372,268
145,269
219,269
258,269
372,269
145,270
221,270
258,270
373,270
146,271
222,271
259,271
259,271
261,271
373,271
147,272
224,272
258,272
373,272
148,273
226,273
258,273
374,273
149,274
228,274
258,274
373,274
149,275
228,275
257,275
373,275
150,276
230,276
257,276
374,276
151,277
232,277
256,277
374,277
152,278
233,278
255,278
375,278
153,279
235,279
254,279
375,279
154,280
154,280
156,280
236,280
253,280
375,280
155,281
237,281
252,281
375,281
157,282
238,282
251,282
375,282
160,283
240,283
251,283
375,283
163,284
241,284
250,284
375,284
165,285
242,285
249,285
375,285
169,286
244,286
248,286
375,286
174,287
375,287
179,288
375,288
179,289
376,289
179,290
376,290
179,291
376,291
179,292
377,292
178,293
377,293
178,294
377,294
178,295
377,295
177,296
377,296
177,297
378,297
177,298
378,298
177,299
378,299
176,300
378,300
176,301
378,301
176,302
378,302
176,303
378,303
175,304
378,304
175,305
378,305
175,306
379,306
175,307
379,307
175,308
379,308
175,309
379,309
174,310
379,310
174,311
380,311
174,312
380,312
174,313
380,313
174,314
380,314
407,314
413,314
416,314
416,314
174,315
380,315
404,315
415,315
174,316
381,316
402,316
414,316
174,317
381,317
399,317
413,317
174,318
379,318
381,318
381,318
397,318
412,318
174,319
381,319
394,319
410,319
174,320
381,320
392,320
394,320
397,320
407,320
409,320
409,320
174,321
381,321
390,321
393,321
396,321
406,321
409,321
410,321
174,322
381,322
387,322
403,322
407,322
411,322
174,323
381,323
385,323
409,323
173,324
381,324
385,324
407,324
173,325
381,325
385,325
404,325
173,326
382,326
385,326
400,326
174,327
395,327
174,328
392,328
174,329
391,329
174,330
391,330
174,331
391,331
174,332
391,332
174,333
391,333
174,334
391,334
173,335
391,335
173,336
390,336
173,337
390,337
173,338
390,338
172,339
272,339
275,339
390,339
172,340
272,340
275,340
390,340
172,341
272,341
275,341
390,341
171,342
272,342
275,342
390,342
171,343
271,343
275,343
391,343
171,344
271,344
275,344
391,344
171,345
271,345
274,345
391,345
171,346
271,346
274,346
391,346
170,347
271,347
275,347
391,347
170,348
270,348
275,348
392,348
170,349
170,349
172,349
270,349
274,349
393,349
170,350
270,350
274,350
393,350
170,351
270,351
274,351
393,351
169,352
270,352
274,352
394,352
169,353
269,353
274,353
394,353
169,354
269,354
274,354
395,354
169,355
269,355
274,355
395,355
169,356
269,356
274,356
396,356
169,357
269,357
274,357
396,357
169,358
269,358
274,358
397,358
169,359
269,359
274,359
397,359
