299,0
301,0
297,1
303,1
291,2
304,2
286,3
305,3
284,4
306,4
283,5
306,5
282,6
309,6
281,7
311,7
281,8
312,8
281,9
313,9
280,10
315,10
280,11
313,11
315,11
316,11
280,12
317,12
279,13
318,13
279,14
320,14
279,15
321,15
279,16
322,16
279,17
323,17
279,18
324,18
278,19
325,19
278,20
326,20
278,21
327,21
278,22
328,22
278,23
329,23
279,24
279,24
281,24
330,24
279,25
279,25
281,25
331,25
279,26
332,26
279,27
333,27
279,28
334,28
279,29
336,29
350,29
358,29
279,30
337,30
346,30
362,30
280,31
339,31
344,31
365,31
280,32
367,32
281,33
369,33
281,34
371,34
281,35
372,35
282,36
373,36
282,37
374,37
283,38
376,38
283,39
377,39
284,40
378,40
284,41
376,41
378,41
379,41
285,42
379,42
285,43
380,43
285,44
381,44
284,45
381,45
281,46
382,46
278,47
383,47
276,48
384,48
274,49
384,49
273,50
383,50
385,50
385,50
271,51
383,51
385,51
386,51
269,52
386,52
267,53
387,53
265,54
387,54
264,55
388,55
262,56
388,56
261,57
389,57
260,58
389,58
258,59
390,59
257,60
390,60
256,61
391,61
255,62
391,62
254,63
391,63
253,64
254,64
256,64
391,64
252,65
391,65
251,66
391,66
249,67
392,67
249,68
392,68
248,69
392,69
247,70
392,70
246,71
392,71
245,72
392,72
245,73
392,73
244,74
393,74
243,75
393,75
243,76
394,76
242,77
394,77
242,78
395,78
241,79
395,79
240,80
396,80
239,81
396,81
239,82
397,82
238,83
397,83
238,84
398,84
237,85
398,85
237,86
398,86
237,87
399,87
236,88
399,88
236,89
400,89
236,90
400,90
235,91
400,91
235,92
401,92
235,93
401,93
235,94
401,94
234,95
402,95
234,96
402,96
234,97
402,97
234,98
403,98
234,99
403,99
234,100
403,100
234,101
234,101
236,101
404,101
233,102
234,102
236,102
404,102
233,103
234,103
236,103
404,103
233,104
404,104
232,105
233,105
235,105
405,105
232,106
233,106
235,106
405,106
232,107
232,107
234,107
405,107
232,108
406,108
231,109
406,109
231,110
406,110
230,111
406,111
230,112
407,112
230,113
230,113
233,113
407,113
229,114
229,114
233,114
407,114
228,115
228,115
233,115
407,115
228,116
228,116
232,116
408,116
232,117
408,117
233,118
408,118
234,119
408,119
234,120
409,120
234,121
409,121
234,122
409,122
234,123
409,123
234,124
410,124
234,125
410,125
234,126
410,126
234,127
410,127
234,128
234,128
237,128
410,128
234,129
234,129
237,129
410,129
236,130
236,130
239,130
410,130
233,131
233,131
236,131
236,131
239,131
411,131
233,132
233,132
240,132
411,132
237,133
237,133
240,133
411,133
237,134
237,134
240,134
411,134
241,135
411,135
241,136
411,136
241,137
412,137
241,138
242,138
245,138
250,138
253,138
412,138
242,139
242,139
246,139
250,139
254,139
412,139
246,140
250,140
254,140
412,140
246,141
250,141
255,141
412,141
249,142
251,142
255,142
413,142
250,143
251,143
255,143
413,143
250,144
252,144
256,144
256,144
259,144
413,144
251,145
252,145
256,145
256,145
260,145
413,145
252,146
253,146
260,146
413,146
260,147
413,147
260,148
413,148
260,149
413,149
260,150
413,150
260,151
414,151
260,152
414,152
260,153
414,153
260,154
414,154
260,155
414,155
259,156
414,156
259,157
414,157
258,158
414,158
258,159
414,159
257,160
414,160
256,161
414,161
255,162
414,162
254,163
414,163
253,164
415,164
254,165
415,165
255,166
415,166
256,167
415,167
259,168
415,168
261,169
415,169
263,170
415,170
263,171
415,171
263,172
415,172
263,173
415,173
263,174
415,174
264,175
415,175
264,176
415,176
264,177
415,177
265,178
415,178
268,179
415,179
269,180
415,180
269,181
415,181
269,182
415,182
270,183
415,183
271,184
415,184
272,185
415,185
273,186
415,186
274,187
415,187
274,188
415,188
275,189
415,189
276,190
415,190
276,191
415,191
277,192
415,192
278,193
300,193
303,193
415,193
278,194
300,194
304,194
415,194
278,195
300,195
304,195
416,195
278,196
300,196
304,196
416,196
278,197
300,197
305,197
416,197
278,198
300,198
306,198
416,198
278,199
300,199
306,199
416,199
278,200
300,200
306,200
416,200
278,201
300,201
307,201
416,201
174,202
174,202
278,202
300,202
308,202
416,202
174,203
174,203
278,203
300,203
308,203
416,203
174,204
174,204
278,204
300,204
308,204
416,204
174,205
174,205
278,205
300,205
308,205
416,205
174,206
174,206
278,206
278,206
281,206
300,206
307,206
416,206
174,207
174,207
277,207
300,207
306,207
416,207
175,208
175,208
277,208
300,208
304,208
416,208
175,209
175,209
187,209
197,209
281,209
300,209
303,209
416,209
175,210
175,210
179,210
199,210
281,210
394,210
397,210
416,210
174,211
201,211
281,211
393,211
397,211
416,211
173,212
203,212
281,212
393,212
397,212
416,212
169,213
200,213
202,213
204,213
281,213
393,213
398,213
416,213
166,214
204,214
281,214
394,214
398,214
416,214
163,215
205,215
280,215
394,215
398,215
416,215
160,216
206,216
280,216
394,216
398,216
416,216
159,217
206,217
280,217
395,217
399,217
416,217
157,218
207,218
282,218
395,218
399,218
416,218
156,219
207,219
282,219
395,219
399,219
416,219
154,220
207,220
283,220
395,220
400,220
416,220
152,221
208,221
283,221
395,221
400,221
416,221
152,222
152,222
154,222
208,222
283,222
396,222
400,222
416,222
152,223
208,223
283,223
396,223
400,223
416,223
151,224
209,224
283,224
396,224
401,224
416,224
151,225
209,225
283,225
396,225
401,225
406,225
409,225
417,225
150,226
209,226
284,226
395,226
401,226
406,226
410,226
417,226
150,227
209,227
284,227
390,227
392,227
396,227
402,227
404,227
406,227
406,227
410,227
417,227
150,228
209,228
284,228
389,228
392,228
396,228
402,228
406,228
410,228
417,228
149,229
210,229
284,229
388,229
392,229
396,229
402,229
406,229
411,229
417,229
149,230
210,230
284,230
388,230
393,230
396,230
403,230
407,230
412,230
417,230
149,231
210,231
284,231
388,231
393,231
396,231
403,231
407,231
412,231
417,231
149,232
210,232
284,232
389,232
394,232
397,232
404,232
407,232
413,232
417,232
149,233
210,233
285,233
388,233
394,233
397,233
404,233
407,233
414,233
417,233
148,234
208,234
210,234
210,234
285,234
388,234
395,234
397,234
404,234
405,234
407,234
407,234
414,234
417,234
148,235
210,235
285,235
388,235
395,235
397,235
405,235
407,235
415,235
415,235
417,235
417,235
148,236
211,236
285,236
389,236
395,236
397,236
405,236
407,236
415,236
417,236
147,237
210,237
286,237
389,237
396,237
396,237
406,237
408,237
416,237
416,237
418,237
418,237
147,238
208,238
210,238
210,238
285,238
389,238
396,238
396,238
406,238
408,238
416,238
418,238
147,239
210,239
286,239
389,239
396,239
396,239
407,239
408,239
417,239
418,239
147,240
210,240
285,240
388,240
407,240
408,240
418,240
418,240
147,241
210,241
285,241
388,241
397,241
397,241
408,241
408,241
148,242
210,242
285,242
388,242
408,242
409,242
419,242
419,242
148,243
210,243
284,243
388,243
409,243
409,243
148,244
210,244
284,244
389,244
409,244
409,244
149,245
210,245
283,245
389,245
410,245
410,245
149,246
209,246
283,246
389,246
410,246
410,246
149,247
209,247
283,247
389,247
150,248
210,248
282,248
389,248
150,249
211,249
282,249
389,249
150,250
212,250
282,250
389,250
150,251
213,251
281,251
389,251
150,252
211,252
213,252
214,252
281,252
382,252
384,252
389,252
150,253
214,253
281,253
377,253
380,253
389,253
150,254
215,254
280,254
377,254
381,254
389,254
150,255
216,255
280,255
377,255
381,255
381,255
384,255
389,255
151,256
216,256
280,256
377,256
384,256
389,256
151,257
217,257
279,257
378,257
385,257
389,257
151,258
218,258
279,258
379,258
385,258
388,258
151,259
221,259
261,259
261,259
264,259
264,259
279,259
379,259
385,259
388,259
152,260
223,260
258,260
268,260
278,260
378,260
386,260
390,260
152,261
224,261
257,261
270,261
278,261
377,261
386,261
390,261
153,262
226,262
256,262
257,262
259,262
272,262
278,262
379,262
387,262
390,262
153,263
226,263
256,263
257,263
259,263
273,263
277,263
380,263
387,263
388,263
392,263
392,263
154,264
228,264
255,264
377,264
379,264
380,264
387,264
388,264
390,264
391,264
393,264
393,264
155,265
228,265
255,265
380,265
388,265
393,265
155,266
229,266
255,266
380,266
388,266
393,266
156,267
230,267
256,267
381,267
388,267
391,267
157,268
229,268
231,268
231,268
256,268
381,268
389,268
390,268
158,269
232,269
256,269
380,269
389,269
390,269
159,270
232,270
256,270
381,270
389,270
390,270
159,271
233,271
256,271
381,271
390,271
390,271
160,272
234,272
256,272
382,272
390,272
390,272
161,273
235,273
256,273
382,273
162,274
163,274
165,274
236,274
256,274
382,274
163,275
164,275
166,275
237,275
256,275
382,275
164,276
165,276
167,276
237,276
256,276
383,276
165,277
238,277
256,277
383,277
167,278
239,278
256,278
383,278
170,279
239,279
256,279
383,279
172,280
240,280
256,280
383,280
175,281
241,281
256,281
383,281
179,282
243,282
255,282
384,282
183,283
184,283
186,283
244,283
254,283
384,283
186,284
244,284
254,284
384,284
186,285
245,285
253,285
384,285
186,286
246,286
252,286
385,286
185,287
246,287
251,287
385,287
185,288
247,288
251,288
385,288
184,289
385,289
184,290
386,290
183,291
386,291
183,292
386,292
183,293
386,293
182,294
386,294
182,295
386,295
181,296
386,296
181,297
387,297
181,298
387,298
180,299
388,299
180,300
388,300
180,301
388,301
179,302
388,302
179,303
388,303
179,304
388,304
179,305
389,305
178,306
389,306
178,307
389,307
178,308
387,308
389,308
389,308
177,309
390,309
177,310
390,310
177,311
389,311
177,312
389,312
176,313
389,313
176,314
389,314
176,315
390,315
176,316
390,316
176,317
391,317
176,318
391,318
176,319
391,319
176,320
391,320
418,320
419,320
421,320
423,320
426,320
427,320
176,321
392,321
416,321
419,321
421,321
426,321
175,322
392,322
414,322
425,322
175,323
392,323
412,323
424,323
175,324
392,324
410,324
423,324
175,325
392,325
408,325
422,325
175,326
392,326
405,326
421,326
175,327
392,327
403,327
420,327
175,328
392,328
402,328
403,328
407,328
421,328
175,329
393,329
400,329
423,329
175,330
393,330
397,330
421,330
175,331
393,331
396,331
419,331
175,332
393,332
396,332
417,332
175,333
394,333
396,333
414,333
175,334
410,334
175,335
406,335
175,336
403,336
175,337
402,337
175,338
273,338
277,338
402,338
175,339
273,339
277,339
402,339
174,340
273,340
277,340
402,340
174,341
273,341
277,341
402,341
173,342
272,342
277,342
402,342
173,343
272,343
277,343
402,343
173,344
272,344
278,344
402,344
173,345
271,345
278,345
402,345
172,346
271,346
278,346
402,346
172,347
271,347
278,347
402,347
172,348
270,348
278,348
402,348
172,349
270,349
279,349
402,349
171,350
270,350
279,350
402,350
171,351
270,351
279,351
402,351
171,352
270,352
279,352
402,352
170,353
269,353
279,353
402,353
170,354
269,354
279,354
403,354
170,355
269,355
279,355
403,355
170,356
269,356
279,356
403,356
170,357
269,357
279,357
403,357
169,358
269,358
279,358
404,358
169,359
269,359
279,359
404,359
