300,0
358,0
360,0
360,0
300,1
361,1
301,2
362,2
301,3
362,3
301,4
363,4
301,5
363,5
302,6
364,6
302,7
365,7
303,8
366,8
303,9
366,9
303,10
367,10
304,11
367,11
304,12
368,12
305,13
369,13
305,14
369,14
306,15
370,15
306,16
370,16
376,16
383,16
307,17
387,17
308,18
389,18
308,19
392,19
309,20
394,20
309,21
396,21
309,22
397,22
304,23
399,23
299,24
400,24
294,25
401,25
290,26
402,26
286,27
403,27
285,28
404,28
282,29
404,29
279,30
406,30
277,31
406,31
275,32
407,32
273,33
407,33
271,34
408,34
269,35
406,35
408,35
409,35
268,36
410,36
266,37
410,37
264,38
411,38
263,39
412,39
262,40
263,40
265,40
412,40
260,41
413,41
259,42
413,42
258,43
414,43
257,44
257,44
259,44
414,44
255,45
414,45
254,46
415,46
253,47
415,47
252,48
416,48
251,49
416,49
250,50
416,50
249,51
417,51
249,52
417,52
248,53
418,53
247,54
418,54
246,55
418,55
246,56
418,56
245,57
418,57
244,58
419,58
243,59
419,59
243,60
419,60
242,61
419,61
241,62
419,62
240,63
419,63
239,64
420,64
239,65
420,65
238,66
421,66
238,67
421,67
237,68
422,68
237,69
422,69
237,70
422,70
236,71
422,71
236,72
423,72
235,73
423,73
235,74
424,74
235,75
424,75
235,76
424,76
234,77
425,77
234,78
425,78
233,79
426,79
233,80
426,80
233,81
426,81
232,82
427,82
232,83
427,83
231,84
428,84
231,85
428,85
231,86
429,86
230,87
429,87
230,88
429,88
229,89
430,89
228,90
430,90
228,91
430,91
228,92
430,92
227,93
431,93
226,94
227,94
230,94
431,94
226,95
226,95
230,95
431,95
224,96
225,96
230,96
431,96
223,97
224,97
230,97
432,97
222,98
222,98
230,98
432,98
230,99
432,99
229,100
433,100
229,101
433,101
229,102
433,102
230,103
433,103
230,104
434,104
230,105
434,105
229,106
434,106
229,107
434,107
229,108
434,108
229,109
435,109
229,110
435,110
228,111
435,111
231,112
435,112
228,113
228,113
231,113
436,113
231,114
436,114
231,115
436,115
232,116
437,116
232,117
232,117
235,117
437,117
232,118
232,118
235,118
437,118
232,119
232,119
236,119
437,119
232,120
232,120
236,120
437,120
236,121
437,121
236,122
438,122
236,123
438,123
236,124
438,124
236,125
236,125
238,125
438,125
237,126
438,126
238,127
438,127
238,128
238,128
241,128
248,128
251,128
439,128
238,129
238,129
241,129
247,129
251,129
439,129
242,130
247,130
251,130
439,130
242,131
247,131
251,131
439,131
245,132
247,132
251,132
440,132
246,133
248,133
251,133
440,133
246,134
246,134
248,134
248,134
252,134
440,134
248,135
248,135
252,135
253,135
255,135
440,135
247,136
249,136
252,136
253,136
256,136
440,136
249,137
249,137
252,137
253,137
256,137
440,137
249,138
249,138
253,138
253,138
256,138
441,138
253,139
253,139
256,139
441,139
256,140
441,140
256,141
441,141
256,142
441,142
256,143
441,143
256,144
441,144
256,145
441,145
255,146
441,146
255,147
442,147
255,148
442,148
254,149
442,149
253,150
442,150
253,151
442,151
252,152
442,152
251,153
442,153
250,154
443,154
248,155
443,155
247,156
443,156
246,157
246,157
248,157
443,157
246,158
443,158
247,159
248,159
250,159
443,159
247,160
443,160
249,161
443,161
250,162
443,162
252,163
443,163
254,164
443,164
255,165
444,165
255,166
444,166
256,167
444,167
256,168
444,168
256,169
444,169
210,170
210,170
256,170
444,170
209,171
210,171
257,171
444,171
209,172
210,172
256,172
444,172
209,173
210,173
256,173
444,173
209,174
210,174
257,174
444,174
210,175
210,175
257,175
444,175
210,176
210,176
259,176
445,176
210,177
210,177
263,177
445,177
210,178
211,178
218,178
233,178
264,178
445,178
210,179
211,179
214,179
239,179
266,179
445,179
210,180
242,180
267,180
445,180
209,181
243,181
268,181
445,181
205,182
244,182
269,182
445,182
203,183
245,183
269,183
445,183
200,184
246,184
269,184
445,184
198,185
247,185
268,185
445,185
195,186
245,186
247,186
248,186
268,186
445,186
193,187
248,187
268,187
445,187
192,188
249,188
268,188
445,188
191,189
249,189
268,189
445,189
190,190
249,190
269,190
445,190
188,191
250,191
271,191
445,191
188,192
250,192
272,192
445,192
185,193
251,193
272,193
445,193
184,194
251,194
273,194
445,194
183,195
251,195
274,195
445,195
183,196
252,196
274,196
445,196
182,197
252,197
274,197
445,197
182,198
252,198
275,198
445,198
182,199
252,199
276,199
445,199
181,200
252,200
277,200
445,200
181,201
253,201
277,201
445,201
181,202
253,202
278,202
445,202
181,203
253,203
280,203
445,203
180,204
253,204
280,204
445,204
180,205
253,205
280,205
445,205
180,206
253,206
280,206
445,206
180,207
254,207
280,207
446,207
180,208
254,208
280,208
446,208
179,209
254,209
280,209
446,209
179,210
254,210
280,210
307,210
309,210
446,210
179,211
254,211
279,211
306,211
310,211
446,211
179,212
254,212
279,212
306,212
310,212
446,212
178,213
254,213
279,213
446,213
178,214
254,214
278,214
446,214
178,215
254,215
280,215
280,215
283,215
446,215
178,216
254,216
283,216
446,216
178,217
254,217
283,217
446,217
179,218
253,218
283,218
446,218
179,219
253,219
282,219
420,219
422,219
446,219
179,220
253,220
282,220
419,220
421,220
446,220
179,221
253,221
284,221
419,221
421,221
446,221
180,222
253,222
284,222
418,222
422,222
446,222
180,223
253,223
284,223
418,223
422,223
446,223
180,224
252,224
284,224
419,224
422,224
447,224
181,225
252,225
284,225
419,225
423,225
447,225
181,226
252,226
284,226
419,226
423,226
447,226
181,227
252,227
284,227
419,227
423,227
447,227
182,228
253,228
284,228
419,228
423,228
447,228
182,229
254,229
284,229
419,229
423,229
447,229
182,230
255,230
284,230
419,230
423,230
447,230
183,231
256,231
284,231
419,231
424,231
447,231
183,232
256,232
285,232
419,232
424,232
447,232
183,233
257,233
285,233
418,233
424,233
447,233
183,234
258,234
286,234
415,234
417,234
418,234
425,234
447,234
183,235
258,235
285,235
418,235
425,235
433,235
436,235
447,235
184,236
259,236
285,236
418,236
425,236
434,236
437,236
447,236
184,237
259,237
285,237
418,237
426,237
434,237
437,237
447,237
184,238
260,238
286,238
418,238
426,238
434,238
438,238
448,238
184,239
261,239
285,239
418,239
426,239
434,239
438,239
448,239
185,240
261,240
285,240
286,240
288,240
419,240
427,240
434,240
439,240
448,240
185,241
262,241
286,241
286,241
288,241
419,241
427,241
434,241
439,241
448,241
186,242
262,242
286,242
419,242
428,242
434,242
440,242
448,242
186,243
263,243
286,243
419,243
428,243
434,243
440,243
448,243
187,244
263,244
286,244
419,244
429,244
434,244
441,244
449,244
188,245
188,245
190,245
263,245
286,245
419,245
429,245
434,245
442,245
449,245
189,246
264,246
287,246
419,246
429,246
434,246
442,246
449,246
190,247
264,247
287,247
419,247
429,247
435,247
443,247
449,247
191,248
192,248
194,248
265,248
287,248
420,248
430,248
435,248
443,248
449,248
191,249
192,249
194,249
265,249
287,249
420,249
430,249
435,249
444,249
449,249
192,250
265,250
287,250
420,250
430,250
435,250
445,250
449,250
193,251
266,251
288,251
420,251
431,251
435,251
446,251
449,251
194,252
267,252
288,252
421,252
432,252
436,252
446,252
449,252
194,253
267,253
288,253
421,253
432,253
436,253
447,253
450,253
195,254
266,254
268,254
269,254
287,254
421,254
433,254
436,254
447,254
450,254
196,255
270,255
287,255
421,255
433,255
437,255
448,255
450,255
197,256
271,256
286,256
416,256
420,256
421,256
434,256
437,256
449,256
450,256
198,257
272,257
286,257
416,257
420,257
422,257
434,257
437,257
449,257
451,257
199,258
272,258
285,258
416,258
420,258
422,258
435,258
437,258
450,258
451,258
200,259
273,259
284,259
417,259
421,259
422,259
436,259
438,259
451,259
451,259
202,260
274,260
282,260
417,260
421,260
422,260
436,260
438,260
451,260
452,260
205,261
274,261
281,261
417,261
422,261
422,261
436,261
438,261
452,261
452,261
208,262
275,262
280,262
417,262
422,262
423,262
437,262
438,262
210,263
275,263
279,263
417,263
423,263
423,263
438,263
439,263
211,264
398,264
402,264
417,264
423,264
423,264
438,264
439,264
211,265
398,265
404,265
418,265
424,265
424,265
439,265
439,265
210,266
398,266
404,266
418,266
424,266
424,266
439,266
440,266
209,267
398,267
404,267
418,267
424,267
424,267
440,267
440,267
209,268
399,268
404,268
404,268
406,268
418,268
440,268
440,268
209,269
399,269
405,269
418,269
441,269
441,269
208,270
399,270
405,270
418,270
207,271
399,271
405,271
418,271
207,272
399,272
405,272
406,272
408,272
418,272
207,273
399,273
405,273
406,273
408,273
418,273
206,274
399,274
408,274
418,274
206,275
399,275
408,275
418,275
205,276
399,276
410,276
419,276
205,277
399,277
409,277
409,277
412,277
419,277
205,278
400,278
413,278
419,278
204,279
400,279
413,279
419,279
204,280
401,280
414,280
419,280
204,281
401,281
414,281
419,281
204,282
401,282
414,282
419,282
203,283
401,283
415,283
419,283
203,284
400,284
415,284
420,284
202,285
400,285
416,285
420,285
202,286
401,286
416,286
420,286
202,287
402,287
416,287
420,287
202,288
403,288
417,288
420,288
202,289
403,289
417,289
420,289
202,290
403,290
418,290
420,290
201,291
403,291
418,291
420,291
201,292
404,292
419,292
421,292
201,293
404,293
419,293
421,293
201,294
404,294
419,294
421,294
201,295
404,295
420,295
421,295
200,296
404,296
420,296
421,296
200,297
405,297
421,297
421,297
200,298
405,298
421,298
421,298
200,299
405,299
200,300
406,300
199,301
406,301
199,302
407,302
199,303
407,303
199,304
407,304
198,305
407,305
198,306
407,306
198,307
407,307
198,308
408,308
198,309
408,309
198,310
408,310
197,311
408,311
197,312
409,312
197,313
409,313
196,314
409,314
196,315
410,315
196,316
410,316
196,317
410,317
195,318
411,318
195,319
411,319
194,320
411,320
194,321
411,321
194,322
412,322
193,323
412,323
193,324
411,324
193,325
411,325
192,326
411,326
192,327
411,327
192,328
265,328
269,328
412,328
192,329
265,329
269,329
413,329
192,330
264,330
269,330
413,330
192,331
263,331
269,331
413,331
192,332
262,332
269,332
414,332
192,333
262,333
268,333
414,333
192,334
261,334
268,334
414,334
192,335
261,335
268,335
414,335
192,336
260,336
268,336
415,336
192,337
259,337
268,337
415,337
192,338
258,338
268,338
415,338
448,338
458,338
192,339
255,339
257,339
258,339
268,339
415,339
447,339
457,339
192,340
257,340
267,340
415,340
445,340
456,340
192,341
257,341
267,341
416,341
443,341
455,341
192,342
256,342
267,342
416,342
441,342
454,342
192,343
255,343
267,343
416,343
440,343
453,343
192,344
255,344
267,344
416,344
438,344
453,344
192,345
254,345
267,345
416,345
436,345
452,345
192,346
253,346
267,346
416,346
435,346
451,346
192,347
253,347
267,347
416,347
433,347
450,347
192,348
252,348
267,348
416,348
431,348
451,348
192,349
252,349
267,349
416,349
430,349
455,349
192,350
251,350
267,350
417,350
428,350
453,350
193,351
251,351
267,351
418,351
427,351
429,351
433,351
452,351
192,352
250,352
267,352
278,352
281,352
418,352
424,352
450,352
193,353
250,353
267,353
278,353
281,353
418,353
421,353
448,353
193,354
249,354
267,354
278,354
281,354
443,354
445,354
447,354
193,355
249,355
267,355
278,355
282,355
444,355
193,356
248,356
267,356
278,356
282,356
439,356
193,357
248,357
267,357
278,357
282,357
436,357
193,358
247,358
268,358
278,358
282,358
433,358
193,359
247,359
268,359
278,359
283,359
433,359
