269,0
334,0
270,1
334,1
270,2
335,2
270,3
336,3
270,4
336,4
271,5
338,5
271,6
339,6
272,7
340,7
272,8
341,8
272,9
341,9
273,10
342,10
273,11
343,11
356,11
361,11
274,12
343,12
350,12
366,12
274,13
369,13
275,14
371,14
275,15
374,15
276,16
376,16
276,17
377,17
277,18
379,18
278,19
380,19
279,20
380,20
279,21
381,21
280,22
382,22
281,23
383,23
282,24
385,24
283,25
385,25
283,26
386,26
283,27
387,27
279,28
388,28
276,29
389,29
272,30
389,30
270,31
390,31
268,32
391,32
265,33
392,33
263,34
392,34
261,35
393,35
259,36
394,36
257,37
394,37
256,38
395,38
254,39
395,39
253,40
396,40
251,41
396,41
250,42
397,42
248,43
250,43
252,43
397,43
247,44
398,44
245,45
398,45
244,46
399,46
243,47
399,47
242,48
399,48
241,49
400,49
240,50
400,50
239,51
239,51
241,51
400,51
238,52
400,52
237,53
401,53
236,54
401,54
235,55
401,55
234,56
402,56
233,57
402,57
232,58
402,58
231,59
403,59
231,60
403,60
230,61
404,61
229,62
404,62
228,63
405,63
228,64
406,64
227,65
406,65
226,66
406,66
226,67
407,67
226,68
407,68
225,69
408,69
225,70
408,70
224,71
409,71
223,72
409,72
223,73
410,73
222,74
410,74
221,75
411,75
221,76
411,76
220,77
411,77
220,78
412,78
220,79
412,79
219,80
413,80
219,81
414,81
219,82
414,82
219,83
414,83
218,84
415,84
218,85
415,85
218,86
415,86
217,87
415,87
217,88
416,88
217,89
417,89
217,90
417,90
217,91
417,91
216,92
418,92
216,93
418,93
216,94
418,94
216,95
419,95
215,96
419,96
215,97
419,97
215,98
420,98
215,99
420,99
214,100
420,100
214,101
421,101
214,102
421,102
213,103
421,103
213,104
422,104
213,105
422,105
212,106
422,106
212,107
423,107
211,108
423,108
211,109
212,109
215,109
423,109
211,110
211,110
215,110
423,110
215,111
423,111
208,112
209,112
215,112
424,112
208,113
208,113
215,113
424,113
215,114
424,114
215,115
424,115
215,116
425,116
216,117
425,117
216,118
425,118
216,119
425,119
216,120
426,120
216,121
426,121
216,122
426,122
216,123
426,123
215,124
427,124
216,125
427,125
216,126
216,126
219,126
427,126
216,127
216,127
219,127
427,127
215,128
215,128
219,128
428,128
215,129
215,129
219,129
220,129
222,129
428,129
215,130
215,130
220,130
220,130
222,130
428,130
215,131
215,131
220,131
220,131
223,131
428,131
220,132
220,132
223,132
428,132
220,133
220,133
224,133
429,133
224,134
429,134
224,135
429,135
224,136
429,136
225,137
429,137
225,138
430,138
225,139
226,139
228,139
430,139
227,140
237,140
240,140
430,140
227,141
227,141
230,141
237,141
240,141
430,141
230,142
237,142
240,142
241,142
243,142
430,142
231,143
231,143
234,143
237,143
241,143
241,143
243,143
430,143
235,144
235,144
237,144
237,144
241,144
431,144
235,145
238,145
242,145
431,145
236,146
238,146
242,146
243,146
246,146
431,146
237,147
238,147
243,147
243,147
247,147
431,147
238,148
239,148
243,148
243,148
247,148
431,148
239,149
239,149
243,149
243,149
247,149
432,149
244,150
244,150
248,150
432,150
248,151
432,151
248,152
432,152
248,153
432,153
248,154
432,154
248,155
432,155
248,156
432,156
247,157
432,157
247,158
432,158
247,159
433,159
246,160
433,160
246,161
433,161
245,162
433,162
245,163
433,163
244,164
433,164
243,165
434,165
242,166
434,166
241,167
434,167
240,168
434,168
239,169
240,169
242,169
434,169
239,170
240,170
243,170
434,170
240,171
241,171
243,171
434,171
241,172
434,172
243,173
434,173
246,174
434,174
248,175
434,175
249,176
434,176
250,177
434,177
250,178
435,178
251,179
435,179
251,180
435,180
195,181
195,181
251,181
435,181
195,182
195,182
251,182
435,182
194,183
195,183
251,183
435,183
194,184
195,184
251,184
435,184
194,185
195,185
252,185
435,185
195,186
195,186
253,186
435,186
195,187
196,187
255,187
255,187
257,187
435,187
195,188
196,188
260,188
436,188
195,189
196,189
218,189
220,189
261,189
436,189
196,190
196,190
204,190
223,190
260,190
436,190
196,191
196,191
200,191
226,191
260,191
436,191
195,192
228,192
260,192
436,192
194,193
229,193
260,193
436,193
191,194
230,194
261,194
436,194
188,195
231,195
263,195
436,195
185,196
231,196
264,196
436,196
182,197
232,197
265,197
436,197
179,198
233,198
265,198
436,198
178,199
234,199
266,199
436,199
176,200
234,200
267,200
436,200
176,201
234,201
267,201
437,201
174,202
235,202
268,202
437,202
173,203
235,203
269,203
437,203
171,204
236,204
269,204
437,204
169,205
236,205
270,205
437,205
169,206
236,206
271,206
299,206
302,206
437,206
168,207
237,207
271,207
298,207
302,207
437,207
168,208
237,208
272,208
299,208
303,208
437,208
167,209
237,209
272,209
299,209
304,209
437,209
167,210
238,210
272,210
299,210
304,210
437,210
167,211
238,211
272,211
299,211
305,211
437,211
167,212
238,212
272,212
299,212
306,212
438,212
167,213
238,213
272,213
299,213
306,213
409,213
412,213
438,213
166,214
238,214
272,214
299,214
305,214
409,214
413,214
438,214
166,215
238,215
272,215
299,215
304,215
409,215
413,215
438,215
166,216
238,216
272,216
299,216
302,216
409,216
413,216
438,216
166,217
238,217
272,217
299,217
302,217
409,217
414,217
438,217
166,218
239,218
272,218
409,218
414,218
438,218
165,219
239,219
272,219
410,219
414,219
438,219
165,220
239,220
271,220
410,220
414,220
438,220
164,221
165,221
167,221
239,221
271,221
410,221
414,221
438,221
164,222
239,222
270,222
270,222
272,222
410,222
415,222
439,222
164,223
239,223
271,223
272,223
275,223
410,223
415,223
439,223
164,224
239,224
276,224
410,224
415,224
439,224
164,225
239,225
276,225
410,225
415,225
439,225
163,226
239,226
276,226
409,226
416,226
439,226
163,227
239,227
275,227
275,227
277,227
409,227
416,227
439,227
164,228
238,228
275,228
275,228
277,228
410,228
417,228
439,228
164,229
238,229
274,229
409,229
417,229
425,229
428,229
439,229
164,230
239,230
276,230
409,230
417,230
425,230
429,230
439,230
164,231
238,231
276,231
410,231
418,231
425,231
429,231
439,231
165,232
238,232
276,232
276,232
278,232
410,232
418,232
426,232
430,232
440,232
165,233
238,233
277,233
410,233
419,233
426,233
430,233
440,233
166,234
238,234
277,234
410,234
419,234
426,234
431,234
440,234
166,235
237,235
277,235
410,235
419,235
426,235
431,235
440,235
166,236
238,236
277,236
410,236
420,236
420,236
422,236
426,236
432,236
440,236
167,237
239,237
277,237
411,237
420,237
426,237
433,237
440,237
167,238
240,238
277,238
411,238
420,238
426,238
433,238
441,238
167,239
241,239
277,239
278,239
280,239
411,239
421,239
426,239
434,239
441,239
167,240
241,240
278,240
278,240
280,240
411,240
422,240
427,240
435,240
441,240
168,241
242,241
278,241
412,241
422,241
427,241
436,241
441,241
168,242
243,242
278,242
412,242
422,242
427,242
437,242
441,242
167,243
243,243
278,243
412,243
423,243
427,243
437,243
442,243
168,244
244,244
278,244
412,244
423,244
428,244
438,244
442,244
168,245
245,245
279,245
413,245
424,245
428,245
438,245
442,245
169,246
245,246
279,246
413,246
424,246
428,246
439,246
442,246
169,247
246,247
279,247
413,247
425,247
428,247
440,247
443,247
169,248
247,248
279,248
413,248
426,248
429,248
440,248
443,248
169,249
247,249
279,249
414,249
426,249
429,249
441,249
443,249
169,250
248,250
280,250
409,250
412,250
414,250
426,250
430,250
442,250
443,250
170,251
170,251
172,251
248,251
280,251
409,251
413,251
414,251
427,251
430,251
443,251
443,251
170,252
249,252
280,252
409,252
413,252
414,252
428,252
430,252
443,252
444,252
171,253
249,253
280,253
409,253
413,253
414,253
429,253
430,253
444,253
444,253
171,254
250,254
280,254
409,254
414,254
415,254
429,254
431,254
172,255
251,255
281,255
409,255
415,255
415,255
429,255
431,255
173,256
253,256
281,256
409,256
415,256
415,256
430,256
431,256
174,257
254,257
281,257
410,257
415,257
415,257
431,257
431,257
175,258
255,258
281,258
410,258
416,258
416,258
431,258
432,258
175,259
176,259
178,259
256,259
282,259
410,259
416,259
416,259
432,259
432,259
176,260
256,260
281,260
410,260
417,260
417,260
432,260
433,260
177,261
257,261
281,261
410,261
433,261
433,261
178,262
258,262
281,262
410,262
179,263
259,263
279,263
410,263
434,263
434,263
179,264
259,264
278,264
411,264
180,265
260,265
276,265
411,265
181,266
261,266
276,266
411,266
182,267
261,267
274,267
411,267
183,268
184,268
186,268
262,268
272,268
395,268
398,268
411,268
184,269
262,269
271,269
395,269
401,269
411,269
185,270
263,270
270,270
395,270
401,270
411,270
186,271
263,271
269,271
395,271
402,271
402,271
405,271
412,271
189,272
263,272
267,272
395,272
406,272
412,272
192,273
264,273
267,273
395,273
406,273
412,273
196,274
396,274
406,274
412,274
197,275
396,275
407,275
412,275
197,276
396,276
407,276
413,276
197,277
397,277
408,277
413,277
196,278
397,278
408,278
413,278
196,279
397,279
408,279
414,279
195,280
397,280
409,280
414,280
195,281
397,281
409,281
415,281
194,282
397,282
410,282
415,282
194,283
397,283
411,283
414,283
193,284
399,284
411,284
414,284
193,285
400,285
411,285
414,285
193,286
400,286
412,286
414,286
192,287
400,287
412,287
414,287
192,288
400,288
413,288
414,288
191,289
400,289
413,289
415,289
191,290
401,290
414,290
415,290
190,291
401,291
414,291
415,291
190,292
401,292
415,292
415,292
190,293
401,293
415,293
415,293
189,294
401,294
189,295
402,295
189,296
402,296
188,297
403,297
188,298
403,298
188,299
403,299
188,300
404,300
188,301
404,301
187,302
404,302
187,303
404,303
187,304
404,304
187,305
405,305
187,306
405,306
187,307
405,307
186,308
405,308
186,309
406,309
186,310
406,310
186,311
406,311
186,312
406,312
186,313
407,313
186,314
407,314
186,315
408,315
186,316
408,316
186,317
408,317
185,318
408,318
185,319
408,319
185,320
408,320
185,321
408,321
185,322
408,322
185,323
408,323
185,324
408,324
185,325
409,325
185,326
409,326
185,327
410,327
185,328
410,328
185,329
411,329
185,330
262,330
264,330
411,330
185,331
261,331
264,331
411,331
185,332
260,332
264,332
411,332
185,333
259,333
264,333
412,333
185,334
258,334
264,334
412,334
185,335
258,335
264,335
412,335
185,336
257,336
263,336
412,336
458,336
462,336
185,337
256,337
263,337
413,337
452,337
461,337
185,338
256,338
264,338
413,338
451,338
460,338
185,339
255,339
263,339
414,339
450,339
459,339
185,340
254,340
263,340
414,340
448,340
459,340
185,341
253,341
263,341
415,341
447,341
458,341
184,342
253,342
263,342
415,342
446,342
457,342
184,343
253,343
263,343
416,343
444,343
457,343
184,344
252,344
263,344
416,344
443,344
452,344
455,344
456,344
184,345
252,345
263,345
417,345
442,345
455,345
183,346
251,346
263,346
417,346
440,346
455,346
183,347
250,347
263,347
418,347
438,347
455,347
458,347
461,347
183,348
250,348
263,348
418,348
437,348
460,348
183,349
249,349
263,349
419,349
436,349
458,349
182,350
249,350
263,350
419,350
435,350
457,350
182,351
248,351
263,351
420,351
433,351
455,351
182,352
248,352
262,352
420,352
432,352
454,352
181,353
247,353
262,353
421,353
428,353
452,353
181,354
247,354
263,354
421,354
426,354
450,354
181,355
247,355
263,355
447,355
181,356
246,356
263,356
445,356
181,357
246,357
263,357
274,357
276,357
442,357
181,358
245,358
263,358
273,358
277,358
440,358
181,359
245,359
263,359
273,359
277,359
441,359
