238,0
239,0
241,0
305,0
238,1
239,1
241,1
305,1
238,2
306,2
239,3
308,3
239,4
309,4
239,5
310,5
240,6
311,6
240,7
313,7
340,7
349,7
240,8
312,8
334,8
354,8
241,9
318,9
330,9
357,9
241,10
319,10
330,10
358,10
241,11
321,11
328,11
361,11
241,12
322,12
326,12
362,12
242,13
363,13
242,14
321,14
323,14
365,14
243,15
366,15
243,16
367,16
244,17
368,17
244,18
245,18
247,18
369,18
245,19
245,19
247,19
370,19
245,20
371,20
246,21
372,21
247,22
373,22
247,23
374,23
248,24
375,24
249,25
376,25
250,26
377,26
251,27
378,27
252,28
379,28
252,29
253,29
255,29
379,29
254,30
380,30
255,31
381,31
256,32
382,32
257,33
383,33
258,34
383,34
258,35
384,35
256,36
384,36
253,37
385,37
251,38
385,38
250,39
385,39
248,40
386,40
247,41
248,41
250,41
387,41
245,42
247,42
249,42
387,42
244,43
246,43
248,43
387,43
243,44
388,44
241,45
243,45
245,45
388,45
240,46
389,46
238,47
389,47
237,48
389,48
236,49
389,49
235,50
389,50
234,51
389,51
233,52
389,52
232,53
389,53
231,54
389,54
230,55
390,55
229,56
390,56
228,57
390,57
227,58
390,58
227,59
390,59
226,60
390,60
225,61
391,61
223,62
391,62
223,63
391,63
222,64
391,64
221,65
392,65
221,66
393,66
220,67
394,67
219,68
394,68
219,69
395,69
218,70
395,70
218,71
396,71
217,72
396,72
216,73
397,73
216,74
398,74
215,75
398,75
215,76
398,76
215,77
399,77
214,78
399,78
214,79
400,79
214,80
400,80
213,81
400,81
213,82
401,82
213,83
401,83
212,84
401,84
211,85
402,85
211,86
402,86
211,87
402,87
210,88
403,88
211,89
403,89
210,90
403,90
210,91
404,91
210,92
404,92
209,93
404,93
209,94
405,94
209,95
405,95
209,96
405,96
209,97
405,97
208,98
405,98
208,99
406,99
208,100
406,100
208,101
406,101
208,102
407,102
208,103
407,103
207,104
407,104
207,105
407,105
207,106
407,106
207,107
408,107
206,108
408,108
206,109
408,109
206,110
408,110
206,111
408,111
206,112
409,112
206,113
409,113
205,114
409,114
205,115
409,115
205,116
409,116
204,117
410,117
204,118
410,118
204,119
205,119
207,119
410,119
203,120
204,120
208,120
410,120
203,121
204,121
208,121
410,121
202,122
203,122
208,122
410,122
202,123
202,123
208,123
410,123
201,124
202,124
208,124
411,124
200,125
201,125
208,125
411,125
208,126
411,126
208,127
411,127
208,128
411,128
208,129
411,129
208,130
411,130
208,131
209,131
211,131
411,131
208,132
208,132
211,132
412,132
208,133
208,133
212,133
412,133
208,134
208,134
212,134
212,134
214,134
412,134
208,135
208,135
212,135
412,135
208,136
208,136
213,136
412,136
208,137
208,137
213,137
413,137
208,138
209,138
214,138
214,138
216,138
413,138
214,139
215,139
217,139
413,139
214,140
413,140
215,141
215,141
217,141
413,141
216,142
413,142
216,143
413,143
216,144
229,144
232,144
413,144
217,145
219,145
222,145
229,145
233,145
413,145
217,146
219,146
222,146
229,146
233,146
413,146
218,147
219,147
223,147
235,147
237,147
413,147
219,148
219,148
224,148
224,148
226,148
227,148
230,148
235,148
239,148
413,148
224,149
225,149
227,149
228,149
230,149
235,149
239,149
413,149
225,150
225,150
228,150
235,150
241,150
414,150
229,151
235,151
241,151
414,151
230,152
230,152
232,152
233,152
235,152
235,152
242,152
414,152
231,153
235,153
243,153
414,153
232,154
233,154
235,154
235,154
243,154
414,154
234,155
235,155
243,155
414,155
235,156
235,156
244,156
414,156
236,157
236,157
244,157
414,157
245,158
414,158
245,159
414,159
245,160
414,160
245,161
414,161
245,162
414,162
245,163
414,163
245,164
414,164
245,165
415,165
245,166
414,166
244,167
414,167
244,168
415,168
243,169
415,169
243,170
415,170
242,171
415,171
242,172
415,172
241,173
415,173
240,174
415,174
239,175
239,175
241,175
415,175
238,176
238,176
241,176
415,176
238,177
238,177
241,177
415,177
239,178
239,178
242,178
415,178
240,179
415,179
241,180
415,180
244,181
415,181
246,182
415,182
249,183
415,183
250,184
415,184
250,185
415,185
251,186
415,186
251,187
415,187
251,188
415,188
251,189
415,189
252,190
252,190
254,190
415,190
252,191
415,191
254,192
415,192
257,193
415,193
258,194
415,194
258,195
416,195
258,196
416,196
259,197
416,197
259,198
416,198
259,199
416,199
175,200
175,200
259,200
416,200
174,201
175,201
259,201
416,201
174,202
175,202
258,202
291,202
297,202
416,202
174,203
175,203
258,203
288,203
298,203
416,203
174,204
175,204
197,204
197,204
258,204
286,204
299,204
416,204
175,205
175,205
185,205
185,205
188,205
191,205
193,205
204,205
258,205
285,205
300,205
416,205
175,206
176,206
181,206
206,206
258,206
283,206
300,206
416,206
175,207
176,207
179,207
208,207
258,207
282,207
301,207
417,207
175,208
210,208
258,208
281,208
302,208
417,208
174,209
210,209
258,209
281,209
303,209
417,209
171,210
212,210
258,210
281,210
304,210
417,210
170,211
213,211
258,211
281,211
304,211
417,211
168,212
213,212
258,212
281,212
304,212
417,212
166,213
213,213
258,213
281,213
305,213
417,213
163,214
214,214
258,214
281,214
306,214
417,214
161,215
215,215
258,215
281,215
306,215
418,215
160,216
215,216
257,216
281,216
306,216
418,216
159,217
216,217
257,217
281,217
305,217
418,217
157,218
216,218
257,218
281,218
304,218
418,218
157,219
217,219
257,219
281,219
303,219
418,219
155,220
217,220
257,220
281,220
302,220
418,220
154,221
218,221
257,221
281,221
301,221
418,221
154,222
154,222
156,222
218,222
257,222
280,222
301,222
419,222
153,223
218,223
257,223
280,223
300,223
419,223
152,224
219,224
257,224
280,224
299,224
419,224
152,225
219,225
257,225
280,225
299,225
419,225
151,226
219,226
257,226
280,226
298,226
420,226
151,227
219,227
256,227
280,227
298,227
420,227
150,228
220,228
256,228
280,228
297,228
420,228
150,229
220,229
257,229
280,229
297,229
420,229
150,230
220,230
256,230
280,230
296,230
391,230
394,230
421,230
150,231
220,231
257,231
280,231
296,231
391,231
395,231
421,231
150,232
220,232
256,232
280,232
295,232
391,232
395,232
401,232
404,232
409,232
413,232
421,232
149,233
220,233
256,233
280,233
294,233
391,233
395,233
401,233
405,233
409,233
414,233
422,233
149,234
221,234
256,234
281,234
294,234
391,234
396,234
401,234
405,234
410,234
416,234
422,234
149,235
221,235
256,235
281,235
293,235
391,235
396,235
402,235
406,235
411,235
417,235
422,235
149,236
221,236
256,236
257,236
261,236
282,236
293,236
390,236
396,236
402,236
406,236
412,236
417,236
423,236
149,237
221,237
261,237
276,237
281,237
282,237
292,237
390,237
397,237
402,237
407,237
412,237
418,237
423,237
149,238
221,238
262,238
276,238
292,238
391,238
397,238
403,238
407,238
413,238
419,238
423,238
148,239
221,239
262,239
276,239
291,239
391,239
398,239
404,239
409,239
413,239
420,239
424,239
148,240
221,240
262,240
276,240
290,240
391,240
398,240
404,240
410,240
413,240
421,240
424,240
148,241
221,241
262,241
262,241
264,241
276,241
289,241
391,241
399,241
404,241
410,241
413,241
422,241
424,241
148,242
221,242
262,242
276,242
289,242
390,242
400,242
404,242
411,242
414,242
423,242
425,242
147,243
221,243
263,243
276,243
288,243
390,243
400,243
401,243
404,243
405,243
411,243
414,243
424,243
425,243
147,244
221,244
263,244
276,244
288,244
391,244
401,244
401,244
405,244
405,244
412,244
415,244
425,244
425,244
147,245
221,245
263,245
276,245
288,245
391,245
401,245
402,245
413,245
415,245
426,245
426,245
147,246
221,246
263,246
276,246
287,246
391,246
402,246
402,246
414,246
415,246
147,247
221,247
263,247
276,247
286,247
391,247
403,247
403,247
414,247
416,247
147,248
221,248
263,248
264,248
266,248
276,248
286,248
391,248
403,248
403,248
415,248
417,248
148,249
221,249
263,249
264,249
266,249
275,249
286,249
391,249
404,249
404,249
415,249
417,249
148,250
221,250
264,250
264,250
266,250
275,250
285,250
392,250
404,250
404,250
416,250
417,250
148,251
222,251
264,251
275,251
284,251
285,251
287,251
392,251
417,251
418,251
149,252
223,252
264,252
264,252
266,252
275,252
284,252
393,252
418,252
418,252
149,253
225,253
264,253
275,253
284,253
393,253
418,253
418,253
150,254
225,254
264,254
275,254
283,254
393,254
419,254
419,254
150,255
226,255
264,255
275,255
283,255
393,255
420,255
420,255
150,256
227,256
264,256
275,256
283,256
393,256
151,257
228,257
265,257
274,257
282,257
394,257
151,258
229,258
265,258
274,258
282,258
394,258
151,259
229,259
265,259
274,259
282,259
394,259
152,260
230,260
265,260
274,260
281,260
395,260
152,261
231,261
265,261
274,261
281,261
395,261
152,262
232,262
265,262
274,262
280,262
396,262
152,263
233,263
265,263
274,263
280,263
396,263
152,264
234,264
266,264
274,264
280,264
396,264
153,265
236,265
266,265
273,265
279,265
396,265
153,266
238,266
266,266
273,266
279,266
397,266
154,267
240,267
266,267
273,267
279,267
397,267
154,268
242,268
266,268
273,268
278,268
398,268
154,269
242,269
266,269
273,269
278,269
398,269
155,270
244,270
266,270
273,270
278,270
399,270
156,271
244,271
267,271
273,271
277,271
399,271
155,272
245,272
267,272
273,272
276,272
400,272
156,273
246,273
267,273
273,273
276,273
401,273
157,274
247,274
251,274
256,274
268,274
273,274
275,274
396,274
398,274
401,274
157,275
258,275
268,275
273,275
275,275
395,275
399,275
402,275
159,276
249,276
251,276
260,276
269,276
388,276
390,276
395,276
400,276
403,276
159,277
262,277
269,277
388,277
391,277
395,277
401,277
404,277
160,278
263,278
269,278
269,278
271,278
387,278
391,278
392,278
394,278
395,278
401,278
404,278
162,279
259,279
261,279
265,279
269,279
269,279
271,279
387,279
393,279
396,279
401,279
402,279
404,279
405,279
163,280
388,280
393,280
396,280
402,280
406,280
164,281
388,281
394,281
396,281
402,281
407,281
164,282
389,282
394,282
396,282
402,282
408,282
165,283
390,283
395,283
397,283
402,283
402,283
404,283
409,283
167,284
390,284
396,284
397,284
403,284
410,284
168,285
390,285
396,285
397,285
403,285
411,285
169,286
170,286
172,286
390,286
397,286
397,286
404,286
412,286
169,287
391,287
397,287
398,287
404,287
412,287
171,288
391,288
405,288
410,288
412,288
413,288
173,289
391,289
406,289
410,289
412,289
413,289
175,290
390,290
408,290
412,290
180,291
391,291
408,291
411,291
183,292
391,292
187,293
392,293
188,294
392,294
188,295
392,295
187,296
393,296
186,297
393,297
186,298
393,298
186,299
393,299
185,300
393,300
185,301
393,301
185,302
394,302
184,303
394,303
184,304
394,304
183,305
183,305
185,305
394,305
182,306
395,306
182,307
395,307
182,308
395,308
181,309
395,309
181,310
396,310
181,311
396,311
180,312
396,312
180,313
396,313
180,314
397,314
179,315
397,315
179,316
397,316
179,317
397,317
179,318
397,318
178,319
397,319
178,320
397,320
178,321
397,321
178,322
397,322
178,323
398,323
177,324
399,324
177,325
399,325
177,326
399,326
177,327
399,327
176,328
400,328
176,329
400,329
176,330
400,330
176,331
400,331
176,332
400,332
176,333
401,333
176,334
401,334
176,335
401,335
176,336
401,336
176,337
401,337
176,338
402,338
176,339
401,339
176,340
401,340
176,341
401,341
176,342
401,342
176,343
401,343
176,344
402,344
176,345
402,345
176,346
403,346
445,346
445,346
176,347
403,347
435,347
443,347
176,348
404,348
432,348
443,348
176,349
404,349
431,349
443,349
176,350
404,350
429,350
442,350
176,351
404,351
427,351
441,351
176,352
404,352
425,352
439,352
176,353
405,353
424,353
424,353
426,353
436,353
438,353
439,353
176,354
405,354
422,354
435,354
437,354
438,354
176,355
405,355
420,355
433,355
435,355
436,355
176,356
405,356
419,356
433,356
435,356
435,356
176,357
405,357
417,357
435,357
176,358
406,358
415,358
434,358
176,359
406,359
412,359
435,359
437,359
441,359
