278,180
279,180
249,181
256,181
276,181
284,181
243,182
243,182
245,182
246,182
248,182
263,182
272,182
287,182
242,183
264,183
267,183
285,183
288,183
288,183
239,184
291,184
237,185
292,185
235,186
293,186
233,187
293,187
232,188
295,188
231,189
296,189
230,190
298,190
229,191
299,191
229,192
300,192
227,193
301,193
226,194
302,194
225,195
302,195
225,196
303,196
225,197
304,197
223,198
305,198
222,199
306,199
222,200
307,200
221,201
307,201
220,202
307,202
220,203
308,203
218,204
309,204
218,205
309,205
217,206
310,206
217,207
310,207
217,208
311,208
216,209
312,209
215,210
313,210
215,211
313,211
214,212
313,212
214,213
314,213
214,214
314,214
213,215
315,215
213,216
315,216
213,217
315,217
213,218
316,218
212,219
316,219
212,220
317,220
211,221
317,221
211,222
316,222
318,222
318,222
210,223
318,223
210,224
319,224
210,225
319,225
210,226
319,226
210,227
319,227
210,228
320,228
209,229
320,229
209,230
320,230
209,231
320,231
209,232
320,232
208,233
319,233
321,233
321,233
208,234
319,234
321,234
321,234
208,235
319,235
321,235
321,235
209,236
322,236
208,237
319,237
321,237
322,237
208,238
319,238
321,238
322,238
208,239
322,239
208,240
322,240
208,241
322,241
208,242
322,242
208,243
322,243
208,244
323,244
208,245
323,245
208,246
323,246
208,247
323,247
207,248
323,248
207,249
323,249
207,250
323,250
207,251
323,251
207,252
323,252
207,253
323,253
207,254
323,254
207,255
323,255
207,256
322,256
207,257
320,257
322,257
322,257
208,258
322,258
208,259
322,259
208,260
322,260
208,261
322,261
208,262
319,262
321,262
322,262
208,263
319,263
321,263
321,263
209,264
321,264
209,265
321,265
210,266
320,266
210,267
320,267
210,268
318,268
210,269
210,269
212,269
319,269
211,270
318,270
212,271
213,271
215,271
317,271
213,272
315,272
317,272
317,272
212,273
317,273
212,274
316,274
213,275
315,275
213,276
314,276
214,277
313,277
215,278
312,278
216,279
308,279
310,279
310,279
216,280
217,280
219,280
309,280
218,281
308,281
219,282
306,282
220,283
304,283
221,284
293,284
296,284
300,284
302,284
302,284
224,285
299,285
226,286
293,286
295,286
296,286
227,287
291,287
231,288
262,288
264,288
288,288
233,289
284,289
238,290
265,290
267,290
282,290
242,291
259,291
267,291
279,291
267,292
270,292
267,293
270,293
267,294
269,294
267,295
269,295
267,296
269,296
267,297
269,297
267,298
269,298
267,299
269,299
267,300
267,300
269,300
270,300
267,301
269,301
267,302
269,302
267,303
269,303
267,304
269,304
267,305
269,305
266,306
269,306
266,307
269,307
266,308
269,308
266,309
268,309
266,310
268,310
266,311
267,311
265,312
265,312
267,312
267,312
265,313
267,313
266,314
266,314
