0,1
5,1
0,2
23,2
0,3
45,3
0,4
76,4
0,5
96,5
0,6
117,6
0,7
142,7
162,7
164,7
0,8
152,8
161,8
164,8
172,8
201,8
0,9
152,9
161,9
165,9
171,9
228,9
0,10
153,10
161,10
166,10
170,10
230,10
0,11
153,11
161,11
162,11
164,11
225,11
0,12
154,12
160,12
222,12
0,13
155,13
160,13
220,13
0,14
215,14
217,14
217,14
0,15
215,15
0,16
212,16
0,17
210,17
0,18
207,18
0,19
207,19
0,20
204,20
0,21
203,21
0,22
201,22
0,23
200,23
0,24
199,24
0,25
198,25
0,26
197,26
0,27
196,27
0,28
195,28
0,29
195,29
0,30
194,30
0,31
194,31
0,32
194,32
0,33
193,33
0,34
193,34
0,35
193,35
0,36
192,36
0,37
192,37
0,38
192,38
0,39
192,39
0,40
192,40
0,41
192,41
0,42
192,42
0,43
192,43
0,44
192,44
0,45
192,45
0,46
192,46
0,47
193,47
0,48
193,48
0,49
193,49
0,50
193,50
0,51
194,51
0,52
194,52
0,53
194,53
0,54
195,54
0,55
195,55
0,56
195,56
0,57
195,57
0,58
196,58
0,59
196,59
0,60
197,60
0,61
197,61
0,62
198,62
0,63
198,63
0,64
199,64
0,65
200,65
0,66
201,66
0,67
202,67
0,68
205,68
0,69
209,69
0,70
214,70
216,70
216,70
0,71
222,71
0,72
232,72
0,73
232,73
304,73
314,73
317,73
330,73
0,74
232,74
283,74
330,74
0,75
232,75
283,75
333,75
0,76
232,76
283,76
336,76
0,77
232,77
282,77
282,77
284,77
340,77
358,77
358,77
0,78
232,78
282,78
345,78
358,78
359,78
0,79
232,79
282,79
351,79
358,79
359,79
0,80
232,80
282,80
360,80
0,81
232,81
282,81
361,81
0,82
232,82
281,82
362,82
0,83
232,83
281,83
363,83
0,84
232,84
281,84
363,84
0,85
231,85
281,85
364,85
0,86
231,86
281,86
365,86
0,87
231,87
280,87
366,87
0,88
231,88
280,88
366,88
0,89
231,89
280,89
367,89
0,90
231,90
280,90
368,90
0,91
231,91
280,91
369,91
0,92
231,92
280,92
369,92
0,93
231,93
280,93
368,93
370,93
370,93
0,94
231,94
279,94
371,94
0,95
231,95
279,95
372,95
0,96
231,96
279,96
373,96
0,97
230,97
279,97
373,97
0,98
230,98
279,98
374,98
0,99
230,99
278,99
375,99
0,100
230,100
278,100
375,100
0,101
230,101
278,101
376,101
0,102
230,102
278,102
377,102
0,103
230,103
278,103
377,103
0,104
230,104
278,104
378,104
0,105
229,105
278,105
379,105
0,106
229,106
278,106
379,106
0,107
229,107
278,107
380,107
479,107
479,107
0,108
229,108
277,108
381,108
478,108
479,108
0,109
229,109
277,109
382,109
477,109
479,109
0,110
229,110
277,110
382,110
476,110
479,110
0,111
229,111
277,111
383,111
475,111
479,111
0,112
229,112
277,112
384,112
474,112
479,112
0,113
228,113
277,113
385,113
473,113
479,113
0,114
228,114
277,114
385,114
472,114
479,114
0,115
228,115
277,115
386,115
470,115
479,115
0,116
228,116
277,116
387,116
469,116
479,116
0,117
228,117
277,117
387,117
468,117
479,117
0,118
228,118
278,118
388,118
467,118
479,118
0,119
228,119
278,119
388,119
466,119
479,119
0,120
228,120
278,120
389,120
466,120
479,120
0,121
228,121
279,121
390,121
465,121
479,121
0,122
228,122
280,122
390,122
465,122
479,122
0,123
227,123
280,123
390,123
464,123
479,123
0,124
227,124
281,124
390,124
462,124
479,124
0,125
227,125
282,125
391,125
461,125
479,125
0,126
227,126
282,126
391,126
460,126
479,126
0,127
227,127
283,127
391,127
459,127
479,127
0,128
227,128
284,128
391,128
457,128
479,128
0,129
227,129
286,129
391,129
456,129
479,129
0,130
227,130
288,130
392,130
455,130
479,130
0,131
227,131
289,131
392,131
454,131
479,131
0,132
227,132
292,132
393,132
453,132
479,132
0,133
227,133
293,133
394,133
452,133
479,133
0,134
227,134
294,134
396,134
450,134
479,134
0,135
211,135
214,135
227,135
295,135
397,135
449,135
479,135
0,136
210,136
215,136
227,136
297,136
297,136
299,136
397,136
449,136
479,136
0,137
209,137
215,137
226,137
298,137
398,137
447,137
479,137
0,138
210,138
216,138
226,138
299,138
399,138
446,138
479,138
0,139
209,139
216,139
225,139
300,139
400,139
445,139
479,139
0,140
210,140
216,140
224,140
301,140
401,140
444,140
479,140
0,141
210,141
217,141
223,141
302,141
400,141
402,141
402,141
445,141
479,141
0,142
210,142
217,142
222,142
304,142
404,142
445,142
479,142
0,143
209,143
217,143
221,143
304,143
405,143
445,143
479,143
0,144
209,144
217,144
220,144
305,144
406,144
446,144
479,144
0,145
210,145
217,145
219,145
306,145
407,145
446,145
479,145
0,146
209,146
218,146
218,146
308,146
408,146
446,146
479,146
0,147
208,147
210,147
210,147
308,147
409,147
446,147
479,147
0,148
211,148
309,148
410,148
446,148
479,148
0,149
211,149
310,149
411,149
446,149
479,149
0,150
211,150
311,150
412,150
446,150
479,150
0,151
212,151
312,151
413,151
446,151
479,151
0,152
211,152
312,152
415,152
446,152
479,152
0,153
210,153
314,153
416,153
445,153
479,153
0,154
209,154
314,154
417,154
444,154
479,154
0,155
207,155
314,155
417,155
443,155
479,155
0,156
206,156
315,156
419,156
443,156
479,156
0,157
205,157
315,157
419,157
443,157
479,157
0,158
204,158
315,158
421,158
443,158
479,158
0,159
203,159
315,159
422,159
443,159
479,159
0,160
202,160
315,160
423,160
442,160
479,160
0,161
201,161
315,161
424,161
439,161
479,161
0,162
199,162
315,162
426,162
439,162
479,162
0,163
199,163
315,163
427,163
439,163
479,163
0,164
198,164
315,164
428,164
437,164
479,164
0,165
197,165
316,165
429,165
438,165
479,165
0,166
196,166
316,166
431,166
439,166
479,166
0,167
195,167
316,167
431,167
439,167
479,167
0,168
194,168
316,168
433,168
437,168
479,168
0,169
193,169
316,169
479,169
0,170
192,170
317,170
479,170
0,171
192,171
317,171
479,171
0,172
191,172
317,172
479,172
0,173
190,173
318,173
479,173
0,174
190,174
318,174
479,174
0,175
190,175
319,175
479,175
0,176
189,176
319,176
479,176
0,177
188,177
320,177
479,177
0,178
188,178
321,178
479,178
0,179
187,179
321,179
479,179
0,180
187,180
322,180
479,180
0,181
185,181
187,181
187,181
322,181
479,181
0,182
186,182
322,182
479,182
0,183
186,183
323,183
479,183
0,184
185,184
323,184
479,184
0,185
185,185
323,185
479,185
0,186
185,186
324,186
479,186
0,187
184,187
324,187
479,187
0,188
184,188
324,188
479,188
0,189
184,189
325,189
479,189
0,190
184,190
325,190
479,190
0,191
184,191
326,191
479,191
0,192
184,192
326,192
479,192
0,193
184,193
326,193
479,193
0,194
184,194
326,194
479,194
0,195
183,195
327,195
479,195
0,196
183,196
327,196
479,196
0,197
183,197
327,197
479,197
0,198
183,198
327,198
479,198
0,199
183,199
327,199
479,199
0,200
184,200
327,200
479,200
0,201
184,201
328,201
479,201
0,202
184,202
328,202
479,202
0,203
185,203
328,203
479,203
0,204
185,204
328,204
479,204
0,205
185,205
328,205
479,205
0,206
186,206
328,206
479,206
0,207
186,207
328,207
479,207
0,208
186,208
329,208
479,208
0,209
186,209
329,209
479,209
0,210
187,210
329,210
479,210
0,211
187,211
329,211
479,211
0,212
187,212
329,212
479,212
0,213
187,213
329,213
479,213
0,214
188,214
329,214
479,214
0,215
188,215
329,215
479,215
0,216
189,216
329,216
479,216
0,217
189,217
328,217
479,217
0,218
189,218
328,218
479,218
0,219
190,219
328,219
479,219
0,220
190,220
327,220
479,220
0,221
190,221
327,221
479,221
0,222
191,222
327,222
479,222
0,223
191,223
327,223
479,223
0,224
192,224
328,224
479,224
0,225
193,225
328,225
479,225
0,226
193,226
327,226
479,226
0,227
191,227
193,227
194,227
327,227
479,227
0,228
194,228
327,228
479,228
0,229
195,229
327,229
479,229
0,230
195,230
327,230
479,230
0,231
196,231
327,231
479,231
0,232
197,232
327,232
479,232
0,233
197,233
327,233
479,233
0,234
198,234
327,234
479,234
0,235
198,235
327,235
479,235
0,236
199,236
327,236
479,236
0,237
200,237
326,237
479,237
0,238
201,238
326,238
479,238
0,239
202,239
326,239
479,239
0,240
203,240
325,240
479,240
0,241
203,241
325,241
479,241
0,242
204,242
325,242
479,242
0,243
205,243
325,243
479,243
0,244
207,244
324,244
479,244
0,245
207,245
324,245
479,245
0,246
208,246
324,246
479,246
0,247
209,247
323,247
479,247
0,248
210,248
323,248
479,248
0,249
211,249
323,249
479,249
0,250
212,250
323,250
479,250
0,251
213,251
322,251
479,251
0,252
214,252
322,252
479,252
0,253
214,253
322,253
479,253
0,254
216,254
321,254
479,254
0,255
218,255
320,255
479,255
0,256
219,256
320,256
479,256
0,257
221,257
319,257
479,257
0,258
222,258
318,258
479,258
0,259
224,259
317,259
479,259
0,260
225,260
315,260
479,260
0,261
227,261
315,261
479,261
0,262
229,262
313,262
313,262
315,262
479,262
0,263
230,263
312,263
479,263
0,264
232,264
296,264
296,264
311,264
479,264
0,265
234,265
295,265
296,265
309,265
479,265
0,266
236,266
294,266
297,266
308,266
479,266
0,267
239,267
294,267
298,267
306,267
479,267
0,268
239,268
293,268
479,268
0,269
239,269
293,269
479,269
0,270
240,270
292,270
479,270
0,271
242,271
291,271
479,271
0,272
243,272
290,272
479,272
0,273
246,273
289,273
479,273
0,274
251,274
288,274
479,274
0,275
257,275
286,275
479,275
0,276
259,276
284,276
479,276
0,277
260,277
281,277
479,277
0,278
263,278
275,278
479,278
0,279
479,279
0,280
479,280
0,281
479,281
0,282
479,282
0,283
479,283
0,284
479,284
0,285
479,285
0,286
479,286
0,287
479,287
0,288
479,288
0,289
479,289
0,290
479,290
0,291
479,291
0,292
479,292
0,293
479,293
0,294
479,294
0,295
479,295
0,296
479,296
0,297
479,297
0,298
479,298
0,299
479,299
0,300
479,300
0,301
479,301
0,302
479,302
0,303
479,303
0,304
479,304
0,305
479,305
0,306
479,306
0,307
479,307
0,308
479,308
0,309
479,309
0,310
479,310
0,311
479,311
0,312
479,312
0,313
479,313
0,314
479,314
0,315
479,315
0,316
479,316
0,317
479,317
0,318
479,318
0,319
479,319
0,320
479,320
0,321
479,321
0,322
479,322
0,323
479,323
0,324
479,324
0,325
479,325
0,326
479,326
0,327
479,327
0,328
479,328
0,329
479,329
0,330
479,330
0,331
479,331
0,332
479,332
0,333
479,333
0,334
479,334
0,335
479,335
0,336
479,336
0,337
479,337
0,338
479,338
0,339
479,339
0,340
479,340
0,341
479,341
0,342
479,342
0,343
479,343
0,344
479,344
0,345
479,345
0,346
479,346
0,347
479,347
0,348
479,348
0,349
479,349
0,350
479,350
0,351
479,351
0,352
479,352
0,353
479,353
0,354
479,354
0,355
479,355
0,356
479,356
0,357
479,357
0,358
479,358
0,359
479,359
