0,0
168,0
0,1
168,1
0,2
169,2
0,3
169,3
0,4
171,4
0,5
171,5
0,6
172,6
0,7
173,7
0,8
173,8
0,9
174,9
0,10
174,10
0,11
177,11
0,12
178,12
0,13
179,13
0,14
181,14
0,15
182,15
0,16
183,16
0,17
184,17
0,18
186,18
0,19
187,19
0,20
188,20
0,21
189,21
0,22
190,22
0,23
193,23
0,24
195,24
0,25
196,25
0,26
197,26
0,27
198,27
0,28
200,28
203,28
204,28
0,29
205,29
0,30
207,30
0,31
208,31
0,32
209,32
0,33
211,33
0,34
213,34
0,35
214,35
0,36
215,36
0,37
216,37
0,38
217,38
0,39
217,39
0,40
218,40
0,41
220,41
0,42
222,42
0,43
223,43
0,44
225,44
0,45
226,45
0,46
228,46
0,47
230,47
0,48
228,48
230,48
231,48
0,49
233,49
0,50
234,50
0,51
239,51
0,52
241,52
0,53
242,53
0,54
244,54
0,55
245,55
0,56
246,56
0,57
249,57
0,58
250,58
0,59
253,59
0,60
255,60
0,61
256,61
0,62
257,62
0,63
260,63
0,64
260,64
0,65
259,65
0,66
260,66
0,67
260,67
0,68
260,68
0,69
262,69
0,70
263,70
0,71
264,71
0,72
266,72
0,73
267,73
0,74
269,74
0,75
270,75
0,76
270,76
0,77
270,77
0,78
270,78
0,79
270,79
0,80
271,80
0,81
271,81
0,82
273,82
0,83
273,83
0,84
274,84
0,85
276,85
0,86
276,86
0,87
277,87
0,88
278,88
0,89
279,89
0,90
280,90
0,91
281,91
0,92
282,92
0,93
281,93
0,94
282,94
0,95
283,95
0,96
284,96
0,97
285,97
0,98
285,98
0,99
286,99
0,100
286,100
288,100
288,100
0,101
284,101
286,101
288,101
0,102
284,102
286,102
289,102
309,102
310,102
0,103
290,103
307,103
309,103
0,104
291,104
303,104
310,104
0,105
293,105
299,105
308,105
310,105
310,105
0,106
310,106
0,107
311,107
0,108
312,108
0,109
313,109
0,110
313,110
0,111
314,111
0,112
315,112
0,113
316,113
0,114
316,114
0,115
316,115
0,116
210,116
224,116
224,116
227,116
317,116
0,117
208,117
226,117
318,117
0,118
206,118
230,118
318,118
0,119
203,119
233,119
319,119
0,120
202,120
234,120
319,120
0,121
202,121
235,121
320,121
0,122
192,122
196,122
200,122
237,122
321,122
0,123
191,123
196,123
199,123
239,123
321,123
0,124
191,124
199,124
199,124
239,124
321,124
0,125
192,125
241,125
321,125
0,126
192,126
242,126
321,126
0,127
193,127
243,127
320,127
0,128
193,128
244,128
320,128
0,129
192,129
245,129
318,129
0,130
190,130
246,130
318,130
0,131
190,131
247,131
317,131
0,132
189,132
247,132
317,132
0,133
189,133
248,133
316,133
0,134
188,134
249,134
315,134
0,135
186,135
250,135
313,135
0,136
185,136
250,136
313,136
0,137
184,137
251,137
312,137
0,138
182,138
184,138
184,138
252,138
311,138
0,139
181,139
252,139
311,139
0,140
180,140
253,140
311,140
0,141
180,141
253,141
311,141
0,142
179,142
254,142
311,142
0,143
178,143
254,143
311,143
0,144
177,144
254,144
311,144
0,145
176,145
255,145
312,145
0,146
175,146
255,146
312,146
0,147
175,147
256,147
312,147
0,148
175,148
256,148
312,148
0,149
176,149
256,149
312,149
0,150
176,150
257,150
312,150
0,151
176,151
257,151
312,151
0,152
176,152
257,152
312,152
0,153
176,153
257,153
312,153
0,154
176,154
258,154
312,154
0,155
176,155
258,155
312,155
0,156
176,156
258,156
312,156
0,157
176,157
258,157
311,157
0,158
176,158
258,158
310,158
0,159
176,159
258,159
310,159
0,160
176,160
257,160
309,160
0,161
176,161
257,161
309,161
0,162
176,162
257,162
308,162
0,163
176,163
257,163
308,163
0,164
175,164
257,164
307,164
477,164
479,164
0,165
175,165
256,165
307,165
479,165
479,165
0,166
176,166
256,166
306,166
0,167
177,167
256,167
305,167
0,168
177,168
255,168
305,168
0,169
177,169
254,169
304,169
0,170
178,170
254,170
303,170
0,171
179,171
253,171
303,171
0,172
180,172
251,172
301,172
0,173
181,173
250,173
301,173
0,174
182,174
251,174
251,174
254,174
301,174
0,175
182,175
252,175
301,175
0,176
184,176
253,176
299,176
0,177
185,177
254,177
298,177
0,178
186,178
256,178
297,178
455,178
455,178
0,179
186,179
257,179
258,179
260,179
297,179
455,179
457,179
0,180
187,180
258,180
296,180
455,180
459,180
0,181
188,181
259,181
296,181
457,181
464,181
0,182
189,182
261,182
295,182
457,182
467,182
0,183
190,183
263,183
294,183
458,183
470,183
0,184
191,184
264,184
293,184
459,184
471,184
0,185
192,185
265,185
293,185
459,185
473,185
0,186
193,186
267,186
293,186
461,186
475,186
0,187
194,187
268,187
293,187
461,187
477,187
0,188
195,188
270,188
292,188
463,188
479,188
0,189
196,189
270,189
291,189
463,189
479,189
0,190
198,190
271,190
290,190
460,190
460,190
463,190
479,190
0,191
199,191
272,191
289,191
460,191
479,191
0,192
201,192
273,192
289,192
465,192
479,192
0,193
203,193
275,193
290,193
465,193
479,193
0,194
205,194
276,194
290,194
466,194
479,194
0,195
209,195
277,195
290,195
467,195
479,195
0,196
213,196
278,196
279,196
281,196
291,196
469,196
479,196
0,197
218,197
279,197
291,197
459,197
459,197
470,197
479,197
0,198
223,198
280,198
291,198
460,198
462,198
471,198
479,198
0,199
220,199
222,199
228,199
281,199
291,199
460,199
464,199
472,199
479,199
0,200
231,200
282,200
292,200
460,200
467,200
472,200
479,200
0,201
233,201
283,201
293,201
461,201
468,201
474,201
477,201
0,202
235,202
284,202
295,202
461,202
470,202
474,202
476,202
0,203
236,203
285,203
295,203
462,203
476,203
0,204
237,204
286,204
296,204
462,204
476,204
0,205
238,205
287,205
297,205
463,205
475,205
0,206
239,206
289,206
299,206
463,206
475,206
0,207
240,207
290,207
299,207
464,207
475,207
0,208
241,208
291,208
298,208
464,208
475,208
0,209
242,209
293,209
297,209
464,209
471,209
473,209
475,209
0,210
243,210
294,210
297,210
464,210
471,210
473,210
474,210
0,211
244,211
295,211
297,211
465,211
474,211
0,212
245,212
296,212
297,212
465,212
473,212
0,213
246,213
466,213
472,213
0,214
247,214
466,214
472,214
0,215
247,215
467,215
472,215
0,216
248,216
467,216
473,216
0,217
249,217
467,217
473,217
0,218
250,218
468,218
473,218
0,219
251,219
468,219
473,219
0,220
251,220
468,220
473,220
0,221
253,221
469,221
473,221
0,222
254,222
469,222
473,222
0,223
254,223
470,223
473,223
0,224
256,224
470,224
472,224
0,225
257,225
470,225
471,225
0,226
257,226
471,226
471,226
0,227
259,227
471,227
472,227
0,228
259,228
472,228
472,228
0,229
260,229
472,229
472,229
0,230
261,230
472,230
473,230
0,231
262,231
473,231
473,231
0,232
263,232
473,232
473,232
0,233
264,233
0,234
261,234
264,234
265,234
0,235
265,235
0,236
266,236
0,237
267,237
0,238
268,238
0,239
269,239
0,240
267,240
269,240
270,240
0,241
271,241
0,242
272,242
0,243
272,243
0,244
273,244
0,245
274,245
0,246
275,246
0,247
275,247
0,248
276,248
0,249
277,249
0,250
276,250
278,250
278,250
0,251
278,251
0,252
279,252
0,253
280,253
0,254
281,254
0,255
281,255
0,256
282,256
0,257
284,257
0,258
285,258
0,259
285,259
0,260
285,260
0,261
286,261
0,262
287,262
0,263
288,263
0,264
288,264
0,265
289,265
0,266
290,266
0,267
291,267
0,268
292,268
0,269
291,269
353,269
354,269
0,270
291,270
353,270
355,270
0,271
290,271
352,271
355,271
0,272
289,272
351,272
355,272
0,273
288,273
350,273
357,273
0,274
287,274
349,274
357,274
0,275
285,275
348,275
358,275
0,276
285,276
347,276
356,276
358,276
359,276
0,277
285,277
346,277
356,277
359,277
360,277
0,278
283,278
345,278
358,278
360,278
361,278
0,279
283,279
344,279
360,279
0,280
283,280
342,280
361,280
0,281
281,281
341,281
361,281
0,282
281,282
340,282
362,282
0,283
279,283
338,283
363,283
0,284
279,284
337,284
363,284
0,285
279,285
334,285
364,285
0,286
278,286
332,286
365,286
0,287
278,287
329,287
332,287
334,287
365,287
0,288
278,288
327,288
366,288
0,289
277,289
326,289
366,289
0,290
277,290
325,290
367,290
0,291
276,291
325,291
367,291
0,292
275,292
324,292
368,292
0,293
275,293
324,293
368,293
0,294
274,294
324,294
369,294
0,295
274,295
324,295
369,295
0,296
273,296
323,296
370,296
0,297
273,297
323,297
371,297
0,298
272,298
322,298
371,298
0,299
271,299
322,299
372,299
0,300
271,300
322,300
372,300
0,301
271,301
321,301
373,301
0,302
271,302
321,302
374,302
0,303
270,303
320,303
375,303
0,304
269,304
319,304
375,304
0,305
268,305
319,305
375,305
0,306
268,306
318,306
375,306
0,307
267,307
317,307
374,307
0,308
267,308
317,308
373,308
0,309
267,309
316,309
372,309
0,310
266,310
316,310
372,310
0,311
266,311
315,311
372,311
0,312
265,312
314,312
371,312
0,313
264,313
314,313
371,313
0,314
264,314
313,314
370,314
0,315
263,315
312,315
370,315
0,316
263,316
311,316
370,316
0,317
262,317
311,317
370,317
0,318
262,318
310,318
369,318
0,319
262,319
309,319
368,319
0,320
262,320
308,320
367,320
0,321
261,321
308,321
366,321
0,322
261,322
307,322
365,322
0,323
260,323
307,323
363,323
0,324
260,324
306,324
363,324
0,325
259,325
305,325
362,325
0,326
259,326
304,326
362,326
0,327
258,327
304,327
361,327
0,328
258,328
303,328
361,328
0,329
258,329
303,329
360,329
0,330
258,330
302,330
359,330
0,331
256,331
301,331
358,331
0,332
254,332
256,332
256,332
300,332
357,332
0,333
254,333
299,333
356,333
0,334
254,334
299,334
355,334
0,335
253,335
298,335
354,335
0,336
253,336
297,336
353,336
0,337
253,337
296,337
353,337
0,338
252,338
296,338
351,338
0,339
251,339
295,339
350,339
0,340
251,340
294,340
349,340
0,341
250,341
294,341
348,341
0,342
250,342
293,342
345,342
347,342
347,342
0,343
249,343
293,343
345,343
0,344
248,344
292,344
344,344
0,345
248,345
291,345
344,345
0,346
248,346
290,346
343,346
0,347
247,347
290,347
342,347
0,348
245,348
289,348
290,348
292,348
341,348
0,349
245,349
288,349
340,349
0,350
245,350
288,350
339,350
0,351
243,351
287,351
287,351
289,351
338,351
0,352
242,352
286,352
337,352
0,353
241,353
286,353
336,353
0,354
241,354
285,354
334,354
0,355
240,355
285,355
335,355
0,356
239,356
284,356
333,356
0,357
239,357
283,357
331,357
0,358
238,358
283,358
331,358
0,359
237,359
282,359
331,359
