0,0
309,0
314,0
317,0
390,0
479,0
0,1
317,1
391,1
391,1
393,1
479,1
0,2
311,2
395,2
479,2
0,3
305,3
397,3
479,3
0,4
303,4
400,4
479,4
0,5
296,5
298,5
300,5
403,5
479,5
0,6
297,6
404,6
479,6
0,7
295,7
404,7
479,7
0,8
290,8
292,8
293,8
408,8
479,8
0,9
291,9
411,9
479,9
0,10
288,10
411,10
479,10
0,11
286,11
412,11
479,11
0,12
284,12
415,12
479,12
0,13
133,13
140,13
281,13
416,13
479,13
0,14
130,14
141,14
278,14
418,14
479,14
0,15
129,15
143,15
278,15
420,15
479,15
0,16
126,16
144,16
276,16
420,16
479,16
0,17
126,17
145,17
275,17
421,17
479,17
0,18
124,18
145,18
274,18
422,18
479,18
0,19
123,19
146,19
273,19
425,19
479,19
0,20
121,20
146,20
272,20
427,20
479,20
0,21
120,21
147,21
270,21
427,21
479,21
0,22
120,22
147,22
269,22
428,22
479,22
0,23
119,23
148,23
268,23
430,23
479,23
0,24
117,24
148,24
267,24
433,24
479,24
0,25
117,25
148,25
266,25
433,25
479,25
0,26
117,26
148,26
265,26
434,26
479,26
0,27
114,27
148,27
264,27
435,27
479,27
0,28
114,28
148,28
263,28
437,28
479,28
0,29
113,29
148,29
262,29
438,29
479,29
0,30
112,30
148,30
261,30
440,30
479,30
0,31
111,31
148,31
260,31
440,31
479,31
0,32
111,32
149,32
259,32
443,32
479,32
0,33
111,33
149,33
257,33
444,33
479,33
0,34
110,34
149,34
257,34
444,34
479,34
0,35
108,35
149,35
256,35
445,35
479,35
0,36
107,36
149,36
255,36
448,36
479,36
0,37
106,37
148,37
255,37
449,37
479,37
0,38
105,38
149,38
254,38
450,38
479,38
0,39
105,39
153,39
254,39
452,39
479,39
0,40
103,40
155,40
253,40
453,40
479,40
0,41
103,41
169,41
252,41
455,41
479,41
0,42
103,42
178,42
251,42
456,42
479,42
0,43
103,43
180,43
251,43
457,43
479,43
0,44
102,44
185,44
250,44
458,44
479,44
0,45
102,45
186,45
249,45
460,45
479,45
0,46
100,46
190,46
249,46
464,46
479,46
0,47
100,47
190,47
248,47
464,47
479,47
0,48
99,48
191,48
247,48
466,48
479,48
0,49
99,49
192,49
247,49
468,49
479,49
0,50
101,50
192,50
246,50
469,50
479,50
0,51
100,51
192,51
246,51
470,51
479,51
0,52
100,52
192,52
245,52
472,52
479,52
0,53
100,53
192,53
244,53
474,53
479,53
0,54
100,54
192,54
244,54
477,54
479,54
0,55
99,55
192,55
243,55
479,55
479,55
0,56
99,56
191,56
242,56
0,57
99,57
190,57
242,57
0,58
99,58
190,58
241,58
0,59
99,59
190,59
241,59
0,60
99,60
190,60
240,60
403,60
404,60
0,61
99,61
189,61
240,61
398,61
409,61
0,62
99,62
189,62
239,62
394,62
416,62
0,63
99,63
188,63
239,63
393,63
394,63
396,63
419,63
0,64
99,64
188,64
238,64
394,64
423,64
0,65
100,65
187,65
237,65
394,65
424,65
0,66
100,66
186,66
237,66
394,66
426,66
0,67
101,67
185,67
186,67
188,67
233,67
395,67
428,67
0,68
102,68
184,68
230,68
395,68
431,68
0,69
103,69
184,69
226,69
395,69
433,69
0,70
103,70
184,70
225,70
395,70
435,70
0,71
104,71
183,71
216,71
396,71
437,71
0,72
105,72
183,72
210,72
396,72
440,72
0,73
104,73
106,73
106,73
182,73
206,73
396,73
442,73
0,74
107,74
182,74
203,74
396,74
443,74
0,75
108,75
182,75
199,75
396,75
444,75
0,76
109,76
182,76
196,76
396,76
448,76
0,77
110,77
183,77
195,77
396,77
452,77
0,78
111,78
183,78
192,78
396,78
454,78
0,79
107,79
109,79
112,79
183,79
191,79
396,79
457,79
0,80
114,80
183,80
187,80
396,80
460,80
0,81
115,81
185,81
187,81
396,81
467,81
0,82
117,82
396,82
479,82
0,83
118,83
396,83
479,83
0,84
120,84
396,84
479,84
0,85
122,85
396,85
479,85
0,86
122,86
397,86
479,86
0,87
125,87
397,87
479,87
0,88
126,88
397,88
479,88
0,89
128,89
397,89
479,89
0,90
131,90
397,90
479,90
0,91
133,91
397,91
479,91
0,92
132,92
134,92
134,92
397,92
479,92
0,93
119,93
122,93
125,93
130,93
131,93
135,93
135,93
397,93
479,93
0,94
111,94
397,94
479,94
0,95
88,95
93,95
99,95
397,95
479,95
0,96
87,96
397,96
479,96
0,97
87,97
397,97
479,97
0,98
87,98
397,98
479,98
0,99
88,99
397,99
479,99
0,100
88,100
398,100
479,100
0,101
89,101
398,101
479,101
0,102
89,102
398,102
479,102
0,103
89,103
91,103
92,103
399,103
479,103
0,104
92,104
399,104
479,104
0,105
89,105
399,105
399,105
402,105
479,105
0,106
85,106
88,106
88,106
402,106
402,106
408,106
479,106
0,107
85,107
411,107
479,107
0,108
85,108
420,108
479,108
0,109
86,109
429,109
479,109
0,110
86,110
430,110
479,110
0,111
86,111
434,111
479,111
0,112
87,112
441,112
479,112
0,113
87,113
445,113
479,113
0,114
88,114
90,114
92,114
448,114
449,114
451,114
479,114
0,115
89,115
92,115
93,115
455,115
457,115
460,115
479,115
0,116
91,116
93,116
94,116
461,116
479,116
0,117
96,117
467,117
475,117
0,118
96,118
471,118
479,118
0,119
94,119
472,119
479,119
0,120
92,120
0,121
91,121
0,122
91,122
0,123
91,123
0,124
91,124
0,125
92,125
0,126
92,126
0,127
93,127
102,127
102,127
0,128
95,128
101,128
104,128
0,129
104,129
0,130
106,130
0,131
106,131
0,132
108,132
0,133
108,133
0,134
108,134
110,134
112,134
0,135
115,135
0,136
117,136
0,137
124,137
0,138
131,138
0,139
131,139
0,140
132,140
0,141
134,141
0,142
135,142
0,143
137,143
0,144
137,144
0,145
139,145
0,146
142,146
0,147
145,147
0,148
148,148
0,149
146,149
148,149
150,149
0,150
146,150
149,150
153,150
0,151
156,151
160,151
160,151
0,152
158,152
160,152
162,152
0,153
164,153
170,153
172,153
0,154
166,154
169,154
174,154
0,155
178,155
0,156
181,156
0,157
183,157
0,158
187,158
0,159
187,159
0,160
188,160
0,161
189,161
0,162
192,162
0,163
196,163
0,164
200,164
0,165
204,165
209,165
209,165
0,166
199,166
201,166
205,166
207,166
210,166
0,167
208,167
210,167
211,167
0,168
211,168
0,169
212,169
0,170
212,170
0,171
211,171
213,171
213,171
0,172
212,172
214,172
214,172
0,173
212,173
214,173
215,173
237,173
238,173
0,174
215,174
222,174
222,174
235,174
240,174
0,175
216,175
222,175
223,175
235,175
241,175
0,176
217,176
223,176
223,176
235,176
240,176
242,176
243,176
0,177
219,177
223,177
225,177
237,177
245,177
0,178
220,178
223,178
226,178
229,178
231,178
239,178
246,178
0,179
219,179
221,179
234,179
240,179
244,179
247,179
248,179
0,180
237,180
239,180
249,180
0,181
233,181
236,181
248,181
0,182
248,182
0,183
247,183
0,184
247,184
0,185
246,185
0,186
245,186
0,187
244,187
0,188
239,188
241,188
243,188
0,189
242,189
0,190
241,190
0,191
240,191
0,192
240,192
0,193
237,193
239,193
241,193
0,194
237,194
239,194
242,194
0,195
242,195
0,196
225,196
231,196
241,196
0,197
239,197
0,198
226,198
229,198
239,198
0,199
225,199
230,199
238,199
0,200
225,200
231,200
237,200
0,201
225,201
232,201
236,201
0,202
225,202
232,202
235,202
0,203
226,203
233,203
234,203
0,204
226,204
233,204
233,204
0,205
227,205
0,206
227,206
0,207
228,207
0,208
229,208
0,209
229,209
0,210
227,210
0,211
226,211
0,212
223,212
225,212
226,212
0,213
225,213
0,214
224,214
0,215
221,215
0,216
220,216
0,217
219,217
298,217
298,217
0,218
218,218
297,218
298,218
0,219
217,219
296,219
296,219
298,219
298,219
0,220
216,220
295,220
298,220
0,221
215,221
292,221
300,221
0,222
214,222
291,222
298,222
0,223
214,223
292,223
297,223
0,224
213,224
292,224
296,224
0,225
213,225
292,225
296,225
0,226
212,226
292,226
294,226
296,226
296,226
0,227
212,227
293,227
294,227
296,227
297,227
0,228
211,228
293,228
298,228
0,229
211,229
293,229
298,229
0,230
211,230
294,230
299,230
0,231
211,231
293,231
300,231
0,232
211,232
293,232
300,232
0,233
211,233
293,233
301,233
0,234
212,234
293,234
302,234
0,235
212,235
293,235
302,235
0,236
212,236
293,236
303,236
0,237
212,237
292,237
303,237
0,238
212,238
292,238
304,238
0,239
212,239
291,239
304,239
0,240
213,240
291,240
304,240
0,241
213,241
290,241
305,241
0,242
213,242
290,242
305,242
0,243
213,243
290,243
305,243
0,244
213,244
288,244
305,244
0,245
213,245
290,245
304,245
0,246
213,246
291,246
301,246
303,246
304,246
0,247
213,247
293,247
301,247
303,247
303,247
0,248
214,248
294,248
301,248
0,249
215,249
294,249
299,249
0,250
215,250
295,250
299,250
0,251
216,251
296,251
298,251
0,252
217,252
297,252
298,252
0,253
218,253
297,253
297,253
0,254
219,254
0,255
220,255
0,256
221,256
0,257
222,257
0,258
223,258
0,259
224,259
0,260
225,260
0,261
226,261
0,262
227,262
0,263
229,263
0,264
230,264
0,265
231,265
0,266
232,266
0,267
233,267
0,268
235,268
0,269
235,269
0,270
239,270
0,271
241,271
0,272
246,272
0,273
253,273
0,274
261,274
461,274
466,274
0,275
266,275
463,275
470,275
0,276
270,276
466,276
471,276
0,277
272,277
467,277
479,277
0,278
275,278
468,278
479,278
0,279
276,279
428,279
429,279
469,279
479,279
0,280
274,280
276,280
277,280
429,280
431,280
472,280
472,280
474,280
479,280
0,281
275,281
277,281
277,281
430,281
431,281
472,281
479,281
0,282
277,282
430,282
432,282
474,282
479,282
0,283
278,283
431,283
433,283
435,283
435,283
475,283
479,283
0,284
278,284
432,284
435,284
476,284
478,284
0,285
278,285
433,285
436,285
466,285
469,285
478,285
478,285
0,286
278,286
434,286
439,286
468,286
468,286
470,286
470,286
478,286
478,286
0,287
278,287
434,287
441,287
468,287
468,287
472,287
474,287
478,287
479,287
0,288
279,288
435,288
443,288
470,288
479,288
0,289
279,289
435,289
444,289
470,289
479,289
0,290
279,290
436,290
447,290
470,290
479,290
0,291
279,291
436,291
441,291
444,291
448,291
470,291
479,291
0,292
279,292
436,292
441,292
444,292
446,292
449,292
450,292
472,292
479,292
0,293
279,293
437,293
452,293
473,293
479,293
0,294
279,294
438,294
454,294
474,294
479,294
0,295
279,295
438,295
455,295
475,295
479,295
0,296
280,296
439,296
458,296
475,296
479,296
0,297
280,297
439,297
460,297
476,297
479,297
0,298
280,298
440,298
462,298
477,298
479,298
0,299
280,299
441,299
463,299
478,299
479,299
0,300
280,300
441,300
467,300
0,301
280,301
441,301
467,301
0,302
278,302
443,302
470,302
0,303
279,303
443,303
471,303
0,304
278,304
443,304
475,304
0,305
278,305
444,305
476,305
0,306
277,306
444,306
478,306
0,307
277,307
444,307
479,307
0,308
277,308
445,308
479,308
0,309
277,309
446,309
479,309
0,310
277,310
446,310
479,310
0,311
277,311
447,311
479,311
0,312
277,312
447,312
477,312
0,313
277,313
448,313
477,313
0,314
277,314
448,314
476,314
0,315
278,315
449,315
475,315
0,316
278,316
449,316
475,316
0,317
279,317
450,317
474,317
0,318
279,318
450,318
474,318
0,319
279,319
451,319
473,319
0,320
280,320
452,320
473,320
0,321
282,321
452,321
473,321
0,322
283,322
453,322
473,322
0,323
283,323
453,323
472,323
0,324
283,324
453,324
472,324
0,325
283,325
454,325
472,325
0,326
283,326
454,326
472,326
0,327
283,327
455,327
472,327
0,328
283,328
455,328
472,328
0,329
283,329
456,329
472,329
0,330
284,330
456,330
472,330
0,331
284,331
457,331
472,331
0,332
283,332
457,332
472,332
0,333
283,333
458,333
472,333
0,334
283,334
458,334
472,334
0,335
284,335
458,335
472,335
0,336
284,336
459,336
472,336
0,337
284,337
460,337
472,337
0,338
284,338
461,338
472,338
0,339
284,339
462,339
472,339
0,340
284,340
461,340
472,340
0,341
284,341
462,341
472,341
0,342
284,342
462,342
472,342
0,343
284,343
462,343
472,343
0,344
284,344
462,344
472,344
0,345
284,345
463,345
472,345
0,346
284,346
463,346
472,346
0,347
285,347
464,347
472,347
0,348
285,348
464,348
472,348
0,349
285,349
464,349
472,349
0,350
285,350
465,350
472,350
0,351
285,351
465,351
472,351
0,352
284,352
465,352
472,352
0,353
285,353
466,353
472,353
0,354
285,354
466,354
472,354
0,355
283,355
285,355
285,355
467,355
472,355
0,356
285,356
467,356
472,356
0,357
285,357
467,357
472,357
0,358
285,358
467,358
472,358
0,359
285,359
468,359
472,359
