0,0
479,0
0,1
479,1
0,2
341,2
343,2
344,2
361,2
479,2
0,3
325,3
330,3
334,3
374,3
479,3
0,4
312,4
314,4
324,4
378,4
479,4
0,5
318,5
379,5
479,5
0,6
313,6
386,6
479,6
0,7
307,7
388,7
479,7
0,8
301,8
391,8
479,8
0,9
298,9
393,9
479,9
0,10
295,10
396,10
479,10
0,11
294,11
398,11
479,11
0,12
287,12
289,12
291,12
399,12
479,12
0,13
289,13
400,13
479,13
0,14
286,14
402,14
479,14
0,15
284,15
404,15
479,15
0,16
281,16
406,16
479,16
0,17
279,17
407,17
479,17
0,18
276,18
410,18
479,18
0,19
275,19
411,19
479,19
0,20
274,20
412,20
479,20
0,21
273,21
413,21
479,21
0,22
272,22
414,22
479,22
0,23
271,23
416,23
479,23
0,24
270,24
418,24
479,24
0,25
269,25
418,25
479,25
0,26
268,26
421,26
479,26
0,27
266,27
423,27
479,27
0,28
265,28
423,28
479,28
0,29
264,29
424,29
479,29
0,30
263,30
427,30
479,30
0,31
262,31
428,31
479,31
0,32
261,32
428,32
479,32
0,33
257,33
259,33
260,33
429,33
479,33
0,34
259,34
432,34
479,34
0,35
258,35
433,35
479,35
0,36
121,36
126,36
257,36
434,36
479,36
0,37
118,37
128,37
256,37
435,37
479,37
0,38
116,38
129,38
255,38
436,38
479,38
0,39
114,39
132,39
255,39
438,39
479,39
0,40
112,40
132,40
254,40
443,40
479,40
0,41
111,41
132,41
253,41
443,41
479,41
0,42
111,42
133,42
252,42
444,42
479,42
0,43
111,43
133,43
252,43
446,43
479,43
0,44
110,44
134,44
251,44
447,44
479,44
0,45
110,45
134,45
250,45
448,45
479,45
0,46
109,46
135,46
250,46
450,46
479,46
0,47
108,47
136,47
249,47
452,47
479,47
0,48
108,48
136,48
249,48
454,48
479,48
0,49
108,49
136,49
248,49
455,49
479,49
0,50
107,50
140,50
247,50
458,50
479,50
0,51
106,51
142,51
247,51
460,51
479,51
0,52
106,52
139,52
246,52
462,52
479,52
0,53
105,53
146,53
245,53
464,53
479,53
0,54
104,54
154,54
245,54
465,54
479,54
0,55
104,55
159,55
244,55
469,55
479,55
0,56
104,56
171,56
243,56
472,56
479,56
0,57
104,57
175,57
243,57
472,57
479,57
0,58
103,58
178,58
242,58
475,58
479,58
0,59
103,59
182,59
242,59
476,59
479,59
0,60
102,60
183,60
241,60
479,60
479,60
0,61
101,61
183,61
240,61
0,62
100,62
185,62
239,62
0,63
100,63
185,63
239,63
0,64
100,64
184,64
239,64
0,65
100,65
184,65
238,65
389,65
389,65
395,65
401,65
0,66
100,66
184,66
238,66
387,66
407,66
0,67
99,67
184,67
237,67
389,67
411,67
0,68
99,68
184,68
237,68
388,68
413,68
0,69
99,69
184,69
236,69
389,69
416,69
0,70
99,70
183,70
231,70
389,70
419,70
0,71
99,71
183,71
229,71
389,71
421,71
0,72
99,72
184,72
225,72
389,72
425,72
0,73
99,73
183,73
223,73
389,73
426,73
0,74
99,74
183,74
212,74
390,74
429,74
0,75
99,75
182,75
208,75
390,75
431,75
0,76
99,76
181,76
204,76
390,76
433,76
0,77
99,77
180,77
202,77
390,77
435,77
0,78
99,78
180,78
198,78
390,78
437,78
0,79
99,79
180,79
195,79
390,79
440,79
0,80
99,80
179,80
193,80
390,80
444,80
0,81
99,81
179,81
179,81
181,81
191,81
390,81
447,81
0,82
100,82
179,82
184,82
186,82
188,82
390,82
451,82
476,82
479,82
0,83
100,83
180,83
182,83
184,83
187,83
390,83
479,83
0,84
101,84
184,84
186,84
390,84
479,84
0,85
101,85
390,85
479,85
0,86
102,86
390,86
479,86
0,87
103,87
390,87
479,87
0,88
104,88
390,88
479,88
0,89
105,89
390,89
479,89
0,90
104,90
106,90
106,90
390,90
479,90
0,91
107,91
390,91
479,91
0,92
107,92
391,92
479,92
0,93
110,93
391,93
479,93
0,94
108,94
110,94
113,94
391,94
479,94
0,95
107,95
109,95
115,95
391,95
479,95
0,96
117,96
391,96
479,96
0,97
116,97
118,97
118,97
391,97
479,97
0,98
120,98
122,98
122,98
391,98
479,98
0,99
103,99
391,99
479,99
0,100
98,100
100,100
104,100
391,100
479,100
0,101
92,101
391,101
479,101
0,102
92,102
391,102
479,102
0,103
92,103
392,103
479,103
0,104
93,104
392,104
479,104
0,105
95,105
392,105
479,105
0,106
97,106
393,106
479,106
0,107
92,107
95,107
98,107
392,107
479,107
0,108
98,108
396,108
479,108
0,109
93,109
402,109
479,109
0,110
93,110
406,110
479,110
0,111
94,111
413,111
479,111
0,112
91,112
420,112
479,112
0,113
91,113
423,113
479,113
0,114
91,114
427,114
479,114
0,115
91,115
434,115
479,115
0,116
92,116
437,116
479,116
0,117
93,117
95,117
96,117
439,117
439,117
442,117
479,117
0,118
97,118
446,118
446,118
450,118
479,118
0,119
100,119
451,119
479,119
0,120
101,120
456,120
479,120
0,121
102,121
460,121
479,121
0,122
100,122
464,122
479,122
0,123
98,123
468,123
479,123
0,124
97,124
475,124
479,124
0,125
97,125
478,125
479,125
0,126
96,126
0,127
96,127
0,128
97,128
0,129
97,129
107,129
107,129
0,130
99,130
106,130
108,130
0,131
109,131
0,132
110,132
0,133
111,133
0,134
112,134
0,135
112,135
0,136
116,136
0,137
118,137
0,138
121,138
0,139
127,139
133,139
133,139
0,140
133,140
0,141
134,141
0,142
136,142
0,143
138,143
0,144
138,144
0,145
140,145
0,146
141,146
0,147
144,147
0,148
147,148
0,149
150,149
0,150
152,150
0,151
149,151
151,151
155,151
0,152
157,152
161,152
162,152
0,153
164,153
0,154
166,154
171,154
174,154
0,155
168,155
170,155
176,155
0,156
180,156
0,157
183,157
0,158
186,158
0,159
187,159
0,160
187,160
0,161
189,161
0,162
191,162
0,163
195,163
0,164
199,164
0,165
202,165
0,166
198,166
200,166
211,166
0,167
211,167
0,168
209,168
211,168
212,168
0,169
212,169
0,170
212,170
0,171
212,171
214,171
214,171
0,172
212,172
214,172
215,172
0,173
215,173
222,173
222,173
0,174
215,174
222,174
222,174
234,174
238,174
0,175
218,175
223,175
223,175
235,175
242,175
0,176
219,176
223,176
225,176
238,176
241,176
243,176
244,176
0,177
220,177
223,177
226,177
229,177
230,177
238,177
245,177
0,178
233,178
239,178
244,178
246,178
247,178
0,179
248,179
0,180
232,180
234,180
247,180
0,181
247,181
0,182
246,182
0,183
245,183
0,184
245,184
0,185
244,185
0,186
243,186
0,187
242,187
0,188
240,188
0,189
240,189
0,190
239,190
0,191
239,191
0,192
240,192
0,193
241,193
0,194
241,194
0,195
226,195
228,195
239,195
0,196
225,196
227,196
238,196
0,197
237,197
0,198
224,198
228,198
236,198
0,199
223,199
229,199
235,199
0,200
223,200
229,200
234,200
0,201
223,201
230,201
233,201
0,202
224,202
231,202
232,202
0,203
224,203
231,203
231,203
0,204
225,204
0,205
226,205
0,206
226,206
0,207
227,207
0,208
227,208
0,209
225,209
0,210
225,210
0,211
224,211
0,212
223,212
0,213
222,213
0,214
219,214
0,215
218,215
295,215
296,215
0,216
217,216
295,216
296,216
0,217
216,217
293,217
295,217
0,218
216,218
292,218
297,218
0,219
215,219
291,219
295,219
0,220
214,220
288,220
294,220
0,221
213,221
288,221
294,221
0,222
212,222
288,222
293,222
0,223
212,223
288,223
293,223
0,224
211,224
289,224
295,224
0,225
211,225
289,225
295,225
0,226
210,226
289,226
296,226
0,227
210,227
290,227
296,227
0,228
210,228
290,228
297,228
0,229
210,229
290,229
298,229
0,230
210,230
290,230
298,230
0,231
210,231
290,231
299,231
0,232
210,232
290,232
299,232
0,233
210,233
291,233
300,233
0,234
210,234
290,234
301,234
0,235
211,235
290,235
301,235
0,236
211,236
290,236
301,236
0,237
211,237
288,237
302,237
0,238
211,238
287,238
288,238
290,238
302,238
0,239
211,239
287,239
302,239
0,240
211,240
286,240
302,240
0,241
212,241
286,241
302,241
0,242
212,242
284,242
299,242
301,242
301,242
0,243
212,243
286,243
298,243
300,243
301,243
0,244
212,244
287,244
298,244
0,245
213,245
289,245
297,245
0,246
213,246
290,246
297,246
0,247
213,247
290,247
296,247
0,248
214,248
291,248
295,248
0,249
212,249
214,249
215,249
292,249
295,249
0,250
213,250
215,250
216,250
293,250
295,250
0,251
214,251
216,251
217,251
294,251
295,251
0,252
218,252
294,252
295,252
0,253
219,253
295,253
295,253
0,254
219,254
295,254
295,254
0,255
221,255
0,256
222,256
0,257
223,257
0,258
224,258
0,259
225,259
0,260
226,260
0,261
227,261
0,262
229,262
0,263
230,263
0,264
231,264
0,265
232,265
0,266
234,266
0,267
235,267
0,268
239,268
0,269
243,269
0,270
250,270
0,271
258,271
0,272
263,272
0,273
267,273
0,274
269,274
0,275
272,275
0,276
273,276
0,277
273,277
0,278
273,278
458,278
459,278
0,279
273,279
460,279
464,279
0,280
274,280
464,280
466,280
0,281
274,281
466,281
471,281
473,281
473,281
0,282
274,282
467,282
474,282
0,283
274,283
468,283
475,283
478,283
479,283
0,284
274,284
469,284
479,284
0,285
274,285
469,285
479,285
0,286
274,286
475,286
479,286
0,287
274,287
476,287
479,287
0,288
275,288
429,288
429,288
474,288
479,288
0,289
275,289
430,289
431,289
461,289
461,289
472,289
479,289
0,290
275,290
431,290
432,290
470,290
479,290
0,291
275,291
431,291
433,291
463,291
465,291
469,291
479,291
0,292
275,292
432,292
433,292
435,292
435,292
463,292
466,292
468,292
479,292
0,293
275,293
432,293
436,293
464,293
479,293
0,294
275,294
433,294
438,294
464,294
479,294
0,295
276,295
434,295
440,295
464,295
479,295
0,296
276,296
434,296
442,296
466,296
479,296
0,297
276,297
435,297
444,297
467,297
479,297
0,298
276,298
435,298
446,298
468,298
479,298
0,299
276,299
436,299
447,299
470,299
478,299
0,300
276,300
436,300
449,300
471,300
477,300
0,301
275,301
437,301
451,301
472,301
475,301
0,302
275,302
437,302
453,302
0,303
275,303
438,303
454,303
0,304
275,304
438,304
455,304
0,305
275,305
439,305
459,305
0,306
275,306
439,306
459,306
0,307
275,307
440,307
462,307
0,308
275,308
440,308
464,308
0,309
275,309
441,309
464,309
466,309
467,309
0,310
276,310
441,310
466,310
0,311
276,311
442,311
465,311
0,312
277,312
443,312
464,312
0,313
277,313
443,313
464,313
0,314
277,314
444,314
464,314
0,315
277,315
444,315
464,315
0,316
277,316
445,316
464,316
0,317
277,317
445,317
463,317
0,318
277,318
446,318
463,318
0,319
277,319
446,319
463,319
0,320
278,320
446,320
463,320
0,321
278,321
447,321
463,321
0,322
278,322
447,322
463,322
0,323
278,323
448,323
463,323
0,324
278,324
448,324
463,324
0,325
278,325
448,325
463,325
0,326
278,326
449,326
463,326
0,327
278,327
449,327
463,327
0,328
278,328
450,328
463,328
0,329
278,329
451,329
463,329
0,330
278,330
451,330
463,330
0,331
278,331
451,331
463,331
0,332
278,332
451,332
463,332
0,333
278,333
452,333
463,333
0,334
278,334
453,334
463,334
0,335
278,335
455,335
463,335
0,336
278,336
455,336
463,336
0,337
278,337
455,337
463,337
0,338
278,338
455,338
463,338
0,339
278,339
455,339
463,339
0,340
278,340
455,340
463,340
0,341
278,341
455,341
463,341
0,342
278,342
456,342
463,342
0,343
278,343
456,343
463,343
0,344
278,344
457,344
463,344
0,345
278,345
457,345
463,345
0,346
278,346
458,346
463,346
0,347
278,347
458,347
463,347
0,348
278,348
459,348
463,348
0,349
279,349
459,349
463,349
0,350
279,350
459,350
463,350
0,351
279,351
460,351
463,351
0,352
279,352
459,352
463,352
0,353
279,353
460,353
463,353
0,354
279,354
461,354
463,354
0,355
280,355
462,355
463,355
0,356
280,356
463,356
463,356
0,357
281,357
461,357
463,357
0,358
281,358
0,359
281,359
