0,0
479,0
0,1
479,1
0,2
479,2
0,3
479,3
0,4
479,4
0,5
479,5
0,6
479,6
0,7
479,7
0,8
479,8
0,9
479,9
0,10
479,10
0,11
479,11
0,12
479,12
0,13
479,13
0,14
479,14
0,15
479,15
0,16
479,16
0,17
479,17
0,18
291,18
294,18
479,18
0,19
479,19
0,20
479,20
0,21
479,21
0,22
479,22
0,23
479,23
0,24
479,24
0,25
479,25
0,26
60,26
63,26
479,26
0,27
60,27
64,27
479,27
0,28
60,28
66,28
479,28
0,29
479,29
0,30
479,30
0,31
479,31
0,32
479,32
0,33
479,33
0,34
479,34
0,35
479,35
0,36
479,36
0,37
479,37
0,38
479,38
0,39
479,39
0,40
479,40
0,41
479,41
0,42
479,42
0,43
479,43
0,44
479,44
0,45
479,45
0,46
479,46
0,47
479,47
0,48
479,48
0,49
479,49
0,50
479,50
0,51
479,51
0,52
479,52
0,53
189,53
191,53
479,53
0,54
190,54
195,54
479,54
0,55
190,55
195,55
479,55
0,56
187,56
195,56
280,56
297,56
297,56
299,56
299,56
304,56
371,56
374,56
479,56
0,57
188,57
195,57
275,57
308,57
371,57
375,57
479,57
0,58
187,58
196,58
270,58
316,58
370,58
375,58
479,58
0,59
187,59
197,59
266,59
317,59
370,59
375,59
479,59
0,60
186,60
197,60
262,60
320,60
371,60
374,60
479,60
0,61
183,61
196,61
262,61
321,61
479,61
0,62
183,62
196,62
260,62
324,62
479,62
0,63
175,63
179,63
185,63
197,63
259,63
325,63
479,63
0,64
185,64
197,64
198,64
200,64
202,64
216,64
257,64
328,64
479,64
0,65
185,65
197,65
198,65
223,65
256,65
329,65
479,65
0,66
185,66
226,66
255,66
330,66
411,66
415,66
479,66
0,67
169,67
172,67
185,67
228,67
254,67
331,67
410,67
415,67
479,67
0,68
169,68
173,68
185,68
228,68
252,68
333,68
409,68
415,68
479,68
0,69
169,69
174,69
186,69
228,69
251,69
335,69
410,69
415,69
479,69
0,70
169,70
174,70
186,70
228,70
250,70
335,70
411,70
414,70
479,70
0,71
170,71
174,71
187,71
228,71
249,71
336,71
479,71
0,72
55,72
60,72
171,72
173,72
187,72
228,72
235,72
240,72
249,72
337,72
479,72
0,73
55,73
61,73
153,73
156,73
187,73
228,73
235,73
240,73
248,73
338,73
479,73
0,74
56,74
62,74
153,74
157,74
187,74
227,74
247,74
340,74
479,74
0,75
57,75
62,75
153,75
156,75
187,75
226,75
246,75
340,75
479,75
0,76
187,76
226,76
245,76
341,76
479,76
0,77
187,77
226,77
245,77
343,77
479,77
0,78
187,78
224,78
244,78
345,78
479,78
0,79
187,79
223,79
243,79
346,79
479,79
0,80
187,80
223,80
242,80
347,80
479,80
0,81
188,81
222,81
242,81
350,81
479,81
0,82
188,82
221,82
241,82
351,82
479,82
0,83
189,83
220,83
240,83
352,83
479,83
0,84
189,84
219,84
239,84
354,84
479,84
0,85
170,85
174,85
191,85
219,85
228,85
230,85
239,85
354,85
479,85
0,86
192,86
218,86
238,86
356,86
479,86
0,87
102,87
106,87
166,87
175,87
193,87
218,87
218,87
220,87
223,87
357,87
479,87
0,88
101,88
107,88
167,88
178,88
195,88
218,88
218,88
220,88
220,88
358,88
479,88
0,89
101,89
107,89
167,89
183,89
196,89
218,89
218,89
360,89
479,89
0,90
102,90
106,90
168,90
190,90
194,90
198,90
199,90
318,90
324,90
326,90
327,90
362,90
479,90
0,91
170,91
197,91
200,91
317,91
329,91
364,91
479,91
0,92
166,92
317,92
331,92
364,92
479,92
0,93
164,93
317,93
333,93
366,93
479,93
0,94
165,94
317,94
334,94
367,94
479,94
0,95
166,95
317,95
337,95
369,95
479,95
0,96
166,96
317,96
338,96
373,96
479,96
0,97
167,97
317,97
340,97
373,97
479,97
0,98
169,98
317,98
341,98
373,98
479,98
0,99
167,99
317,99
343,99
375,99
479,99
0,100
166,100
317,100
345,100
376,100
479,100
0,101
166,101
318,101
347,101
376,101
479,101
0,102
169,102
318,102
350,102
376,102
479,102
0,103
170,103
318,103
348,103
350,103
354,103
372,103
479,103
0,104
170,104
317,104
479,104
0,105
171,105
317,105
479,105
0,106
172,106
317,106
479,106
0,107
173,107
317,107
479,107
0,108
175,108
317,108
479,108
0,109
181,109
317,109
479,109
0,110
180,110
317,110
479,110
0,111
180,111
317,111
479,111
0,112
182,112
317,112
322,112
325,112
479,112
0,113
182,113
317,113
479,113
0,114
184,114
321,114
479,114
0,115
184,115
325,115
479,115
0,116
186,116
329,116
330,116
333,116
479,116
0,117
188,117
333,117
479,117
0,118
189,118
338,118
479,118
0,119
192,119
340,119
479,119
0,120
192,120
344,120
401,120
406,120
479,120
0,121
196,121
347,121
401,121
407,121
479,121
0,122
193,122
195,122
198,122
201,122
201,122
351,122
401,122
406,122
479,122
0,123
202,123
354,123
403,123
406,123
479,123
0,124
204,124
356,124
479,124
0,125
206,125
359,125
479,125
0,126
208,126
361,126
479,126
0,127
209,127
364,127
479,127
0,128
210,128
364,128
479,128
0,129
211,129
366,129
479,129
0,130
213,130
368,130
479,130
0,131
216,131
370,131
479,131
0,132
220,132
371,132
479,132
0,133
219,133
221,133
221,133
372,133
479,133
0,134
219,134
221,134
221,134
374,134
479,134
0,135
221,135
375,135
479,135
0,136
221,136
375,136
479,136
0,137
222,137
224,137
224,137
377,137
479,137
0,138
224,138
378,138
479,138
0,139
225,139
228,139
228,139
236,139
236,139
379,139
479,139
0,140
225,140
227,140
231,140
236,140
237,140
380,140
479,140
0,141
233,141
236,141
237,141
239,141
239,141
382,141
479,141
0,142
183,142
188,142
234,142
236,142
239,142
382,142
479,142
0,143
183,143
189,143
233,143
237,143
238,143
382,143
479,143
0,144
183,144
188,144
231,144
382,144
479,144
0,145
184,145
188,145
233,145
383,145
479,145
0,146
233,146
383,146
479,146
0,147
235,147
382,147
479,147
0,148
235,148
382,148
479,148
0,149
237,149
377,149
378,149
382,149
479,149
0,150
23,150
29,150
237,150
379,150
479,150
0,151
23,151
29,151
240,151
379,151
479,151
0,152
237,152
241,152
241,152
377,152
479,152
0,153
239,153
241,153
241,153
377,153
479,153
0,154
231,154
238,154
242,154
376,154
479,154
0,155
228,155
240,155
242,155
375,155
375,155
378,155
479,155
0,156
62,156
64,156
223,156
225,156
227,156
242,156
243,156
375,156
479,156
0,157
60,157
66,157
218,157
222,157
225,157
243,157
244,157
378,157
479,157
0,158
60,158
67,158
218,158
222,158
225,158
244,158
246,158
381,158
479,158
0,159
60,159
66,159
218,159
223,159
224,159
245,159
247,159
384,159
479,159
0,160
219,160
223,160
223,160
246,160
247,160
389,160
399,160
401,160
479,160
0,161
219,161
247,161
248,161
395,161
397,161
401,161
479,161
0,162
219,162
247,162
249,162
263,162
263,162
402,162
479,162
0,163
220,163
248,163
249,163
262,163
263,163
404,163
479,163
0,164
217,164
249,164
250,164
261,164
263,164
403,164
479,164
0,165
216,165
249,165
251,165
260,165
262,165
405,165
479,165
0,166
215,166
249,166
250,166
252,166
256,166
258,166
262,166
406,166
479,166
0,167
214,167
250,167
263,167
411,167
479,167
0,168
214,168
251,168
263,168
412,168
479,168
0,169
213,169
251,169
264,169
412,169
479,169
0,170
212,170
251,170
264,170
412,170
413,170
416,170
479,170
0,171
211,171
252,171
265,171
416,171
479,171
0,172
211,172
252,172
266,172
415,172
479,172
0,173
211,173
252,173
266,173
411,173
479,173
0,174
211,174
252,174
267,174
414,174
479,174
0,175
211,175
253,175
267,175
416,175
479,175
0,176
211,176
253,176
265,176
419,176
479,176
0,177
211,177
253,177
264,177
266,177
267,177
421,177
479,177
0,178
211,178
252,178
266,178
423,178
479,178
0,179
212,179
252,179
265,179
410,179
412,179
414,179
414,179
417,179
417,179
423,179
479,179
0,180
212,180
251,180
264,180
412,180
479,180
0,181
212,181
250,181
264,181
413,181
479,181
0,182
212,182
251,182
264,182
416,182
479,182
0,183
212,183
252,183
264,183
416,183
479,183
0,184
212,184
253,184
263,184
410,184
411,184
418,184
479,184
0,185
214,185
253,185
264,185
400,185
400,185
412,185
412,185
419,185
479,185
0,186
214,186
255,186
264,186
402,186
402,186
413,186
414,186
419,186
479,186
0,187
215,187
255,187
264,187
404,187
404,187
414,187
417,187
419,187
479,187
0,188
216,188
256,188
256,188
259,188
262,188
405,188
406,188
416,188
479,188
0,189
218,189
257,189
257,189
259,189
262,189
406,189
409,189
418,189
479,189
0,190
218,190
256,190
260,190
409,190
412,190
418,190
479,190
0,191
219,191
257,191
259,191
410,191
413,191
419,191
479,191
0,192
221,192
257,192
258,192
411,192
414,192
420,192
479,192
0,193
222,193
413,193
479,193
0,194
223,194
416,194
479,194
0,195
227,195
399,195
401,195
416,195
479,195
0,196
232,196
402,196
405,196
418,196
479,196
0,197
0,197
7,197
241,197
374,197
375,197
403,197
407,197
419,197
479,197
0,198
0,198
7,198
241,198
376,198
378,198
386,198
387,198
404,198
407,198
412,198
412,198
420,198
479,198
0,199
241,199
378,199
382,199
386,199
389,199
395,199
396,199
405,199
412,199
414,199
414,199
416,199
416,199
420,199
479,199
0,200
241,200
381,200
391,200
397,200
399,200
407,200
479,200
0,201
241,201
382,201
393,201
395,201
395,201
398,201
399,201
401,201
401,201
407,201
479,201
0,202
241,202
368,202
368,202
385,202
395,202
398,202
405,202
407,202
479,202
0,203
242,203
369,203
373,203
386,203
479,203
0,204
242,204
370,204
374,204
387,204
479,204
0,205
242,205
353,205
354,205
371,205
479,205
0,206
242,206
335,206
335,206
342,206
342,206
355,206
356,206
373,206
479,206
0,207
242,207
336,207
336,207
343,207
344,207
356,207
358,207
374,207
379,207
384,207
479,207
0,208
242,208
336,208
337,208
345,208
345,208
357,208
360,208
375,208
479,208
0,209
84,209
88,209
242,209
336,209
339,209
346,209
347,209
359,209
361,209
375,209
479,209
0,210
83,210
89,210
242,210
336,210
341,210
347,210
347,210
349,210
351,210
361,210
365,210
375,210
479,210
0,211
82,211
89,211
242,211
338,211
343,211
347,211
354,211
363,211
363,211
376,211
378,211
380,211
479,211
0,212
83,212
87,212
243,212
339,212
344,212
347,212
355,212
375,212
389,212
401,212
479,212
0,213
242,213
339,213
347,213
350,213
356,213
378,213
382,213
402,213
479,213
0,214
242,214
339,214
355,214
377,214
377,214
402,214
479,214
0,215
242,215
339,215
339,215
342,215
355,215
404,215
479,215
0,216
243,216
342,216
353,216
406,216
479,216
0,217
243,217
340,217
352,217
408,217
479,217
0,218
243,218
341,218
352,218
408,218
479,218
0,219
243,219
341,219
351,219
408,219
479,219
0,220
243,220
342,220
351,220
408,220
479,220
0,221
243,221
342,221
350,221
408,221
479,221
0,222
133,222
135,222
135,222
140,222
243,222
343,222
350,222
408,222
479,222
0,223
133,223
140,223
243,223
343,223
350,223
408,223
479,223
0,224
134,224
139,224
243,224
343,224
349,224
408,224
479,224
0,225
133,225
139,225
243,225
343,225
349,225
408,225
479,225
0,226
134,226
138,226
244,226
344,226
349,226
409,226
479,226
0,227
135,227
137,227
244,227
344,227
349,227
409,227
479,227
0,228
244,228
344,228
348,228
409,228
479,228
0,229
244,229
345,229
348,229
409,229
479,229
0,230
244,230
345,230
348,230
409,230
479,230
0,231
244,231
345,231
348,231
409,231
479,231
0,232
244,232
345,232
348,232
409,232
479,232
0,233
244,233
347,233
347,233
409,233
479,233
0,234
154,234
158,234
244,234
409,234
479,234
0,235
153,235
159,235
244,235
409,235
479,235
0,236
153,236
159,236
244,236
409,236
479,236
0,237
153,237
157,237
244,237
409,237
479,237
0,238
244,238
409,238
479,238
0,239
36,239
42,239
244,239
409,239
479,239
0,240
34,240
41,240
244,240
409,240
479,240
0,241
35,241
41,241
244,241
279,241
279,241
409,241
479,241
0,242
84,242
89,242
244,242
279,242
279,242
409,242
479,242
0,243
83,243
89,243
245,243
278,243
279,243
409,243
479,243
0,244
83,244
89,244
245,244
278,244
281,244
409,244
479,244
0,245
83,245
89,245
245,245
278,245
281,245
409,245
479,245
0,246
245,246
278,246
281,246
409,246
479,246
0,247
246,247
278,247
284,247
409,247
479,247
0,248
247,248
277,248
284,248
409,248
479,248
0,249
248,249
277,249
285,249
409,249
479,249
0,250
248,250
277,250
285,250
409,250
479,250
0,251
251,251
253,251
253,251
277,251
286,251
409,251
479,251
0,252
252,252
277,252
287,252
409,252
479,252
0,253
251,253
276,253
287,253
409,253
479,253
0,254
251,254
276,254
288,254
409,254
479,254
0,255
250,255
275,255
289,255
409,255
479,255
0,256
249,256
275,256
290,256
409,256
479,256
0,257
229,257
232,257
239,257
242,257
248,257
275,257
290,257
408,257
479,257
0,258
227,258
232,258
239,258
242,258
248,258
274,258
291,258
409,258
479,258
0,259
227,259
233,259
239,259
241,259
247,259
274,259
291,259
414,259
479,259
0,260
228,260
232,260
246,260
274,260
292,260
418,260
479,260
0,261
246,261
274,261
293,261
422,261
479,261
0,262
245,262
272,262
293,262
426,262
479,262
0,263
244,263
272,263
293,263
432,263
479,263
0,264
244,264
272,264
294,264
437,264
479,264
0,265
243,265
272,265
294,265
441,265
479,265
0,266
243,266
272,266
295,266
448,266
479,266
0,267
242,267
271,267
295,267
455,267
479,267
0,268
242,268
270,268
294,268
462,268
467,268
471,268
479,268
0,269
241,269
270,269
294,269
469,269
479,269
0,270
241,270
269,270
293,270
476,270
479,270
0,271
240,271
269,271
293,271
478,271
479,271
0,272
240,272
268,272
292,272
0,273
239,273
268,273
292,273
0,274
239,274
267,274
269,274
272,274
291,274
0,275
238,275
267,275
269,275
272,275
291,275
0,276
238,276
265,276
269,276
272,276
290,276
0,277
237,277
265,277
269,277
272,277
289,277
0,278
237,278
264,278
288,278
0,279
236,279
264,279
287,279
0,280
235,280
263,280
287,280
403,280
403,280
0,281
234,281
261,281
285,281
404,281
406,281
0,282
234,282
261,282
284,282
403,282
410,282
0,283
233,283
260,283
283,283
402,283
412,283
0,284
233,284
260,284
282,284
400,284
414,284
0,285
232,285
259,285
281,285
400,285
419,285
0,286
231,286
258,286
279,286
402,286
421,286
0,287
230,287
258,287
278,287
404,287
426,287
0,288
230,288
256,288
275,288
277,288
278,288
407,288
431,288
0,289
229,289
256,289
277,289
412,289
437,289
0,290
228,290
255,290
275,290
415,290
441,290
0,291
227,291
254,291
274,291
417,291
433,291
437,291
445,291
0,292
15,292
18,292
227,292
253,292
272,292
425,292
449,292
6,293
13,293
19,293
52,293
56,293
74,293
77,293
176,293
180,293
226,293
253,293
271,293
430,293
445,293
25,294
52,294
58,294
71,294
78,294
175,294
180,294
225,294
251,294
269,294
435,294
443,294
27,295
51,295
59,295
70,295
79,295
175,295
180,295
224,295
251,295
269,295
436,295
440,295
31,296
31,296
34,296
52,296
58,296
72,296
74,296
74,296
78,296
175,296
179,296
223,296
251,296
267,296
43,297
51,297
58,297
72,297
74,297
74,297
77,297
222,297
250,297
266,297
55,298
222,298
250,298
264,298
58,299
221,299
249,299
263,299
71,300
220,300
248,300
249,300
254,300
261,300
80,301
91,301
96,301
219,301
247,301
249,301
254,301
260,301
90,302
217,302
247,302
259,302
99,303
216,303
246,303
257,303
109,304
115,304
117,304
216,304
245,304
256,304
121,305
215,305
244,305
254,305
130,306
214,306
244,306
253,306
142,307
213,307
246,307
252,307
157,308
212,308
244,308
250,308
169,309
212,309
244,309
245,309
247,309
247,309
185,310
186,310
189,310
189,310
191,310
211,310
192,311
210,311
0,330
5,330
0,331
5,331
0,332
7,332
0,333
7,333
0,334
7,334
0,335
7,335
0,336
5,336
0,337
5,337
0,338
5,338
38,338
38,338
112,338
115,338
0,339
5,339
37,339
39,339
113,339
120,339
0,340
5,340
36,340
46,340
117,340
144,340
0,341
5,341
36,341
50,341
120,341
162,341
0,342
5,342
34,342
52,342
123,342
183,342
0,343
5,343
34,343
54,343
123,343
188,343
191,343
197,343
0,344
5,344
32,344
56,344
124,344
207,344
216,344
216,344
0,345
5,345
33,345
59,345
124,345
216,345
222,345
223,345
230,345
235,345
0,346
6,346
29,346
61,346
123,346
217,346
222,346
223,346
228,346
239,346
0,347
6,347
28,347
30,347
32,347
62,347
122,347
217,347
222,347
240,347
0,348
7,348
27,348
67,348
122,348
240,348
0,349
9,349
26,349
68,349
122,349
122,349
124,349
239,349
0,350
11,350
26,350
69,350
122,350
122,350
124,350
239,350
0,351
13,351
26,351
70,351
122,351
239,351
0,352
15,352
25,352
73,352
121,352
235,352
237,352
239,352
0,353
18,353
24,353
75,353
121,353
237,353
0,354
76,354
120,354
238,354
0,355
78,355
122,355
237,355
0,356
80,356
124,356
126,356
128,356
238,356
0,357
82,357
126,357
238,357
0,358
84,358
128,358
238,358
0,359
85,359
129,359
238,359
