0,0
479,0
0,1
479,1
0,2
479,2
0,3
479,3
0,4
479,4
0,5
479,5
0,6
479,6
0,7
479,7
0,8
479,8
0,9
479,9
0,10
479,10
0,11
479,11
0,12
479,12
0,13
479,13
0,14
479,14
0,15
479,15
0,16
479,16
0,17
479,17
0,18
479,18
0,19
479,19
0,20
474,20
478,20
479,20
0,21
472,21
478,21
479,21
0,22
471,22
477,22
479,22
0,23
472,23
477,23
479,23
0,24
479,24
0,25
479,25
0,26
479,26
0,27
479,27
0,28
30,28
32,28
479,28
0,29
29,29
35,29
479,29
0,30
30,30
36,30
479,30
0,31
30,31
36,31
479,31
0,32
429,32
432,32
479,32
0,33
428,33
432,33
479,33
0,34
428,34
432,34
479,34
0,35
479,35
0,36
479,36
0,37
479,37
0,38
479,38
0,39
479,39
0,40
479,40
0,41
479,41
0,42
479,42
0,43
479,43
0,44
479,44
0,45
479,45
0,46
479,46
0,47
479,47
0,48
141,48
143,48
479,48
0,49
140,49
145,49
402,49
405,49
479,49
0,50
141,50
146,50
401,50
405,50
479,50
0,51
141,51
146,51
266,51
268,51
400,51
405,51
479,51
0,52
141,52
145,52
266,52
268,52
400,52
405,52
479,52
0,53
479,53
0,54
479,54
0,55
158,55
161,55
326,55
329,55
479,55
0,56
158,56
161,56
325,56
330,56
479,56
0,57
325,57
329,57
479,57
0,58
285,58
288,58
325,58
329,58
479,58
0,59
284,59
288,59
326,59
328,59
479,59
0,60
284,60
288,60
479,60
0,61
284,61
288,61
479,61
0,62
479,62
0,63
479,63
0,64
479,64
0,65
479,65
0,66
119,66
122,66
479,66
0,67
119,67
124,67
445,67
448,67
479,67
0,68
119,68
126,68
443,68
449,68
479,68
0,69
121,69
124,69
124,69
127,69
443,69
449,69
479,69
0,70
125,70
127,70
443,70
448,70
453,70
459,70
479,70
0,71
444,71
447,71
452,71
459,71
479,71
0,72
452,72
458,72
479,72
0,73
452,73
457,73
479,73
0,74
479,74
0,75
215,75
220,75
479,75
0,76
213,76
221,76
479,76
0,77
212,77
221,77
253,77
269,77
479,77
0,78
211,78
222,78
222,78
224,78
251,78
273,78
479,78
0,79
210,79
230,79
248,79
276,79
479,79
0,80
206,80
208,80
209,80
231,80
247,80
278,80
479,80
0,81
208,81
232,81
243,81
245,81
246,81
280,81
479,81
0,82
207,82
232,82
244,82
282,82
479,82
0,83
207,83
231,83
243,83
283,83
479,83
0,84
207,84
231,84
242,84
284,84
479,84
0,85
207,85
230,85
242,85
286,85
479,85
0,86
208,86
230,86
241,86
287,86
479,86
0,87
209,87
229,87
235,87
237,87
240,87
288,87
479,87
0,88
208,88
229,88
235,88
238,88
239,88
289,88
343,88
346,88
479,88
0,89
206,89
229,89
236,89
238,89
239,89
291,89
342,89
346,89
479,89
0,90
206,90
229,90
229,90
292,90
342,90
346,90
479,90
0,91
205,91
294,91
479,91
0,92
205,92
297,92
479,92
0,93
205,93
298,93
479,93
0,94
49,94
54,94
205,94
276,94
280,94
300,94
479,94
0,95
49,95
55,95
205,95
276,95
282,95
303,95
370,95
374,95
479,95
0,96
40,96
45,96
49,96
55,96
196,96
200,96
206,96
276,96
284,96
303,96
370,96
375,96
479,96
0,97
40,97
46,97
196,97
201,97
207,97
277,97
278,97
280,97
286,97
302,97
369,97
374,97
479,97
0,98
9,98
15,98
41,98
46,98
197,98
201,98
207,98
275,98
278,98
280,98
289,98
301,98
472,98
475,98
479,98
0,99
9,99
16,99
116,99
120,99
185,99
188,99
209,99
275,99
277,99
280,99
471,99
475,99
479,99
0,100
9,100
16,100
116,100
121,100
185,100
188,100
211,100
275,100
278,100
280,100
471,100
475,100
479,100
0,101
9,101
12,101
116,101
121,101
185,101
188,101
209,101
211,101
211,101
275,101
282,101
285,101
479,101
0,102
118,102
121,102
210,102
212,102
212,102
275,102
282,102
286,102
479,102
0,103
4,103
8,103
211,103
213,103
213,103
274,103
282,103
286,103
479,103
0,104
3,104
8,104
214,104
274,104
282,104
285,104
479,104
0,105
3,105
8,105
217,105
276,105
479,105
0,106
5,106
8,106
219,106
279,106
479,106
0,107
216,107
219,107
221,107
283,107
479,107
0,108
222,108
286,108
479,108
0,109
148,109
152,109
224,109
289,109
479,109
0,110
148,110
152,110
226,110
292,110
479,110
0,111
148,111
152,111
227,111
294,111
479,111
0,112
148,112
152,112
230,112
295,112
479,112
0,113
149,113
152,113
228,113
231,113
231,113
298,113
479,113
0,114
232,114
299,114
479,114
0,115
237,115
299,115
479,115
0,116
231,116
233,116
237,116
300,116
479,116
0,117
236,117
301,117
479,117
0,118
236,118
301,118
479,118
0,119
233,119
235,119
237,119
302,119
479,119
0,120
236,120
238,120
238,120
301,120
301,120
303,120
479,120
0,121
226,121
229,121
230,121
236,121
239,121
301,121
479,121
0,122
225,122
229,122
229,122
238,122
239,122
300,122
479,122
0,123
225,123
239,123
240,123
300,123
479,123
0,124
226,124
239,124
241,124
303,124
303,124
305,124
479,124
0,125
224,125
241,125
241,125
309,125
479,125
0,126
223,126
241,126
242,126
247,126
248,126
310,126
479,126
0,127
222,127
241,127
248,127
315,127
479,127
0,128
220,128
222,128
222,128
241,128
242,128
244,128
246,128
248,128
249,128
315,128
479,128
0,129
222,129
241,129
242,129
245,129
247,129
249,129
249,129
316,129
479,129
0,130
222,130
241,130
248,130
250,130
250,130
319,130
479,130
0,131
222,131
241,131
250,131
320,131
479,131
0,132
222,132
241,132
250,132
320,132
479,132
0,133
222,133
240,133
247,133
249,133
249,133
320,133
479,133
0,134
223,134
241,134
242,134
244,134
249,134
318,134
364,134
368,134
479,134
0,135
224,135
242,135
246,135
248,135
249,135
319,135
364,135
368,135
479,135
0,136
224,136
243,136
244,136
246,136
248,136
320,136
364,136
368,136
479,136
0,137
226,137
243,137
246,137
320,137
479,137
0,138
227,138
244,138
245,138
319,138
479,138
0,139
229,139
244,139
245,139
319,139
479,139
0,140
234,140
314,140
479,140
0,141
235,141
245,141
245,141
314,141
479,141
0,142
235,142
245,142
245,142
313,142
479,142
0,143
235,143
303,143
304,143
309,143
479,143
0,144
236,144
306,144
479,144
0,145
236,145
301,145
479,145
0,146
236,146
299,146
301,146
306,146
479,146
0,147
236,147
307,147
479,147
0,148
236,148
283,148
284,148
308,148
479,148
0,149
207,149
210,149
237,149
283,149
285,149
292,149
293,149
308,149
479,149
0,150
207,150
211,150
235,150
237,150
237,150
283,150
287,150
290,150
292,150
308,150
479,150
0,151
207,151
211,151
235,151
237,151
237,151
284,151
290,151
308,151
479,151
0,152
237,152
284,152
289,152
309,152
479,152
0,153
237,153
284,153
288,153
309,153
479,153
0,154
238,154
285,154
288,154
309,154
479,154
0,155
8,155
13,155
93,155
97,155
238,155
285,155
287,155
310,155
429,155
433,155
479,155
0,156
7,156
14,156
93,156
97,156
238,156
285,156
287,156
309,156
428,156
433,156
479,156
0,157
8,157
14,157
238,157
286,157
286,157
309,157
428,157
433,157
479,157
0,158
239,158
309,158
479,158
0,159
239,159
309,159
479,159
0,160
118,160
123,160
239,160
309,160
479,160
0,161
118,161
124,161
239,161
309,161
479,161
0,162
118,162
124,162
240,162
309,162
479,162
0,163
241,163
255,163
255,163
310,163
479,163
0,164
243,164
255,164
255,164
310,164
479,164
0,165
242,165
254,165
257,165
310,165
479,165
0,166
242,166
254,166
258,166
310,166
479,166
0,167
242,167
254,167
258,167
309,167
479,167
0,168
241,168
253,168
259,168
312,168
479,168
0,169
240,169
253,169
259,169
316,169
479,169
0,170
239,170
253,170
259,170
322,170
479,170
0,171
238,171
252,171
258,171
260,171
260,171
331,171
479,171
0,172
238,172
252,172
258,172
261,172
261,172
342,172
479,172
0,173
238,173
251,173
259,173
261,173
262,173
345,173
479,173
0,174
237,174
251,174
261,174
347,174
479,174
0,175
236,175
250,175
258,175
260,175
261,175
348,175
479,175
0,176
236,176
249,176
260,176
348,176
479,176
0,177
236,177
249,177
259,177
347,177
479,177
0,178
235,178
248,178
259,178
306,178
307,178
330,178
330,178
348,178
372,178
376,178
377,178
385,178
479,178
0,179
234,179
247,179
258,179
304,179
306,179
308,179
310,179
331,179
331,179
334,179
339,179
348,179
366,179
398,179
403,179
406,179
479,179
0,180
234,180
247,180
257,180
306,180
311,180
336,180
343,180
345,180
359,180
403,180
479,180
0,181
233,181
246,181
254,181
308,181
314,181
341,181
350,181
352,181
352,181
407,181
479,181
0,182
232,182
245,182
254,182
311,182
318,182
344,182
345,182
408,182
479,182
0,183
232,183
245,183
253,183
312,183
320,183
409,183
479,183
0,184
110,184
124,184
231,184
245,184
251,184
315,184
325,184
410,184
479,184
0,185
108,185
139,185
230,185
243,185
250,185
324,185
329,185
412,185
479,185
0,186
107,186
142,186
227,186
229,186
230,186
242,186
248,186
415,186
479,186
0,187
106,187
151,187
151,187
154,187
226,187
228,187
229,187
241,187
247,187
415,187
479,187
0,188
78,188
81,188
106,188
163,188
228,188
241,188
245,188
414,188
479,188
0,189
76,189
81,189
107,189
171,189
227,189
241,189
244,189
414,189
479,189
0,190
77,190
81,190
107,190
180,190
226,190
241,190
242,190
413,190
479,190
0,191
107,191
193,191
225,191
412,191
479,191
0,192
108,192
209,192
224,192
413,192
479,192
0,193
108,193
223,193
223,193
415,193
479,193
0,194
109,194
417,194
420,194
423,194
479,194
0,195
110,195
423,195
479,195
0,196
111,196
424,196
479,196
0,197
112,197
425,197
479,197
0,198
115,198
425,198
425,198
427,198
479,198
0,199
120,199
427,199
479,199
0,200
132,200
428,200
479,200
0,201
133,201
427,201
479,201
0,202
132,202
432,202
479,202
0,203
133,203
432,203
479,203
0,204
133,204
176,204
180,204
182,204
183,204
434,204
479,204
0,205
134,205
147,205
150,205
180,205
182,205
184,205
200,205
434,205
479,205
0,206
10,206
12,206
134,206
146,206
153,206
185,206
217,206
219,206
220,206
431,206
479,206
0,207
134,207
145,207
146,207
148,207
156,207
186,207
226,207
233,207
233,207
429,207
479,207
0,208
135,208
144,208
159,208
186,208
227,208
229,208
230,208
232,208
235,208
430,208
479,208
0,209
138,209
142,209
160,209
185,209
236,209
429,209
479,209
0,210
139,210
141,210
163,210
184,210
236,210
428,210
479,210
0,211
19,211
24,211
165,211
185,211
235,211
430,211
479,211
0,212
18,212
23,212
167,212
189,212
235,212
432,212
479,212
0,213
18,213
23,213
169,213
189,213
235,213
432,213
479,213
0,214
172,214
191,214
191,214
193,214
235,214
431,214
479,214
0,215
173,215
193,215
194,215
196,215
236,215
432,215
479,215
0,216
175,216
194,216
233,216
235,216
236,216
432,216
479,216
0,217
177,217
196,217
237,217
431,217
479,217
0,218
179,218
197,218
238,218
269,218
272,218
431,218
479,218
0,219
101,219
106,219
181,219
197,219
197,219
199,219
239,219
262,219
273,219
278,219
279,219
304,219
306,219
313,219
313,219
315,219
325,219
431,219
479,219
0,220
100,220
106,220
182,220
197,220
197,220
199,220
243,220
251,220
276,220
278,220
278,220
304,220
327,220
431,220
479,220
0,221
18,221
23,221
100,221
105,221
135,221
140,221
185,221
196,221
276,221
278,221
278,221
304,221
329,221
431,221
479,221
0,222
17,222
22,222
135,222
140,222
187,222
195,222
278,222
305,222
332,222
431,222
479,222
0,223
17,223
22,223
135,223
140,223
189,223
194,223
279,223
305,223
334,223
336,223
336,223
431,223
479,223
0,224
135,224
139,224
191,224
195,224
279,224
305,224
340,224
432,224
479,224
0,225
279,225
305,225
344,225
427,225
428,225
430,225
431,225
437,225
479,225
0,226
279,226
306,226
349,226
415,226
415,226
430,226
431,226
437,226
479,226
0,227
279,227
306,227
356,227
416,227
417,227
430,227
433,227
435,227
479,227
0,228
279,228
306,228
365,228
417,228
420,228
425,228
426,228
429,228
479,228
0,229
279,229
306,229
367,229
416,229
423,229
425,229
479,229
0,230
279,230
306,230
370,230
372,230
374,230
412,230
479,230
0,231
279,231
292,231
292,231
307,231
376,231
379,231
379,231
412,231
479,231
0,232
279,232
292,232
292,232
307,232
381,232
411,232
479,232
0,233
239,233
243,233
280,233
292,233
292,233
307,233
382,233
389,233
389,233
412,233
479,233
0,234
239,234
243,234
280,234
291,234
293,234
307,234
384,234
390,234
390,234
413,234
479,234
0,235
239,235
243,235
280,235
291,235
294,235
306,235
386,235
391,235
392,235
406,235
406,235
408,235
479,235
0,236
280,236
290,236
295,236
306,236
387,236
392,236
393,236
395,236
395,236
406,236
479,236
0,237
281,237
290,237
296,237
304,237
388,237
394,237
397,237
408,237
479,237
0,238
283,238
289,238
297,238
304,238
390,238
395,238
395,238
397,238
398,238
401,238
402,238
410,238
479,238
0,239
286,239
288,239
300,239
302,239
391,239
396,239
403,239
410,239
479,239
0,240
392,240
397,240
407,240
411,240
479,240
0,241
394,241
398,241
479,241
0,242
395,242
398,242
471,242
476,242
479,242
0,243
471,243
477,243
479,243
0,244
471,244
477,244
479,244
0,245
269,245
272,245
336,245
339,245
472,245
475,245
479,245
0,246
268,246
272,246
336,246
339,246
479,246
0,247
268,247
272,247
479,247
0,248
269,248
271,248
479,248
0,249
479,249
0,250
479,250
0,251
479,251
0,252
479,252
0,253
479,253
0,254
479,254
0,255
479,255
0,256
479,256
0,257
112,257
117,257
479,257
0,258
112,258
117,258
127,258
131,258
202,258
205,258
479,258
0,259
112,259
117,259
127,259
131,259
201,259
206,259
296,259
298,259
479,259
0,260
112,260
116,260
126,260
131,260
200,260
205,260
295,260
299,260
479,260
0,261
126,261
131,261
201,261
205,261
296,261
299,261
479,261
0,262
479,262
0,263
254,263
258,263
479,263
0,264
35,264
38,264
254,264
258,264
479,264
0,265
32,265
39,265
254,265
258,265
479,265
0,266
32,266
39,266
255,266
258,266
479,266
0,267
31,267
37,267
479,267
0,268
32,268
34,268
479,268
0,269
281,269
285,269
479,269
0,270
28,270
33,270
281,270
285,270
479,270
0,271
28,271
33,271
281,271
285,271
479,271
0,272
27,272
32,272
479,272
0,273
26,273
31,273
479,273
0,274
26,274
31,274
479,274
0,275
24,275
31,275
479,275
0,276
24,276
30,276
479,276
0,277
479,277
0,278
479,278
0,279
479,279
0,280
479,280
0,281
479,281
0,282
479,282
0,283
479,283
0,284
479,284
0,285
479,285
0,286
479,286
0,287
479,287
0,288
44,288
49,288
479,288
0,289
44,289
49,289
479,289
0,290
43,290
48,290
479,290
0,291
43,291
48,291
479,291
0,292
479,292
0,293
479,293
0,294
479,294
0,295
479,295
0,296
479,296
0,297
479,297
0,298
479,298
0,299
479,299
0,300
479,300
0,301
479,301
0,302
479,302
0,303
479,303
0,304
87,304
89,304
479,304
0,305
87,305
89,305
479,305
0,306
123,306
126,306
479,306
0,307
121,307
127,307
479,307
0,308
121,308
126,308
479,308
0,309
122,309
126,309
479,309
0,310
479,310
0,311
479,311
0,312
479,312
0,313
479,313
0,314
479,314
0,315
479,315
0,316
479,316
0,317
479,317
0,318
479,318
0,319
479,319
0,320
479,320
0,321
479,321
0,322
479,322
0,323
479,323
0,324
479,324
0,325
479,325
0,326
479,326
0,327
479,327
0,328
479,328
0,329
479,329
0,330
479,330
0,331
479,331
0,332
479,332
0,333
479,333
0,334
479,334
0,335
479,335
0,336
479,336
0,337
479,337
0,338
479,338
0,339
479,339
0,340
479,340
0,341
479,341
0,342
479,342
0,343
479,343
0,344
479,344
0,345
479,345
0,346
479,346
0,347
479,347
0,348
479,348
0,349
479,349
0,350
479,350
0,351
479,351
0,352
479,352
0,353
479,353
0,354
479,354
0,355
479,355
0,356
479,356
0,357
479,357
0,358
479,358
0,359
479,359
