0,0
479,0
0,1
479,1
0,2
479,2
0,3
479,3
0,4
479,4
0,5
479,5
0,6
479,6
0,7
479,7
0,8
479,8
0,9
479,9
0,10
479,10
0,11
479,11
0,12
479,12
0,13
479,13
0,14
479,14
0,15
479,15
0,16
479,16
0,17
479,17
0,18
479,18
0,19
479,19
0,20
479,20
0,21
479,21
0,22
479,22
0,23
479,23
0,24
479,24
0,25
479,25
0,26
125,26
129,26
479,26
0,27
125,27
129,27
479,27
0,28
125,28
129,28
479,28
0,29
479,29
0,30
479,30
0,31
234,31
237,31
479,31
0,32
234,32
238,32
479,32
0,33
479,33
0,34
479,34
0,35
479,35
0,36
479,36
0,37
452,37
456,37
479,37
0,38
452,38
457,38
479,38
0,39
452,39
457,39
479,39
0,40
453,40
456,40
479,40
0,41
479,41
0,42
479,42
0,43
32,43
36,43
479,43
0,44
32,44
36,44
479,44
0,45
63,45
66,45
479,45
0,46
63,46
67,46
415,46
417,46
479,46
0,47
63,47
67,47
413,47
418,47
479,47
0,48
413,48
418,48
479,48
0,49
414,49
417,49
479,49
0,50
479,50
0,51
479,51
0,52
479,52
0,53
479,53
0,54
479,54
0,55
479,55
0,56
479,56
0,57
479,57
0,58
479,58
0,59
479,59
0,60
479,60
0,61
159,61
162,61
479,61
0,62
159,62
163,62
479,62
0,63
159,63
163,63
389,63
393,63
479,63
0,64
269,64
273,64
389,64
393,64
479,64
0,65
270,65
272,65
389,65
393,65
479,65
0,66
173,66
177,66
479,66
0,67
173,67
177,67
323,67
326,67
479,67
0,68
174,68
177,68
322,68
327,68
479,68
0,69
322,69
327,69
479,69
0,70
285,70
289,70
322,70
327,70
479,70
0,71
285,71
290,71
324,71
326,71
479,71
0,72
285,72
289,72
479,72
0,73
479,73
0,74
479,74
0,75
479,75
0,76
479,76
0,77
141,77
143,77
230,77
232,77
479,77
0,78
140,78
144,78
224,78
228,78
428,78
431,78
479,78
0,79
140,79
144,79
145,79
147,79
222,79
229,79
427,79
432,79
479,79
0,80
145,80
147,80
222,80
236,80
427,80
432,80
479,80
0,81
220,81
236,81
250,81
264,81
427,81
431,81
435,81
440,81
479,81
0,82
220,82
237,82
247,82
268,82
435,82
440,82
479,82
0,83
220,83
236,83
243,83
245,83
246,83
270,83
435,83
441,83
479,83
0,84
220,84
236,84
245,84
271,84
272,84
274,84
479,84
0,85
221,85
235,85
244,85
272,85
479,85
0,86
220,86
222,86
222,86
235,86
243,86
273,86
479,86
0,87
219,87
235,87
242,87
275,87
479,87
0,88
217,88
235,88
241,88
276,88
277,88
280,88
479,88
0,89
217,89
277,89
278,89
280,89
479,89
0,90
217,90
279,90
479,90
0,91
217,91
281,91
479,91
0,92
13,92
16,92
217,92
284,92
479,92
0,93
14,93
16,93
218,93
285,93
479,93
0,94
218,94
267,94
272,94
287,94
479,94
0,95
220,95
267,95
273,95
287,95
479,95
0,96
221,96
267,96
275,96
286,96
479,96
0,97
222,97
267,97
278,97
280,97
337,97
342,97
479,97
0,98
223,98
266,98
337,98
342,98
479,98
0,99
224,99
266,99
337,99
340,99
479,99
0,100
226,100
266,100
479,100
0,101
227,101
268,101
479,101
0,102
78,102
83,102
229,102
272,102
479,102
0,103
78,103
83,103
207,103
211,103
231,103
273,103
362,103
367,103
479,103
0,104
70,104
75,104
79,104
82,104
207,104
213,104
233,104
275,104
361,104
367,104
479,104
0,105
70,105
75,105
234,105
277,105
362,105
366,105
479,105
0,106
44,106
49,106
71,106
75,106
137,106
141,106
198,106
201,106
234,106
279,106
451,106
455,106
479,106
0,107
44,107
49,107
136,107
141,107
197,107
201,107
237,107
280,107
451,107
455,107
479,107
0,108
45,108
49,108
136,108
141,108
199,108
201,108
238,108
281,108
284,108
288,108
451,108
456,108
479,108
0,109
238,109
282,109
282,109
288,109
479,109
0,110
39,110
42,110
234,110
237,110
238,110
283,110
479,110
0,111
39,111
43,111
230,111
233,111
233,111
238,111
239,111
284,111
479,111
0,112
37,112
43,112
230,112
239,112
239,112
285,112
479,112
0,113
229,113
240,113
240,113
285,113
479,113
0,114
227,114
240,114
241,114
288,114
479,114
0,115
166,115
169,115
227,115
240,115
241,115
292,115
479,115
0,116
165,116
169,116
226,116
240,116
247,116
292,116
479,116
0,117
165,117
169,117
226,117
240,117
247,117
296,117
479,117
0,118
165,118
169,118
226,118
240,118
248,118
295,118
479,118
2,119
227,119
240,119
246,119
248,119
248,119
297,119
479,119
0,120
227,120
240,120
247,120
301,120
479,120
0,121
228,121
241,121
242,121
244,121
247,121
299,121
479,121
0,122
229,122
242,122
242,122
244,122
246,122
299,122
479,122
0,123
230,123
243,123
245,123
296,123
296,123
299,123
479,123
0,124
232,124
243,124
244,124
297,124
479,124
0,125
235,125
243,125
244,125
298,125
479,125
0,126
233,126
235,126
236,126
244,126
244,126
293,126
294,126
298,126
479,126
0,127
236,127
244,127
244,127
293,127
479,127
0,128
236,128
284,128
287,128
291,128
292,128
294,128
479,128
0,129
237,129
283,129
285,129
287,129
289,129
291,129
479,129
0,130
237,130
287,130
479,130
0,131
238,131
271,131
272,131
288,131
479,131
0,132
238,132
271,132
274,132
276,132
277,132
289,132
479,132
0,133
238,133
271,133
274,133
276,133
276,133
289,133
479,133
0,134
238,134
272,134
275,134
289,134
479,134
0,135
238,135
272,135
274,135
289,135
479,135
0,136
239,136
272,136
274,136
289,136
356,136
359,136
359,136
361,136
479,136
0,137
239,137
272,137
273,137
289,137
357,137
362,137
479,137
0,138
239,138
289,138
357,138
362,138
479,138
0,139
240,139
289,139
359,139
361,139
479,139
0,140
241,140
289,140
479,140
0,141
241,141
289,141
479,141
0,142
241,142
250,142
251,142
289,142
479,142
0,143
240,143
250,143
251,143
289,143
479,143
0,144
9,144
14,144
239,144
249,144
252,144
290,144
479,144
0,145
9,145
14,145
239,145
249,145
253,145
290,145
479,145
0,146
9,146
14,146
239,146
249,146
253,146
298,146
479,146
0,147
238,147
248,147
254,147
307,147
307,147
309,147
479,147
0,148
237,148
248,148
252,148
254,148
254,148
315,148
479,148
0,149
237,149
247,149
252,149
254,149
255,149
316,149
479,149
0,150
217,150
220,150
236,150
247,150
247,150
249,150
252,150
254,150
255,150
316,150
479,150
0,151
217,151
221,151
236,151
246,151
249,151
252,151
254,151
316,151
479,151
0,152
217,152
222,152
236,152
246,152
249,152
253,152
254,152
287,152
287,152
303,152
306,152
316,152
479,152
0,153
217,153
221,153
235,153
245,153
249,153
287,153
290,153
304,153
311,153
314,153
314,153
316,153
328,153
351,153
479,153
0,154
235,154
245,154
249,154
251,154
252,154
290,154
292,154
308,154
322,154
357,154
479,154
0,155
117,155
120,155
234,155
243,155
250,155
293,155
294,155
309,155
317,155
358,155
479,155
0,156
43,156
46,156
116,156
120,156
234,156
243,156
249,156
310,156
314,156
358,156
413,156
418,156
479,156
0,157
42,157
47,157
116,157
120,157
146,157
161,157
233,157
242,157
247,157
361,157
413,157
418,157
479,157
0,158
42,158
46,158
146,158
170,158
232,158
242,158
246,158
361,158
414,158
418,158
479,158
0,159
146,159
178,159
232,159
241,159
245,159
361,159
479,159
0,160
138,160
143,160
146,160
187,160
231,160
240,160
240,160
242,160
244,160
360,160
479,160
0,161
138,161
143,161
147,161
198,161
230,161
240,161
242,161
360,161
479,161
0,162
139,162
143,162
147,162
212,162
229,162
240,162
241,162
363,162
479,162
0,163
148,163
220,163
228,163
364,163
479,163
0,164
148,164
365,164
479,164
0,165
149,165
370,165
479,165
0,166
151,166
370,166
479,166
0,167
155,167
372,167
479,167
0,168
162,168
372,168
479,168
0,169
164,169
377,169
479,169
0,170
164,170
377,170
479,170
0,171
165,171
175,171
176,171
197,171
199,171
201,171
202,171
377,171
479,171
0,172
165,172
174,172
179,172
201,172
216,172
373,172
479,172
0,173
166,173
174,173
174,173
176,173
182,173
202,173
230,173
235,173
235,173
372,173
373,173
376,173
479,173
0,174
167,174
173,174
174,174
176,174
183,174
201,174
237,174
372,174
479,174
0,175
187,175
202,175
237,175
374,175
479,175
0,176
189,176
203,176
237,176
375,176
470,176
474,176
479,176
0,177
192,177
205,177
236,177
375,177
470,177
475,177
479,177
0,178
194,178
207,178
237,178
374,178
470,178
475,178
479,178
0,179
195,179
209,179
237,179
284,179
290,179
374,179
479,179
0,180
197,180
210,180
238,180
257,180
259,180
261,180
262,180
285,180
296,180
374,180
479,180
0,181
200,181
211,181
239,181
252,181
267,181
285,181
297,181
374,181
479,181
0,182
201,182
209,182
267,182
285,182
300,182
373,182
479,182
0,183
203,183
209,183
210,183
212,183
265,183
267,183
267,183
286,183
303,183
374,183
479,183
0,184
205,184
208,184
267,184
286,184
289,184
292,184
307,184
374,184
479,184
0,185
103,185
106,185
267,185
286,185
311,185
374,185
479,185
0,186
102,186
106,186
267,186
286,186
316,186
372,186
479,186
0,187
102,187
106,187
267,187
286,187
324,187
373,187
479,187
0,188
268,188
286,188
329,188
363,188
366,188
370,188
479,188
0,189
268,189
286,189
334,189
361,189
479,189
0,190
268,190
286,190
335,190
361,190
479,190
0,191
268,191
286,191
340,191
360,191
479,191
0,192
268,192
276,192
277,192
286,192
341,192
357,192
479,192
0,193
154,193
156,193
268,193
276,193
278,193
285,193
342,193
348,193
348,193
358,193
479,193
0,194
153,194
157,194
269,194
275,194
280,194
284,194
344,194
349,194
349,194
358,194
479,194
0,195
153,195
157,195
270,195
274,195
345,195
350,195
479,195
0,196
153,196
156,196
346,196
351,196
479,196
0,197
348,197
351,197
479,197
0,198
479,198
0,199
479,199
0,200
479,200
0,201
479,201
0,202
43,202
46,202
186,202
190,202
479,202
0,203
185,203
190,203
479,203
0,204
185,204
189,204
479,204
0,205
52,205
55,205
185,205
189,205
479,205
0,206
51,206
56,206
479,206
0,207
51,207
55,207
479,207
0,208
333,208
336,208
479,208
0,209
332,209
336,209
479,209
0,210
198,210
202,210
479,210
0,211
198,211
202,211
479,211
0,212
198,212
203,212
479,212
0,213
123,213
128,213
153,213
155,213
479,213
0,214
51,214
54,214
123,214
128,214
479,214
0,215
51,215
55,215
124,215
127,215
153,215
157,215
291,215
294,215
479,215
0,216
51,216
55,216
153,216
158,216
291,216
295,216
479,216
0,217
153,217
158,217
290,217
294,217
416,217
420,217
479,217
0,218
417,218
421,218
479,218
0,219
417,219
420,219
479,219
0,220
287,220
291,220
479,220
0,221
287,221
291,221
479,221
0,222
287,222
291,222
479,222
0,223
479,223
0,224
479,224
0,225
246,225
250,225
479,225
0,226
245,226
250,226
479,226
0,227
245,227
250,227
479,227
0,228
479,228
0,229
479,229
0,230
479,230
0,231
479,231
0,232
479,232
0,233
451,233
456,233
479,233
0,234
451,234
456,234
479,234
0,235
452,235
456,235
479,235
0,236
272,236
276,236
332,236
334,236
479,236
0,237
2,237
5,237
272,237
276,237
332,237
334,237
479,237
0,238
2,238
6,238
272,238
276,238
479,238
0,239
1,239
6,239
479,239
0,240
479,240
0,241
479,241
0,242
479,242
0,243
479,243
0,244
479,244
0,245
479,245
0,246
479,246
0,247
133,247
137,247
147,247
150,247
479,247
0,248
133,248
138,248
146,248
150,248
212,248
216,248
296,248
299,248
479,248
0,249
134,249
137,249
146,249
150,249
212,249
216,249
296,249
299,249
479,249
0,250
146,250
150,250
212,250
216,250
296,250
299,250
479,250
0,251
212,251
214,251
479,251
0,252
64,252
66,252
66,252
68,252
259,252
263,252
479,252
0,253
64,253
68,253
259,253
264,253
479,253
0,254
64,254
68,254
259,254
263,254
479,254
0,255
61,255
64,255
479,255
0,256
62,256
64,256
479,256
0,257
60,257
64,257
283,257
286,257
479,257
0,258
59,258
64,258
283,258
287,258
479,258
0,259
59,259
64,259
283,259
287,259
479,259
0,260
58,260
63,260
479,260
0,261
58,261
62,261
479,261
0,262
58,262
62,262
479,262
0,263
59,263
62,263
479,263
0,264
479,264
0,265
479,265
0,266
479,266
0,267
479,267
0,268
479,268
0,269
479,269
0,270
479,270
0,271
479,271
0,272
479,272
0,273
479,273
0,274
73,274
78,274
479,274
0,275
73,275
77,275
479,275
0,276
73,276
77,276
479,276
0,277
479,277
0,278
479,278
0,279
479,279
0,280
479,280
0,281
479,281
0,282
479,282
0,283
479,283
0,284
479,284
0,285
479,285
0,286
479,286
0,287
479,287
0,288
110,288
115,288
479,288
0,289
111,289
115,289
479,289
0,290
142,290
146,290
479,290
0,291
142,291
146,291
479,291
0,292
141,292
146,292
479,292
0,293
479,293
0,294
479,294
0,295
479,295
0,296
479,296
0,297
479,297
0,298
479,298
0,299
479,299
0,300
479,300
0,301
479,301
0,302
423,302
425,302
479,302
0,303
423,303
425,303
479,303
0,304
336,304
338,304
479,304
0,305
335,305
338,305
479,305
0,306
479,306
0,307
479,307
0,308
479,308
0,309
479,309
0,310
479,310
0,311
479,311
0,312
479,312
0,313
479,313
0,314
479,314
0,315
424,315
426,315
479,315
0,316
74,316
76,316
424,316
426,316
479,316
0,317
73,317
75,317
479,317
0,318
479,318
0,319
479,319
0,320
479,320
0,321
479,321
0,322
479,322
0,323
479,323
0,324
479,324
0,325
479,325
0,326
479,326
0,327
479,327
0,328
479,328
0,329
479,329
0,330
479,330
0,331
479,331
0,332
479,332
0,333
479,333
0,334
479,334
0,335
479,335
0,336
479,336
0,337
479,337
0,338
479,338
0,339
479,339
0,340
479,340
0,341
479,341
0,342
479,342
0,343
479,343
0,344
479,344
0,345
479,345
0,346
479,346
0,347
479,347
0,348
479,348
0,349
479,349
0,350
479,350
0,351
479,351
0,352
479,352
0,353
479,353
0,354
479,354
0,355
479,355
0,356
479,356
0,357
479,357
0,358
479,358
0,359
479,359
