0,0
479,0
0,1
479,1
0,2
479,2
0,3
479,3
0,4
479,4
0,5
479,5
0,6
479,6
0,7
479,7
0,8
479,8
0,9
479,9
0,10
479,10
0,11
479,11
0,12
479,12
0,13
479,13
0,14
479,14
0,15
479,15
0,16
479,16
0,17
479,17
0,18
479,18
0,19
479,19
0,20
479,20
0,21
479,21
0,22
479,22
0,23
479,23
0,24
479,24
0,25
479,25
0,26
151,26
154,26
479,26
0,27
150,27
155,27
479,27
0,28
150,28
154,28
479,28
0,29
152,29
154,29
479,29
0,30
479,30
0,31
260,31
262,31
479,31
0,32
259,32
263,32
479,32
0,33
260,33
262,33
479,33
0,34
479,34
0,35
479,35
0,36
479,36
0,37
479,37
0,38
479,38
0,39
479,39
0,40
479,40
0,41
479,41
0,42
479,42
0,43
59,43
62,43
479,43
0,44
59,44
63,44
479,44
0,45
88,45
93,45
479,45
0,46
88,46
93,46
479,46
0,47
89,47
93,47
439,47
444,47
479,47
0,48
440,48
444,48
479,48
0,49
441,49
443,49
479,49
0,50
479,50
0,51
479,51
0,52
479,52
0,53
479,53
0,54
479,54
0,55
479,55
0,56
479,56
0,57
479,57
0,58
479,58
0,59
479,59
0,60
479,60
0,61
184,61
187,61
479,61
0,62
184,62
188,62
479,62
0,63
184,63
188,63
294,63
297,63
415,63
419,63
479,63
0,64
294,64
298,64
415,64
419,64
479,64
0,65
294,65
298,65
415,65
419,65
479,65
0,66
479,66
0,67
199,67
202,67
479,67
0,68
199,68
203,68
347,68
352,68
479,68
0,69
347,69
352,69
479,69
0,70
310,70
315,70
347,70
351,70
479,70
0,71
310,71
315,71
479,71
0,72
310,72
314,72
479,72
0,73
479,73
0,74
209,74
213,74
479,74
0,75
479,75
0,76
479,76
0,77
165,77
169,77
479,77
0,78
165,78
169,78
454,78
457,78
479,78
0,79
165,79
169,79
453,79
458,79
479,79
0,80
453,80
458,80
479,80
0,81
454,81
458,81
462,81
465,81
479,81
0,82
217,82
220,82
220,82
222,82
461,82
466,82
479,82
0,83
454,83
457,83
461,83
466,83
479,83
0,84
217,84
224,84
479,84
0,85
214,85
224,85
479,85
0,86
23,86
27,86
213,86
224,86
479,86
0,87
23,87
27,87
212,87
224,87
479,87
0,88
212,88
224,88
479,88
0,89
212,89
227,89
227,89
230,89
242,89
254,89
255,89
257,89
479,89
0,90
212,90
230,90
238,90
259,90
479,90
0,91
212,91
230,91
236,91
261,91
479,91
0,92
39,92
42,92
212,92
230,92
235,92
262,92
479,92
0,93
40,93
42,93
213,93
230,93
231,93
233,93
234,93
264,93
479,93
0,94
213,94
230,94
231,94
233,94
233,94
265,94
479,94
0,95
208,95
213,95
215,95
228,95
233,95
266,95
479,95
0,96
208,96
214,96
214,96
227,96
232,96
268,96
479,96
0,97
207,97
226,97
231,97
269,97
362,97
366,97
479,97
0,98
207,98
271,98
362,98
366,98
479,98
0,99
207,99
274,99
363,99
366,99
479,99
0,100
208,100
274,100
479,100
0,101
208,101
258,101
261,101
276,101
276,101
278,101
479,101
0,102
104,102
108,102
208,102
258,102
263,102
277,102
387,102
391,102
479,102
0,103
103,103
108,103
209,103
258,103
266,103
277,103
278,103
280,103
387,103
392,103
479,103
0,104
96,104
100,104
104,104
107,104
211,104
260,104
268,104
276,104
387,104
392,104
479,104
0,105
71,105
74,105
96,105
101,105
212,105
258,105
276,105
278,105
388,105
391,105
479,105
0,106
70,106
74,106
162,106
166,106
213,106
258,106
265,106
268,106
275,106
279,106
477,106
0,107
70,107
74,107
162,107
166,107
214,107
257,107
257,107
259,107
266,107
268,107
275,107
278,107
477,107
0,108
71,108
73,108
162,108
166,108
216,108
257,108
308,108
312,108
478,108
0,109
214,109
216,109
218,109
259,109
308,109
312,109
479,109
0,110
65,110
69,110
215,110
217,110
220,110
263,110
479,110
0,111
64,111
68,111
221,111
266,111
479,111
0,112
64,112
68,112
223,112
269,112
479,112
0,113
222,113
224,113
225,113
270,113
479,113
0,114
225,114
272,114
479,114
0,115
225,115
273,115
479,115
0,116
190,116
194,116
228,116
274,116
479,116
0,117
189,117
194,117
228,117
275,117
479,117
0,118
191,118
194,118
229,118
276,118
479,118
0,119
26,119
28,119
229,119
277,119
479,119
0,120
222,120
229,120
230,120
284,120
320,120
324,120
479,120
0,121
221,121
230,121
231,121
285,121
320,121
324,121
479,121
0,122
220,122
231,122
232,122
287,122
287,122
290,122
479,122
0,123
219,123
231,123
232,123
287,123
287,123
289,123
479,123
0,124
218,124
232,124
232,124
237,124
238,124
289,124
479,124
0,125
218,125
232,125
238,125
292,125
479,125
0,126
217,126
232,126
233,126
235,126
239,126
293,126
479,126
0,127
217,127
232,127
239,127
291,127
479,127
0,128
217,128
232,128
238,128
289,128
479,128
0,129
218,129
232,129
235,129
237,129
238,129
290,129
479,129
0,130
219,130
233,130
235,130
237,130
238,130
291,130
479,130
0,131
220,131
233,131
237,131
291,131
479,131
0,132
221,132
234,132
236,132
287,132
479,132
0,133
224,133
235,133
235,133
286,133
479,133
0,134
226,134
235,134
235,134
279,134
280,134
285,134
479,134
0,135
224,135
226,135
226,135
235,135
235,135
277,135
479,135
0,136
227,136
277,136
280,136
282,136
382,136
386,136
479,136
0,137
227,137
264,137
265,137
275,137
382,137
386,137
479,137
0,138
227,138
264,138
268,138
273,138
275,138
281,138
382,138
386,138
479,138
0,139
228,139
262,139
262,139
267,139
272,139
281,139
385,139
387,139
479,139
0,140
228,140
262,140
264,140
266,140
271,140
282,140
479,140
0,141
228,141
263,141
269,141
282,141
479,141
0,142
228,142
263,142
268,142
282,142
479,142
0,143
229,143
263,143
264,143
266,143
267,143
282,143
479,143
0,144
36,144
40,144
229,144
263,144
264,144
266,144
266,144
282,144
479,144
0,145
35,145
40,145
229,145
264,145
266,145
282,145
479,145
0,146
36,146
40,146
230,146
264,146
265,146
282,146
479,146
0,147
230,147
282,147
479,147
0,148
231,148
282,148
479,148
0,149
232,149
282,149
479,149
0,150
232,150
282,150
479,150
0,151
232,151
282,151
479,151
0,152
232,152
241,152
242,152
282,152
479,152
0,153
231,153
241,153
242,153
283,153
479,153
0,154
230,154
240,154
242,154
244,154
244,154
296,154
479,154
0,155
230,155
240,155
245,155
301,155
479,155
0,156
68,156
72,156
141,156
145,156
229,156
239,156
245,156
307,156
439,156
443,156
479,156
0,157
68,157
72,157
142,157
145,157
229,157
239,157
246,157
308,157
308,157
310,157
439,157
443,157
479,157
0,158
68,158
72,158
228,158
238,158
246,158
307,158
308,158
310,158
439,158
443,158
479,158
0,159
228,159
238,159
246,159
308,159
479,159
0,160
164,160
168,160
227,160
237,160
245,160
280,160
280,160
308,160
321,160
325,160
325,160
334,160
479,160
0,161
163,161
168,161
227,161
237,161
245,161
282,161
283,161
302,161
304,161
306,161
479,161
0,162
164,162
167,162
227,162
236,162
242,162
244,162
244,162
286,162
286,162
304,162
304,162
306,162
308,162
310,162
321,162
344,162
479,162
0,163
226,163
235,163
241,163
243,163
243,163
306,163
307,163
310,163
316,163
349,163
479,163
0,164
225,164
235,164
242,164
306,164
307,164
350,164
479,164
0,165
225,165
234,165
241,165
350,165
479,165
0,166
137,166
153,166
224,166
233,166
240,166
353,166
479,166
0,167
136,167
160,167
221,167
223,167
224,167
233,167
238,167
353,167
479,167
0,168
137,168
171,168
220,168
222,168
223,168
232,168
237,168
352,168
353,168
355,168
479,168
0,169
137,169
181,169
222,169
232,169
237,169
352,169
479,169
0,170
137,170
189,170
221,170
232,170
236,170
353,170
479,170
0,171
137,171
205,171
220,171
232,171
235,171
354,171
479,171
0,172
138,172
218,172
219,172
231,172
234,172
357,172
479,172
0,173
139,173
357,173
360,173
362,173
479,173
0,174
140,174
357,174
357,174
363,174
479,174
0,175
142,175
364,175
479,175
0,176
148,176
364,176
479,176
0,177
155,177
365,177
479,177
0,178
155,178
368,178
479,178
0,179
155,179
368,179
479,179
0,180
155,180
165,180
168,180
192,180
198,180
368,180
479,180
0,181
156,181
165,181
171,181
192,181
213,181
365,181
479,181
0,182
157,182
162,182
174,182
197,182
222,182
365,182
479,182
0,183
159,183
162,183
177,183
200,183
228,183
366,183
479,183
0,184
182,184
202,184
228,184
280,184
280,184
366,184
479,184
0,185
128,185
130,185
185,185
202,185
227,185
275,185
281,185
367,185
386,185
390,185
479,185
0,186
127,186
131,186
188,186
202,186
227,186
275,186
283,186
367,186
386,186
390,186
479,186
0,187
127,187
131,187
193,187
202,187
227,187
275,187
284,187
367,187
386,187
390,187
479,187
0,188
195,188
202,188
228,188
276,188
286,188
366,188
479,188
0,189
198,189
200,189
228,189
252,189
253,189
276,189
288,189
366,189
479,189
0,190
230,190
244,190
256,190
259,190
259,190
276,190
290,190
366,190
479,190
0,191
259,191
277,191
292,191
366,191
479,191
0,192
259,192
277,192
296,192
365,192
479,192
0,193
259,193
277,193
298,193
366,193
479,193
0,194
177,194
181,194
258,194
277,194
303,194
366,194
479,194
0,195
178,195
182,195
259,195
278,195
309,195
365,195
479,195
0,196
259,196
278,196
317,196
356,196
356,196
365,196
479,196
0,197
259,197
278,197
321,197
356,197
357,197
362,197
479,197
0,198
259,198
278,198
314,198
317,198
325,198
353,198
479,198
0,199
259,199
278,199
315,199
317,199
330,199
353,199
479,199
0,200
259,200
278,200
278,200
280,200
315,200
317,200
332,200
351,200
479,200
0,201
259,201
268,201
268,201
277,201
278,201
280,201
315,201
317,201
333,201
349,201
479,201
0,202
210,202
214,202
260,202
268,202
269,202
277,202
315,202
317,202
334,202
340,202
340,202
349,202
479,202
0,203
209,203
214,203
260,203
267,203
271,203
276,203
336,203
341,203
341,203
350,203
479,203
0,204
209,204
214,204
261,204
266,204
337,204
342,204
342,204
345,204
346,204
349,204
479,204
0,205
209,205
213,205
338,205
343,205
479,205
0,206
77,206
81,206
339,206
343,206
479,206
0,207
77,207
81,207
479,207
0,208
77,208
81,208
356,208
360,208
479,208
0,209
356,209
361,209
479,209
0,210
223,210
226,210
357,210
360,210
479,210
0,211
223,211
227,211
479,211
0,212
149,212
151,212
223,212
227,212
479,212
0,213
148,213
152,213
479,213
0,214
77,214
80,214
148,214
153,214
479,214
0,215
76,215
81,215
149,215
152,215
178,215
182,215
315,215
319,215
479,215
0,216
76,216
81,216
177,216
183,216
315,216
320,216
479,216
0,217
178,217
182,217
315,217
319,217
442,217
447,217
479,217
0,218
442,218
447,218
479,218
0,219
313,219
315,219
442,219
447,219
479,219
0,220
311,220
316,220
479,220
0,221
311,221
316,221
479,221
0,222
311,222
316,222
479,222
0,223
479,223
0,224
479,224
0,225
270,225
274,225
479,225
0,226
270,226
274,226
479,226
0,227
270,227
274,227
479,227
0,228
479,228
0,229
479,229
0,230
479,230
0,231
479,231
0,232
479,232
0,233
479,233
0,234
479,234
0,235
479,235
0,236
296,236
300,236
479,236
0,237
29,237
33,237
296,237
301,237
479,237
0,238
28,238
32,238
296,238
300,238
479,238
0,239
28,239
32,239
479,239
0,240
479,240
0,241
479,241
0,242
479,242
0,243
479,243
0,244
479,244
0,245
479,245
0,246
479,246
0,247
158,247
162,247
171,247
175,247
479,247
0,248
158,248
162,248
171,248
175,248
237,248
240,248
479,248
0,249
158,249
162,249
171,249
175,249
236,249
241,249
321,249
324,249
479,249
0,250
172,250
175,250
237,250
241,250
321,250
323,250
479,250
0,251
479,251
0,252
90,252
93,252
284,252
288,252
479,252
0,253
90,253
94,253
284,253
288,253
479,253
0,254
90,254
94,254
284,254
288,254
479,254
0,255
91,255
93,255
479,255
0,256
479,256
0,257
308,257
311,257
479,257
0,258
85,258
89,258
307,258
312,258
479,258
0,259
85,259
90,259
307,259
311,259
479,259
0,260
85,260
87,260
479,260
0,261
84,261
88,261
479,261
0,262
84,262
88,262
479,262
0,263
85,263
88,263
479,263
0,264
479,264
0,265
479,265
0,266
479,266
0,267
479,267
0,268
479,268
0,269
479,269
0,270
479,270
0,271
479,271
0,272
479,272
0,273
479,273
0,274
99,274
103,274
479,274
0,275
99,275
103,275
479,275
0,276
99,276
103,276
479,276
0,277
479,277
0,278
479,278
0,279
479,279
0,280
479,280
0,281
479,281
0,282
479,282
0,283
479,283
0,284
479,284
0,285
479,285
0,286
479,286
0,287
479,287
0,288
135,288
140,288
479,288
0,289
135,289
139,289
479,289
0,290
167,290
171,290
479,290
0,291
167,291
171,291
479,291
0,292
167,292
172,292
479,292
0,293
479,293
0,294
479,294
0,295
479,295
0,296
479,296
0,297
479,297
0,298
479,298
0,299
479,299
0,300
479,300
0,301
479,301
0,302
448,302
451,302
479,302
0,303
448,303
451,303
479,303
0,304
361,304
363,304
479,304
0,305
361,305
364,305
479,305
0,306
479,306
0,307
479,307
0,308
479,308
0,309
479,309
0,310
479,310
0,311
479,311
0,312
479,312
0,313
479,313
0,314
479,314
0,315
449,315
452,315
479,315
0,316
449,316
452,316
479,316
0,317
479,317
0,318
479,318
0,319
479,319
0,320
479,320
0,321
479,321
0,322
479,322
0,323
479,323
0,324
479,324
0,325
479,325
0,326
479,326
0,327
479,327
0,328
479,328
0,329
479,329
0,330
479,330
0,331
479,331
0,332
479,332
0,333
479,333
0,334
479,334
0,335
479,335
0,336
479,336
0,337
479,337
0,338
479,338
0,339
479,339
0,340
479,340
0,341
479,341
0,342
479,342
0,343
479,343
0,344
479,344
0,345
479,345
0,346
479,346
0,347
479,347
0,348
479,348
0,349
479,349
0,350
479,350
0,351
479,351
0,352
479,352
0,353
479,353
0,354
479,354
0,355
479,355
0,356
479,356
0,357
479,357
0,358
479,358
0,359
479,359
