0,0
479,0
0,1
479,1
0,2
479,2
0,3
479,3
0,4
479,4
0,5
479,5
0,6
479,6
0,7
479,7
0,8
479,8
0,9
479,9
0,10
479,10
0,11
479,11
0,12
479,12
0,13
479,13
0,14
479,14
0,15
479,15
0,16
479,16
0,17
479,17
0,18
479,18
0,19
479,19
0,20
479,20
0,21
479,21
0,22
43,22
54,22
479,22
0,23
43,23
57,23
479,23
0,24
43,24
58,24
479,24
0,25
50,25
56,25
479,25
0,26
479,26
0,27
479,27
0,28
479,28
0,29
479,29
0,30
65,30
73,30
479,30
0,31
65,31
77,31
479,31
0,32
65,32
81,32
479,32
0,33
67,33
81,33
479,33
0,34
72,34
78,34
479,34
0,35
479,35
0,36
479,36
0,37
479,37
0,38
479,38
0,39
479,39
0,40
479,40
0,41
479,41
0,42
479,42
0,43
479,43
0,44
479,44
0,45
479,45
0,46
279,46
291,46
479,46
0,47
277,47
292,47
479,47
0,48
277,48
292,48
479,48
0,49
279,49
283,49
479,49
0,50
479,50
0,51
479,51
0,52
479,52
0,53
479,53
0,54
479,54
0,55
479,55
0,56
479,56
0,57
479,57
0,58
479,58
0,59
479,59
0,60
479,60
0,61
479,61
0,62
479,62
0,63
479,63
0,64
479,64
0,65
479,65
0,66
479,66
0,67
479,67
0,68
479,68
0,69
479,69
0,70
113,70
125,70
127,70
130,70
479,70
0,71
113,71
132,71
479,71
0,72
113,72
134,72
479,72
0,73
117,73
135,73
479,73
0,74
120,74
128,74
255,74
259,74
479,74
0,75
251,75
266,75
407,75
409,75
409,75
417,75
479,75
0,76
251,76
268,76
407,76
418,76
479,76
0,77
251,77
267,77
407,77
416,77
479,77
0,78
254,78
256,78
407,78
409,78
479,78
0,79
100,79
106,79
479,79
0,80
100,80
111,80
479,80
0,81
101,81
113,81
479,81
0,82
103,82
113,82
324,82
327,82
479,82
0,83
319,83
330,83
479,83
0,84
149,84
159,84
317,84
332,84
479,84
0,85
148,85
162,85
316,85
333,85
364,85
380,85
479,85
0,86
149,86
163,86
314,86
334,86
364,86
381,86
479,86
0,87
156,87
161,87
218,87
221,87
314,87
335,87
365,87
380,87
479,87
0,88
215,88
223,88
223,88
227,88
312,88
336,88
366,88
380,88
479,88
0,89
215,89
227,89
312,89
336,89
365,89
381,89
408,89
414,89
414,89
419,89
479,89
0,90
219,90
221,90
311,90
337,90
365,90
381,90
406,90
419,90
479,90
0,91
310,91
337,91
406,91
417,91
479,91
0,92
187,92
198,92
310,92
338,92
479,92
0,93
187,93
203,93
309,93
339,93
479,93
0,94
187,94
203,94
309,94
338,94
479,94
0,95
189,95
200,95
308,95
338,95
479,95
0,96
307,96
337,96
479,96
0,97
307,97
336,97
479,97
0,98
300,98
304,98
306,98
335,98
479,98
0,99
289,99
293,99
299,99
306,99
306,99
335,99
479,99
0,100
289,100
294,100
300,100
336,100
479,100
0,101
289,101
296,101
299,101
336,101
405,101
421,101
479,101
0,102
173,102
178,102
289,102
336,102
404,102
421,102
479,102
0,103
290,103
337,103
404,103
421,103
479,103
0,104
220,104
235,104
291,104
337,104
405,104
417,104
479,104
0,105
220,105
237,105
293,105
337,105
479,105
0,106
220,106
237,106
294,106
337,106
479,106
0,107
226,107
251,107
295,107
339,107
479,107
0,108
235,108
253,108
293,108
341,108
479,108
0,109
235,109
253,109
291,109
347,109
479,109
0,110
237,110
251,110
288,110
351,110
479,110
0,111
287,111
352,111
479,111
0,112
284,112
358,112
479,112
0,113
278,113
280,113
280,113
361,113
479,113
0,114
280,114
361,114
479,114
0,115
281,115
361,115
479,115
0,116
281,116
360,116
479,116
0,117
283,117
359,117
479,117
0,118
3,118
7,118
284,118
297,118
300,118
359,118
479,118
0,119
2,119
13,119
285,119
291,119
292,119
294,119
301,119
358,119
479,119
0,120
2,120
15,120
301,120
357,120
361,120
364,120
479,120
1,121
5,121
15,121
293,121
295,121
302,121
377,121
479,121
0,122
302,122
363,122
363,122
378,122
479,122
0,123
304,123
363,123
363,123
378,123
479,123
0,124
304,124
360,124
479,124
0,125
305,125
357,125
479,125
2,126
186,126
194,126
305,126
357,126
479,126
8,127
184,127
196,127
305,127
356,127
479,127
9,128
187,128
196,128
306,128
355,128
361,128
368,128
479,128
9,129
306,129
355,129
355,129
369,129
479,129
0,130
306,130
348,130
355,130
369,130
479,130
0,131
306,131
347,131
355,131
357,131
357,131
368,131
453,131
469,131
479,131
0,132
306,132
351,132
453,132
469,132
479,132
0,133
305,133
354,133
453,133
469,133
479,133
0,134
305,134
354,134
455,134
462,134
463,134
466,134
479,134
0,135
305,135
353,135
479,135
0,136
305,136
352,136
479,136
0,137
304,137
352,137
479,137
0,138
304,138
352,138
479,138
0,139
303,139
350,139
479,139
0,140
303,140
351,140
479,140
0,141
302,141
351,141
479,141
0,142
302,142
343,142
344,142
350,142
479,142
0,143
302,143
342,143
346,143
350,143
479,143
0,144
302,144
342,144
361,144
366,144
479,144
0,145
302,145
340,145
356,145
366,145
479,145
0,146
302,146
340,146
353,146
366,146
479,146
0,147
302,147
339,147
349,147
366,147
479,147
0,148
115,148
125,148
303,148
339,148
348,148
366,148
479,148
0,149
51,149
61,149
114,149
130,149
303,149
339,149
347,149
366,149
479,149
0,150
52,150
62,150
114,150
130,150
303,150
339,150
344,150
365,150
479,150
0,151
54,151
61,151
114,151
130,151
303,151
339,151
343,151
365,151
479,151
0,152
114,152
117,152
124,152
130,152
303,152
339,152
341,152
364,152
479,152
0,153
108,153
110,153
304,153
340,153
340,153
364,153
479,153
0,154
105,154
121,154
304,154
364,154
479,154
0,155
106,155
122,155
304,155
364,155
479,155
0,156
108,156
122,156
304,156
364,156
479,156
0,157
116,157
122,157
304,157
363,157
479,157
0,158
304,158
362,158
479,158
0,159
305,159
361,159
479,159
0,160
306,160
360,160
479,160
0,161
308,161
360,161
479,161
0,162
311,162
360,162
479,162
0,163
312,163
359,163
479,163
0,164
73,164
77,164
312,164
359,164
359,164
362,164
393,164
397,164
404,164
407,164
479,164
0,165
312,165
359,165
366,165
408,165
479,165
0,166
312,166
359,166
363,166
408,166
479,166
0,167
313,167
406,167
479,167
0,168
313,168
405,168
479,168
2,169
313,169
402,169
479,169
2,170
313,170
403,170
479,170
2,171
313,171
404,171
479,171
0,172
312,172
407,172
479,172
0,173
67,173
78,173
312,173
410,173
479,173
0,174
67,174
83,174
312,174
412,174
479,174
0,175
67,175
85,175
312,175
413,175
479,175
0,176
70,176
84,176
311,176
411,176
479,176
0,177
78,177
81,177
311,177
412,177
479,177
0,178
311,178
413,178
479,178
0,179
311,179
415,179
479,179
0,180
11,180
24,180
310,180
428,180
479,180
0,181
11,181
25,181
305,181
307,181
308,181
428,181
479,181
0,182
13,182
25,182
306,182
423,182
479,182
0,183
21,183
23,183
304,183
419,183
479,183
0,184
261,184
275,184
287,184
301,184
303,184
417,184
417,184
419,184
479,184
0,185
261,185
276,185
287,185
301,185
302,185
416,185
479,185
0,186
110,186
124,186
261,186
276,186
287,186
301,186
301,186
419,186
479,186
0,187
109,187
125,187
262,187
264,187
264,187
276,187
293,187
299,187
300,187
423,187
479,187
0,188
110,188
125,188
299,188
422,188
479,188
0,189
119,189
122,189
298,189
422,189
479,189
0,190
274,190
281,190
297,190
423,190
479,190
0,191
273,191
291,191
296,191
424,191
479,191
0,192
272,192
423,192
437,192
452,192
479,192
0,193
272,193
422,193
437,193
453,193
479,193
0,194
272,194
420,194
437,194
453,194
479,194
0,195
272,195
418,195
479,195
0,196
179,196
193,196
272,196
421,196
479,196
0,197
178,197
193,197
273,197
420,197
479,197
0,198
182,198
190,198
273,198
421,198
479,198
0,199
274,199
423,199
451,199
458,199
479,199
0,200
276,200
421,200
451,200
454,200
479,200
0,201
122,201
135,201
279,201
421,201
479,201
0,202
121,202
136,202
279,202
422,202
479,202
0,203
122,203
138,203
278,203
297,203
297,203
421,203
479,203
0,204
135,204
138,204
278,204
421,204
479,204
1,205
125,205
139,205
278,205
286,205
286,205
425,205
479,205
2,206
125,206
140,206
278,206
286,206
287,206
425,206
479,206
5,207
125,207
141,207
280,207
286,207
289,207
425,207
479,207
9,208
126,208
139,208
281,208
285,208
289,208
299,208
299,208
425,208
479,208
11,209
290,209
301,209
301,209
333,209
333,209
420,209
479,209
12,210
292,210
301,210
304,210
333,210
334,210
424,210
479,210
12,211
293,211
302,211
302,211
304,211
304,211
333,211
337,211
425,211
479,211
13,212
83,212
95,212
294,212
301,212
304,212
333,212
338,212
427,212
479,212
13,213
82,213
99,213
295,213
301,213
306,213
333,213
339,213
428,213
479,213
13,214
83,214
99,214
297,214
301,214
310,214
314,214
315,214
332,214
339,214
424,214
479,214
13,215
88,215
90,215
90,215
98,215
298,215
301,215
316,215
332,215
339,215
420,215
421,215
423,215
479,215
13,216
296,216
298,216
316,216
332,216
339,216
416,216
417,216
419,216
479,216
12,217
316,217
331,217
340,217
420,217
479,217
12,218
316,218
331,218
340,218
421,218
479,218
12,219
316,219
331,219
340,219
421,219
479,219
14,220
156,220
162,220
316,220
331,220
340,220
417,220
479,220
15,221
156,221
167,221
316,221
330,221
340,221
412,221
413,221
415,221
479,221
16,222
157,222
167,222
316,222
331,222
340,222
358,222
358,222
412,222
479,222
16,223
161,223
163,223
317,223
331,223
340,223
358,223
359,223
413,223
435,223
451,223
479,223
18,224
317,224
330,224
341,224
358,224
361,224
373,224
374,224
413,224
435,224
452,224
479,224
19,225
317,225
330,225
341,225
358,225
362,225
372,225
378,225
413,225
435,225
450,225
479,225
19,226
318,226
329,226
341,226
358,226
362,226
375,226
380,226
394,226
394,226
409,226
479,226
19,227
318,227
328,227
341,227
358,227
363,227
375,227
378,227
380,227
382,227
394,227
395,227
406,227
479,227
19,228
320,228
328,228
341,228
357,228
364,228
374,228
377,228
380,228
382,228
396,228
396,228
407,228
479,228
19,229
321,229
327,229
342,229
356,229
364,229
375,229
382,229
397,229
398,229
407,229
479,229
19,230
342,230
355,230
364,230
369,230
382,230
394,230
395,230
398,230
398,230
406,230
479,230
18,231
343,231
354,231
363,231
367,231
382,231
392,231
479,231
18,232
345,232
353,232
367,232
382,232
382,232
392,232
398,232
402,232
479,232
18,233
367,233
381,233
383,233
392,233
479,233
18,234
370,234
380,234
383,234
392,234
479,234
18,235
383,235
390,235
479,235
18,236
384,236
389,236
479,236
19,237
479,237
20,238
479,238
23,239
479,239
25,240
479,240
27,241
131,241
133,241
479,241
29,242
129,242
135,242
479,242
31,243
128,243
139,243
479,243
33,244
126,244
141,244
142,244
145,244
479,244
34,245
125,245
145,245
479,245
34,246
125,246
146,246
479,246
35,247
125,247
148,247
479,247
36,248
125,248
149,248
479,248
37,249
124,249
149,249
479,249
42,250
123,250
149,250
479,250
45,251
122,251
150,251
479,251
46,252
121,252
150,252
479,252
47,253
60,253
68,253
121,253
150,253
479,253
48,254
121,254
151,254
479,254
48,255
120,255
152,255
479,255
49,256
120,256
153,256
479,256
49,257
119,257
122,257
122,257
153,257
479,257
50,258
120,258
154,258
479,258
50,259
121,259
154,259
479,259
51,260
120,260
154,260
479,260
52,261
120,261
154,261
479,261
52,262
120,262
154,262
479,262
53,263
120,263
154,263
479,263
54,264
119,264
154,264
479,264
54,265
118,265
154,265
479,265
54,266
118,266
154,266
479,266
54,267
119,267
154,267
479,267
55,268
118,268
154,268
479,268
55,269
118,269
154,269
479,269
55,270
118,270
154,270
479,270
55,271
118,271
154,271
479,271
56,272
118,272
154,272
479,272
56,273
118,273
154,273
479,273
58,274
118,274
154,274
479,274
72,275
72,275
80,275
85,275
91,275
94,275
96,275
118,275
154,275
479,275
109,276
118,276
154,276
308,276
310,276
479,276
111,277
118,277
154,277
307,277
315,277
479,277
114,278
119,278
153,278
479,278
114,279
117,279
119,279
119,279
153,279
479,279
115,280
117,280
153,280
479,280
117,281
117,281
153,281
330,281
340,281
479,281
153,282
329,282
342,282
479,282
153,283
333,283
341,283
479,283
153,284
479,284
153,285
479,285
153,286
479,286
153,287
479,287
154,288
479,288
153,289
479,289
153,290
180,290
182,290
479,290
153,291
213,291
217,291
479,291
153,292
209,292
219,292
479,292
153,293
212,293
217,293
479,293
153,294
479,294
153,295
479,295
153,296
479,296
153,297
479,297
153,298
479,298
153,299
479,299
153,300
479,300
153,301
479,301
153,302
479,302
153,303
479,303
153,304
479,304
153,305
479,305
153,306
479,306
153,307
479,307
153,308
479,308
153,309
479,309
153,310
479,310
153,311
479,311
153,312
479,312
153,313
479,313
153,314
479,314
153,315
479,315
153,316
479,316
153,317
479,317
152,318
479,318
152,319
479,319
152,320
479,320
152,321
479,321
152,322
479,322
152,323
479,323
152,324
479,324
152,325
479,325
152,326
479,326
152,327
479,327
152,328
479,328
152,329
479,329
152,330
479,330
152,331
479,331
152,332
479,332
152,333
479,333
152,334
479,334
152,335
479,335
153,336
479,336
153,337
479,337
153,338
479,338
153,339
479,339
153,340
479,340
153,341
479,341
153,342
479,342
153,343
479,343
153,344
479,344
153,345
479,345
153,346
479,346
153,347
479,347
153,348
479,348
153,349
479,349
153,350
479,350
153,351
479,351
153,352
479,352
153,353
479,353
153,354
479,354
153,355
479,355
153,356
479,356
153,357
479,357
153,358
479,358
153,359
479,359
