0,0
479,0
0,1
479,1
0,2
479,2
0,3
479,3
0,4
479,4
0,5
479,5
0,6
479,6
0,7
479,7
0,8
479,8
0,9
479,9
0,10
479,10
0,11
479,11
0,12
479,12
0,13
479,13
0,14
479,14
0,15
479,15
0,16
479,16
0,17
479,17
0,18
479,18
0,19
479,19
0,20
479,20
0,21
88,21
91,21
479,21
0,22
88,22
91,22
479,22
0,23
88,23
91,23
479,23
0,24
479,24
0,25
479,25
0,26
479,26
0,27
479,27
0,28
479,28
0,29
109,29
113,29
479,29
0,30
109,30
113,30
180,30
183,30
479,30
0,31
109,31
113,31
180,31
182,31
479,31
0,32
479,32
0,33
479,33
0,34
479,34
0,35
479,35
0,36
479,36
0,37
479,37
0,38
479,38
0,39
479,39
0,40
479,40
0,41
326,41
330,41
479,41
0,42
326,42
330,42
479,42
0,43
326,43
330,43
479,43
0,44
479,44
0,45
479,45
0,46
479,46
0,47
479,47
0,48
31,48
34,48
479,48
0,49
479,49
0,50
479,50
0,51
479,51
0,52
479,52
0,53
479,53
0,54
479,54
0,55
479,55
0,56
479,56
0,57
479,57
0,58
479,58
0,59
479,59
0,60
479,60
0,61
479,61
0,62
479,62
0,63
479,63
0,64
479,64
0,65
479,65
0,66
479,66
0,67
479,67
0,68
463,68
466,68
479,68
0,69
40,69
43,69
157,69
161,69
165,69
168,69
463,69
467,69
479,69
0,70
40,70
43,70
157,70
162,70
165,70
168,70
463,70
465,70
479,70
0,71
157,71
161,71
165,71
168,71
299,71
303,71
479,71
0,72
299,72
303,72
479,72
0,73
299,73
303,73
479,73
0,74
300,74
303,74
479,74
0,75
300,75
302,75
479,75
0,76
479,76
0,77
479,77
0,78
31,78
34,78
144,78
146,78
479,78
0,79
31,79
35,79
143,79
147,79
303,79
312,79
419,79
422,79
479,79
0,80
32,80
34,80
143,80
147,80
301,80
314,80
419,80
423,80
479,80
0,81
300,81
315,81
419,81
424,81
479,81
0,82
299,82
316,82
419,82
423,82
462,82
465,82
479,82
0,83
193,83
197,83
298,83
317,83
419,83
423,83
423,83
425,83
462,83
466,83
479,83
0,84
193,84
197,84
297,84
317,84
420,84
423,84
462,84
466,84
479,84
0,85
260,85
264,85
296,85
318,85
420,85
422,85
463,85
465,85
479,85
0,86
260,86
264,86
296,86
318,86
479,86
0,87
295,87
318,87
479,87
0,88
295,88
319,88
479,88
0,89
295,89
319,89
479,89
0,90
233,90
237,90
294,90
319,90
479,90
0,91
233,91
237,91
293,91
318,91
479,91
0,92
233,92
237,92
293,92
318,92
479,92
0,93
292,93
318,93
479,93
0,94
292,94
318,94
479,94
0,95
292,95
319,95
462,95
466,95
479,95
0,96
277,96
281,96
288,96
319,96
461,96
466,96
479,96
0,97
277,97
284,97
284,97
286,97
287,97
319,97
461,97
466,97
479,97
0,98
277,98
320,98
479,98
0,99
278,99
320,99
466,99
468,99
479,99
0,100
216,100
219,100
279,100
321,100
479,100
0,101
217,101
219,101
267,101
269,101
280,101
321,101
479,101
0,102
268,102
271,102
282,102
323,102
479,102
0,103
268,103
271,103
279,103
328,103
479,103
0,104
268,104
270,104
278,104
333,104
479,104
0,105
275,105
337,105
479,105
0,106
273,106
342,106
352,106
355,106
479,106
0,107
271,107
342,107
351,107
356,107
479,107
0,108
268,108
270,108
270,108
343,108
351,108
356,108
479,108
0,109
269,109
343,109
479,109
0,110
269,110
343,110
479,110
0,111
271,111
287,111
287,111
342,111
479,111
0,112
272,112
281,112
287,112
340,112
479,112
0,113
272,113
277,113
284,113
286,113
288,113
340,113
479,113
0,114
288,114
339,114
349,114
351,114
479,114
0,115
289,115
336,115
336,115
338,115
349,115
351,115
479,115
0,116
290,116
334,116
415,116
417,116
417,116
419,116
479,116
0,117
290,117
334,117
335,117
337,117
416,117
418,117
479,117
0,118
290,118
334,118
417,118
421,118
479,118
0,119
290,119
335,119
335,119
337,119
417,119
421,119
479,119
0,120
29,120
33,120
47,120
50,120
290,120
336,120
338,120
340,120
479,120
0,121
29,121
33,121
47,121
51,121
290,121
337,121
479,121
0,122
29,122
33,122
291,122
338,122
479,122
0,123
291,123
339,123
479,123
0,124
291,124
338,124
407,124
409,124
479,124
0,125
229,125
233,125
291,125
331,125
331,125
334,125
336,125
338,125
408,125
412,125
479,125
0,126
229,126
233,126
291,126
332,126
408,126
412,126
479,126
0,127
40,127
43,127
231,127
233,127
288,127
290,127
291,127
333,127
408,127
412,127
479,127
0,128
40,128
43,128
288,128
290,128
291,128
332,128
479,128
0,129
39,129
43,129
290,129
328,129
391,129
395,129
479,129
0,130
290,130
328,130
329,130
331,130
391,130
395,130
479,130
0,131
289,131
329,131
331,131
333,131
391,131
395,131
479,131
0,132
288,132
330,132
331,132
333,132
479,132
0,133
288,133
323,133
323,133
326,133
326,133
330,133
479,133
0,134
288,134
323,134
324,134
326,134
328,134
330,134
339,134
342,134
479,134
0,135
288,135
324,135
337,135
343,135
479,135
0,136
288,136
323,136
335,136
343,136
479,136
0,137
288,137
323,137
332,137
343,137
479,137
0,138
288,138
323,138
330,138
343,138
479,138
0,139
289,139
323,139
328,139
343,139
479,139
0,140
289,140
323,140
326,140
343,140
479,140
0,141
289,141
323,141
324,141
342,141
479,141
0,142
289,142
323,142
323,142
342,142
479,142
0,143
289,143
342,143
479,143
0,144
290,144
342,144
479,144
0,145
290,145
342,145
479,145
0,146
290,146
341,146
479,146
0,147
290,147
341,147
479,147
0,148
160,148
164,148
290,148
340,148
479,148
0,149
94,149
97,149
160,149
164,149
290,149
339,149
479,149
0,150
94,150
97,150
160,150
164,150
291,150
339,150
343,150
345,150
479,150
0,151
94,151
96,151
160,151
163,151
163,151
165,151
293,151
338,151
340,151
344,151
349,151
355,151
364,151
368,151
479,151
0,152
295,152
340,152
340,152
344,152
346,152
356,152
356,152
369,152
479,152
0,153
152,153
154,153
292,153
295,153
296,153
368,153
479,153
0,154
151,154
155,154
296,154
366,154
479,154
0,155
152,155
155,155
296,155
365,155
479,155
0,156
152,156
155,156
296,156
363,156
365,156
367,156
479,156
0,157
296,157
364,157
479,157
0,158
297,158
366,158
479,158
0,159
297,159
370,159
479,159
0,160
297,160
373,160
479,160
0,161
296,161
374,161
479,161
0,162
296,162
373,162
479,162
0,163
295,163
371,163
479,163
0,164
115,164
118,164
295,164
374,164
479,164
0,165
115,165
118,165
295,165
382,165
479,165
0,166
115,166
118,166
295,166
383,166
479,166
0,167
294,167
383,167
479,167
0,168
292,168
381,168
479,168
0,169
33,169
36,169
290,169
376,169
479,169
0,170
32,170
36,170
288,170
377,170
378,170
381,170
479,170
0,171
32,171
36,171
286,171
380,171
479,171
0,172
32,172
35,172
285,172
382,172
479,172
0,173
284,173
383,173
479,173
0,174
113,174
117,174
195,174
197,174
284,174
383,174
479,174
0,175
113,175
117,175
195,175
197,175
283,175
386,175
479,175
0,176
113,176
116,176
282,176
386,176
479,176
0,177
281,177
377,177
381,177
386,177
479,177
0,178
280,178
376,178
470,178
474,178
479,178
0,179
280,179
377,179
470,179
474,179
479,179
0,180
280,180
290,180
290,180
379,180
479,180
0,181
56,181
60,181
273,181
289,181
290,181
379,181
479,181
0,182
56,182
60,182
271,182
289,182
289,182
381,182
479,182
0,183
57,183
60,183
270,183
382,183
479,183
0,184
270,184
381,184
479,184
0,185
270,185
380,185
479,185
0,186
155,186
158,186
270,186
380,186
479,186
0,187
154,187
159,187
271,187
380,187
479,187
0,188
155,188
158,188
271,188
379,188
479,188
0,189
271,189
380,189
479,189
0,190
272,190
378,190
479,190
0,191
273,191
378,191
378,191
380,191
381,191
383,191
479,191
0,192
275,192
381,192
479,192
0,193
274,193
383,193
479,193
0,194
274,194
281,194
281,194
386,194
479,194
0,195
274,195
280,195
282,195
313,195
314,195
388,195
479,195
0,196
225,196
228,196
274,196
281,196
283,196
313,196
315,196
388,196
479,196
0,197
225,197
229,197
275,197
280,197
284,197
312,197
316,197
375,197
377,197
384,197
479,197
0,198
225,198
229,198
283,198
285,198
285,198
312,198
314,198
316,198
318,198
375,198
379,198
383,198
479,198
0,199
52,199
54,199
286,199
312,199
317,199
319,199
320,199
379,199
479,199
0,200
50,200
56,200
286,200
288,200
288,200
292,200
292,200
312,200
317,200
319,200
320,200
383,200
479,200
0,201
50,201
56,201
288,201
292,201
293,201
311,201
320,201
365,201
366,201
383,201
479,201
0,202
49,202
57,202
167,202
171,202
289,202
292,202
296,202
311,202
321,202
372,202
376,202
378,202
379,202
382,202
479,202
0,203
49,203
57,203
167,203
171,203
297,203
311,203
321,203
373,203
479,203
0,204
47,204
57,204
167,204
170,204
297,204
310,204
321,204
373,204
379,204
382,204
479,204
0,205
47,205
49,205
49,205
57,205
297,205
310,205
321,205
337,205
338,205
372,205
479,205
0,206
47,206
49,206
49,206
57,206
171,206
174,206
297,206
310,206
321,206
337,206
340,206
356,206
358,206
366,206
366,206
373,206
479,206
0,207
47,207
57,207
171,207
175,207
297,207
310,207
322,207
337,207
343,207
356,207
359,207
366,207
368,207
373,207
479,207
0,208
47,208
57,208
171,208
174,208
297,208
310,208
322,208
338,208
346,208
356,208
356,208
358,208
361,208
367,208
370,208
372,208
479,208
0,209
45,209
47,209
47,209
57,209
298,209
309,209
322,209
338,209
348,209
357,209
361,209
367,209
479,209
0,210
45,210
57,210
298,210
309,210
322,210
338,210
349,210
357,210
363,210
367,210
479,210
0,211
45,211
58,211
299,211
308,211
320,211
322,211
322,211
337,211
348,211
357,211
358,211
360,211
364,211
368,211
479,211
0,212
44,212
58,212
299,212
308,212
322,212
337,212
348,212
355,212
355,212
357,212
365,212
368,212
479,212
0,213
41,213
59,213
128,213
131,213
300,213
307,213
323,213
337,213
348,213
355,213
479,213
0,214
40,214
61,214
128,214
132,214
302,214
306,214
323,214
336,214
350,214
354,214
479,214
0,215
40,215
62,215
129,215
132,215
324,215
336,215
350,215
354,215
479,215
0,216
39,216
62,216
324,216
335,216
350,216
354,216
479,216
0,217
38,217
63,217
325,217
334,217
350,217
353,217
479,217
0,218
38,218
64,218
479,218
0,219
37,219
61,219
479,219
0,220
37,220
39,220
39,220
63,220
479,220
0,221
37,221
39,221
39,221
64,221
479,221
0,222
39,222
64,222
199,222
203,222
479,222
0,223
39,223
64,223
199,223
203,223
479,223
0,224
38,224
65,224
479,224
0,225
36,225
65,225
479,225
0,226
37,226
65,226
479,226
0,227
37,227
65,227
479,227
0,228
38,228
65,228
479,228
0,229
19,229
22,229
37,229
65,229
479,229
0,230
19,230
22,230
37,230
65,230
479,230
0,231
37,231
65,231
479,231
0,232
37,232
65,232
423,232
425,232
479,232
0,233
33,233
68,233
422,233
426,233
479,233
0,234
30,234
71,234
422,234
426,234
479,234
0,235
26,235
73,235
422,235
426,235
479,235
0,236
24,236
74,236
479,236
0,237
24,237
77,237
479,237
0,238
24,238
78,238
479,238
0,239
24,239
78,239
196,239
202,239
479,239
0,240
24,240
79,240
194,240
202,240
479,240
0,241
23,241
79,241
193,241
203,241
479,241
0,242
23,242
80,242
192,242
204,242
479,242
0,243
24,243
80,243
192,243
205,243
479,243
0,244
21,244
80,244
93,244
99,244
192,244
206,244
479,244
0,245
21,245
81,245
93,245
99,245
191,245
207,245
479,245
0,246
20,246
81,246
90,246
92,246
92,246
100,246
191,246
207,246
479,246
0,247
20,247
81,247
90,247
101,247
190,247
207,247
479,247
0,248
20,248
81,248
90,248
103,248
188,248
207,248
479,248
0,249
20,249
81,249
90,249
103,249
189,249
208,249
479,249
0,250
20,250
81,250
89,250
103,250
189,250
208,250
479,250
0,251
20,251
81,251
89,251
106,251
188,251
209,251
479,251
0,252
20,252
81,252
84,252
108,252
187,252
209,252
479,252
0,253
20,253
81,253
83,253
107,253
187,253
210,253
479,253
0,254
20,254
81,254
83,254
106,254
186,254
210,254
479,254
0,255
20,255
81,255
85,255
106,255
186,255
210,255
479,255
0,256
19,256
82,256
85,256
107,256
185,256
210,256
479,256
0,257
19,257
82,257
83,257
107,257
185,257
210,257
479,257
0,258
19,258
82,258
83,258
107,258
185,258
211,258
479,258
0,259
19,259
83,259
83,259
107,259
185,259
210,259
479,259
0,260
19,260
83,260
83,260
108,260
185,260
210,260
479,260
0,261
19,261
83,261
83,261
108,261
185,261
211,261
479,261
0,262
19,262
83,262
83,262
109,262
186,262
211,262
479,262
0,263
19,263
109,263
186,263
211,263
479,263
0,264
19,264
83,264
83,264
110,264
184,264
212,264
479,264
0,265
19,265
83,265
83,265
109,265
184,265
212,265
479,265
0,266
19,266
83,266
83,266
109,266
184,266
212,266
479,266
0,267
19,267
83,267
84,267
110,267
184,267
212,267
479,267
0,268
19,268
110,268
184,268
212,268
479,268
0,269
19,269
111,269
184,269
212,269
479,269
0,270
19,270
81,270
81,270
111,270
184,270
212,270
479,270
0,271
19,271
81,271
81,271
111,271
184,271
212,271
479,271
0,272
19,272
81,272
82,272
111,272
184,272
212,272
479,272
0,273
19,273
81,273
82,273
112,273
185,273
212,273
479,273
0,274
19,274
82,274
82,274
124,274
124,274
128,274
128,274
131,274
133,274
141,274
185,274
212,274
479,274
0,275
19,275
82,275
82,275
154,275
185,275
212,275
479,275
0,276
19,276
168,276
185,276
212,276
479,276
0,277
18,277
175,277
185,277
212,277
479,277
0,278
0,278
4,278
8,278
14,278
18,278
176,278
184,278
212,278
479,278
177,279
184,279
212,279
479,279
178,280
184,280
212,280
479,280
180,281
184,281
212,281
479,281
180,282
184,282
211,282
479,282
182,283
184,283
211,283
479,283
211,284
382,284
384,284
479,284
212,285
381,285
385,285
479,285
211,286
381,286
384,286
479,286
212,287
479,287
212,288
479,288
212,289
479,289
212,290
479,290
211,291
479,291
211,292
479,292
211,293
479,293
211,294
479,294
211,295
479,295
211,296
479,296
211,297
479,297
211,298
479,298
211,299
479,299
211,300
479,300
211,301
479,301
211,302
479,302
211,303
479,303
211,304
479,304
211,305
479,305
211,306
479,306
211,307
479,307
211,308
479,308
211,309
479,309
211,310
479,310
211,311
479,311
211,312
479,312
211,313
479,313
211,314
479,314
211,315
479,315
211,316
479,316
211,317
479,317
211,318
479,318
211,319
479,319
211,320
479,320
211,321
479,321
211,322
479,322
211,323
479,323
211,324
479,324
211,325
479,325
211,326
479,326
211,327
479,327
211,328
479,328
211,329
479,329
211,330
479,330
211,331
479,331
211,332
479,332
211,333
479,333
211,334
479,334
211,335
479,335
211,336
479,336
211,337
479,337
211,338
479,338
211,339
479,339
211,340
479,340
211,341
479,341
211,342
479,342
211,343
479,343
211,344
479,344
211,345
479,345
211,346
479,346
211,347
479,347
211,348
479,348
211,349
479,349
211,350
479,350
211,351
479,351
211,352
479,352
211,353
479,353
210,354
479,354
210,355
479,355
210,356
479,356
210,357
479,357
210,358
479,358
210,359
479,359
