0,0
479,0
0,1
479,1
0,2
479,2
0,3
479,3
0,4
479,4
0,5
479,5
0,6
479,6
0,7
479,7
0,8
479,8
0,9
479,9
0,10
479,10
0,11
479,11
0,12
479,12
0,13
479,13
0,14
479,14
0,15
479,15
0,16
479,16
0,17
87,17
90,17
479,17
0,18
87,18
90,18
479,18
0,19
87,19
90,19
479,19
0,20
88,20
90,20
479,20
0,21
479,21
0,22
479,22
0,23
479,23
0,24
479,24
0,25
479,25
0,26
110,26
113,26
181,26
184,26
479,26
0,27
109,27
113,27
181,27
184,27
479,27
0,28
109,28
113,28
479,28
0,29
479,29
0,30
479,30
0,31
479,31
0,32
479,32
0,33
479,33
0,34
479,34
0,35
479,35
0,36
479,36
0,37
479,37
0,38
330,38
334,38
479,38
0,39
330,39
334,39
479,39
0,40
331,40
334,40
479,40
0,41
479,41
0,42
330,42
333,42
479,42
0,43
479,43
0,44
479,44
0,45
31,45
33,45
479,45
0,46
30,46
32,46
479,46
0,47
479,47
0,48
479,48
0,49
479,49
0,50
479,50
0,51
479,51
0,52
479,52
0,53
479,53
0,54
479,54
0,55
479,55
0,56
479,56
0,57
479,57
0,58
479,58
0,59
479,59
0,60
479,60
0,61
479,61
0,62
479,62
0,63
479,63
0,64
479,64
0,65
469,65
473,65
479,65
0,66
158,66
161,66
165,66
168,66
469,66
473,66
479,66
0,67
158,67
162,67
165,67
169,67
469,67
472,67
479,67
0,68
158,68
161,68
165,68
169,68
303,68
306,68
479,68
0,69
166,69
168,69
302,69
307,69
479,69
0,70
302,70
307,70
479,70
0,71
303,71
305,71
479,71
0,72
479,72
0,73
479,73
0,74
479,74
0,75
29,75
32,75
479,75
0,76
29,76
33,76
144,76
147,76
424,76
428,76
479,76
0,77
29,77
33,77
144,77
147,77
424,77
428,77
479,77
0,78
144,78
147,78
424,78
428,78
479,78
0,79
427,79
429,79
469,79
471,79
479,79
0,80
194,80
198,80
425,80
429,80
468,80
472,80
479,80
0,81
194,81
198,81
425,81
429,81
468,81
472,81
479,81
0,82
194,82
197,82
262,82
266,82
425,82
429,82
468,82
472,82
479,82
0,83
262,83
266,83
479,83
0,84
263,84
266,84
479,84
0,85
479,85
0,86
479,86
0,87
235,87
238,87
479,87
0,88
234,88
238,88
299,88
302,88
479,88
0,89
235,89
239,89
479,89
0,90
298,90
308,90
479,90
0,91
296,91
309,91
310,91
312,91
479,91
0,92
295,92
310,92
479,92
0,93
294,93
311,93
468,93
472,93
479,93
0,94
293,94
312,94
468,94
472,94
479,94
0,95
293,95
312,95
468,95
472,95
479,95
0,96
292,96
312,96
479,96
0,97
218,97
220,97
291,97
313,97
479,97
0,98
218,98
221,98
291,98
313,98
479,98
0,99
271,99
274,99
288,99
290,99
290,99
313,99
479,99
0,100
270,100
274,100
289,100
313,100
479,100
0,101
270,101
274,101
289,101
313,101
479,101
0,102
270,102
272,102
287,102
313,102
479,102
0,103
286,103
288,103
288,103
313,103
479,103
0,104
288,104
313,104
356,104
359,104
479,104
0,105
285,105
287,105
287,105
313,105
355,105
360,105
479,105
0,106
287,106
314,106
355,106
360,106
479,106
0,107
285,107
314,107
479,107
0,108
284,108
314,108
479,108
0,109
274,109
279,109
283,109
314,109
479,109
0,110
274,110
315,110
479,110
0,111
275,111
315,111
479,111
0,112
276,112
316,112
479,112
0,113
279,113
321,113
479,113
0,114
276,114
324,114
479,114
0,115
269,115
271,115
274,115
331,115
423,115
426,115
479,115
0,116
272,116
335,116
422,116
426,116
479,116
0,117
45,117
48,117
270,117
336,117
422,117
426,117
479,117
0,118
27,118
31,118
45,118
49,118
268,118
336,118
422,118
426,118
479,118
0,119
27,119
31,119
45,119
49,119
266,119
336,119
479,119
0,120
28,120
30,120
266,120
336,120
479,120
0,121
266,121
335,121
479,121
0,122
268,122
334,122
479,122
0,123
231,123
234,123
268,123
333,123
414,123
417,123
479,123
0,124
231,124
234,124
268,124
278,124
283,124
333,124
413,124
417,124
479,124
0,125
38,125
41,125
231,125
234,125
269,125
273,125
279,125
281,125
284,125
331,125
413,125
417,125
479,125
0,126
38,126
41,126
284,126
329,126
479,126
0,127
38,127
41,127
285,127
330,127
396,127
399,127
479,127
0,128
285,128
330,128
395,128
399,128
479,128
0,129
286,129
329,129
395,129
399,129
479,129
0,130
286,130
329,130
479,130
0,131
286,131
330,131
479,131
0,132
286,132
331,132
479,132
0,133
286,133
332,133
479,133
0,134
286,134
333,134
479,134
0,135
286,135
333,135
479,135
0,136
286,136
327,136
328,136
333,136
479,136
0,137
287,137
325,137
329,137
333,137
479,137
0,138
287,138
325,138
331,138
333,138
479,138
0,139
286,139
324,139
479,139
0,140
285,140
325,140
479,140
0,141
285,141
318,141
318,141
321,141
322,141
325,141
479,141
0,142
284,142
318,142
319,142
321,142
479,142
0,143
284,143
318,143
479,143
0,144
284,144
318,144
479,144
0,145
283,145
318,145
479,145
0,146
283,146
318,146
333,146
337,146
479,146
0,147
161,147
165,147
283,147
318,147
330,147
337,147
337,147
339,147
479,147
0,148
94,148
97,148
161,148
165,148
283,148
318,148
328,148
337,148
337,148
339,148
479,148
0,149
94,149
97,149
161,149
164,149
284,149
318,149
325,149
337,149
337,149
339,149
479,149
0,150
284,150
318,150
323,150
337,150
479,150
0,151
284,151
318,151
321,151
337,151
479,151
0,152
153,152
155,152
284,152
318,152
320,152
336,152
479,152
0,153
152,153
156,153
285,153
318,153
318,153
336,153
479,153
0,154
152,154
155,154
285,154
336,154
479,154
0,155
285,155
336,155
479,155
0,156
285,156
335,156
479,156
0,157
285,157
335,157
479,157
0,158
285,158
334,158
479,158
0,159
285,159
334,159
479,159
0,160
286,160
333,160
479,160
0,161
287,161
332,161
479,161
0,162
289,162
332,162
479,162
0,163
290,163
331,163
479,163
0,164
114,164
117,164
288,164
290,164
290,164
330,164
479,164
0,165
114,165
116,165
291,165
330,165
479,165
0,166
291,166
331,166
331,166
350,166
351,166
358,166
359,166
361,166
479,166
0,167
291,167
362,167
479,167
0,168
30,168
34,168
291,168
361,168
479,168
0,169
30,169
34,169
292,169
360,169
479,169
0,170
30,170
34,170
292,170
359,170
479,170
0,171
292,171
357,171
479,171
0,172
291,172
360,172
479,172
0,173
112,173
116,173
195,173
198,173
291,173
362,173
479,173
0,174
112,174
116,174
195,174
198,174
290,174
365,174
479,174
0,175
112,175
116,175
290,175
367,175
479,175
0,176
290,176
367,176
479,176
0,177
290,177
366,177
476,177
0,178
290,178
365,178
476,178
0,179
290,179
370,179
479,179
0,180
55,180
58,180
289,180
374,180
479,180
0,181
55,181
59,181
288,181
375,181
479,181
0,182
55,182
58,182
286,182
375,182
479,182
0,183
285,183
374,183
375,183
377,183
479,183
0,184
284,184
369,184
479,184
0,185
155,185
158,185
283,185
371,185
479,185
0,186
155,186
159,186
282,186
374,186
479,186
0,187
155,187
159,187
281,187
375,187
479,187
0,188
276,188
278,188
280,188
376,188
479,188
0,189
280,189
376,189
479,189
0,190
271,190
278,190
279,190
379,190
479,190
0,191
267,191
286,191
287,191
369,191
370,191
379,191
479,191
0,192
267,192
369,192
375,192
379,192
479,192
0,193
267,193
370,193
479,193
0,194
55,194
60,194
267,194
371,194
371,194
373,194
479,194
0,195
54,195
60,195
268,195
372,195
372,195
374,195
479,195
0,196
53,196
61,196
227,196
230,196
267,196
373,196
479,196
0,197
52,197
61,197
227,197
230,197
268,197
374,197
479,197
0,198
51,198
62,198
268,198
375,198
479,198
0,199
51,199
62,199
269,199
374,199
479,199
0,200
51,200
62,200
271,200
373,200
479,200
0,201
53,201
62,201
168,201
172,201
272,201
373,201
479,201
0,202
51,202
62,202
168,202
172,202
271,202
373,202
479,202
0,203
49,203
51,203
51,203
62,203
62,203
64,203
168,203
172,203
271,203
277,203
278,203
371,203
479,203
0,204
48,204
51,204
51,204
62,204
271,204
277,204
278,204
371,204
479,204
0,205
48,205
62,205
271,205
278,205
279,205
372,205
479,205
0,206
48,206
63,206
171,206
176,206
272,206
278,206
279,206
308,206
309,206
372,206
376,206
378,206
479,206
0,207
47,207
63,207
172,207
176,207
279,207
282,207
282,207
308,207
310,207
374,207
479,207
0,208
46,208
63,208
283,208
307,208
309,208
311,208
311,208
377,208
479,208
0,209
44,209
66,209
282,209
284,209
284,209
307,209
312,209
379,209
479,209
0,210
44,210
67,210
285,210
307,210
314,210
380,210
479,210
0,211
43,211
67,211
285,211
287,211
288,211
306,211
311,211
314,211
315,211
367,211
368,211
381,211
479,211
0,212
42,212
68,212
290,212
306,212
307,212
309,212
312,212
314,212
315,212
367,212
370,212
376,212
378,212
380,212
479,212
0,213
42,213
69,213
127,213
132,213
291,213
306,213
316,213
368,213
368,213
370,213
373,213
376,213
479,213
0,214
42,214
69,214
128,214
132,214
291,214
306,214
316,214
372,214
479,214
0,215
43,215
68,215
291,215
306,215
313,215
315,215
316,215
375,215
479,215
0,216
40,216
42,216
43,216
69,216
291,216
305,216
313,216
315,216
316,216
364,216
365,216
375,216
479,216
0,217
32,217
34,217
40,217
42,217
42,217
69,217
291,217
305,217
314,217
316,217
316,217
365,217
370,217
374,217
479,217
0,218
30,218
35,218
40,218
42,218
42,218
69,218
70,218
72,218
291,218
305,218
314,218
316,218
316,218
366,218
479,218
0,219
30,219
34,219
42,219
69,219
70,219
72,219
291,219
304,219
314,219
316,219
317,219
332,219
332,219
365,219
479,219
0,220
42,220
69,220
69,220
71,220
292,220
304,220
314,220
316,220
317,220
332,220
334,220
349,220
350,220
357,220
358,220
364,220
479,220
0,221
41,221
71,221
201,221
204,221
292,221
304,221
314,221
316,221
317,221
332,221
335,221
349,221
349,221
351,221
351,221
358,221
360,221
366,221
479,221
0,222
41,222
70,222
201,222
205,222
292,222
303,222
317,222
332,222
337,222
348,222
349,222
351,222
353,222
358,222
361,222
366,222
479,222
0,223
41,223
70,223
201,223
205,223
293,223
303,223
317,223
332,223
340,223
348,223
354,223
359,223
359,223
361,223
479,223
0,224
41,224
70,224
294,224
302,224
317,224
332,224
341,224
349,224
355,224
359,224
479,224
0,225
41,225
70,225
295,225
302,225
318,225
331,225
341,225
349,225
355,225
360,225
362,225
365,225
479,225
0,226
40,226
70,226
318,226
331,226
341,226
350,226
356,226
360,226
479,226
0,227
20,227
23,227
40,227
70,227
319,227
330,227
341,227
347,227
358,227
360,227
479,227
0,228
20,228
23,228
38,228
70,228
320,228
329,228
341,228
347,228
479,228
0,229
36,229
73,229
322,229
327,229
343,229
347,229
479,229
0,230
33,230
74,230
343,230
346,230
479,230
0,231
30,231
78,231
343,231
346,231
479,231
0,232
28,232
79,232
343,232
346,232
427,232
430,232
479,232
0,233
27,233
79,233
427,233
431,233
479,233
0,234
27,234
82,234
427,234
431,234
479,234
0,235
27,235
83,235
427,235
431,235
479,235
0,236
28,236
83,236
210,236
215,236
479,236
0,237
25,237
84,237
209,237
216,237
479,237
0,238
25,238
85,238
207,238
218,238
479,238
0,239
25,239
85,239
106,239
110,239
207,239
218,239
479,239
0,240
25,240
86,240
105,240
111,240
206,240
219,240
479,240
0,241
24,241
86,241
104,241
111,241
205,241
220,241
479,241
0,242
23,242
86,242
103,242
112,242
205,242
220,242
479,242
0,243
23,243
86,243
102,243
113,243
205,243
221,243
479,243
0,244
22,244
87,244
101,244
114,244
204,244
221,244
479,244
0,245
22,245
87,245
100,245
115,245
203,245
222,245
479,245
0,246
22,246
88,246
100,246
116,246
202,246
223,246
479,246
0,247
23,247
88,247
100,247
116,247
202,247
223,247
479,247
0,248
23,248
88,248
99,248
117,248
202,248
223,248
479,248
0,249
23,249
88,249
99,249
118,249
202,249
224,249
479,249
0,250
20,250
22,250
22,250
87,250
97,250
119,250
201,250
225,250
479,250
0,251
22,251
87,251
97,251
119,251
200,251
225,251
479,251
0,252
22,252
87,252
96,252
119,252
200,252
225,252
479,252
0,253
22,253
87,253
95,253
119,253
199,253
225,253
479,253
0,254
22,254
87,254
94,254
120,254
199,254
226,254
479,254
0,255
22,255
88,255
93,255
120,255
198,255
200,255
200,255
226,255
479,255
0,256
22,256
88,256
94,256
121,256
198,256
226,256
479,256
0,257
22,257
88,257
94,257
121,257
199,257
226,257
479,257
0,258
22,258
88,258
94,258
121,258
198,258
226,258
479,258
0,259
22,259
87,259
93,259
121,259
198,259
227,259
479,259
0,260
22,260
87,260
94,260
122,260
199,260
226,260
479,260
0,261
22,261
87,261
92,261
122,261
198,261
226,261
479,261
0,262
22,262
87,262
92,262
122,262
198,262
227,262
479,262
0,263
22,263
87,263
93,263
121,263
198,263
227,263
479,263
0,264
22,264
88,264
94,264
121,264
198,264
226,264
479,264
0,265
22,265
88,265
92,265
121,265
198,265
226,265
479,265
0,266
22,266
88,266
92,266
121,266
198,266
227,266
479,266
0,267
22,267
88,267
92,267
121,267
121,267
123,267
198,267
227,267
479,267
0,268
22,268
88,268
92,268
123,268
198,268
226,268
479,268
0,269
21,269
89,269
92,269
123,269
199,269
226,269
479,269
0,270
22,270
89,270
92,270
123,270
199,270
227,270
479,270
0,271
22,271
89,271
92,271
127,271
198,271
226,271
479,271
0,272
22,272
89,272
91,272
132,272
198,272
226,272
479,272
0,273
22,273
89,273
91,273
146,273
198,273
226,273
479,273
0,274
22,274
90,274
91,274
174,274
198,274
226,274
479,274
0,275
22,275
91,275
91,275
183,275
198,275
226,275
479,275
0,276
22,276
187,276
198,276
226,276
479,276
3,277
7,277
11,277
21,277
189,277
198,277
226,277
479,277
18,278
21,278
190,278
198,278
226,278
479,278
191,279
198,279
226,279
479,279
193,280
198,280
226,280
479,280
195,281
198,281
226,281
479,281
195,282
198,282
226,282
479,282
196,283
198,283
226,283
479,283
198,284
198,284
226,284
479,284
198,285
199,285
227,285
479,285
226,286
386,286
389,286
479,286
226,287
386,287
389,287
479,287
226,288
479,288
226,289
479,289
226,290
479,290
226,291
479,291
226,292
479,292
226,293
479,293
226,294
479,294
226,295
479,295
226,296
479,296
226,297
479,297
226,298
479,298
226,299
479,299
226,300
479,300
226,301
479,301
226,302
479,302
226,303
479,303
226,304
479,304
226,305
479,305
226,306
479,306
226,307
479,307
226,308
479,308
226,309
479,309
226,310
479,310
226,311
479,311
226,312
479,312
226,313
479,313
226,314
479,314
226,315
479,315
226,316
479,316
226,317
479,317
226,318
479,318
226,319
479,319
226,320
479,320
226,321
479,321
226,322
479,322
226,323
479,323
226,324
479,324
226,325
479,325
226,326
479,326
226,327
479,327
226,328
479,328
226,329
479,329
226,330
479,330
226,331
479,331
226,332
479,332
226,333
479,333
226,334
479,334
226,335
479,335
226,336
479,336
226,337
479,337
226,338
479,338
226,339
479,339
226,340
479,340
226,341
479,341
226,342
479,342
226,343
479,343
226,344
479,344
226,345
479,345
226,346
479,346
226,347
479,347
226,348
479,348
226,349
479,349
226,350
479,350
226,351
479,351
226,352
479,352
226,353
479,353
226,354
479,354
226,355
479,355
226,356
479,356
226,357
479,357
226,358
479,358
226,359
479,359
