0,0
479,0
0,1
479,1
0,2
479,2
0,3
479,3
0,4
479,4
0,5
479,5
0,6
479,6
0,7
479,7
0,8
479,8
0,9
479,9
0,10
479,10
0,11
479,11
0,12
479,12
0,13
479,13
0,14
479,14
0,15
479,15
0,16
479,16
0,17
479,17
0,18
479,18
0,19
479,19
0,20
479,20
0,21
479,21
0,22
479,22
0,23
479,23
0,24
479,24
0,25
479,25
0,26
479,26
0,27
479,27
0,28
479,28
0,29
479,29
0,30
479,30
0,31
343,31
352,31
479,31
0,32
65,32
69,32
340,32
356,32
479,32
0,33
65,33
70,33
338,33
357,33
479,33
0,34
67,34
71,34
337,34
359,34
479,34
0,35
69,35
73,35
335,35
360,35
479,35
0,36
70,36
74,36
334,36
361,36
479,36
0,37
70,37
75,37
333,37
361,37
479,37
0,38
71,38
77,38
332,38
362,38
479,38
0,39
72,39
77,39
331,39
362,39
479,39
0,40
73,40
78,40
330,40
363,40
479,40
0,41
74,41
80,41
330,41
363,41
479,41
0,42
75,42
80,42
329,42
364,42
479,42
0,43
76,43
80,43
326,43
328,43
328,43
364,43
479,43
0,44
77,44
79,44
327,44
364,44
364,44
366,44
479,44
0,45
327,45
364,45
364,45
366,45
479,45
0,46
326,46
364,46
479,46
0,47
326,47
363,47
479,47
0,48
325,48
362,48
479,48
0,49
324,49
361,49
479,49
0,50
324,50
361,50
479,50
0,51
323,51
362,51
479,51
0,52
323,52
362,52
479,52
0,53
323,53
363,53
479,53
0,54
322,54
363,54
479,54
0,55
322,55
363,55
479,55
0,56
321,56
363,56
479,56
0,57
321,57
364,57
479,57
0,58
320,58
364,58
479,58
0,59
320,59
365,59
479,59
0,60
320,60
365,60
479,60
0,61
319,61
365,61
479,61
0,62
319,62
366,62
479,62
0,63
319,63
366,63
479,63
0,64
318,64
366,64
479,64
0,65
317,65
367,65
479,65
0,66
315,66
367,66
479,66
0,67
302,67
304,67
313,67
367,67
367,67
370,67
479,67
0,68
304,68
306,68
312,68
368,68
479,68
0,69
297,69
303,69
311,69
368,69
479,69
0,70
297,70
306,70
309,70
373,70
479,70
0,71
297,71
308,71
309,71
379,71
479,71
0,72
297,72
386,72
396,72
398,72
479,72
0,73
298,73
391,73
403,73
405,73
479,73
0,74
299,74
395,74
395,74
398,74
403,74
405,74
479,74
0,75
299,75
403,75
479,75
0,76
296,76
406,76
479,76
0,77
293,77
406,77
479,77
0,78
292,78
406,78
479,78
0,79
290,79
406,79
479,79
0,80
285,80
287,80
288,80
406,80
479,80
0,81
287,81
406,81
479,81
0,82
285,82
405,82
479,82
0,83
284,83
405,83
479,83
0,84
283,84
405,84
479,84
0,85
282,85
404,85
479,85
0,86
281,86
403,86
479,86
0,87
281,87
404,87
479,87
0,88
282,88
401,88
479,88
0,89
284,89
400,89
479,89
0,90
283,90
400,90
479,90
0,91
284,91
399,91
479,91
0,92
284,92
286,92
286,92
396,92
479,92
0,93
286,93
306,93
306,93
396,93
479,93
0,94
286,94
303,94
313,94
395,94
479,94
0,95
290,95
294,95
314,95
392,95
394,95
396,95
479,95
0,96
315,96
394,96
479,96
0,97
315,97
395,97
479,97
0,98
316,98
397,98
397,98
399,98
479,98
0,99
316,99
398,99
398,99
400,99
479,99
0,100
316,100
399,100
400,100
402,100
479,100
0,101
316,101
399,101
479,101
0,102
316,102
401,102
479,102
0,103
317,103
402,103
479,103
0,104
317,104
403,104
479,104
0,105
317,105
404,105
479,105
0,106
317,106
388,106
395,106
400,106
400,106
403,106
479,106
0,107
317,107
393,107
399,107
401,107
479,107
0,108
317,108
392,108
479,108
0,109
317,109
391,109
479,109
0,110
312,110
314,110
317,110
390,110
390,110
392,110
479,110
0,111
312,111
314,111
317,111
388,111
479,111
0,112
310,112
312,112
317,112
384,112
479,112
0,113
315,113
385,113
479,113
0,114
311,114
386,114
386,114
388,114
479,114
0,115
307,115
382,115
382,115
384,115
432,115
434,115
479,115
0,116
305,116
383,116
429,116
434,116
479,116
0,117
303,117
386,117
386,117
388,117
429,117
433,117
479,117
0,118
303,118
387,118
425,118
431,118
479,118
0,119
301,119
379,119
380,119
388,119
423,119
430,119
479,119
0,120
298,120
379,120
382,120
384,120
423,120
428,120
479,120
0,121
298,121
374,121
374,121
381,121
479,121
0,122
296,122
374,122
479,122
0,123
295,123
374,123
479,123
0,124
294,124
374,124
479,124
0,125
292,125
374,125
479,125
0,126
292,126
375,126
479,126
0,127
291,127
375,127
479,127
0,128
291,128
372,128
479,128
0,129
290,129
372,129
401,129
404,129
408,129
411,129
479,129
0,130
286,130
288,130
290,130
372,130
398,130
400,130
400,130
411,130
479,130
0,131
288,131
372,131
396,131
411,131
479,131
0,132
287,132
372,132
393,132
411,132
479,132
0,133
286,133
372,133
389,133
411,133
479,133
0,134
285,134
372,134
387,134
411,134
413,134
415,134
479,134
0,135
284,135
372,135
386,135
411,135
413,135
415,135
479,135
0,136
283,136
372,136
383,136
411,136
413,136
415,136
479,136
0,137
282,137
372,137
382,137
411,137
479,137
0,138
279,138
281,138
282,138
372,138
379,138
411,138
479,138
0,139
279,139
281,139
282,139
372,139
378,139
410,139
479,139
0,140
279,140
281,140
282,140
372,140
373,140
375,140
376,140
410,140
479,140
0,141
279,141
281,141
282,141
314,141
314,141
319,141
319,141
372,141
372,141
374,141
374,141
410,141
479,141
0,142
283,142
302,142
302,142
314,142
317,142
372,142
372,142
410,142
479,142
0,143
284,143
299,143
299,143
301,143
302,143
313,143
315,143
317,143
320,143
371,143
371,143
409,143
479,143
0,144
284,144
297,144
302,144
312,144
320,144
409,144
479,144
0,145
285,145
295,145
302,145
312,145
320,145
409,145
409,145
411,145
433,145
435,145
467,145
470,145
473,145
478,145
479,145
0,146
286,146
294,146
302,146
312,146
320,146
409,146
420,146
447,146
461,146
478,146
479,146
0,147
289,147
291,147
302,147
312,147
321,147
477,147
479,147
0,148
303,148
312,148
321,148
476,148
479,148
0,149
303,149
311,149
321,149
475,149
479,149
0,150
303,150
311,150
322,150
474,150
479,150
0,151
302,151
311,151
322,151
472,151
479,151
0,152
299,152
301,152
302,152
311,152
323,152
470,152
479,152
0,153
299,153
301,153
301,153
312,153
323,153
468,153
470,153
473,153
479,153
0,154
301,154
312,154
323,154
467,154
479,154
0,155
301,155
312,155
323,155
467,155
470,155
472,155
479,155
0,156
301,156
312,156
324,156
469,156
479,156
0,157
302,157
312,157
324,157
470,157
474,157
476,157
479,157
0,158
324,158
473,158
479,158
0,159
309,159
312,159
325,159
475,159
479,159
0,160
323,160
476,160
479,160
0,161
323,161
325,161
325,161
478,161
479,161
0,162
325,162
479,162
479,162
0,163
326,163
0,164
325,164
0,165
325,165
0,166
326,166
0,167
327,167
0,168
327,168
0,169
327,169
0,170
328,170
0,171
328,171
0,172
328,172
0,173
327,173
0,174
327,174
0,175
326,175
0,176
326,176
0,177
325,177
0,178
324,178
0,179
324,179
0,180
324,180
0,181
324,181
0,182
324,182
0,183
324,183
0,184
324,184
0,185
324,185
0,186
324,186
0,187
323,187
8,188
322,188
8,189
319,189
6,190
316,190
0,191
315,191
0,192
312,192
0,193
311,193
0,194
310,194
0,195
309,195
0,196
307,196
0,197
306,197
0,198
306,198
0,199
304,199
0,200
303,200
0,201
302,201
0,202
301,202
0,203
301,203
0,204
301,204
0,205
300,205
0,206
300,206
0,207
299,207
0,208
299,208
0,209
298,209
314,209
315,209
0,210
298,210
314,210
314,210
0,211
298,211
0,212
291,212
312,212
312,212
0,213
291,213
0,214
289,214
0,215
289,215
0,216
289,216
0,217
289,217
0,218
289,218
0,219
289,219
0,220
289,220
0,221
289,221
0,222
290,222
0,223
290,223
0,224
291,224
0,225
291,225
0,226
292,226
0,227
293,227
0,228
295,228
0,229
295,229
0,230
295,230
0,231
294,231
0,232
294,232
0,233
294,233
0,234
294,234
358,234
359,234
0,235
295,235
359,235
361,235
0,236
295,236
303,236
303,236
357,236
358,236
360,236
362,236
0,237
295,237
303,237
303,237
357,237
358,237
362,237
363,237
0,238
296,238
303,238
303,238
357,238
364,238
0,239
298,239
302,239
307,239
356,239
365,239
0,240
310,240
318,240
321,240
356,240
368,240
0,241
311,241
318,241
322,241
356,241
368,241
0,242
308,242
311,242
311,242
319,242
325,242
356,242
368,242
0,243
309,243
311,243
312,243
320,243
322,243
325,243
326,243
355,243
368,243
0,244
311,244
313,244
313,244
320,244
326,244
355,244
369,244
0,245
313,245
321,245
326,245
355,245
369,245
0,246
313,246
320,246
325,246
327,246
327,246
354,246
370,246
0,247
314,247
320,247
325,247
327,247
327,247
354,247
370,247
0,248
315,248
320,248
325,248
327,248
327,248
354,248
370,248
0,249
315,249
320,249
325,249
327,249
327,249
353,249
370,249
0,250
316,250
320,250
327,250
353,250
371,250
0,251
327,251
353,251
371,251
0,252
327,252
352,252
371,252
0,253
327,253
352,253
371,253
0,254
327,254
352,254
371,254
408,254
412,254
0,255
326,255
352,255
371,255
408,255
409,255
411,255
414,255
0,256
327,256
351,256
371,256
409,256
409,256
412,256
414,256
449,256
449,256
0,257
327,257
351,257
372,257
409,257
417,257
449,257
451,257
0,258
327,258
351,258
372,258
409,258
414,258
416,258
418,258
451,258
451,258
469,258
469,258
0,259
328,259
350,259
372,259
409,259
419,259
453,259
453,259
469,259
470,259
0,260
328,260
350,260
372,260
410,260
420,260
454,260
455,260
470,260
473,260
0,261
328,261
350,261
372,261
410,261
422,261
454,261
457,261
471,261
475,261
0,262
328,262
350,262
372,262
410,262
423,262
450,262
450,262
454,262
458,262
472,262
476,262
0,263
329,263
349,263
372,263
408,263
425,263
450,263
451,263
454,263
459,263
472,263
478,263
0,264
329,264
349,264
373,264
408,264
427,264
449,264
451,264
454,264
460,264
473,264
477,264
0,265
329,265
349,265
373,265
405,265
405,265
408,265
429,265
450,265
450,265
452,265
460,265
462,265
462,265
474,265
479,265
0,266
330,266
348,266
373,266
405,266
405,266
408,266
431,266
452,266
460,266
462,266
462,266
474,266
479,266
0,267
330,267
348,267
373,267
405,267
432,267
451,267
461,267
463,267
463,267
475,267
479,267
0,268
331,268
348,268
374,268
405,268
431,268
451,268
465,268
475,268
479,268
0,269
332,269
348,269
374,269
405,269
432,269
451,269
465,269
475,269
476,269
478,269
479,269
0,270
332,270
347,270
348,270
350,270
375,270
405,270
432,270
452,270
465,270
476,270
476,270
478,270
479,270
0,271
333,271
347,271
376,271
405,271
406,271
408,271
432,271
453,271
469,271
476,271
479,271
0,272
334,272
346,272
376,272
405,272
432,272
453,272
470,272
476,272
479,272
0,273
335,273
346,273
377,273
398,273
398,273
405,273
433,273
448,273
449,273
454,273
472,273
477,273
479,273
0,274
337,274
345,274
378,274
397,274
398,274
405,274
434,274
449,274
449,274
454,274
473,274
477,274
479,274
0,275
338,275
343,275
343,275
346,275
379,275
396,275
397,275
399,275
401,275
405,275
434,275
448,275
451,275
454,275
474,275
478,275
479,275
0,276
380,276
395,276
401,276
405,276
434,276
448,276
449,276
451,276
451,276
454,276
473,276
477,276
479,276
0,277
382,277
393,277
401,277
405,277
434,277
448,277
479,277
0,278
434,278
447,278
479,278
0,279
435,279
447,279
479,279
0,280
435,280
447,280
479,280
0,281
436,281
447,281
479,281
0,282
437,282
447,282
479,282
0,283
437,283
446,283
479,283
0,284
439,284
446,284
479,284
0,285
441,285
446,285
479,285
0,286
441,286
446,286
479,286
0,287
441,287
446,287
479,287
0,288
479,288
0,289
479,289
0,290
479,290
0,291
479,291
0,292
479,292
0,293
479,293
0,294
479,294
0,295
479,295
0,296
479,296
0,297
479,297
0,298
479,298
0,299
479,299
0,300
479,300
0,301
479,301
0,302
479,302
0,303
479,303
0,304
479,304
0,305
479,305
0,306
479,306
0,307
479,307
0,308
479,308
0,309
479,309
0,310
479,310
0,311
479,311
0,312
479,312
0,313
479,313
0,314
479,314
0,315
479,315
0,316
479,316
0,317
479,317
0,318
479,318
0,319
479,319
0,320
479,320
0,321
479,321
0,322
479,322
0,323
479,323
0,324
479,324
0,325
479,325
0,326
479,326
0,327
479,327
0,328
479,328
0,329
479,329
0,330
479,330
0,331
479,331
0,332
479,332
0,333
479,333
0,334
479,334
0,335
479,335
0,336
479,336
0,337
479,337
0,338
479,338
0,339
479,339
0,340
479,340
0,341
479,341
0,342
479,342
0,343
479,343
0,344
479,344
0,345
479,345
0,346
479,346
1,347
479,347
3,348
479,348
7,349
479,349
11,350
15,350
17,350
479,350
14,351
15,351
18,351
479,351
20,352
479,352
22,353
479,353
22,354
479,354
21,355
104,355
107,355
479,355
22,356
101,356
104,356
479,356
22,357
101,357
104,357
479,357
23,358
99,358
102,358
479,358
23,359
99,359
102,359
479,359
