0,0
403,0
0,1
403,1
0,2
403,2
0,3
403,3
0,4
404,4
0,5
405,5
0,6
406,6
476,6
479,6
0,7
407,7
475,7
479,7
0,8
409,8
474,8
475,8
479,8
479,8
0,9
410,9
412,9
412,9
473,9
474,9
477,9
479,9
0,10
417,10
471,10
479,10
0,11
417,11
432,11
435,11
469,11
479,11
0,12
417,12
431,12
437,12
465,12
479,12
0,13
422,13
430,13
437,13
464,13
479,13
0,14
439,14
442,14
444,14
459,14
479,14
0,15
462,15
464,15
479,15
0,16
479,16
0,17
479,17
0,18
479,18
0,19
479,19
0,20
479,20
0,21
479,21
0,22
479,22
0,23
479,23
0,24
479,24
0,25
479,25
0,26
479,26
0,27
479,27
0,28
479,28
0,29
479,29
0,30
479,30
0,31
479,31
0,32
479,32
0,33
479,33
0,34
479,34
0,35
479,35
0,36
479,36
0,37
479,37
0,38
479,38
0,39
479,39
0,40
479,40
0,41
479,41
0,42
479,42
0,43
479,43
0,44
479,44
0,45
479,45
0,46
479,46
0,47
479,47
0,48
479,48
0,49
479,49
0,50
479,50
0,51
479,51
0,52
479,52
0,53
479,53
0,54
479,54
0,55
479,55
0,56
479,56
0,57
479,57
0,58
479,58
0,59
479,59
0,60
479,60
0,61
479,61
0,62
479,62
0,63
479,63
0,64
479,64
0,65
479,65
0,66
479,66
0,67
479,67
0,68
479,68
0,69
479,69
0,70
479,70
0,71
479,71
0,72
479,72
0,73
479,73
0,74
479,74
0,75
479,75
0,76
479,76
0,77
479,77
0,78
479,78
0,79
479,79
0,80
479,80
0,81
479,81
0,82
479,82
0,83
479,83
0,84
479,84
0,85
479,85
0,86
477,86
0,87
475,87
0,88
473,88
0,89
471,89
0,90
470,90
0,91
469,91
0,92
467,92
0,93
466,93
0,94
465,94
0,95
465,95
0,96
464,96
0,97
463,97
0,98
463,98
0,99
462,99
0,100
462,100
0,101
461,101
0,102
461,102
0,103
461,103
0,104
460,104
0,105
460,105
0,106
460,106
0,107
460,107
0,108
459,108
0,109
459,109
0,110
459,110
0,111
458,111
0,112
458,112
0,113
457,113
0,114
459,114
0,115
458,115
0,116
457,116
0,117
270,117
273,117
454,117
0,118
261,118
272,118
452,118
0,119
256,119
277,119
450,119
0,120
250,120
252,120
254,120
281,120
448,120
0,121
251,121
285,121
446,121
0,122
248,122
288,122
443,122
0,123
247,123
288,123
441,123
0,124
245,124
291,124
440,124
0,125
244,125
292,125
437,125
0,126
241,126
295,126
435,126
0,127
240,127
297,127
434,127
0,128
239,128
298,128
430,128
0,129
237,129
300,129
430,129
0,130
235,130
302,130
429,130
0,131
234,131
305,131
429,131
0,132
232,132
307,132
429,132
0,133
230,133
309,133
431,133
0,134
229,134
311,134
431,134
0,135
227,135
312,135
431,135
0,136
223,136
225,136
226,136
315,136
431,136
0,137
224,137
316,137
430,137
0,138
223,138
318,138
428,138
0,139
221,139
321,139
426,139
0,140
220,140
323,140
423,140
0,141
218,141
325,141
421,141
0,142
216,142
328,142
418,142
0,143
215,143
330,143
415,143
0,144
213,144
332,144
414,144
0,145
210,145
334,145
407,145
409,145
411,145
0,146
210,146
337,146
409,146
0,147
208,147
339,147
407,147
0,148
208,148
342,148
404,148
0,149
206,149
344,149
402,149
0,150
204,150
346,150
400,150
0,151
204,151
349,151
396,151
398,151
399,151
0,152
203,152
349,152
396,152
0,153
202,153
351,153
353,153
355,153
395,153
0,154
201,154
353,154
393,154
0,155
201,155
355,155
390,155
0,156
200,156
356,156
388,156
0,157
199,157
358,157
386,157
0,158
198,158
360,158
384,158
0,159
198,159
362,159
383,159
0,160
197,160
362,160
381,160
0,161
197,161
274,161
275,161
364,161
380,161
0,162
196,162
273,162
273,162
275,162
276,162
365,162
377,162
0,163
195,163
240,163
241,163
272,163
278,163
367,163
376,163
0,164
194,164
238,164
244,164
271,164
271,164
273,164
279,164
368,164
375,164
0,165
193,165
237,165
240,165
244,165
247,165
271,165
280,165
369,165
372,165
0,166
193,166
237,166
248,166
271,166
281,166
370,166
371,166
0,167
191,167
236,167
248,167
270,167
282,167
0,168
191,168
236,168
248,168
269,168
283,168
0,169
190,169
236,169
248,169
268,169
281,169
283,169
284,169
0,170
190,170
236,170
248,170
268,170
285,170
0,171
189,171
236,171
249,171
267,171
284,171
286,171
286,171
0,172
189,172
236,172
249,172
267,172
287,172
0,173
189,173
236,173
249,173
266,173
288,173
0,174
188,174
235,174
249,174
266,174
289,174
0,175
188,175
235,175
249,175
265,175
290,175
0,176
188,176
236,176
248,176
265,176
291,176
0,177
187,177
236,177
248,177
264,177
292,177
0,178
187,178
235,178
248,178
264,178
293,178
0,179
186,179
235,179
246,179
248,179
248,179
263,179
294,179
0,180
186,180
235,180
246,180
263,180
295,180
0,181
186,181
235,181
246,181
263,181
296,181
0,182
186,182
235,182
237,182
243,182
245,182
262,182
297,182
0,183
185,183
220,183
220,183
236,183
237,183
262,183
298,183
0,184
185,184
220,184
220,184
261,184
300,184
0,185
185,185
219,185
220,185
260,185
301,185
0,186
185,186
219,186
220,186
259,186
301,186
0,187
185,187
218,187
221,187
259,187
259,187
261,187
303,187
0,188
185,188
217,188
221,188
258,188
303,188
0,189
185,189
218,189
222,189
257,189
304,189
0,190
185,190
218,190
222,190
224,190
224,190
257,190
305,190
0,191
185,191
218,191
225,191
256,191
306,191
0,192
185,192
218,192
227,192
255,192
307,192
0,193
185,193
218,193
229,193
254,193
308,193
0,194
185,194
218,194
232,194
253,194
309,194
0,195
185,195
218,195
233,195
252,195
307,195
310,195
310,195
0,196
185,196
219,196
230,196
245,196
246,196
250,196
311,196
0,197
186,197
219,197
221,197
225,197
225,197
240,197
249,197
251,197
312,197
0,198
186,198
219,198
220,198
254,198
313,198
0,199
186,199
219,199
220,199
256,199
313,199
0,200
187,200
205,200
205,200
219,200
220,200
258,200
315,200
0,201
188,201
205,201
205,201
219,201
221,201
258,201
316,201
452,201
455,201
0,202
190,202
205,202
205,202
220,202
221,202
258,202
317,202
449,202
454,202
0,203
188,203
190,203
192,203
205,203
205,203
220,203
220,203
258,203
318,203
447,203
456,203
0,204
192,204
205,204
205,204
220,204
220,204
257,204
319,204
443,204
457,204
0,205
191,205
206,205
206,205
220,205
221,205
257,205
320,205
441,205
457,205
0,206
191,206
193,206
193,206
206,206
206,206
220,206
221,206
256,206
321,206
438,206
458,206
0,207
193,207
205,207
206,207
221,207
221,207
256,207
322,207
434,207
459,207
0,208
194,208
206,208
206,208
256,208
323,208
432,208
459,208
0,209
194,209
206,209
207,209
256,209
324,209
428,209
460,209
0,210
195,210
206,210
208,210
255,210
325,210
426,210
461,210
0,211
195,211
206,211
206,211
208,211
209,211
255,211
326,211
422,211
462,211
476,211
479,211
0,212
196,212
206,212
210,212
255,212
328,212
419,212
463,212
471,212
479,212
0,213
197,213
205,213
211,213
255,213
328,213
415,213
479,213
0,214
198,214
205,214
212,214
255,214
330,214
413,214
479,214
0,215
199,215
204,215
214,215
255,215
332,215
409,215
479,215
0,216
201,216
203,216
215,216
254,216
333,216
406,216
479,216
0,217
216,217
254,217
335,217
403,217
479,217
0,218
218,218
254,218
337,218
400,218
479,218
0,219
220,219
254,219
338,219
397,219
479,219
0,220
220,220
254,220
338,220
340,220
341,220
392,220
479,220
0,221
220,221
254,221
343,221
387,221
479,221
0,222
220,222
254,222
347,222
382,222
479,222
0,223
220,223
254,223
351,223
376,223
479,223
0,224
219,224
254,224
479,224
0,225
219,225
254,225
479,225
0,226
219,226
253,226
479,226
0,227
219,227
253,227
479,227
0,228
219,228
253,228
253,228
255,228
479,228
0,229
219,229
252,229
479,229
0,230
219,230
252,230
479,230
0,231
219,231
251,231
479,231
0,232
220,232
251,232
479,232
0,233
220,233
251,233
479,233
0,234
221,234
251,234
479,234
0,235
221,235
250,235
479,235
0,236
221,236
250,236
250,236
252,236
479,236
0,237
221,237
250,237
250,237
252,237
479,237
0,238
222,238
250,238
479,238
0,239
222,239
250,239
479,239
0,240
222,240
250,240
479,240
0,241
222,241
250,241
479,241
0,242
222,242
250,242
479,242
0,243
222,243
250,243
479,243
0,244
222,244
250,244
479,244
0,245
222,245
250,245
479,245
0,246
222,246
250,246
479,246
0,247
222,247
250,247
479,247
0,248
222,248
251,248
479,248
0,249
222,249
251,249
479,249
0,250
222,250
251,250
479,250
0,251
221,251
251,251
479,251
0,252
221,252
252,252
479,252
0,253
221,253
252,253
479,253
0,254
220,254
252,254
479,254
0,255
220,255
253,255
479,255
0,256
219,256
253,256
479,256
0,257
219,257
253,257
479,257
0,258
219,258
254,258
479,258
0,259
218,259
254,259
479,259
0,260
217,260
255,260
479,260
0,261
217,261
255,261
479,261
0,262
216,262
256,262
479,262
0,263
215,263
257,263
479,263
0,264
214,264
257,264
479,264
0,265
214,265
258,265
479,265
0,266
214,266
258,266
479,266
0,267
216,267
258,267
479,267
0,268
217,268
258,268
479,268
0,269
218,269
255,269
479,269
0,270
216,270
218,270
220,270
225,270
228,270
252,270
479,270
0,271
231,271
251,271
479,271
0,272
233,272
248,272
479,272
0,273
479,273
0,274
479,274
0,275
479,275
0,276
479,276
0,277
479,277
0,278
479,278
0,279
479,279
0,280
479,280
0,281
479,281
0,282
479,282
0,283
479,283
0,284
479,284
0,285
479,285
0,286
479,286
0,287
479,287
0,288
479,288
0,289
479,289
0,290
479,290
0,291
479,291
0,292
479,292
0,293
479,293
0,294
479,294
0,295
479,295
0,296
479,296
0,297
479,297
0,298
479,298
0,299
479,299
0,300
479,300
0,301
479,301
0,302
479,302
0,303
479,303
0,304
479,304
0,305
479,305
0,306
479,306
0,307
479,307
0,308
479,308
0,309
479,309
0,310
479,310
0,311
479,311
0,312
479,312
0,313
479,313
0,314
479,314
0,315
479,315
0,316
479,316
0,317
479,317
0,318
479,318
0,319
479,319
0,320
479,320
0,321
479,321
0,322
479,322
0,323
479,323
0,324
479,324
0,325
479,325
0,326
479,326
0,327
479,327
0,328
479,328
0,329
479,329
0,330
479,330
0,331
479,331
0,332
479,332
0,333
479,333
0,334
479,334
0,335
479,335
0,336
479,336
0,337
479,337
0,338
479,338
0,339
479,339
0,340
479,340
0,341
479,341
0,342
479,342
0,343
479,343
0,344
479,344
0,345
479,345
0,346
479,346
0,347
479,347
0,348
479,348
0,349
479,349
0,350
479,350
0,351
479,351
0,352
479,352
0,353
479,353
0,354
479,354
0,355
479,355
0,356
479,356
0,357
479,357
0,358
479,358
0,359
479,359
