219,87
222,87
210,88
223,88
209,89
223,89
206,90
223,90
204,91
224,91
204,92
224,92
202,93
225,93
199,94
226,94
199,95
226,95
198,96
227,96
197,97
227,97
196,98
228,98
195,99
228,99
194,100
228,100
193,101
228,101
192,102
229,102
192,103
230,103
192,104
232,104
192,105
232,105
191,106
233,106
190,107
234,107
190,108
236,108
190,109
236,109
189,110
237,110
189,111
237,111
189,112
239,112
189,113
241,113
188,114
242,114
188,115
243,115
187,116
244,116
187,117
245,117
187,118
245,118
186,119
247,119
186,120
251,120
186,121
252,121
185,122
253,122
184,123
254,123
184,124
257,124
184,125
258,125
184,126
259,126
183,127
262,127
183,128
264,128
183,129
266,129
181,130
267,130
179,131
269,131
178,132
271,132
177,133
272,133
175,134
274,134
176,135
278,135
174,136
283,136
174,137
284,137
173,138
285,138
173,139
286,139
172,140
287,140
172,141
289,141
172,142
290,142
172,143
292,143
171,144
295,144
171,145
296,145
171,146
298,146
300,146
300,146
170,147
302,147
170,148
307,148
170,149
307,149
170,150
312,150
170,151
319,151
170,152
323,152
170,153
323,153
170,154
334,154
171,155
349,155
170,156
351,156
170,157
351,157
170,158
352,158
170,159
351,159
170,160
351,160
170,161
351,161
169,162
350,162
169,163
349,163
168,164
349,164
168,165
349,165
167,166
198,166
212,166
347,166
167,167
198,167
212,167
347,167
166,168
190,168
192,168
192,168
221,168
347,168
166,169
191,169
223,169
347,169
166,170
188,170
227,170
347,170
165,171
187,171
231,171
347,171
165,172
180,172
235,172
347,172
165,173
179,173
237,173
347,173
164,174
168,174
239,174
347,174
164,175
168,175
240,175
347,175
163,176
165,176
241,176
347,176
242,177
347,177
243,178
348,178
244,179
348,179
245,180
348,180
246,181
348,181
247,182
348,182
248,183
348,183
247,184
348,184
250,185
348,185
251,186
348,186
252,187
348,187
253,188
348,188
254,189
347,189
255,190
347,190
256,191
347,191
258,192
347,192
259,193
347,193
262,194
347,194
264,195
347,195
266,196
347,196
270,197
347,197
349,197
350,197
273,198
351,198
275,199
351,199
276,200
346,200
348,200
353,200
276,201
342,201
351,201
351,201
353,201
355,201
281,202
341,202
354,202
356,202
275,203
275,203
282,203
341,203
355,203
357,203
280,204
341,204
359,204
359,204
283,205
340,205
283,206
340,206
283,207
339,207
283,208
337,208
284,209
337,209
285,210
337,210
286,211
337,211
286,212
338,212
287,213
337,213
288,214
336,214
288,215
335,215
289,216
328,216
291,217
328,217
294,218
327,218
295,219
327,219
298,220
325,220
301,221
324,221
302,222
324,222
304,223
324,223
306,224
323,224
308,225
322,225
309,226
318,226
310,227
318,227
313,228
317,228
314,229
316,229
315,230
315,230
