186,113
186,113
194,113
195,113
196,114
199,114
193,115
193,115
195,115
200,115
206,115
207,115
193,116
201,116
205,116
214,116
240,116
240,116
192,117
215,117
225,117
228,117
234,117
241,117
193,118
216,118
224,118
241,118
195,119
217,119
224,119
241,119
251,119
254,119
202,120
241,120
250,120
256,120
202,121
241,121
250,121
258,121
203,122
252,122
254,122
260,122
203,123
261,123
203,124
263,124
205,125
263,125
206,126
263,126
207,127
264,127
166,128
175,128
205,128
264,128
165,129
175,129
201,129
264,129
165,130
165,130
169,130
181,130
186,130
189,130
198,130
264,130
162,131
265,131
161,132
265,132
160,133
265,133
159,134
265,134
158,135
265,135
158,136
158,136
165,136
265,136
158,137
159,137
165,137
264,137
165,138
264,138
165,139
263,139
165,140
264,140
165,141
264,141
162,142
162,142
164,142
264,142
160,143
264,143
159,144
264,144
159,145
159,145
161,145
264,145
158,146
158,146
160,146
265,146
154,147
265,147
154,148
262,148
264,148
264,148
155,149
261,149
156,150
260,150
156,151
260,151
156,152
260,152
154,153
259,153
156,154
259,154
156,155
259,155
156,156
256,156
155,157
256,157
154,158
253,158
155,159
251,159
153,160
204,160
230,160
248,160
151,161
201,161
233,161
245,161
150,162
197,162
150,163
196,163
149,164
195,164
148,165
195,165
147,166
195,166
147,167
195,167
146,168
193,168
145,169
192,169
144,170
192,170
143,171
191,171
143,172
189,172
142,173
189,173
142,174
188,174
140,175
187,175
139,176
185,176
139,177
185,177
138,178
185,178
138,179
138,179
140,179
185,179
137,180
183,180
137,181
182,181
135,182
182,182
135,183
182,183
135,184
182,184
134,185
180,185
133,186
179,186
132,187
179,187
131,188
180,188
131,189
178,189
130,190
178,190
130,191
178,191
128,192
177,192
128,193
176,193
128,194
176,194
127,195
176,195
127,196
175,196
126,197
175,197
126,198
126,198
128,198
173,198
125,199
173,199
125,200
173,200
124,201
172,201
123,202
172,202
123,203
170,203
123,204
171,204
122,205
170,205
122,206
169,206
122,207
169,207
121,208
169,208
120,209
168,209
120,210
168,210
120,211
168,211
119,212
168,212
119,213
167,213
118,214
166,214
118,215
166,215
118,216
166,216
118,217
166,217
117,218
166,218
117,219
166,219
116,220
166,220
116,221
166,221
115,222
166,222
115,223
166,223
115,224
167,224
113,225
114,225
116,225
167,225
114,226
167,226
116,227
167,227
121,228
125,228
128,228
137,228
140,228
167,228
123,229
123,229
128,229
167,229
129,230
136,230
140,230
168,230
129,231
134,231
142,231
168,231
129,232
135,232
143,232
168,232
129,233
135,233
143,233
168,233
129,234
134,234
146,234
169,234
128,235
134,235
146,235
169,235
128,236
134,236
145,236
169,236
127,237
135,237
145,237
170,237
126,238
133,238
135,238
135,238
144,238
170,238
125,239
126,239
128,239
133,239
144,239
171,239
122,240
133,240
135,240
135,240
144,240
171,240
120,241
133,241
135,241
135,241
144,241
170,241
118,242
135,242
144,242
169,242
117,243
118,243
120,243
135,243
144,243
168,243
115,244
132,244
134,244
135,244
146,244
168,244
114,245
131,245
133,245
134,245
151,245
161,245
113,246
133,246
151,246
157,246
112,247
132,247
152,247
157,247
112,248
130,248
151,248
157,248
111,249
126,249
151,249
157,249
111,250
126,250
151,250
158,250
112,251
125,251
151,251
158,251
113,252
123,252
150,252
158,252
115,253
120,253
150,253
158,253
149,254
158,254
149,255
158,255
149,256
158,256
147,257
157,257
146,258
157,258
146,259
146,259
148,259
157,259
145,260
157,260
144,261
157,261
144,262
156,262
143,263
156,263
143,264
156,264
142,265
155,265
142,266
155,266
142,267
155,267
141,268
154,268
141,269
151,269
153,269
153,269
141,270
151,270
141,271
151,271
142,272
150,272
144,273
148,273
