284,29
285,29
284,30
287,30
285,31
288,31
286,32
289,32
287,33
291,33
289,34
292,34
289,35
293,35
272,36
272,36
291,36
295,36
259,37
277,37
292,37
296,37
255,38
281,38
292,38
294,38
296,38
297,38
253,39
285,39
294,39
295,39
297,39
298,39
251,40
287,40
295,40
296,40
298,40
299,40
249,41
289,41
295,41
299,41
248,42
291,42
296,42
300,42
247,43
293,43
297,43
301,43
245,44
294,44
297,44
302,44
244,45
302,45
243,46
303,46
243,47
303,47
242,48
304,48
241,49
304,49
240,50
304,50
240,51
304,51
221,52
231,52
239,52
303,52
218,53
224,53
226,53
234,53
238,53
303,53
217,54
303,54
217,55
234,55
236,55
303,55
218,56
303,56
219,57
305,57
220,58
305,58
221,59
227,59
230,59
303,59
305,59
306,59
222,60
306,60
223,61
225,61
233,61
306,61
233,62
306,62
232,63
307,63
230,64
307,64
229,65
309,65
227,66
311,66
226,67
313,67
224,68
314,68
225,69
315,69
226,70
316,70
226,71
317,71
226,72
317,72
226,73
318,73
225,74
319,74
224,75
320,75
223,76
321,76
223,77
321,77
222,78
322,78
221,79
322,79
221,80
314,80
317,80
323,80
222,81
314,81
223,82
313,82
223,83
314,83
224,84
314,84
225,85
314,85
225,86
314,86
226,87
228,87
230,87
315,87
227,88
313,88
315,88
315,88
229,89
316,89
230,90
313,90
230,91
309,91
311,91
311,91
231,92
310,92
232,93
309,93
233,94
308,94
233,95
307,95
233,96
305,96
234,97
304,97
234,98
301,98
303,98
303,98
235,99
303,99
236,100
302,100
236,101
301,101
236,102
300,102
236,103
300,103
236,104
300,104
236,105
300,105
236,106
300,106
236,107
300,107
236,108
300,108
236,109
300,109
236,110
300,110
236,111
300,111
236,112
299,112
305,112
306,112
195,113
195,113
205,113
206,113
236,113
299,113
304,113
307,113
311,113
312,113
193,114
199,114
203,114
206,114
236,114
299,114
303,114
314,114
190,115
199,115
202,115
206,115
236,115
299,115
303,115
315,115
185,116
211,116
236,116
299,116
302,116
316,116
182,117
210,117
236,117
318,117
178,118
210,118
236,118
319,118
175,119
211,119
236,119
320,119
174,120
214,120
236,120
321,120
172,121
216,121
236,121
323,121
170,122
217,122
236,122
324,122
168,123
217,123
236,123
325,123
167,124
219,124
236,124
327,124
166,125
220,125
236,125
328,125
164,126
233,126
235,126
329,126
164,127
222,127
224,127
233,127
235,127
330,127
162,128
332,128
162,129
332,129
161,130
334,130
160,131
335,131
160,132
337,132
159,133
338,133
159,134
339,134
159,135
341,135
158,136
342,136
158,137
342,137
158,138
343,138
158,139
342,139
159,140
341,140
159,141
341,141
159,142
340,142
159,143
339,143
160,144
338,144
161,145
338,145
161,146
337,146
162,147
337,147
162,148
336,148
163,149
163,149
165,149
335,149
164,150
335,150
165,151
334,151
166,152
333,152
167,153
333,153
169,154
332,154
171,155
331,155
173,156
208,156
211,156
331,156
176,157
205,157
212,157
330,157
180,158
201,158
212,158
329,158
184,159
197,159
212,159
329,159
213,160
329,160
213,161
330,161
214,162
330,162
214,163
331,163
215,164
331,164
215,165
332,165
216,166
332,166
217,167
333,167
218,168
333,168
220,169
333,169
227,170
334,170
228,171
334,171
229,172
335,172
229,173
336,173
229,174
336,174
230,175
336,175
231,176
337,176
231,177
338,177
232,178
338,178
232,179
339,179
232,180
339,180
232,181
339,181
229,182
230,182
232,182
339,182
229,183
339,183
229,184
339,184
229,185
338,185
229,186
338,186
229,187
229,187
231,187
311,187
314,187
338,187
229,188
310,188
315,188
338,188
229,189
310,189
317,189
337,189
229,190
309,190
318,190
336,190
229,191
229,191
231,191
308,191
319,191
336,191
229,192
307,192
321,192
322,192
324,192
334,192
228,193
307,193
322,193
325,193
328,193
333,193
228,194
307,194
326,194
331,194
228,195
308,195
227,196
308,196
226,197
308,197
225,198
308,198
225,199
308,199
225,200
308,200
224,201
309,201
224,202
224,202
227,202
309,202
224,203
224,203
226,203
309,203
223,204
223,204
227,204
309,204
223,205
223,205
227,205
310,205
222,206
222,206
227,206
310,206
222,207
222,207
229,207
310,207
222,208
222,208
229,208
310,208
221,209
221,209
229,209
310,209
220,210
220,210
229,210
311,210
220,211
220,211
229,211
311,211
219,212
220,212
229,212
311,212
219,213
220,213
229,213
311,213
218,214
219,214
229,214
311,214
218,215
219,215
229,215
311,215
218,216
218,216
229,216
311,216
217,217
218,217
228,217
311,217
215,218
215,218
217,218
217,218
228,218
312,218
215,219
217,219
227,219
312,219
227,220
312,220
227,221
312,221
227,222
312,222
227,223
313,223
227,224
313,224
227,225
313,225
226,226
313,226
226,227
313,227
225,228
313,228
225,229
228,229
230,229
313,229
226,230
228,230
230,230
314,230
226,231
228,231
230,231
314,231
227,232
314,232
225,233
314,233
226,234
227,234
230,234
314,234
226,235
227,235
230,235
314,235
226,236
226,236
230,236
314,236
225,237
226,237
230,237
314,237
225,238
225,238
229,238
314,238
225,239
225,239
229,239
314,239
225,240
225,240
229,240
315,240
225,241
225,241
229,241
314,241
224,242
225,242
229,242
315,242
224,243
224,243
229,243
315,243
224,244
224,244
229,244
315,244
229,245
315,245
229,246
315,246
229,247
315,247
223,248
223,248
229,248
315,248
229,249
316,249
229,250
316,250
229,251
316,251
230,252
316,252
230,253
316,253
230,254
316,254
230,255
316,255
230,256
317,256
230,257
317,257
230,258
317,258
230,259
317,259
230,260
317,260
230,261
317,261
230,262
318,262
230,263
317,263
230,264
317,264
230,265
318,265
231,266
318,266
230,267
318,267
230,268
318,268
231,269
318,269
231,270
231,270
233,270
318,270
231,271
231,271
234,271
318,271
230,272
231,272
234,272
318,272
230,273
231,273
234,273
319,273
231,274
231,274
234,274
234,274
236,274
319,274
231,275
231,275
234,275
234,275
236,275
319,275
231,276
231,276
234,276
234,276
236,276
319,276
231,277
231,277
236,277
319,277
236,278
319,278
236,279
320,279
236,280
320,280
236,281
320,281
236,282
320,282
237,283
320,283
236,284
320,284
236,285
321,285
236,286
321,286
235,287
321,287
235,288
321,288
235,289
321,289
235,290
321,290
235,291
322,291
235,292
322,292
235,293
322,293
235,294
322,294
235,295
322,295
235,296
322,296
235,297
322,297
235,298
323,298
235,299
323,299
234,300
323,300
234,301
323,301
234,302
323,302
234,303
323,303
234,304
324,304
234,305
324,305
234,306
324,306
234,307
324,307
234,308
324,308
234,309
324,309
233,310
325,310
233,311
325,311
233,312
325,312
233,313
325,313
233,314
325,314
232,315
325,315
232,316
326,316
232,317
326,317
232,318
326,318
232,319
326,319
232,320
326,320
232,321
327,321
232,322
327,322
232,323
327,323
232,324
327,324
232,325
327,325
232,326
327,326
232,327
328,327
231,328
328,328
231,329
326,329
328,329
328,329
231,330
328,330
231,331
328,331
231,332
328,332
231,333
329,333
231,334
329,334
231,335
329,335
230,336
329,336
230,337
329,337
230,338
329,338
230,339
329,339
230,340
330,340
230,341
330,341
230,342
330,342
230,343
330,343
230,344
330,344
229,345
330,345
229,346
330,346
229,347
330,347
229,348
331,348
229,349
331,349
229,350
331,350
229,351
331,351
229,352
331,352
229,353
332,353
229,354
332,354
228,355
332,355
228,356
332,356
228,357
332,357
228,358
332,358
228,359
332,359
