284,27
286,27
284,28
288,28
285,29
289,29
287,30
291,30
289,31
293,31
290,32
294,32
291,33
292,33
294,33
295,33
267,34
273,34
292,34
297,34
263,35
278,35
293,35
298,35
258,36
281,36
294,36
296,36
298,36
299,36
255,37
287,37
295,37
300,37
252,38
289,38
297,38
297,38
299,38
301,38
251,39
292,39
297,39
302,39
249,40
294,40
298,40
303,40
248,41
295,41
298,41
303,41
247,42
304,42
246,43
304,43
245,44
305,44
244,45
305,45
244,46
305,46
243,47
305,47
242,48
305,48
241,49
305,49
240,50
304,50
240,51
304,51
224,52
234,52
240,52
305,52
220,53
227,53
229,53
306,53
218,54
235,54
237,54
306,54
217,55
307,55
218,56
306,56
219,57
307,57
220,58
308,58
220,59
228,59
230,59
308,59
222,60
222,60
224,60
308,60
223,61
225,61
234,61
309,61
234,62
310,62
233,63
312,63
230,64
315,64
229,65
316,65
228,66
317,66
227,67
318,67
225,68
318,68
225,69
319,69
225,70
320,70
226,71
320,71
225,72
321,72
225,73
226,73
228,73
322,73
225,74
323,74
225,75
323,75
224,76
324,76
224,77
324,77
223,78
316,78
319,78
325,78
222,79
316,79
323,79
323,79
222,80
315,80
222,81
223,81
225,81
315,81
223,82
224,82
226,82
316,82
224,83
316,83
225,84
316,84
226,85
317,85
227,86
317,86
227,87
315,87
317,87
318,87
228,88
230,88
232,88
317,88
229,89
311,89
313,89
314,89
230,90
232,90
234,90
313,90
232,91
312,91
233,92
310,92
234,93
309,93
234,94
308,94
235,95
307,95
236,96
304,96
306,96
306,96
236,97
305,97
237,98
304,98
238,99
303,99
238,100
303,100
238,101
303,101
238,102
303,102
238,103
303,103
238,104
303,104
238,105
303,105
238,106
303,106
238,107
303,107
238,108
303,108
238,109
303,109
238,110
303,110
238,111
302,111
238,112
302,112
308,112
309,112
196,113
197,113
238,113
302,113
306,113
310,113
314,113
315,113
194,114
194,114
196,114
197,114
238,114
302,114
306,114
316,114
183,115
192,115
194,115
196,115
238,115
318,115
182,116
201,116
238,116
319,116
181,117
201,117
238,117
320,117
180,118
201,118
238,118
321,118
175,119
202,119
238,119
323,119
174,120
205,120
238,120
324,120
171,121
206,121
238,121
325,121
169,122
208,122
238,122
326,122
166,123
209,123
238,123
328,123
165,124
209,124
238,124
329,124
163,125
210,125
238,125
330,125
162,126
162,126
164,126
211,126
222,126
235,126
238,126
331,126
160,127
211,127
219,127
235,127
237,127
332,127
159,128
212,128
218,128
334,128
158,129
213,129
217,129
218,129
220,129
335,129
157,130
336,130
155,131
157,131
159,131
338,131
154,132
339,132
154,133
340,133
153,134
341,134
152,135
154,135
156,135
343,135
152,136
344,136
152,137
345,137
151,138
345,138
151,139
345,139
150,140
345,140
150,141
344,141
150,142
343,142
150,143
343,143
150,144
342,144
150,145
341,145
151,146
340,146
151,147
340,147
151,148
339,148
152,149
339,149
152,150
338,150
152,151
337,151
153,152
337,152
154,153
336,153
154,154
155,154
157,154
335,154
155,155
334,155
157,156
334,156
158,157
203,157
214,157
333,157
160,158
200,158
214,158
333,158
162,159
199,159
214,159
332,159
164,160
169,160
171,160
195,160
215,160
332,160
167,161
190,161
215,161
332,161
173,162
187,162
216,162
332,162
216,163
333,163
217,164
333,164
218,165
333,165
218,166
333,166
219,167
333,167
220,168
335,168
221,169
222,169
224,169
335,169
224,170
336,170
224,171
336,171
228,172
337,172
229,173
337,173
229,174
338,174
229,175
338,175
230,176
338,176
231,177
340,177
231,178
340,178
232,179
340,179
233,180
233,180
236,180
340,180
234,181
341,181
235,182
341,182
229,183
229,183
235,183
341,183
229,184
232,184
235,184
341,184
229,185
232,185
235,185
340,185
229,186
340,186
229,187
340,187
229,188
314,188
316,188
340,188
229,189
313,189
316,189
339,189
229,190
312,190
318,190
339,190
229,191
311,191
319,191
338,191
229,192
310,192
321,192
338,192
228,193
310,193
322,193
323,193
325,193
337,193
228,194
310,194
323,194
327,194
329,194
336,194
228,195
310,195
326,195
333,195
227,196
311,196
227,197
311,197
225,198
311,198
226,199
311,199
225,200
312,200
224,201
312,201
224,202
312,202
223,203
312,203
222,204
312,204
222,205
222,205
225,205
313,205
226,206
313,206
221,207
221,207
227,207
313,207
220,208
220,208
228,208
230,208
232,208
313,208
220,209
220,209
229,209
314,209
219,210
219,210
231,210
314,210
232,211
314,211
218,212
218,212
232,212
314,212
232,213
314,213
217,214
217,214
232,214
314,214
216,215
217,215
232,215
314,215
215,216
216,216
232,216
314,216
214,217
216,217
232,217
315,217
214,218
215,218
231,218
315,218
212,219
212,219
214,219
215,219
231,219
315,219
212,220
214,220
231,220
315,220
231,221
315,221
231,222
316,222
231,223
316,223
230,224
316,224
230,225
316,225
229,226
316,226
229,227
316,227
229,228
316,228
229,229
317,229
228,230
317,230
228,231
231,231
233,231
317,231
228,232
231,232
234,232
317,232
228,233
231,233
234,233
317,233
228,234
231,234
234,234
317,234
228,235
231,235
234,235
317,235
228,236
230,236
234,236
317,236
228,237
229,237
234,237
318,237
228,238
229,238
234,238
317,238
228,239
229,239
234,239
318,239
227,240
228,240
233,240
318,240
227,241
228,241
233,241
318,241
227,242
228,242
233,242
318,242
227,243
228,243
233,243
318,243
227,244
227,244
233,244
318,244
227,245
227,245
233,245
318,245
226,246
226,246
233,246
319,246
226,247
226,247
233,247
319,247
226,248
226,248
233,248
319,248
226,249
226,249
232,249
319,249
233,250
319,250
232,251
319,251
225,252
225,252
233,252
319,252
233,253
319,253
233,254
320,254
233,255
320,255
233,256
320,256
233,257
320,257
233,258
320,258
233,259
320,259
233,260
321,260
233,261
320,261
233,262
320,262
234,263
321,263
234,264
321,264
234,265
321,265
234,266
321,266
234,267
321,267
234,268
321,268
234,269
321,269
234,270
322,270
234,271
322,271
234,272
322,272
234,273
322,273
234,274
234,274
236,274
322,274
234,275
234,275
236,275
322,275
234,276
234,276
237,276
322,276
234,277
234,277
237,277
323,277
237,278
323,278
237,279
323,279
237,280
323,280
237,281
323,281
237,282
323,282
237,283
324,283
238,284
324,284
238,285
324,285
238,286
324,286
238,287
324,287
237,288
324,288
237,289
324,289
237,290
325,290
237,291
325,291
237,292
325,292
237,293
325,293
237,294
325,294
236,295
325,295
236,296
325,296
236,297
326,297
236,298
326,298
236,299
326,299
236,300
326,300
236,301
326,301
236,302
327,302
235,303
327,303
235,304
327,304
235,305
327,305
235,306
327,306
235,307
327,307
235,308
327,308
235,309
327,309
235,310
328,310
234,311
328,311
234,312
328,312
234,313
329,313
234,314
329,314
234,315
329,315
234,316
329,316
233,317
329,317
233,318
329,318
233,319
329,319
233,320
329,320
233,321
330,321
233,322
330,322
233,323
330,323
233,324
330,324
233,325
330,325
233,326
330,326
232,327
331,327
232,328
331,328
232,329
329,329
331,329
331,329
232,330
331,330
232,331
331,331
232,332
331,332
231,333
332,333
231,334
332,334
231,335
332,335
231,336
332,336
231,337
332,337
231,338
332,338
230,339
332,339
230,340
333,340
230,341
333,341
230,342
333,342
230,343
333,343
230,344
333,344
230,345
333,345
229,346
333,346
229,347
333,347
229,348
334,348
229,349
334,349
229,350
334,350
229,351
334,351
229,352
334,352
229,353
334,353
229,354
335,354
228,355
335,355
228,356
335,356
228,357
335,357
228,358
335,358
228,359
335,359
