274,28
274,28
276,28
281,28
274,29
285,29
276,30
288,30
278,31
289,31
280,32
291,32
282,33
291,33
283,34
292,34
283,35
292,35
285,36
293,36
285,37
293,37
285,38
293,38
285,39
295,39
282,40
300,40
279,41
304,41
273,42
306,42
271,43
309,43
270,44
312,44
266,45
314,45
263,46
266,46
269,46
316,46
261,47
318,47
260,48
319,48
258,49
320,49
257,50
322,50
256,51
324,51
254,52
324,52
254,53
325,53
253,54
254,54
256,54
327,54
252,55
328,55
251,56
328,56
251,57
329,57
250,58
330,58
250,59
331,59
249,60
331,60
249,61
332,61
248,62
332,62
248,63
333,63
248,64
333,64
248,65
334,65
248,66
334,66
247,67
335,67
247,68
335,68
247,69
335,69
247,70
335,70
247,71
336,71
247,72
336,72
246,73
336,73
246,74
336,74
245,75
337,75
245,76
337,76
244,77
337,77
242,78
337,78
241,79
337,79
236,80
337,80
224,81
224,81
233,81
337,81
224,82
227,82
231,82
337,82
223,83
337,83
223,84
337,84
223,85
337,85
222,86
337,86
222,87
336,87
222,88
336,88
222,89
336,89
221,90
337,90
221,91
337,91
221,92
337,92
221,93
338,93
221,94
222,94
224,94
338,94
223,95
338,95
222,96
225,96
229,96
339,96
229,97
339,97
230,98
339,98
230,99
339,99
231,100
232,100
234,100
339,100
231,101
340,101
230,102
231,102
233,102
340,102
236,103
340,103
236,104
340,104
237,105
341,105
237,106
341,106
238,107
342,107
239,108
343,108
239,109
344,109
240,110
344,110
240,111
242,111
246,111
344,111
247,112
344,112
247,113
344,113
247,114
344,114
248,115
344,115
248,116
344,116
248,117
344,117
248,118
343,118
248,119
343,119
248,120
343,120
248,121
343,121
248,122
343,122
248,123
343,123
248,124
343,124
249,125
343,125
249,126
343,126
249,127
344,127
248,128
343,128
248,129
343,129
248,130
343,130
248,131
344,131
249,132
344,132
249,133
344,133
249,134
344,134
248,135
344,135
248,136
261,136
266,136
344,136
248,137
261,137
266,137
344,137
248,138
261,138
267,138
344,138
248,139
261,139
268,139
344,139
248,140
261,140
270,140
344,140
248,141
261,141
272,141
344,141
248,142
261,142
276,142
344,142
248,143
261,143
276,143
344,143
248,144
261,144
277,144
344,144
248,145
261,145
277,145
344,145
248,146
261,146
278,146
344,146
248,147
261,147
278,147
344,147
248,148
261,148
278,148
344,148
248,149
261,149
278,149
344,149
247,150
262,150
278,150
344,150
247,151
262,151
278,151
278,151
280,151
345,151
247,152
262,152
277,152
345,152
247,153
262,153
275,153
346,153
247,154
262,154
273,154
346,154
247,155
262,155
269,155
348,155
246,156
262,156
267,156
350,156
245,157
352,157
241,158
354,158
238,159
355,159
237,160
357,160
234,161
359,161
230,162
360,162
226,163
362,163
220,164
364,164
204,165
366,165
176,166
182,166
196,166
367,166
175,167
183,167
191,167
368,167
174,168
369,168
174,169
369,169
173,170
368,170
171,171
368,171
169,172
367,172
168,173
367,173
168,174
366,174
168,175
366,175
151,176
155,176
163,176
163,176
165,176
365,176
151,177
364,177
151,178
363,178
152,179
363,179
153,180
363,180
154,181
362,181
156,182
361,182
159,183
361,183
162,184
360,184
164,185
360,185
165,186
359,186
165,187
359,187
165,188
358,188
165,189
358,189
165,190
357,190
165,191
356,191
165,192
356,192
166,193
218,193
220,193
223,193
236,193
355,193
167,194
214,194
216,194
219,194
236,194
355,194
168,195
212,195
236,195
354,195
167,196
210,196
236,196
354,196
167,197
209,197
235,197
353,197
168,198
207,198
235,198
352,198
169,199
206,199
235,199
352,199
168,200
204,200
234,200
351,200
169,201
203,201
234,201
351,201
171,202
202,202
234,202
351,202
171,203
200,203
234,203
351,203
171,204
171,204
173,204
199,204
233,204
351,204
173,205
198,205
232,205
351,205
174,206
197,206
233,206
352,206
175,207
195,207
233,207
352,207
175,208
195,208
232,208
352,208
177,209
193,209
231,209
353,209
180,210
192,210
231,210
353,210
183,211
189,211
230,211
353,211
230,212
354,212
230,213
354,213
229,214
355,214
229,215
355,215
228,216
355,216
228,217
356,217
228,218
356,218
228,219
357,219
228,220
357,220
228,221
357,221
228,222
358,222
228,223
358,223
228,224
359,224
228,225
359,225
228,226
359,226
229,227
359,227
229,228
359,228
230,229
230,229
232,229
360,229
230,230
360,230
231,231
360,231
231,232
360,232
232,233
361,233
233,234
362,234
234,235
362,235
235,236
362,236
236,237
237,237
239,237
363,237
237,238
237,238
239,238
363,238
238,239
364,239
239,240
364,240
241,241
365,241
241,242
365,242
243,243
363,243
365,243
365,243
244,244
366,244
244,245
366,245
244,246
367,246
244,247
367,247
243,248
367,248
243,249
368,249
243,250
368,250
243,251
368,251
243,252
369,252
242,253
369,253
242,254
369,254
242,255
369,255
242,256
365,256
368,256
370,256
242,257
365,257
369,257
370,257
241,258
363,258
365,258
366,258
369,258
370,258
241,259
364,259
370,259
371,259
242,260
364,260
370,260
371,260
242,261
364,261
371,261
371,261
242,262
365,262
241,263
365,263
241,264
365,264
241,265
366,265
241,266
366,266
240,267
366,267
239,268
239,268
241,268
366,268
239,269
366,269
238,270
366,270
238,271
366,271
238,272
367,272
238,273
367,273
238,274
367,274
238,275
367,275
238,276
368,276
238,277
368,277
238,278
368,278
238,279
368,279
238,280
369,280
238,281
369,281
238,282
369,282
238,283
369,283
237,284
367,284
369,284
369,284
237,285
367,285
369,285
370,285
237,286
370,286
237,287
370,287
238,288
370,288
238,289
370,289
238,290
370,290
238,291
370,291
237,292
370,292
237,293
370,293
238,294
370,294
238,295
370,295
238,296
370,296
237,297
370,297
237,298
370,298
237,299
370,299
237,300
370,300
238,301
370,301
238,302
370,302
237,303
370,303
237,304
362,304
366,304
371,304
237,305
362,305
366,305
370,305
237,306
362,306
366,306
370,306
237,307
362,307
366,307
370,307
237,308
362,308
366,308
370,308
237,309
362,309
366,309
370,309
237,310
362,310
366,310
370,310
237,311
362,311
366,311
369,311
236,312
363,312
366,312
370,312
236,313
363,313
366,313
369,313
236,314
363,314
366,314
369,314
236,315
363,315
366,315
369,315
236,316
358,316
360,316
362,316
366,316
369,316
236,317
358,317
361,317
362,317
366,317
368,317
236,318
358,318
362,318
362,318
366,318
368,318
236,319
358,319
362,319
362,319
366,319
368,319
236,320
331,320
333,320
357,320
361,320
362,320
366,320
368,320
236,321
331,321
333,321
357,321
362,321
362,321
366,321
368,321
236,322
331,322
334,322
356,322
362,322
362,322
366,322
367,322
236,323
331,323
334,323
346,323
350,323
356,323
362,323
362,323
366,323
367,323
236,324
330,324
334,324
346,324
350,324
356,324
366,324
367,324
235,325
330,325
334,325
345,325
350,325
355,325
361,325
361,325
366,325
367,325
235,326
330,326
334,326
343,326
345,326
345,326
350,326
355,326
366,326
367,326
235,327
330,327
335,327
345,327
350,327
354,327
366,327
366,327
235,328
330,328
335,328
344,328
350,328
355,328
366,328
366,328
235,329
329,329
335,329
345,329
351,329
354,329
366,329
366,329
235,330
328,330
336,330
344,330
351,330
354,330
366,330
366,330
235,331
329,331
336,331
345,331
351,331
354,331
361,331
361,331
366,331
366,331
235,332
329,332
336,332
345,332
351,332
354,332
235,333
329,333
336,333
345,333
352,333
354,333
235,334
329,334
336,334
344,334
352,334
354,334
235,335
329,335
336,335
344,335
353,335
353,335
234,336
328,336
337,336
338,336
341,336
344,336
353,336
353,336
234,337
328,337
338,337
338,337
342,337
344,337
353,337
353,337
234,338
328,338
338,338
338,338
342,338
344,338
234,339
328,339
342,339
344,339
234,340
328,340
343,340
344,340
234,341
328,341
343,341
344,341
234,342
328,342
343,342
344,342
234,343
328,343
344,343
344,343
234,344
328,344
344,344
344,344
233,345
328,345
233,346
328,346
233,347
328,347
233,348
328,348
233,349
328,349
233,350
328,350
232,351
328,351
232,352
328,352
232,353
328,353
232,354
328,354
232,355
328,355
232,356
328,356
232,357
328,357
230,358
328,358
230,359
328,359
