302,27
303,27
302,28
305,28
301,29
306,29
301,30
306,30
300,31
305,31
300,32
304,32
299,33
304,33
299,34
304,34
298,35
303,35
297,36
303,36
297,37
302,37
296,38
301,38
295,39
301,39
295,40
300,40
312,40
326,40
294,41
300,41
306,41
316,41
319,41
329,41
293,42
299,42
303,42
303,42
305,42
332,42
293,43
335,43
292,44
334,44
291,45
339,45
291,46
342,46
290,47
344,47
289,48
346,48
288,49
348,49
287,50
350,50
287,51
349,51
351,51
352,51
286,52
354,52
285,53
356,53
284,54
357,54
284,55
358,55
282,56
359,56
282,57
361,57
281,58
362,58
280,59
363,59
279,60
364,60
279,61
366,61
278,62
367,62
277,63
368,63
277,64
368,64
275,65
369,65
274,66
370,66
273,67
371,67
270,68
372,68
269,69
373,69
268,70
374,70
268,71
374,71
268,72
274,72
278,72
375,72
268,73
269,73
271,73
273,73
278,73
376,73
268,74
272,74
278,74
377,74
269,75
270,75
277,75
377,75
277,76
378,76
277,77
379,77
277,78
379,78
276,79
380,79
275,80
381,80
274,81
381,81
273,82
382,82
272,83
382,83
269,84
383,84
268,85
383,85
266,86
384,86
264,87
384,87
262,88
385,88
257,89
385,89
256,90
385,90
254,91
386,91
252,92
386,92
247,93
386,93
247,94
387,94
247,95
387,95
247,96
387,96
247,97
387,97
247,98
387,98
247,99
387,99
248,100
387,100
248,101
259,101
262,101
387,101
248,102
252,102
256,102
261,102
264,102
387,102
248,103
251,103
256,103
259,103
264,103
386,103
264,104
264,104
266,104
386,104
267,105
386,105
267,106
385,106
267,107
385,107
267,108
385,108
267,109
384,109
267,110
384,110
266,111
383,111
266,112
382,112
266,113
266,113
269,113
382,113
266,114
266,114
269,114
381,114
269,115
381,115
269,116
380,116
269,117
379,117
273,118
379,118
113,119
114,119
273,119
378,119
113,120
115,120
275,120
379,120
113,121
116,121
275,121
379,121
114,122
118,122
275,122
379,122
115,123
122,123
276,123
379,123
115,124
125,124
149,124
163,124
277,124
379,124
117,125
127,125
149,125
163,125
278,125
379,125
118,126
130,126
147,126
164,126
278,126
379,126
119,127
136,127
138,127
138,127
140,127
175,127
278,127
379,127
120,128
123,128
125,128
186,128
278,128
378,128
121,129
137,129
139,129
139,129
141,129
192,129
278,129
378,129
125,130
192,130
278,130
376,130
378,130
379,130
126,131
199,131
278,131
379,131
127,132
202,132
278,132
380,132
129,133
205,133
277,133
381,133
130,134
208,134
276,134
381,134
134,135
207,135
210,135
211,135
274,135
274,135
276,135
382,135
139,136
208,136
210,136
212,136
274,136
383,136
141,137
215,137
274,137
383,137
145,138
217,138
275,138
384,138
151,139
219,139
277,139
385,139
154,140
221,140
277,140
387,140
160,141
222,141
277,141
387,141
160,142
225,142
277,142
388,142
160,143
226,143
277,143
389,143
161,144
228,144
277,144
379,144
383,144
385,144
390,144
390,144
161,145
230,145
276,145
378,145
162,146
232,146
276,146
378,146
163,147
234,147
276,147
378,147
163,148
237,148
276,148
378,148
163,149
238,149
276,149
378,149
163,150
243,150
276,150
378,150
164,151
244,151
246,151
247,151
275,151
378,151
164,152
250,152
275,152
378,152
163,153
255,153
275,153
378,153
163,154
257,154
275,154
377,154
163,155
260,155
275,155
377,155
163,156
264,156
275,156
377,156
163,157
267,157
275,157
377,157
163,158
270,158
274,158
377,158
163,159
377,159
163,160
377,160
163,161
377,161
163,162
377,162
163,163
377,163
163,164
377,164
163,165
377,165
163,166
377,166
163,167
376,167
162,168
376,168
162,169
376,169
162,170
376,170
162,171
376,171
162,172
376,172
162,173
375,173
162,174
376,174
162,175
376,175
162,176
376,176
162,177
376,177
162,178
376,178
162,179
375,179
162,180
375,180
162,181
375,181
162,182
375,182
162,183
375,183
162,184
375,184
162,185
194,185
208,185
375,185
162,186
187,186
211,186
375,186
162,187
186,187
214,187
374,187
162,188
184,188
216,188
374,188
162,189
181,189
217,189
374,189
162,190
180,190
221,190
374,190
162,191
178,191
226,191
374,191
162,192
177,192
230,192
374,192
162,193
175,193
233,193
374,193
162,194
174,194
238,194
373,194
162,195
172,195
242,195
373,195
162,196
171,196
245,196
251,196
254,196
374,196
162,197
169,197
249,197
374,197
162,198
168,198
254,198
374,198
162,199
166,199
258,199
374,199
162,200
164,200
261,200
374,200
163,201
163,201
262,201
374,201
262,202
374,202
262,203
374,203
262,204
373,204
261,205
373,205
261,206
373,206
261,207
374,207
259,208
373,208
259,209
374,209
259,210
374,210
258,211
374,211
258,212
374,212
257,213
374,213
257,214
374,214
257,215
374,215
256,216
374,216
256,217
374,217
255,218
374,218
255,219
374,219
255,220
375,220
254,221
375,221
254,222
375,222
253,223
375,223
253,224
375,224
252,225
375,225
251,226
375,226
251,227
376,227
250,228
376,228
250,229
376,229
249,230
376,230
249,231
376,231
248,232
376,232
248,233
376,233
248,234
376,234
247,235
376,235
247,236
376,236
246,237
376,237
246,238
376,238
245,239
376,239
245,240
377,240
244,241
377,241
244,242
377,242
243,243
377,243
243,244
377,244
243,245
377,245
243,246
377,246
242,247
377,247
242,248
377,248
242,249
377,249
242,250
378,250
242,251
378,251
242,252
378,252
242,253
378,253
241,254
378,254
241,255
378,255
242,256
378,256
242,257
378,257
243,258
378,258
243,259
378,259
243,260
378,260
242,261
378,261
242,262
242,262
245,262
379,262
242,263
242,263
244,263
379,263
241,264
379,264
242,265
379,265
243,266
379,266
245,267
379,267
247,268
379,268
248,269
379,269
248,270
379,270
249,271
379,271
250,272
379,272
251,273
379,273
252,274
379,274
253,275
379,275
253,276
377,276
379,276
379,276
253,277
379,277
253,278
379,278
253,279
379,279
254,280
378,280
253,281
378,281
253,282
378,282
253,283
378,283
253,284
378,284
252,285
376,285
378,285
378,285
252,286
378,286
252,287
378,287
251,288
378,288
251,289
378,289
251,290
378,290
251,291
378,291
250,292
378,292
250,293
378,293
249,294
377,294
248,295
377,295
248,296
377,296
247,297
249,297
252,297
377,297
246,298
249,298
253,298
377,298
246,299
249,299
253,299
377,299
245,300
248,300
252,300
377,300
244,301
247,301
252,301
376,301
244,302
246,302
252,302
375,302
243,303
246,303
251,303
375,303
243,304
246,304
251,304
375,304
242,305
245,305
251,305
375,305
242,306
245,306
251,306
374,306
242,307
244,307
251,307
374,307
241,308
244,308
250,308
374,308
241,309
244,309
250,309
374,309
240,310
243,310
250,310
374,310
240,311
243,311
250,311
374,311
240,312
243,312
249,312
374,312
239,313
243,313
249,313
373,313
239,314
243,314
248,314
373,314
239,315
242,315
248,315
373,315
238,316
242,316
248,316
373,316
238,317
242,317
248,317
373,317
238,318
241,318
248,318
372,318
238,319
241,319
248,319
371,319
238,320
242,320
248,320
249,320
251,320
371,320
237,321
242,321
252,321
371,321
237,322
241,322
252,322
370,322
237,323
241,323
252,323
370,323
237,324
241,324
252,324
370,324
237,325
241,325
252,325
370,325
237,326
240,326
252,326
370,326
236,327
240,327
252,327
370,327
236,328
241,328
252,328
370,328
236,329
240,329
252,329
369,329
235,330
240,330
252,330
368,330
235,331
240,331
252,331
369,331
235,332
240,332
252,332
369,332
235,333
240,333
252,333
369,333
234,334
239,334
251,334
368,334
234,335
239,335
251,335
368,335
238,336
238,336
251,336
348,336
351,336
368,336
250,337
348,337
351,337
367,337
250,338
347,338
350,338
367,338
249,339
347,339
350,339
367,339
250,340
366,340
251,341
366,341
251,342
365,342
251,343
365,343
251,344
365,344
251,345
364,345
251,346
353,346
356,346
364,346
251,347
353,347
356,347
363,347
251,348
352,348
356,348
363,348
251,349
352,349
356,349
363,349
251,350
351,350
355,350
362,350
251,351
351,351
355,351
362,351
251,352
350,352
355,352
361,352
251,353
350,353
355,353
360,353
251,354
350,354
354,354
359,354
251,355
358,355
251,356
357,356
251,357
356,357
251,358
355,358
251,359
354,359
