341,0
479,0
339,1
479,1
338,2
479,2
338,3
479,3
335,4
479,4
334,5
479,5
334,6
479,6
332,7
479,7
332,8
479,8
332,9
479,9
332,10
479,10
330,11
479,11
328,12
479,12
328,13
479,13
327,14
479,14
327,15
479,15
327,16
479,16
326,17
479,17
325,18
479,18
323,19
479,19
323,20
479,20
322,21
479,21
321,22
479,22
318,23
479,23
317,24
479,24
317,25
479,25
318,26
479,26
318,27
479,27
319,28
479,28
319,29
479,29
318,30
479,30
317,31
479,31
317,32
479,32
317,33
479,33
316,34
479,34
316,35
479,35
316,36
479,36
316,37
479,37
316,38
479,38
316,39
479,39
316,40
479,40
315,41
479,41
315,42
479,42
314,43
479,43
314,44
479,44
314,45
479,45
314,46
479,46
314,47
479,47
314,48
479,48
314,49
479,49
314,50
479,50
314,51
479,51
314,52
479,52
313,53
479,53
312,54
479,54
312,55
479,55
311,56
479,56
309,57
479,57
309,58
479,58
307,59
479,59
306,60
479,60
305,61
479,61
304,62
479,62
304,63
479,63
303,64
479,64
303,65
479,65
303,66
479,66
302,67
479,67
301,68
479,68
300,69
479,69
299,70
479,70
297,71
479,71
293,72
479,72
291,73
479,73
289,74
479,74
287,75
479,75
284,76
479,76
282,77
479,77
280,78
281,78
283,78
479,78
279,79
479,79
277,80
479,80
275,81
479,81
274,82
479,82
274,83
479,83
260,84
263,84
272,84
479,84
259,85
266,85
272,85
479,85
259,86
479,86
259,87
479,87
258,88
479,88
258,89
479,89
258,90
258,90
260,90
479,90
257,91
258,91
260,91
479,91
256,92
479,92
256,93
479,93
256,94
479,94
256,95
479,95
256,96
479,96
256,97
479,97
256,98
479,98
256,99
479,99
255,100
479,100
255,101
479,101
255,102
479,102
255,103
479,103
255,104
479,104
255,105
479,105
255,106
479,106
255,107
479,107
255,108
479,108
255,109
479,109
255,110
479,110
255,111
479,111
256,112
479,112
256,113
479,113
256,114
479,114
256,115
479,115
256,116
479,116
256,117
479,117
257,118
479,118
257,119
479,119
257,120
258,120
260,120
270,120
272,120
479,120
260,121
270,121
273,121
479,121
261,122
266,122
276,122
479,122
277,123
479,123
279,124
479,124
278,125
479,125
279,126
479,126
280,127
479,127
280,128
479,128
281,129
479,129
281,130
479,130
281,131
479,131
280,132
479,132
280,133
479,133
160,134
161,134
280,134
287,134
289,134
479,134
158,135
159,135
161,135
162,135
280,135
283,135
290,135
479,135
158,136
163,136
292,136
479,136
158,137
164,137
293,137
479,137
158,138
165,138
294,138
479,138
158,139
166,139
295,139
479,139
158,140
166,140
296,140
479,140
158,141
166,141
297,141
479,141
158,142
166,142
297,142
479,142
158,143
166,143
298,143
479,143
158,144
166,144
299,144
479,144
158,145
167,145
299,145
479,145
158,146
167,146
300,146
479,146
158,147
167,147
300,147
479,147
158,148
167,148
301,148
479,148
158,149
167,149
302,149
479,149
158,150
167,150
302,150
479,150
159,151
167,151
303,151
479,151
159,152
168,152
303,152
479,152
159,153
169,153
305,153
306,153
308,153
310,153
312,153
314,153
316,153
479,153
160,154
169,154
307,154
308,154
316,154
479,154
160,155
169,155
316,155
479,155
160,156
169,156
318,156
479,156
160,157
170,157
319,157
479,157
160,158
170,158
319,158
479,158
160,159
170,159
319,159
479,159
161,160
171,160
320,160
479,160
161,161
171,161
320,161
479,161
161,162
171,162
321,162
479,162
162,163
171,163
321,163
479,163
162,164
171,164
321,164
479,164
162,165
171,165
321,165
479,165
162,166
172,166
321,166
479,166
162,167
173,167
321,167
479,167
162,168
173,168
322,168
479,168
163,169
173,169
322,169
479,169
163,170
173,170
322,170
479,170
163,171
174,171
322,171
479,171
163,172
174,172
322,172
479,172
163,173
175,173
322,173
479,173
163,174
175,174
322,174
479,174
163,175
175,175
322,175
479,175
164,176
175,176
322,176
479,176
164,177
176,177
322,177
479,177
164,178
176,178
323,178
479,178
164,179
176,179
323,179
479,179
164,180
177,180
323,180
479,180
164,181
177,181
323,181
479,181
164,182
177,182
323,182
479,182
164,183
178,183
323,183
479,183
165,184
179,184
323,184
479,184
165,185
179,185
323,185
479,185
165,186
179,186
323,186
479,186
146,187
151,187
165,187
179,187
323,187
479,187
143,188
155,188
165,188
180,188
323,188
479,188
142,189
156,189
165,189
180,189
323,189
479,189
141,190
158,190
165,190
181,190
323,190
479,190
140,191
140,191
143,191
160,191
165,191
182,191
323,191
479,191
141,192
183,192
324,192
479,192
139,193
185,193
324,193
479,193
139,194
185,194
324,194
479,194
139,195
186,195
324,195
479,195
139,196
139,196
141,196
186,196
324,196
479,196
139,197
186,197
324,197
479,197
139,198
139,198
141,198
187,198
324,198
479,198
139,199
187,199
324,199
479,199
135,200
137,200
139,200
188,200
324,200
479,200
133,201
188,201
324,201
479,201
131,202
188,202
324,202
479,202
130,203
189,203
324,203
479,203
130,204
189,204
324,204
479,204
129,205
189,205
324,205
479,205
128,206
189,206
324,206
479,206
128,207
190,207
324,207
359,207
362,207
479,207
128,208
190,208
324,208
359,208
363,208
479,208
128,209
190,209
325,209
359,209
363,209
479,209
128,210
191,210
325,210
359,210
365,210
479,210
127,211
191,211
325,211
359,211
365,211
479,211
127,212
191,212
325,212
359,212
367,212
479,212
127,213
191,213
325,213
359,213
368,213
479,213
127,214
192,214
325,214
359,214
369,214
479,214
126,215
192,215
325,215
359,215
370,215
479,215
126,216
192,216
325,216
359,216
372,216
479,216
126,217
193,217
325,217
359,217
375,217
479,217
125,218
191,218
193,218
193,218
325,218
359,218
375,218
479,218
125,219
191,219
193,219
193,219
325,219
359,219
377,219
479,219
124,220
191,220
193,220
193,220
325,220
359,220
378,220
479,220
124,221
194,221
325,221
359,221
379,221
479,221
124,222
194,222
325,222
359,222
379,222
479,222
124,223
194,223
325,223
359,223
379,223
479,223
124,224
194,224
325,224
360,224
380,224
479,224
124,225
194,225
325,225
360,225
380,225
479,225
123,226
194,226
325,226
360,226
380,226
479,226
123,227
194,227
325,227
360,227
380,227
479,227
123,228
194,228
325,228
360,228
380,228
479,228
123,229
194,229
325,229
360,229
380,229
479,229
124,230
194,230
325,230
360,230
380,230
479,230
124,231
194,231
325,231
360,231
380,231
479,231
125,232
126,232
133,232
194,232
325,232
360,232
380,232
479,232
126,233
194,233
325,233
360,233
380,233
479,233
127,234
131,234
135,234
194,234
325,234
360,234
380,234
479,234
135,235
194,235
325,235
360,235
380,235
479,235
135,236
194,236
325,236
360,236
379,236
479,236
136,237
194,237
325,237
360,237
379,237
479,237
136,238
193,238
325,238
361,238
379,238
479,238
136,239
193,239
325,239
361,239
380,239
479,239
137,240
193,240
325,240
361,240
380,240
479,240
138,241
193,241
325,241
361,241
380,241
479,241
139,242
193,242
325,242
361,242
379,242
479,242
139,243
192,243
325,243
361,243
379,243
479,243
139,244
192,244
324,244
361,244
378,244
479,244
140,245
193,245
324,245
361,245
378,245
479,245
140,246
193,246
324,246
361,246
378,246
479,246
140,247
194,247
324,247
361,247
378,247
479,247
142,248
195,248
324,248
362,248
378,248
479,248
142,249
197,249
324,249
362,249
377,249
479,249
142,250
197,250
324,250
362,250
377,250
479,250
143,251
199,251
324,251
362,251
376,251
479,251
143,252
199,252
324,252
362,252
376,252
479,252
144,253
200,253
324,253
362,253
376,253
479,253
144,254
201,254
324,254
362,254
376,254
479,254
145,255
202,255
324,255
362,255
376,255
479,255
145,256
204,256
324,256
362,256
376,256
479,256
146,257
204,257
324,257
362,257
375,257
479,257
146,258
205,258
323,258
362,258
375,258
479,258
147,259
207,259
323,259
363,259
374,259
479,259
148,260
208,260
323,260
363,260
374,260
479,260
148,261
208,261
323,261
364,261
373,261
479,261
148,262
209,262
323,262
365,262
372,262
479,262
148,263
210,263
323,263
479,263
149,264
211,264
323,264
479,264
150,265
212,265
323,265
479,265
151,266
213,266
323,266
479,266
151,267
214,267
323,267
479,267
151,268
215,268
323,268
479,268
152,269
216,269
321,269
479,269
152,270
217,270
320,270
479,270
154,271
218,271
319,271
479,271
154,272
219,272
318,272
479,272
154,273
220,273
318,273
479,273
155,274
221,274
320,274
479,274
155,275
222,275
317,275
479,275
156,276
223,276
316,276
479,276
158,277
224,277
315,277
479,277
158,278
225,278
314,278
479,278
159,279
226,279
313,279
479,279
160,280
227,280
315,280
479,280
161,281
228,281
313,281
479,281
162,282
229,282
310,282
479,282
163,283
227,283
229,283
230,283
310,283
479,283
164,284
231,284
308,284
479,284
165,285
232,285
306,285
479,285
166,286
233,286
303,286
479,286
167,287
234,287
302,287
479,287
168,288
235,288
301,288
479,288
169,289
236,289
299,289
479,289
170,290
237,290
297,290
479,290
171,291
238,291
296,291
479,291
172,292
239,292
294,292
479,292
173,293
240,293
292,293
479,293
174,294
241,294
265,294
274,294
290,294
479,294
175,295
239,295
241,295
242,295
262,295
276,295
288,295
479,295
176,296
243,296
258,296
279,296
287,296
479,296
177,297
244,297
256,297
280,297
285,297
479,297
178,298
244,298
253,298
282,298
285,298
479,298
179,299
246,299
250,299
479,299
180,300
479,300
181,301
479,301
182,302
479,302
183,303
479,303
184,304
479,304
184,305
479,305
186,306
479,306
186,307
479,307
188,308
479,308
189,309
479,309
190,310
479,310
191,311
479,311
191,312
479,312
192,313
479,313
193,314
479,314
194,315
479,315
195,316
479,316
196,317
479,317
197,318
479,318
198,319
479,319
198,320
479,320
199,321
479,321
200,322
479,322
201,323
479,323
202,324
479,324
203,325
479,325
204,326
479,326
204,327
479,327
205,328
479,328
206,329
479,329
207,330
479,330
208,331
479,331
209,332
479,332
210,333
479,333
211,334
479,334
212,335
479,335
213,336
479,336
213,337
479,337
214,338
479,338
215,339
479,339
216,340
217,340
219,340
479,340
217,341
218,341
220,341
479,341
218,342
479,342
219,343
479,343
219,344
479,344
220,345
221,345
223,345
479,345
221,346
479,346
222,347
479,347
223,348
479,348
224,349
479,349
225,350
479,350
225,351
479,351
225,352
479,352
225,353
479,353
225,354
479,354
225,355
479,355
224,356
479,356
224,357
479,357
224,358
479,358
224,359
479,359
