372,0
479,0
372,1
479,1
370,2
479,2
370,3
479,3
370,4
479,4
368,5
368,5
370,5
479,5
368,6
479,6
367,7
479,7
366,8
479,8
366,9
479,9
366,10
479,10
363,11
479,11
363,12
479,12
362,13
479,13
361,14
479,14
361,15
479,15
361,16
479,16
361,17
479,17
361,18
479,18
361,19
479,19
361,20
479,20
360,21
479,21
359,22
479,22
359,23
479,23
359,24
479,24
359,25
479,25
358,26
479,26
358,27
479,27
358,28
479,28
358,29
479,29
357,30
479,30
357,31
479,31
357,32
479,32
356,33
479,33
356,34
479,34
356,35
479,35
356,36
479,36
355,37
479,37
355,38
479,38
355,39
479,39
355,40
479,40
354,41
479,41
354,42
479,42
354,43
479,43
354,44
479,44
354,45
479,45
354,46
479,46
354,47
479,47
354,48
479,48
354,49
479,49
354,50
479,50
354,51
479,51
354,52
479,52
354,53
479,53
353,54
479,54
353,55
479,55
352,56
479,56
350,57
479,57
349,58
479,58
347,59
479,59
346,60
479,60
345,61
479,61
344,62
479,62
344,63
479,63
344,64
479,64
342,65
479,65
341,66
479,66
340,67
479,67
340,68
479,68
340,69
479,69
339,70
479,70
339,71
479,71
338,72
479,72
337,73
479,73
337,74
479,74
333,75
479,75
330,76
479,76
328,77
479,77
327,78
479,78
325,79
479,79
321,80
479,80
321,81
479,81
319,82
479,82
317,83
479,83
313,84
479,84
312,85
479,85
311,86
479,86
310,87
479,87
308,88
479,88
308,89
479,89
292,90
298,90
306,90
479,90
293,91
301,91
304,91
479,91
292,92
479,92
292,93
479,93
291,94
479,94
291,95
479,95
291,96
479,96
291,97
479,97
290,98
479,98
290,99
479,99
290,100
479,100
290,101
479,101
290,102
479,102
289,103
479,103
289,104
479,104
289,105
479,105
289,106
479,106
289,107
479,107
289,108
479,108
289,109
479,109
289,110
479,110
289,111
479,111
289,112
479,112
289,113
479,113
289,114
479,114
289,115
479,115
289,116
479,116
289,117
479,117
289,118
479,118
290,119
479,119
289,120
479,120
290,121
479,121
290,122
479,122
290,123
479,123
290,124
479,124
290,125
479,125
291,126
479,126
292,127
479,127
292,128
306,128
308,128
479,128
292,129
292,129
294,129
479,129
293,130
305,130
313,130
479,130
295,131
301,131
314,131
479,131
314,132
479,132
315,133
479,133
315,134
479,134
316,135
479,135
318,136
479,136
318,137
479,137
318,138
479,138
318,139
479,139
319,140
479,140
319,141
479,141
318,142
479,142
119,143
124,143
317,143
479,143
119,144
126,144
318,144
323,144
329,144
479,144
119,145
128,145
318,145
319,145
330,145
479,145
119,146
129,146
332,146
479,146
119,147
127,147
129,147
131,147
332,147
479,147
120,148
132,148
334,148
479,148
121,149
131,149
334,149
479,149
121,150
133,150
336,150
479,150
122,151
133,151
135,151
135,151
336,151
479,151
122,152
137,152
336,152
479,152
123,153
137,153
337,153
479,153
124,154
139,154
338,154
479,154
124,155
139,155
338,155
479,155
126,156
141,156
339,156
479,156
126,157
141,157
339,157
479,157
127,158
143,158
340,158
479,158
128,159
144,159
340,159
479,159
129,160
130,160
132,160
145,160
342,160
479,160
130,161
145,161
342,161
479,161
131,162
147,162
343,162
479,162
132,163
148,163
343,163
479,163
133,164
149,164
345,164
350,164
358,164
479,164
134,165
151,165
346,165
348,165
358,165
479,165
135,166
152,166
359,166
479,166
136,167
153,167
359,167
479,167
138,168
155,168
360,168
479,168
138,169
156,169
360,169
479,169
139,170
157,170
361,170
479,170
140,171
158,171
361,171
479,171
142,172
159,172
362,172
479,172
142,173
160,173
363,173
479,173
143,174
161,174
363,174
479,174
144,175
163,175
363,175
479,175
145,176
163,176
363,176
479,176
146,177
164,177
363,177
479,177
148,178
165,178
363,178
479,178
148,179
166,179
363,179
479,179
149,180
168,180
363,180
479,180
150,181
169,181
363,181
479,181
151,182
167,182
170,182
170,182
364,182
479,182
152,183
168,183
170,183
172,183
364,183
479,183
152,184
173,184
364,184
479,184
153,185
174,185
364,185
479,185
153,186
171,186
173,186
175,186
364,186
479,186
154,187
172,187
174,187
176,187
364,187
479,187
155,188
177,188
364,188
479,188
156,189
177,189
364,189
479,189
156,190
179,190
364,190
479,190
158,191
179,191
364,191
479,191
158,192
181,192
364,192
479,192
160,193
184,193
364,193
479,193
160,194
186,194
364,194
479,194
146,195
155,195
160,195
187,195
364,195
479,195
144,196
188,196
364,196
479,196
141,197
189,197
364,197
479,197
140,198
187,198
189,198
190,198
364,198
479,198
138,199
187,199
189,199
190,199
364,199
479,199
138,200
138,200
140,200
191,200
365,200
479,200
138,201
191,201
366,201
479,201
137,202
192,202
366,202
479,202
136,203
192,203
366,203
479,203
136,204
193,204
366,204
479,204
136,205
193,205
366,205
479,205
136,206
193,206
366,206
479,206
137,207
137,207
139,207
194,207
366,207
479,207
137,208
137,208
139,208
195,208
365,208
479,208
137,209
195,209
365,209
479,209
136,210
196,210
365,210
479,210
134,211
196,211
365,211
479,211
132,212
197,212
365,212
479,212
130,213
197,213
365,213
479,213
129,214
198,214
365,214
479,214
128,215
198,215
365,215
479,215
128,216
199,216
365,216
479,216
127,217
199,217
365,217
479,217
127,218
199,218
365,218
479,218
126,219
200,219
366,219
479,219
126,220
200,220
366,220
479,220
126,221
201,221
367,221
479,221
126,222
201,222
367,222
479,222
126,223
202,223
367,223
405,223
408,223
479,223
125,224
202,224
367,224
405,224
410,224
479,224
124,225
202,225
367,225
405,225
410,225
479,225
123,226
203,226
367,226
405,226
411,226
479,226
123,227
203,227
367,227
405,227
413,227
479,227
123,228
203,228
367,228
405,228
414,228
479,228
123,229
204,229
367,229
405,229
414,229
479,229
123,230
204,230
367,230
405,230
416,230
479,230
123,231
204,231
367,231
404,231
417,231
479,231
123,232
204,232
367,232
406,232
418,232
479,232
123,233
205,233
367,233
406,233
418,233
479,233
123,234
205,234
367,234
406,234
419,234
479,234
123,235
205,235
367,235
406,235
420,235
479,235
123,236
205,236
367,236
406,236
422,236
479,236
123,237
205,237
367,237
406,237
424,237
479,237
123,238
205,238
367,238
406,238
424,238
479,238
123,239
205,239
367,239
406,239
426,239
479,239
123,240
205,240
367,240
406,240
426,240
479,240
124,241
205,241
367,241
406,241
427,241
479,241
124,242
205,242
367,242
406,242
428,242
479,242
123,243
205,243
367,243
407,243
428,243
479,243
123,244
205,244
367,244
407,244
428,244
479,244
124,245
205,245
367,245
407,245
428,245
479,245
124,246
205,246
367,246
407,246
428,246
479,246
125,247
135,247
137,247
205,247
367,247
407,247
428,247
479,247
126,248
133,248
138,248
205,248
367,248
407,248
428,248
479,248
129,249
130,249
138,249
205,249
367,249
407,249
428,249
479,249
139,250
206,250
367,250
407,250
428,250
479,250
139,251
206,251
367,251
407,251
428,251
479,251
140,252
206,252
367,252
407,252
427,252
479,252
140,253
206,253
367,253
407,253
427,253
479,253
141,254
207,254
367,254
407,254
427,254
479,254
142,255
207,255
367,255
408,255
427,255
479,255
143,256
209,256
368,256
408,256
428,256
479,256
143,257
210,257
368,257
408,257
428,257
479,257
144,258
211,258
367,258
408,258
428,258
479,258
145,259
212,259
367,259
408,259
428,259
479,259
145,260
213,260
367,260
408,260
427,260
479,260
146,261
214,261
367,261
408,261
427,261
479,261
146,262
215,262
367,262
408,262
427,262
479,262
147,263
216,263
366,263
408,263
427,263
479,263
148,264
217,264
366,264
408,264
427,264
479,264
149,265
218,265
366,265
408,265
427,265
479,265
150,266
219,266
366,266
408,266
427,266
479,266
150,267
220,267
366,267
408,267
427,267
479,267
151,268
221,268
366,268
409,268
427,268
479,268
151,269
221,269
366,269
409,269
427,269
479,269
153,270
222,270
366,270
409,270
427,270
479,270
153,271
224,271
366,271
409,271
427,271
479,271
154,272
224,272
366,272
409,272
426,272
479,272
155,273
225,273
366,273
409,273
426,273
479,273
155,274
226,274
365,274
410,274
426,274
479,274
156,275
227,275
365,275
410,275
426,275
479,275
157,276
228,276
365,276
410,276
426,276
479,276
158,277
229,277
365,277
410,277
426,277
479,277
158,278
230,278
365,278
410,278
426,278
479,278
159,279
231,279
365,279
410,279
426,279
479,279
160,280
232,280
365,280
410,280
426,280
479,280
160,281
233,281
365,281
410,281
426,281
479,281
162,282
234,282
365,282
410,282
426,282
479,282
162,283
235,283
365,283
410,283
426,283
479,283
163,284
236,284
365,284
411,284
425,284
479,284
164,285
237,285
364,285
411,285
425,285
479,285
164,286
238,286
364,286
411,286
424,286
479,286
165,287
239,287
363,287
413,287
422,287
479,287
166,288
240,288
360,288
479,288
166,289
241,289
359,289
479,289
167,290
242,290
357,290
479,290
168,291
243,291
356,291
479,291
169,292
244,292
356,292
479,292
170,293
245,293
356,293
479,293
171,294
246,294
357,294
479,294
172,295
247,295
354,295
479,295
173,296
248,296
354,296
479,296
174,297
249,297
353,297
479,297
175,298
250,298
351,298
479,298
176,299
251,299
351,299
479,299
177,300
249,300
251,300
252,300
349,300
479,300
178,301
253,301
348,301
479,301
179,302
179,302
181,302
251,302
253,302
253,302
347,302
479,302
180,303
251,303
253,303
254,303
346,303
479,303
181,304
255,304
342,304
479,304
182,305
255,305
340,305
479,305
183,306
257,306
339,306
479,306
184,307
258,307
335,307
479,307
185,308
259,308
333,308
479,308
186,309
260,309
332,309
479,309
187,310
261,310
328,310
479,310
188,311
262,311
327,311
479,311
189,312
263,312
324,312
479,312
190,313
261,313
263,313
264,313
290,313
290,313
292,313
299,313
322,313
479,313
191,314
265,314
285,314
301,314
320,314
479,314
191,315
265,315
281,315
303,315
318,315
479,315
192,316
267,316
278,316
305,316
315,316
479,316
193,317
268,317
275,317
306,317
314,317
479,317
194,318
271,318
274,318
307,318
313,318
479,318
195,319
479,319
196,320
479,320
197,321
479,321
198,322
479,322
199,323
479,323
200,324
479,324
201,325
479,325
202,326
479,326
202,327
479,327
203,328
479,328
204,329
479,329
205,330
479,330
206,331
479,331
207,332
479,332
208,333
479,333
208,334
479,334
209,335
479,335
210,336
479,336
211,337
479,337
212,338
479,338
212,339
479,339
213,340
479,340
215,341
479,341
215,342
479,342
216,343
479,343
217,344
479,344
218,345
479,345
221,346
479,346
220,347
220,347
222,347
479,347
220,348
479,348
221,349
479,349
222,350
479,350
223,351
479,351
223,352
479,352
224,353
479,353
225,354
479,354
226,355
479,355
227,356
227,356
229,356
479,356
228,357
479,357
228,358
228,358
230,358
479,358
229,359
230,359
232,359
479,359
