362,0
411,0
362,1
411,1
359,2
411,2
358,3
411,3
358,4
359,4
361,4
410,4
357,5
411,5
355,6
412,6
353,7
412,7
352,8
414,8
351,9
415,9
350,10
415,10
348,11
415,11
347,12
414,12
347,13
414,13
345,14
415,14
344,15
417,15
342,16
418,16
339,17
415,17
328,18
415,18
323,19
416,19
321,20
419,20
317,21
419,21
315,22
418,22
312,23
420,23
309,24
419,24
308,25
417,25
306,26
417,26
304,27
420,27
303,28
418,28
420,28
420,28
301,29
418,29
300,30
418,30
297,31
420,31
296,32
417,32
296,33
418,33
293,34
415,34
417,34
418,34
292,35
417,35
291,36
412,36
416,36
417,36
290,37
291,37
293,37
412,37
289,38
411,38
288,39
406,39
408,39
409,39
287,40
404,40
286,41
403,41
285,42
402,42
283,43
399,43
283,44
401,44
282,45
402,45
282,46
402,46
280,47
403,47
279,48
405,48
408,48
408,48
279,49
409,49
278,50
417,50
277,51
413,51
415,51
420,51
277,52
423,52
276,53
428,53
276,54
429,54
275,55
430,55
432,55
432,55
275,56
434,56
436,56
436,56
274,57
430,57
432,57
434,57
274,58
433,58
273,59
428,59
430,59
433,59
273,60
428,60
272,61
427,61
272,62
429,62
272,63
428,63
271,64
424,64
271,65
424,65
271,66
424,66
271,67
420,67
422,67
423,67
271,68
420,68
271,69
420,69
271,70
420,70
271,71
419,71
271,72
419,72
271,73
417,73
270,74
417,74
271,75
416,75
271,76
417,76
270,77
417,77
270,78
417,78
270,79
417,79
269,80
417,80
269,81
417,81
268,82
416,82
267,83
416,83
267,84
416,84
266,85
416,85
266,86
417,86
265,87
416,87
264,88
416,88
263,89
416,89
261,90
416,90
261,91
415,91
259,92
415,92
258,93
415,93
256,94
415,94
255,95
415,95
254,96
414,96
252,97
413,97
251,98
413,98
251,99
413,99
249,100
412,100
246,101
412,101
241,102
412,102
238,103
411,103
236,104
411,104
235,105
408,105
410,105
411,105
234,106
411,106
234,107
411,107
234,108
411,108
234,109
411,109
234,110
412,110
234,111
412,111
234,112
413,112
234,113
413,113
234,114
414,114
234,115
237,115
241,115
415,115
234,116
235,116
242,116
415,116
243,117
416,117
243,118
417,118
244,119
418,119
244,120
256,120
262,120
418,120
245,121
255,121
263,121
419,121
246,122
251,122
263,122
420,122
263,123
421,123
263,124
422,124
264,125
423,125
264,126
423,126
264,127
424,127
264,128
265,128
267,128
425,128
265,129
265,129
268,129
426,129
265,130
265,130
269,130
428,130
270,131
277,131
280,131
430,131
270,132
276,132
280,132
432,132
271,133
276,133
281,133
281,133
283,133
434,133
271,134
276,134
284,134
284,134
286,134
435,134
272,135
272,135
274,135
275,135
277,135
277,135
284,135
284,135
287,135
435,135
277,136
277,136
289,136
421,136
423,136
426,136
428,136
435,136
279,137
279,137
290,137
415,137
424,137
425,137
427,137
435,137
290,138
415,138
428,138
430,138
432,138
435,138
290,139
417,139
430,139
434,139
291,140
417,140
431,140
434,140
290,141
419,141
432,141
433,141
290,142
420,142
290,143
417,143
421,143
421,143
289,144
417,144
289,145
417,145
288,146
417,146
288,147
419,147
287,148
420,148
286,149
287,149
289,149
421,149
285,150
422,150
285,151
285,151
287,151
423,151
284,152
285,152
287,152
287,152
289,152
413,152
415,152
424,152
286,153
426,153
288,154
410,154
416,154
427,154
292,155
409,155
293,156
409,156
411,156
411,156
293,157
411,157
293,158
410,158
412,158
412,158
434,158
437,158
294,159
409,159
413,159
414,159
434,159
435,159
437,159
438,159
294,160
409,160
434,160
436,160
438,160
439,160
294,161
410,161
434,161
440,161
296,162
398,162
400,162
407,162
410,162
411,162
434,162
441,162
297,163
394,163
396,163
396,163
403,163
407,163
434,163
441,163
298,164
396,164
405,164
407,164
434,164
443,164
298,165
299,165
301,165
396,165
407,165
408,165
434,165
444,165
301,166
398,166
409,166
409,166
434,166
444,166
301,167
398,167
434,167
445,167
302,168
302,168
304,168
333,168
336,168
398,168
434,168
446,168
304,169
326,169
329,169
333,169
336,169
399,169
434,169
447,169
304,170
326,170
330,170
333,170
335,170
399,170
434,170
448,170
305,171
323,171
325,171
325,171
330,171
333,171
335,171
399,171
434,171
448,171
306,172
319,172
322,172
323,172
325,172
325,172
330,172
333,172
336,172
390,172
392,172
399,172
434,172
449,172
306,173
319,173
323,173
323,173
325,173
325,173
331,173
333,173
335,173
389,173
393,173
399,173
434,173
449,173
306,174
318,174
323,174
325,174
331,174
389,174
395,174
397,174
399,174
399,174
434,174
451,174
306,175
315,175
317,175
317,175
322,175
325,175
331,175
389,175
396,175
400,175
434,175
452,175
305,176
305,176
310,176
311,176
317,176
317,176
323,176
324,176
333,176
373,176
375,176
389,176
397,176
400,176
434,176
453,176
305,177
305,177
316,177
317,177
323,177
323,177
333,177
373,177
376,177
389,177
398,177
400,177
434,177
454,177
316,178
316,178
333,178
373,178
377,178
389,178
400,178
400,178
433,178
455,178
333,179
373,179
377,179
378,179
381,179
388,179
433,179
456,179
333,180
371,180
373,180
373,180
378,180
378,180
382,180
385,180
387,180
388,180
433,180
456,180
332,181
372,181
383,181
385,181
433,181
457,181
332,182
373,182
385,182
385,182
432,182
458,182
331,183
370,183
432,183
459,183
329,184
369,184
431,184
461,184
328,185
368,185
431,185
462,185
328,186
368,186
431,186
463,186
329,187
368,187
431,187
464,187
329,188
368,188
431,188
466,188
329,189
368,189
430,189
466,189
328,190
368,190
430,190
467,190
327,191
369,191
429,191
469,191
327,192
369,192
429,192
470,192
325,193
370,193
429,193
472,193
324,194
370,194
428,194
473,194
322,195
370,195
428,195
474,195
321,196
371,196
427,196
475,196
319,197
371,197
427,197
477,197
318,198
372,198
427,198
478,198
317,199
372,199
426,199
479,199
316,200
372,200
426,200
478,200
315,201
372,201
426,201
479,201
314,202
373,202
426,202
479,202
312,203
373,203
425,203
479,203
311,204
373,204
425,204
479,204
311,205
374,205
425,205
479,205
310,206
374,206
425,206
479,206
309,207
375,207
424,207
479,207
160,208
175,208
308,208
375,208
424,208
479,208
132,209
135,209
139,209
188,209
307,209
376,209
424,209
479,209
131,210
192,210
307,210
376,210
423,210
479,210
131,211
196,211
306,211
376,211
423,211
479,211
131,212
200,212
305,212
377,212
423,212
479,212
131,213
204,213
304,213
377,213
422,213
479,213
132,214
207,214
302,214
377,214
422,214
479,214
131,215
209,215
299,215
377,215
421,215
479,215
131,216
211,216
296,216
378,216
421,216
479,216
132,217
213,217
293,217
378,217
421,217
479,217
132,218
211,218
213,218
214,218
291,218
378,218
421,218
479,218
133,219
215,219
290,219
379,219
420,219
456,219
460,219
479,219
133,220
216,220
287,220
379,220
420,220
456,220
462,220
479,220
133,221
217,221
286,221
379,221
419,221
455,221
463,221
479,221
134,222
217,222
285,222
379,222
419,222
454,222
464,222
479,222
135,223
218,223
285,223
379,223
419,223
453,223
464,223
479,223
136,224
219,224
284,224
380,224
418,224
452,224
466,224
479,224
134,225
220,225
284,225
380,225
417,225
452,225
467,225
479,225
132,226
221,226
285,226
380,226
417,226
452,226
469,226
479,226
132,227
222,227
285,227
380,227
416,227
451,227
470,227
479,227
134,228
223,228
286,228
380,228
416,228
451,228
470,228
479,228
135,229
223,229
286,229
380,229
415,229
450,229
471,229
479,229
136,230
224,230
287,230
380,230
414,230
450,230
473,230
479,230
137,231
225,231
288,231
380,231
414,231
440,231
443,231
449,231
476,231
479,231
138,232
226,232
288,232
380,232
413,232
440,232
445,232
449,232
478,232
479,232
138,233
139,233
141,233
227,233
288,233
379,233
412,233
439,233
445,233
448,233
475,233
475,233
478,233
479,233
139,234
228,234
288,234
379,234
410,234
439,234
446,234
448,234
475,234
475,234
479,234
479,234
140,235
229,235
288,235
378,235
408,235
436,235
439,235
439,235
479,235
479,235
141,236
229,236
286,236
378,236
407,236
439,236
479,236
479,236
144,237
231,237
284,237
379,237
406,237
438,237
479,237
479,237
144,238
232,238
279,238
381,238
405,238
438,238
145,239
230,239
232,239
232,239
274,239
383,239
403,239
438,239
147,240
233,240
273,240
387,240
403,240
438,240
147,241
234,241
274,241
390,241
402,241
437,241
147,242
234,242
275,242
392,242
402,242
437,242
147,243
236,243
275,243
395,243
402,243
437,243
147,244
237,244
275,244
397,244
401,244
437,244
146,245
237,245
275,245
437,245
146,246
238,246
277,246
436,246
147,247
239,247
277,247
436,247
152,248
240,248
277,248
436,248
155,249
241,249
276,249
427,249
430,249
431,249
433,249
436,249
159,250
242,250
275,250
431,250
433,250
435,250
161,251
243,251
274,251
429,251
163,252
191,252
195,252
243,252
273,252
428,252
163,253
188,253
196,253
244,253
272,253
428,253
163,254
183,254
197,254
245,254
271,254
427,254
163,255
178,255
197,255
245,255
270,255
427,255
168,256
171,256
198,256
247,256
268,256
426,256
198,257
248,257
268,257
426,257
199,258
249,258
266,258
426,258
200,259
249,259
265,259
425,259
201,260
250,260
264,260
425,260
202,261
251,261
263,261
424,261
204,262
252,262
262,262
424,262
203,263
252,263
262,263
423,263
204,264
253,264
261,264
423,264
204,265
254,265
260,265
423,265
205,266
255,266
259,266
423,266
205,267
255,267
259,267
422,267
206,268
422,268
207,269
422,269
207,270
421,270
208,271
421,271
208,272
421,272
209,273
421,273
430,273
436,273
210,274
421,274
429,274
440,274
210,275
422,275
429,275
444,275
211,276
423,276
428,276
445,276
212,277
424,277
428,277
451,277
212,278
455,278
213,279
360,279
364,279
459,279
214,280
359,280
392,280
465,280
467,280
468,280
214,281
358,281
396,281
479,281
215,282
358,282
399,282
479,282
216,283
357,283
400,283
479,283
216,284
357,284
402,284
479,284
217,285
356,285
404,285
479,285
217,286
356,286
406,286
479,286
218,287
356,287
406,287
479,287
218,288
356,288
408,288
479,288
219,289
355,289
409,289
479,289
220,290
355,290
411,290
479,290
220,291
354,291
411,291
479,291
221,292
354,292
412,292
479,292
222,293
354,293
413,293
479,293
222,294
354,294
414,294
479,294
223,295
353,295
415,295
479,295
224,296
353,296
416,296
479,296
224,297
353,297
417,297
479,297
224,298
352,298
418,298
479,298
225,299
352,299
419,299
479,299
225,300
351,300
420,300
479,300
226,301
351,301
421,301
479,301
227,302
351,302
422,302
479,302
227,303
351,303
423,303
479,303
228,304
350,304
423,304
479,304
229,305
350,305
424,305
426,305
428,305
479,305
229,306
350,306
425,306
479,306
230,307
350,307
426,307
479,307
231,308
349,308
427,308
479,308
232,309
349,309
428,309
479,309
232,310
349,310
428,310
479,310
233,311
348,311
429,311
479,311
234,312
348,312
430,312
479,312
234,313
348,313
431,313
479,313
235,314
348,314
432,314
479,314
236,315
348,315
432,315
433,315
435,315
479,315
236,316
347,316
433,316
479,316
237,317
347,317
434,317
479,317
238,318
347,318
435,318
479,318
239,319
347,319
436,319
479,319
240,320
347,320
436,320
479,320
240,321
347,321
437,321
479,321
241,322
347,322
437,322
479,322
242,323
346,323
438,323
479,323
243,324
346,324
439,324
479,324
245,325
346,325
440,325
479,325
246,326
346,326
440,326
479,326
248,327
346,327
441,327
479,327
249,328
271,328
273,328
346,328
442,328
479,328
251,329
268,329
273,329
346,329
443,329
479,329
253,330
265,330
273,330
346,330
443,330
479,330
257,331
263,331
273,331
346,331
444,331
479,331
273,332
346,332
444,332
479,332
273,333
346,333
445,333
479,333
273,334
347,334
446,334
479,334
273,335
347,335
447,335
479,335
273,336
347,336
447,336
479,336
272,337
347,337
448,337
479,337
272,338
347,338
449,338
479,338
272,339
347,339
450,339
479,339
272,340
347,340
451,340
479,340
272,341
348,341
451,341
479,341
272,342
348,342
452,342
479,342
272,343
348,343
453,343
479,343
272,344
348,344
453,344
479,344
272,345
348,345
454,345
479,345
272,346
349,346
455,346
455,346
457,346
479,346
271,347
349,347
456,347
479,347
271,348
349,348
456,348
479,348
271,349
349,349
457,349
479,349
271,350
349,350
458,350
479,350
271,351
350,351
459,351
479,351
271,352
351,352
459,352
479,352
271,353
351,353
460,353
476,353
478,353
479,353
271,354
351,354
461,354
475,354
477,354
478,354
271,355
352,355
462,355
474,355
476,355
477,355
271,356
354,356
464,356
476,356
271,357
359,357
465,357
472,357
474,357
474,357
271,358
361,358
466,358
473,358
270,359
358,359
362,359
363,359
467,359
472,359
