387,0
479,0
387,1
479,1
387,2
479,2
387,3
479,3
388,4
479,4
388,5
479,5
388,6
479,6
388,7
479,7
388,8
479,8
389,9
479,9
389,10
479,10
390,11
479,11
391,12
479,12
394,13
479,13
399,14
479,14
404,15
479,15
413,16
479,16
414,17
479,17
416,18
479,18
417,19
479,19
417,20
479,20
418,21
479,21
419,22
479,22
420,23
479,23
420,24
479,24
420,25
479,25
420,26
479,26
420,27
479,27
421,28
479,28
422,29
479,29
422,30
479,30
422,31
479,31
423,32
479,32
423,33
479,33
423,34
479,34
423,35
479,35
424,36
425,36
432,36
479,36
424,37
424,37
432,37
479,37
432,38
479,38
432,39
479,39
433,40
479,40
433,41
479,41
434,42
479,42
434,43
479,43
434,44
479,44
435,45
479,45
436,46
479,46
436,47
479,47
436,48
479,48
436,49
479,49
436,50
479,50
436,51
479,51
434,52
479,52
432,53
479,53
431,54
479,54
430,55
479,55
431,56
479,56
431,57
479,57
431,58
479,58
432,59
479,59
434,60
479,60
434,61
479,61
436,62
479,62
437,63
479,63
438,64
479,64
438,65
479,65
438,66
479,66
439,67
479,67
439,68
479,68
439,69
479,69
439,70
479,70
439,71
479,71
439,72
479,72
439,73
479,73
439,74
479,74
439,75
479,75
439,76
479,76
440,77
479,77
440,78
479,78
441,79
479,79
442,80
479,80
442,81
479,81
443,82
479,82
443,83
479,83
443,84
479,84
443,85
479,85
443,86
479,86
444,87
479,87
444,88
479,88
444,89
479,89
444,90
479,90
444,91
479,91
445,92
479,92
138,93
138,93
445,93
479,93
138,94
150,94
446,94
479,94
138,95
146,95
149,95
150,95
152,95
153,95
446,95
479,95
138,96
156,96
446,96
479,96
138,97
158,97
446,97
479,97
139,98
160,98
447,98
479,98
139,99
162,99
447,99
479,99
140,100
164,100
447,100
479,100
142,101
167,101
448,101
479,101
145,102
170,102
448,102
479,102
147,103
167,103
169,103
172,103
448,103
479,103
150,104
175,104
447,104
479,104
152,105
178,105
447,105
479,105
154,106
181,106
447,106
455,106
460,106
479,106
155,107
186,107
447,107
455,107
462,107
479,107
157,108
191,108
447,108
447,108
449,108
453,108
461,108
478,108
159,109
195,109
446,109
451,109
462,109
478,109
161,110
196,110
446,110
450,110
462,110
477,110
161,111
198,111
445,111
449,111
461,111
477,111
159,112
201,112
445,112
448,112
461,112
468,112
471,112
476,112
155,113
202,113
445,113
447,113
461,113
467,113
471,113
476,113
152,114
205,114
444,114
446,114
460,114
467,114
471,114
476,114
147,115
209,115
444,115
446,115
460,115
467,115
472,115
476,115
141,116
211,116
213,116
213,116
444,116
444,116
460,116
464,116
472,116
479,116
136,117
218,117
443,117
444,117
460,117
464,117
472,117
476,117
478,117
479,117
133,118
221,118
442,118
443,118
460,118
464,118
472,118
476,118
124,119
225,119
461,119
462,119
464,119
464,119
472,119
474,119
117,120
227,120
461,120
462,120
473,120
475,120
111,121
229,121
460,121
462,121
473,121
474,121
101,122
231,122
460,122
461,122
473,122
474,122
93,123
229,123
232,123
234,123
459,123
460,123
472,123
473,123
87,124
87,124
95,124
236,124
459,124
459,124
473,124
473,124
85,125
237,125
473,125
473,125
82,126
235,126
237,126
239,126
82,127
240,127
79,128
242,128
79,129
244,129
79,130
245,130
80,131
246,131
80,132
248,132
83,133
110,133
135,133
250,133
84,134
90,134
132,134
251,134
121,135
252,135
94,136
254,136
90,137
255,137
87,138
257,138
83,139
83,139
86,139
258,139
80,140
259,140
79,141
261,141
78,142
262,142
79,143
264,143
79,144
265,144
81,145
267,145
82,146
268,146
83,147
270,147
93,148
103,148
147,148
272,148
99,149
104,149
146,149
273,149
98,150
115,150
142,150
274,150
467,150
467,150
472,150
479,150
94,151
121,151
131,151
276,151
464,151
465,151
468,151
471,151
474,151
479,151
91,152
91,152
93,152
277,152
462,152
479,152
92,153
278,153
460,153
479,153
92,154
281,154
458,154
479,154
91,155
282,155
456,155
479,155
92,156
283,156
455,156
479,156
93,157
284,157
454,157
479,157
94,158
285,158
452,158
479,158
95,159
288,159
452,159
479,159
98,160
289,160
452,160
479,160
103,161
290,161
430,161
431,161
435,161
438,161
440,161
441,161
451,161
479,161
119,162
292,162
428,162
432,162
434,162
479,162
120,163
293,163
425,163
429,163
431,163
431,163
433,163
479,163
119,164
127,164
143,164
295,164
425,164
479,164
116,165
131,165
152,165
296,165
424,165
479,165
114,166
135,166
141,166
298,166
423,166
479,166
113,167
299,167
422,167
479,167
112,168
301,168
421,168
479,168
112,169
299,169
301,169
302,169
421,169
479,169
114,170
304,170
421,170
479,170
114,171
304,171
421,171
479,171
115,172
306,172
421,172
479,172
117,173
308,173
420,173
479,173
119,174
309,174
420,174
479,174
120,175
311,175
420,175
479,175
134,176
311,176
420,176
479,176
138,177
314,177
420,177
479,177
140,178
315,178
420,178
479,178
140,179
316,179
420,179
479,179
140,180
318,180
398,180
402,180
420,180
479,180
140,181
320,181
398,181
400,181
402,181
405,181
420,181
479,181
140,182
320,182
398,182
406,182
408,182
479,182
139,183
322,183
398,183
479,183
137,184
221,184
228,184
324,184
398,184
479,184
137,185
220,185
230,185
323,185
325,185
325,185
398,185
479,185
137,186
217,186
231,186
326,186
398,186
479,186
138,187
215,187
232,187
327,187
398,187
479,187
143,188
215,188
233,188
329,188
398,188
479,188
145,189
213,189
234,189
330,189
397,189
479,189
146,190
211,190
235,190
332,190
397,190
479,190
148,191
208,191
236,191
329,191
331,191
331,191
333,191
333,191
397,191
479,191
153,192
204,192
206,192
208,192
238,192
334,192
394,192
479,192
154,193
205,193
240,193
335,193
390,193
479,193
156,194
204,194
241,194
337,194
387,194
479,194
156,195
203,195
242,195
335,195
337,195
338,195
383,195
479,195
156,196
201,196
244,196
339,196
380,196
479,196
150,197
201,197
245,197
340,197
376,197
479,197
134,198
201,198
246,198
341,198
372,198
479,198
112,199
201,199
247,199
343,199
368,199
479,199
112,200
201,200
249,200
344,200
364,200
479,200
112,201
201,201
250,201
345,201
361,201
479,201
112,202
201,202
252,202
344,202
346,202
346,202
359,202
479,202
112,203
201,203
252,203
347,203
355,203
479,203
112,204
200,204
253,204
351,204
353,204
479,204
112,205
200,205
254,205
479,205
112,206
200,206
255,206
479,206
112,207
200,207
258,207
479,207
113,208
200,208
259,208
479,208
113,209
199,209
261,209
479,209
114,210
199,210
262,210
479,210
114,211
199,211
263,211
479,211
114,212
196,212
198,212
198,212
264,212
479,212
115,213
197,213
265,213
479,213
115,214
197,214
266,214
479,214
116,215
197,215
267,215
479,215
116,216
192,216
194,216
196,216
268,216
479,216
117,217
191,217
193,217
195,217
270,217
479,217
118,218
194,218
272,218
479,218
119,219
193,219
273,219
479,219
119,220
192,220
273,220
479,220
120,221
191,221
274,221
479,221
121,222
191,222
276,222
479,222
122,223
190,223
277,223
479,223
124,224
188,224
278,224
479,224
125,225
187,225
279,225
479,225
127,226
185,226
281,226
281,226
283,226
479,226
128,227
185,227
284,227
479,227
129,228
184,228
284,228
479,228
130,229
183,229
285,229
479,229
131,230
183,230
285,230
479,230
132,231
183,231
286,231
479,231
133,232
182,232
288,232
479,232
133,233
181,233
289,233
479,233
134,234
181,234
290,234
479,234
134,235
180,235
291,235
479,235
134,236
180,236
294,236
479,236
135,237
180,237
295,237
479,237
135,238
180,238
296,238
479,238
136,239
180,239
296,239
479,239
136,240
179,240
298,240
479,240
136,241
178,241
300,241
479,241
136,242
178,242
301,242
479,242
137,243
178,243
302,243
479,243
137,244
178,244
303,244
479,244
138,245
177,245
179,245
179,245
305,245
479,245
138,246
174,246
176,246
179,246
307,246
479,246
137,247
180,247
308,247
479,247
137,248
180,248
309,248
479,248
137,249
180,249
310,249
479,249
137,250
180,250
311,250
479,250
136,251
180,251
312,251
479,251
137,252
139,252
143,252
177,252
314,252
479,252
138,253
174,253
317,253
479,253
141,254
164,254
319,254
479,254
320,255
479,255
323,256
479,256
326,257
479,257
328,258
407,258
410,258
479,258
330,259
402,259
411,259
479,259
335,260
396,260
411,260
479,260
338,261
390,261
411,261
479,261
339,262
384,262
411,262
479,262
340,263
379,263
411,263
479,263
348,264
371,264
374,264
374,264
411,264
479,264
352,265
364,265
411,265
479,265
411,266
479,266
411,267
479,267
411,268
479,268
410,269
479,269
410,270
479,270
410,271
479,271
410,272
479,272
410,273
479,273
410,274
479,274
410,275
479,275
410,276
479,276
410,277
479,277
410,278
479,278
410,279
479,279
410,280
479,280
410,281
479,281
410,282
479,282
410,283
479,283
410,284
479,284
410,285
479,285
410,286
479,286
410,287
479,287
410,288
479,288
410,289
479,289
410,290
479,290
410,291
479,291
410,292
479,292
410,293
479,293
410,294
479,294
410,295
479,295
410,296
479,296
410,297
479,297
410,298
479,298
410,299
479,299
410,300
479,300
410,301
479,301
410,302
479,302
410,303
479,303
410,304
479,304
410,305
479,305
410,306
479,306
410,307
479,307
410,308
479,308
410,309
479,309
410,310
479,310
410,311
479,311
410,312
479,312
410,313
479,313
410,314
479,314
410,315
479,315
410,316
479,316
410,317
479,317
410,318
479,318
410,319
479,319
410,320
479,320
410,321
479,321
410,322
479,322
410,323
479,323
410,324
479,324
410,325
479,325
410,326
479,326
410,327
479,327
410,328
479,328
410,329
479,329
410,330
479,330
410,331
479,331
410,332
479,332
410,333
479,333
410,334
479,334
410,335
479,335
410,336
479,336
410,337
479,337
410,338
479,338
410,339
479,339
410,340
479,340
410,341
479,341
409,342
479,342
409,343
479,343
409,344
479,344
409,345
479,345
408,346
479,346
408,347
479,347
408,348
479,348
408,349
479,349
408,350
479,350
408,351
479,351
408,352
479,352
408,353
479,353
408,354
479,354
408,355
479,355
408,356
479,356
408,357
479,357
408,358
479,358
408,359
479,359
