0,0
479,0
0,1
479,1
0,2
479,2
0,3
479,3
0,4
479,4
0,5
479,5
0,6
479,6
0,7
479,7
0,8
479,8
0,9
479,9
0,10
479,10
0,11
479,11
0,12
479,12
0,13
479,13
0,14
479,14
0,15
479,15
0,16
479,16
0,17
479,17
0,18
479,18
0,19
479,19
0,20
479,20
0,21
479,21
0,22
479,22
0,23
479,23
0,24
479,24
0,25
479,25
0,26
479,26
0,27
479,27
0,28
479,28
0,29
479,29
0,30
479,30
0,31
479,31
0,32
479,32
0,33
479,33
0,34
479,34
0,35
479,35
0,36
479,36
0,37
479,37
0,38
479,38
0,39
479,39
0,40
479,40
0,41
479,41
0,42
479,42
0,43
479,43
0,44
479,44
0,45
479,45
0,46
479,46
0,47
479,47
0,48
479,48
0,49
479,49
0,50
479,50
0,51
479,51
0,52
479,52
0,53
479,53
0,54
479,54
0,55
479,55
0,56
479,56
0,57
479,57
0,58
479,58
0,59
479,59
0,60
479,60
0,61
479,61
0,62
479,62
0,63
479,63
0,64
479,64
0,65
479,65
0,66
479,66
0,67
479,67
0,68
479,68
0,69
479,69
0,70
479,70
0,71
479,71
0,72
479,72
0,73
479,73
0,74
479,74
0,75
479,75
0,76
479,76
0,77
479,77
0,78
479,78
0,79
479,79
0,80
479,80
0,81
479,81
0,82
479,82
0,83
479,83
0,84
479,84
0,85
479,85
0,86
479,86
0,87
479,87
0,88
479,88
0,89
479,89
0,90
479,90
0,91
479,91
0,92
479,92
0,93
479,93
0,94
479,94
0,95
479,95
0,96
479,96
0,97
479,97
0,98
479,98
0,99
479,99
0,100
479,100
0,101
103,101
128,101
479,101
0,102
101,102
136,102
479,102
0,103
100,103
136,103
479,103
0,104
100,104
141,104
142,104
144,104
479,104
0,105
100,105
143,105
146,105
149,105
479,105
0,106
100,106
146,106
479,106
0,107
100,107
148,107
479,107
0,108
100,108
149,108
479,108
0,109
101,109
151,109
479,109
0,110
101,110
152,110
479,110
0,111
99,111
154,111
479,111
0,112
100,112
154,112
479,112
0,113
99,113
155,113
479,113
0,114
99,114
156,114
479,114
0,115
99,115
157,115
479,115
0,116
96,116
98,116
99,116
157,116
479,116
0,117
96,117
98,117
98,117
158,117
479,117
0,118
97,118
159,118
479,118
0,119
95,119
97,119
98,119
159,119
479,119
0,120
97,120
160,120
479,120
0,121
97,121
160,121
479,121
0,122
97,122
161,122
479,122
0,123
96,123
161,123
479,123
0,124
96,124
162,124
479,124
0,125
96,125
162,125
479,125
0,126
95,126
162,126
479,126
0,127
95,127
163,127
479,127
0,128
95,128
163,128
479,128
0,129
94,129
163,129
479,129
0,130
94,130
163,130
479,130
0,131
93,131
164,131
479,131
0,132
93,132
164,132
479,132
0,133
93,133
164,133
479,133
0,134
93,134
164,134
479,134
0,135
93,135
164,135
479,135
0,136
92,136
164,136
479,136
0,137
92,137
165,137
479,137
0,138
91,138
165,138
479,138
0,139
91,139
165,139
479,139
0,140
87,140
89,140
91,140
166,140
479,140
0,141
87,141
89,141
90,141
125,141
150,141
167,141
479,141
0,142
90,142
123,142
155,142
166,142
479,142
0,143
89,143
117,143
156,143
166,143
479,143
0,144
87,144
89,144
89,144
112,144
160,144
164,144
479,144
0,145
88,145
111,145
161,145
164,145
479,145
0,146
88,146
110,146
479,146
0,147
88,147
106,147
479,147
0,148
87,148
105,148
479,148
0,149
87,149
101,149
479,149
0,150
87,150
95,150
95,150
98,150
479,150
0,151
88,151
91,151
93,151
96,151
479,151
0,152
91,152
93,152
479,152
0,153
479,153
0,154
479,154
0,155
479,155
0,156
479,156
0,157
479,157
0,158
479,158
0,159
479,159
0,160
479,160
0,161
479,161
0,162
479,162
0,163
479,163
0,164
479,164
0,165
479,165
0,166
479,166
0,167
479,167
0,168
479,168
0,169
479,169
0,170
479,170
0,171
479,171
0,172
479,172
0,173
479,173
0,174
479,174
0,175
479,175
0,176
479,176
0,177
479,177
0,178
479,178
0,179
479,179
0,180
479,180
0,181
479,181
0,182
479,182
0,183
479,183
0,184
479,184
0,185
479,185
0,186
479,186
0,187
479,187
0,188
479,188
0,189
479,189
0,190
479,190
0,191
479,191
0,192
269,192
274,192
479,192
0,193
269,193
275,193
479,193
0,194
269,194
276,194
479,194
0,195
268,195
277,195
479,195
0,196
268,196
278,196
479,196
0,197
268,197
279,197
479,197
0,198
267,198
280,198
479,198
0,199
267,199
281,199
479,199
0,200
267,200
282,200
479,200
0,201
267,201
284,201
479,201
0,202
267,202
285,202
479,202
0,203
266,203
286,203
479,203
0,204
98,204
102,204
266,204
287,204
479,204
0,205
96,205
103,205
266,205
288,205
479,205
0,206
94,206
103,206
266,206
290,206
479,206
0,207
93,207
104,207
266,207
292,207
479,207
0,208
93,208
104,208
266,208
294,208
479,208
0,209
92,209
104,209
266,209
296,209
479,209
0,210
92,210
104,210
264,210
266,210
266,210
297,210
479,210
0,211
92,211
104,211
266,211
299,211
479,211
0,212
91,212
104,212
266,212
301,212
479,212
0,213
91,213
104,213
266,213
302,213
479,213
0,214
91,214
104,214
266,214
304,214
479,214
0,215
90,215
105,215
266,215
307,215
479,215
0,216
90,216
105,216
267,216
310,216
479,216
0,217
89,217
105,217
267,217
313,217
479,217
0,218
88,218
105,218
267,218
316,218
479,218
0,219
88,219
105,219
247,219
251,219
269,219
319,219
479,219
0,220
88,220
106,220
246,220
252,220
270,220
324,220
479,220
0,221
88,221
106,221
246,221
252,221
271,221
329,221
479,221
0,222
88,222
107,222
245,222
252,222
272,222
332,222
479,222
0,223
89,223
107,223
245,223
252,223
272,223
332,223
479,223
0,224
89,224
107,224
245,224
253,224
274,224
332,224
479,224
0,225
89,225
108,225
245,225
253,225
275,225
332,225
479,225
0,226
89,226
108,226
245,226
253,226
276,226
332,226
479,226
0,227
89,227
109,227
245,227
253,227
278,227
332,227
479,227
0,228
89,228
109,228
244,228
254,228
279,228
331,228
479,228
0,229
89,229
110,229
121,229
125,229
244,229
254,229
280,229
331,229
479,229
0,230
90,230
110,230
121,230
127,230
244,230
254,230
280,230
331,230
479,230
0,231
90,231
111,231
121,231
128,231
244,231
255,231
285,231
330,231
479,231
0,232
90,232
111,232
121,232
130,232
244,232
255,232
287,232
330,232
479,232
0,233
90,233
112,233
122,233
130,233
244,233
256,233
289,233
330,233
479,233
0,234
90,234
112,234
122,234
131,234
244,234
256,234
291,234
329,234
479,234
0,235
91,235
113,235
122,235
132,235
244,235
256,235
293,235
329,235
479,235
0,236
91,236
114,236
122,236
133,236
244,236
257,236
296,236
329,236
479,236
0,237
92,237
114,237
123,237
133,237
244,237
257,237
297,237
328,237
479,237
0,238
92,238
116,238
121,238
123,238
123,238
134,238
244,238
258,238
302,238
328,238
479,238
0,239
92,239
116,239
116,239
118,239
121,239
123,239
124,239
136,239
244,239
258,239
304,239
328,239
479,239
0,240
93,240
116,240
122,240
124,240
124,240
136,240
243,240
258,240
311,240
326,240
479,240
0,241
93,241
118,241
122,241
124,241
124,241
137,241
243,241
258,241
317,241
326,241
479,241
0,242
94,242
118,242
125,242
138,242
243,242
259,242
479,242
0,243
94,243
119,243
125,243
139,243
243,243
259,243
479,243
0,244
95,244
120,244
126,244
141,244
243,244
260,244
479,244
0,245
95,245
121,245
126,245
142,245
243,245
261,245
479,245
0,246
96,246
121,246
127,246
143,246
243,246
261,246
479,246
0,247
96,247
122,247
125,247
127,247
128,247
144,247
243,247
261,247
479,247
0,248
97,248
123,248
124,248
127,248
129,248
146,248
243,248
261,248
479,248
0,249
98,249
124,249
129,249
147,249
243,249
261,249
479,249
0,250
98,250
126,250
130,250
148,250
243,250
262,250
479,250
0,251
99,251
128,251
131,251
150,251
243,251
263,251
479,251
0,252
100,252
129,252
132,252
152,252
243,252
263,252
479,252
0,253
100,253
131,253
133,253
153,253
243,253
264,253
398,253
404,253
479,253
0,254
101,254
133,254
134,254
155,254
243,254
264,254
360,254
363,254
397,254
405,254
479,254
0,255
102,255
156,255
243,255
265,255
358,255
365,255
396,255
405,255
479,255
0,256
102,256
158,256
243,256
266,256
357,256
368,256
394,256
406,256
479,256
0,257
103,257
160,257
243,257
266,257
356,257
370,257
392,257
406,257
479,257
0,258
104,258
161,258
243,258
266,258
355,258
372,258
392,258
406,258
479,258
0,259
105,259
163,259
243,259
267,259
354,259
375,259
391,259
405,259
479,259
0,260
106,260
165,260
243,260
267,260
352,260
379,260
388,260
404,260
479,260
0,261
106,261
167,261
243,261
268,261
269,261
271,261
351,261
382,261
385,261
403,261
479,261
0,262
108,262
169,262
243,262
268,262
269,262
271,262
350,262
402,262
403,262
405,262
479,262
0,263
108,263
170,263
243,263
269,263
349,263
401,263
479,263
0,264
109,264
172,264
243,264
270,264
348,264
400,264
479,264
0,265
110,265
174,265
243,265
270,265
346,265
399,265
479,265
0,266
111,266
176,266
243,266
271,266
345,266
398,266
479,266
0,267
109,267
111,267
112,267
177,267
243,267
272,267
343,267
397,267
479,267
0,268
113,268
179,268
243,268
274,268
342,268
396,268
479,268
0,269
113,269
181,269
243,269
281,269
318,269
322,269
340,269
393,269
479,269
0,270
114,270
183,270
243,270
291,270
317,270
326,270
337,270
391,270
479,270
0,271
115,271
185,271
243,271
304,271
316,271
328,271
333,271
390,271
479,271
0,272
116,272
187,272
243,272
307,272
315,272
388,272
479,272
0,273
117,273
188,273
243,273
307,273
315,273
385,273
479,273
0,274
118,274
190,274
243,274
307,274
314,274
383,274
479,274
0,275
119,275
192,275
243,275
306,275
315,275
381,275
479,275
0,276
121,276
194,276
243,276
305,276
316,276
378,276
479,276
0,277
122,277
197,277
243,277
304,277
318,277
375,277
479,277
0,278
123,278
199,278
243,278
303,278
321,278
373,278
479,278
0,279
125,279
201,279
243,279
301,279
303,279
305,279
324,279
374,279
479,279
0,280
126,280
204,280
243,280
300,280
329,280
375,280
479,280
0,281
129,281
207,281
244,281
298,281
331,281
375,281
479,281
0,282
130,282
209,282
244,282
297,282
335,282
376,282
376,282
378,282
479,282
0,283
132,283
209,283
244,283
295,283
334,283
378,283
479,283
0,284
134,284
210,284
244,284
294,284
333,284
378,284
479,284
0,285
136,285
210,285
244,285
292,285
332,285
379,285
380,285
382,285
479,285
0,286
138,286
210,286
244,286
289,286
330,286
379,286
479,286
0,287
139,287
211,287
244,287
288,287
329,287
380,287
479,287
0,288
142,288
211,288
244,288
286,288
328,288
381,288
479,288
0,289
145,289
211,289
244,289
286,289
327,289
382,289
479,289
0,290
148,290
212,290
244,290
286,290
325,290
383,290
479,290
0,291
153,291
212,291
244,291
287,291
324,291
384,291
479,291
0,292
154,292
213,292
244,292
287,292
323,292
385,292
479,292
0,293
152,293
154,293
155,293
214,293
244,293
289,293
322,293
386,293
479,293
0,294
155,294
214,294
243,294
289,294
321,294
387,294
479,294
0,295
154,295
214,295
242,295
290,295
319,295
388,295
479,295
0,296
154,296
215,296
242,296
290,296
319,296
389,296
479,296
0,297
154,297
215,297
241,297
291,297
317,297
390,297
479,297
0,298
153,298
215,298
241,298
292,298
316,298
391,298
479,298
0,299
153,299
215,299
240,299
293,299
315,299
392,299
393,299
395,299
479,299
0,300
152,300
215,300
239,300
294,300
314,300
393,300
393,300
395,300
479,300
0,301
152,301
215,301
239,301
295,301
313,301
395,301
479,301
0,302
151,302
215,302
239,302
296,302
312,302
395,302
479,302
0,303
151,303
215,303
239,303
296,303
311,303
397,303
479,303
0,304
151,304
215,304
239,304
298,304
310,304
398,304
479,304
0,305
151,305
215,305
239,305
298,305
309,305
399,305
479,305
0,306
151,306
215,306
239,306
300,306
307,306
401,306
479,306
0,307
151,307
215,307
239,307
301,307
306,307
402,307
479,307
0,308
151,308
215,308
239,308
301,308
305,308
403,308
479,308
0,309
151,309
215,309
217,309
219,309
239,309
302,309
304,309
405,309
479,309
0,310
151,310
216,310
220,310
222,310
240,310
303,310
303,310
406,310
408,310
410,310
479,310
0,311
152,311
219,311
241,311
408,311
479,311
0,312
152,312
222,312
241,312
410,312
479,312
0,313
153,313
227,313
242,313
412,313
479,313
0,314
154,314
228,314
242,314
413,314
479,314
0,315
156,315
228,315
242,315
414,315
479,315
0,316
160,316
229,316
245,316
415,316
479,316
0,317
161,317
229,317
245,317
414,317
479,317
0,318
161,318
229,318
246,318
414,318
479,318
0,319
162,319
228,319
247,319
414,319
479,319
0,320
162,320
231,320
247,320
413,320
479,320
0,321
163,321
245,321
248,321
414,321
479,321
0,322
163,322
246,322
249,322
413,322
479,322
0,323
163,323
246,323
250,323
413,323
479,323
0,324
164,324
247,324
252,324
340,324
342,324
358,324
358,324
414,324
479,324
0,325
164,325
247,325
253,325
326,325
326,325
328,325
330,325
332,325
333,325
339,325
343,325
359,325
360,325
414,325
479,325
0,326
164,326
248,326
254,326
325,326
334,326
338,326
344,326
360,326
363,326
415,326
479,326
0,327
165,327
248,327
254,327
324,327
338,327
340,327
345,327
361,327
363,327
415,327
479,327
0,328
165,328
248,328
255,328
323,328
325,328
327,328
338,328
340,328
346,328
362,328
365,328
415,328
479,328
0,329
165,329
248,329
256,329
326,329
347,329
362,329
364,329
366,329
370,329
415,329
479,329
0,330
164,330
248,330
257,330
326,330
329,330
331,330
347,330
363,330
373,330
415,330
479,330
0,331
164,331
248,331
257,331
327,331
349,331
364,331
366,331
368,331
371,331
373,331
376,331
398,331
398,331
415,331
479,331
0,332
164,332
249,332
258,332
330,332
349,332
365,332
379,332
395,332
398,332
414,332
479,332
0,333
161,333
163,333
164,333
249,333
258,333
330,333
350,333
366,333
382,333
391,333
398,333
414,333
479,333
0,334
163,334
249,334
259,334
333,334
351,334
367,334
367,334
369,334
396,334
414,334
479,334
0,335
163,335
249,335
259,335
335,335
352,335
368,335
382,335
384,335
396,335
414,335
479,335
0,336
163,336
250,336
260,336
335,336
353,336
370,336
382,336
385,336
386,336
388,336
396,336
413,336
479,336
0,337
163,337
250,337
261,337
336,337
354,337
371,337
383,337
385,337
393,337
413,337
479,337
0,338
163,338
250,338
262,338
336,338
355,338
373,338
391,338
412,338
479,338
0,339
163,339
251,339
263,339
337,339
356,339
375,339
389,339
412,339
412,339
414,339
479,339
0,340
163,340
251,340
265,340
267,340
269,340
271,340
272,340
337,340
358,340
378,340
387,340
411,340
411,340
414,340
479,340
0,341
163,341
251,341
268,341
271,341
274,341
337,341
358,341
380,341
384,341
411,341
479,341
0,342
164,342
251,342
275,342
336,342
359,342
410,342
479,342
0,343
164,343
252,343
277,343
335,343
361,343
410,343
479,343
0,344
164,344
252,344
279,344
334,344
362,344
408,344
479,344
0,345
162,345
164,345
164,345
252,345
280,345
332,345
363,345
408,345
479,345
0,346
165,346
252,346
255,346
257,346
282,346
330,346
364,346
407,346
479,346
0,347
165,347
252,347
284,347
329,347
365,347
406,347
479,347
0,348
166,348
253,348
287,348
327,348
367,348
404,348
479,348
0,349
167,349
252,349
289,349
325,349
368,349
403,349
479,349
0,350
168,350
252,350
291,350
323,350
370,350
401,350
479,350
0,351
169,351
250,351
293,351
321,351
372,351
399,351
479,351
0,352
170,352
249,352
296,352
318,352
374,352
397,352
479,352
0,353
171,353
247,353
299,353
314,353
376,353
394,353
479,353
0,354
173,354
245,354
379,354
389,354
479,354
0,355
174,355
243,355
479,355
0,356
176,356
240,356
479,356
0,357
178,357
237,357
479,357
0,358
181,358
235,358
479,358
0,359
184,359
231,359
479,359
