0,0
479,0
0,1
479,1
0,2
479,2
0,3
479,3
0,4
479,4
0,5
479,5
0,6
479,6
0,7
479,7
0,8
479,8
0,9
479,9
0,10
479,10
0,11
479,11
0,12
479,12
0,13
479,13
0,14
479,14
0,15
479,15
0,16
479,16
0,17
479,17
0,18
479,18
0,19
479,19
0,20
479,20
0,21
479,21
0,22
479,22
0,23
479,23
0,24
479,24
0,25
479,25
0,26
479,26
0,27
479,27
0,28
479,28
0,29
479,29
0,30
479,30
0,31
479,31
0,32
479,32
0,33
479,33
0,34
479,34
0,35
479,35
0,36
479,36
0,37
479,37
0,38
479,38
0,39
479,39
0,40
479,40
0,41
479,41
0,42
479,42
0,43
70,43
76,43
479,43
0,44
70,44
81,44
479,44
0,45
69,45
83,45
479,45
0,46
69,46
85,46
479,46
0,47
69,47
87,47
479,47
0,48
69,48
90,48
479,48
0,49
69,49
92,49
479,49
0,50
69,50
94,50
479,50
0,51
69,51
94,51
479,51
0,52
69,52
96,52
479,52
0,53
70,53
98,53
479,53
0,54
69,54
100,54
479,54
0,55
68,55
102,55
479,55
0,56
69,56
102,56
479,56
0,57
70,57
103,57
479,57
0,58
71,58
105,58
479,58
0,59
72,59
106,59
479,59
0,60
73,60
107,60
479,60
0,61
73,61
108,61
479,61
0,62
75,62
109,62
479,62
0,63
75,63
110,63
479,63
0,64
77,64
112,64
479,64
0,65
79,65
112,65
479,65
0,66
80,66
113,66
114,66
116,66
479,66
0,67
79,67
114,67
114,67
117,67
479,67
0,68
80,68
115,68
479,68
0,69
81,69
115,69
479,69
0,70
81,70
116,70
479,70
0,71
82,71
117,71
479,71
0,72
82,72
117,72
479,72
0,73
83,73
118,73
479,73
0,74
84,74
118,74
479,74
0,75
84,75
119,75
479,75
0,76
84,76
120,76
479,76
0,77
85,77
120,77
479,77
0,78
85,78
120,78
479,78
0,79
85,79
120,79
479,79
0,80
86,80
121,80
121,80
123,80
479,80
0,81
86,81
121,81
479,81
0,82
86,82
122,82
479,82
0,83
87,83
122,83
479,83
0,84
87,84
123,84
479,84
0,85
88,85
123,85
479,85
0,86
89,86
124,86
479,86
0,87
89,87
125,87
479,87
0,88
92,88
125,88
479,88
0,89
94,89
125,89
479,89
0,90
97,90
125,90
479,90
0,91
100,91
126,91
479,91
0,92
103,92
126,92
479,92
0,93
103,93
126,93
479,93
0,94
104,94
126,94
479,94
0,95
105,95
126,95
479,95
0,96
108,96
127,96
479,96
0,97
109,97
127,97
479,97
0,98
109,98
127,98
479,98
0,99
109,99
127,99
479,99
0,100
109,100
127,100
479,100
0,101
109,101
127,101
479,101
0,102
109,102
127,102
479,102
0,103
109,103
127,103
479,103
0,104
112,104
127,104
479,104
0,105
113,105
126,105
479,105
0,106
115,106
117,106
119,106
126,106
479,106
0,107
479,107
0,108
479,108
0,109
479,109
0,110
479,110
0,111
479,111
0,112
479,112
0,113
479,113
0,114
479,114
0,115
479,115
0,116
479,116
0,117
479,117
0,118
479,118
0,119
479,119
0,120
479,120
0,121
479,121
0,122
479,122
0,123
479,123
0,124
479,124
0,125
479,125
0,126
479,126
0,127
479,127
0,128
479,128
0,129
479,129
0,130
479,130
0,131
479,131
0,132
479,132
0,133
479,133
0,134
479,134
0,135
479,135
0,136
479,136
0,137
479,137
0,138
479,138
0,139
479,139
0,140
479,140
0,141
479,141
0,142
479,142
0,143
479,143
0,144
479,144
0,145
479,145
0,146
479,146
0,147
479,147
0,148
479,148
0,149
479,149
0,150
479,150
0,151
479,151
0,152
479,152
0,153
479,153
0,154
479,154
0,155
479,155
0,156
479,156
0,157
479,157
0,158
479,158
0,159
479,159
0,160
479,160
0,161
479,161
0,162
479,162
0,163
479,163
0,164
479,164
0,165
479,165
0,166
479,166
0,167
479,167
0,168
479,168
0,169
479,169
0,170
479,170
0,171
479,171
0,172
479,172
0,173
479,173
0,174
479,174
0,175
479,175
0,176
479,176
0,177
479,177
0,178
479,178
0,179
479,179
0,180
479,180
0,181
479,181
0,182
479,182
0,183
479,183
0,184
479,184
0,185
479,185
0,186
479,186
0,187
479,187
0,188
479,188
0,189
479,189
0,190
479,190
0,191
479,191
0,192
479,192
0,193
479,193
0,194
479,194
0,195
479,195
0,196
479,196
0,197
479,197
0,198
479,198
0,199
479,199
0,200
479,200
0,201
479,201
0,202
479,202
0,203
479,203
0,204
479,204
0,205
479,205
0,206
479,206
0,207
479,207
0,208
479,208
0,209
479,209
0,210
479,210
0,211
479,211
0,212
479,212
0,213
479,213
0,214
479,214
0,215
479,215
0,216
479,216
0,217
479,217
0,218
479,218
0,219
479,219
0,220
479,220
0,221
479,221
0,222
479,222
0,223
479,223
0,224
479,224
0,225
479,225
0,226
334,226
338,226
479,226
0,227
332,227
338,227
479,227
0,228
332,228
339,228
479,228
0,229
332,229
339,229
479,229
0,230
332,230
340,230
479,230
0,231
332,231
341,231
479,231
0,232
333,232
343,232
479,232
0,233
333,233
344,233
479,233
0,234
333,234
346,234
479,234
0,235
333,235
347,235
479,235
0,236
333,236
347,236
347,236
350,236
479,236
0,237
334,237
348,237
348,237
350,237
479,237
0,238
335,238
349,238
479,238
0,239
335,239
350,239
479,239
0,240
336,240
350,240
479,240
0,241
337,241
351,241
479,241
0,242
338,242
352,242
479,242
0,243
339,243
364,243
479,243
0,244
339,244
366,244
479,244
0,245
340,245
368,245
479,245
0,246
341,246
368,246
479,246
0,247
342,247
370,247
479,247
0,248
343,248
371,248
372,248
374,248
479,248
0,249
344,249
372,249
479,249
0,250
345,250
372,250
374,250
376,250
479,250
0,251
346,251
375,251
479,251
0,252
347,252
375,252
479,252
0,253
348,253
377,253
479,253
0,254
349,254
378,254
479,254
0,255
350,255
378,255
479,255
0,256
351,256
380,256
479,256
0,257
352,257
381,257
479,257
0,258
353,258
382,258
479,258
0,259
354,259
383,259
383,259
389,259
479,259
0,260
355,260
393,260
479,260
0,261
357,261
393,261
479,261
0,262
358,262
393,262
479,262
0,263
359,263
395,263
479,263
0,264
361,264
394,264
479,264
0,265
362,265
395,265
479,265
0,266
363,266
396,266
479,266
0,267
365,267
398,267
479,267
0,268
366,268
400,268
479,268
0,269
368,269
401,269
479,269
0,270
370,270
401,270
479,270
0,271
372,271
402,271
479,271
0,272
373,272
403,272
479,272
0,273
377,273
403,273
479,273
0,274
379,274
404,274
479,274
0,275
382,275
405,275
479,275
0,276
385,276
405,276
479,276
0,277
389,277
405,277
479,277
0,278
131,278
133,278
395,278
405,278
479,278
0,279
126,279
129,279
131,279
133,279
400,279
404,279
479,279
0,280
126,280
134,280
479,280
0,281
126,281
135,281
479,281
0,282
126,282
135,282
479,282
0,283
126,283
136,283
164,283
168,283
479,283
0,284
126,284
137,284
163,284
169,284
479,284
0,285
126,285
138,285
163,285
170,285
479,285
0,286
126,286
139,286
164,286
171,286
479,286
0,287
126,287
139,287
164,287
172,287
479,287
0,288
127,288
142,288
165,288
173,288
479,288
0,289
127,289
142,289
142,289
144,289
165,289
174,289
479,289
0,290
127,290
145,290
166,290
174,290
479,290
0,291
127,291
145,291
166,291
175,291
479,291
0,292
127,292
146,292
167,292
176,292
479,292
0,293
127,293
146,293
167,293
177,293
479,293
0,294
127,294
147,294
167,294
179,294
479,294
0,295
127,295
147,295
168,295
180,295
479,295
0,296
127,296
148,296
169,296
181,296
369,296
372,296
479,296
0,297
127,297
148,297
169,297
182,297
369,297
372,297
479,297
0,298
127,298
148,298
170,298
183,298
369,298
372,298
479,298
0,299
127,299
148,299
172,299
184,299
369,299
372,299
479,299
0,300
127,300
149,300
173,300
185,300
369,300
372,300
373,300
375,300
479,300
0,301
127,301
150,301
174,301
190,301
369,301
372,301
372,301
375,301
479,301
0,302
127,302
151,302
174,302
191,302
368,302
375,302
479,302
0,303
128,303
151,303
175,303
192,303
368,303
376,303
479,303
0,304
127,304
152,304
176,304
194,304
368,304
376,304
376,304
378,304
479,304
0,305
128,305
153,305
177,305
195,305
367,305
378,305
479,305
0,306
128,306
153,306
178,306
197,306
367,306
379,306
479,306
0,307
129,307
154,307
179,307
200,307
367,307
383,307
479,307
0,308
129,308
155,308
180,308
202,308
320,308
328,308
367,308
383,308
383,308
386,308
479,308
0,309
129,309
156,309
181,309
204,309
320,309
330,309
367,309
383,309
383,309
386,309
479,309
0,310
130,310
157,310
181,310
206,310
319,310
331,310
367,310
383,310
383,310
387,310
479,310
0,311
131,311
158,311
182,311
208,311
319,311
334,311
367,311
387,311
479,311
0,312
131,312
160,312
184,312
211,312
319,312
337,312
366,312
387,312
479,312
0,313
132,313
161,313
182,313
184,313
185,313
213,313
319,313
339,313
365,313
387,313
479,313
0,314
132,314
167,314
182,314
185,314
186,314
215,314
319,314
345,314
365,314
387,314
479,314
0,315
133,315
169,315
177,315
180,315
183,315
186,315
186,315
219,315
318,315
346,315
364,315
387,315
427,315
431,315
479,315
0,316
133,316
173,316
175,316
183,316
183,316
187,316
187,316
220,316
318,316
348,316
364,316
387,316
427,316
433,316
479,316
0,317
134,317
175,317
175,317
188,317
188,317
223,317
318,317
353,317
364,317
387,317
427,317
436,317
479,317
0,318
134,318
225,318
317,318
354,318
363,318
387,318
427,318
437,318
479,318
0,319
135,319
192,319
192,319
228,319
317,319
359,319
363,319
387,319
427,319
439,319
479,319
0,320
135,320
229,320
317,320
388,320
427,320
440,320
479,320
0,321
136,321
231,321
232,321
234,321
317,321
388,321
428,321
444,321
479,321
0,322
136,322
236,322
317,322
388,322
430,322
446,322
479,322
0,323
137,323
238,323
316,323
389,323
430,323
450,323
479,323
0,324
137,324
243,324
315,324
389,324
431,324
452,324
479,324
0,325
138,325
245,325
314,325
389,325
431,325
456,325
475,325
0,326
139,326
247,326
314,326
389,326
431,326
466,326
467,326
0,327
140,327
250,327
314,327
389,327
431,327
0,328
140,328
256,328
314,328
390,328
427,328
0,329
141,329
257,329
314,329
390,329
427,329
0,330
142,330
258,330
314,330
390,330
424,330
0,331
144,331
258,331
314,331
390,331
423,331
0,332
145,332
259,332
314,332
390,332
422,332
0,333
142,333
144,333
145,333
260,333
313,333
390,333
421,333
0,334
145,334
261,334
312,334
390,334
420,334
0,335
147,335
262,335
310,335
390,335
419,335
0,336
148,336
263,336
310,336
391,336
418,336
0,337
148,337
264,337
310,337
391,337
417,337
0,338
149,338
266,338
309,338
391,338
416,338
0,339
150,339
267,339
308,339
391,339
415,339
447,339
447,339
0,340
151,340
268,340
306,340
392,340
415,340
447,340
448,340
0,341
152,341
268,341
306,341
392,341
414,341
448,341
450,341
0,342
153,342
268,342
305,342
392,342
414,342
449,342
450,342
452,342
452,342
0,343
152,343
154,343
155,343
269,343
305,343
393,343
415,343
449,343
450,343
452,343
453,343
0,344
155,344
270,344
305,344
393,344
415,344
450,344
455,344
0,345
154,345
156,345
157,345
270,345
305,345
393,345
415,345
450,345
456,345
0,346
154,346
157,346
158,346
271,346
305,346
393,346
415,346
451,346
459,346
0,347
159,347
272,347
305,347
394,347
416,347
451,347
462,347
0,348
160,348
273,348
305,348
394,348
416,348
452,348
459,348
462,348
463,348
0,349
161,349
274,349
305,349
394,349
416,349
452,349
465,349
467,349
467,349
0,350
162,350
274,350
305,350
394,350
415,350
453,350
465,350
468,350
471,350
0,351
163,351
274,351
305,351
394,351
415,351
454,351
472,351
0,352
164,352
274,352
306,352
395,352
413,352
454,352
479,352
0,353
165,353
275,353
307,353
395,353
412,353
455,353
479,353
0,354
163,354
165,354
166,354
275,354
307,354
395,354
411,354
455,354
479,354
0,355
167,355
275,355
308,355
396,355
410,355
456,355
479,355
0,356
168,356
275,356
275,356
277,356
309,356
354,356
354,356
396,356
409,356
456,356
479,356
0,357
169,357
275,357
275,357
280,357
310,357
353,357
354,357
396,357
409,357
457,357
479,357
0,358
170,358
283,358
310,358
353,358
353,358
397,358
408,358
458,358
479,358
0,359
172,359
283,359
311,359
352,359
353,359
398,359
408,359
458,359
479,359
