0,0
479,0
0,1
479,1
0,2
479,2
0,3
479,3
0,4
479,4
0,5
479,5
0,6
479,6
0,7
479,7
0,8
479,8
0,9
479,9
0,10
479,10
0,11
479,11
0,12
479,12
0,13
479,13
0,14
479,14
0,15
479,15
0,16
479,16
0,17
479,17
0,18
479,18
0,19
479,19
0,20
479,20
0,21
479,21
0,22
479,22
0,23
479,23
0,24
479,24
0,25
479,25
0,26
479,26
0,27
479,27
0,28
479,28
0,29
479,29
0,30
479,30
0,31
479,31
0,32
479,32
0,33
479,33
0,34
479,34
0,35
479,35
0,36
479,36
0,37
479,37
0,38
479,38
0,39
479,39
0,40
479,40
0,41
479,41
0,42
479,42
0,43
479,43
0,44
479,44
0,45
479,45
0,46
479,46
0,47
479,47
0,48
479,48
0,49
479,49
0,50
479,50
0,51
479,51
0,52
479,52
0,53
479,53
0,54
479,54
0,55
479,55
0,56
479,56
0,57
479,57
0,58
479,58
0,59
479,59
0,60
479,60
0,61
479,61
0,62
479,62
0,63
479,63
0,64
479,64
0,65
479,65
0,66
479,66
0,67
479,67
0,68
479,68
0,69
479,69
0,70
479,70
0,71
479,71
0,72
479,72
0,73
479,73
0,74
479,74
0,75
479,75
0,76
479,76
0,77
479,77
0,78
479,78
0,79
479,79
0,80
479,80
0,81
479,81
0,82
479,82
0,83
479,83
0,84
479,84
0,85
479,85
0,86
479,86
0,87
479,87
0,88
479,88
0,89
479,89
0,90
479,90
0,91
479,91
0,92
479,92
0,93
479,93
0,94
479,94
0,95
479,95
0,96
479,96
0,97
479,97
0,98
479,98
0,99
479,99
0,100
479,100
0,101
479,101
0,102
479,102
0,103
479,103
0,104
479,104
0,105
479,105
0,106
479,106
0,107
479,107
0,108
479,108
0,109
479,109
0,110
479,110
0,111
479,111
0,112
479,112
0,113
479,113
0,114
479,114
0,115
479,115
0,116
479,116
0,117
479,117
0,118
479,118
0,119
479,119
0,120
479,120
0,121
479,121
0,122
479,122
0,123
479,123
0,124
479,124
0,125
232,125
248,125
479,125
0,126
229,126
254,126
479,126
0,127
224,127
257,127
479,127
0,128
224,128
260,128
479,128
0,129
224,129
263,129
479,129
0,130
220,130
265,130
479,130
0,131
220,131
268,131
479,131
0,132
220,132
270,132
479,132
0,133
218,133
272,133
479,133
0,134
217,134
274,134
479,134
0,135
216,135
275,135
479,135
0,136
214,136
276,136
343,136
345,136
479,136
0,137
214,137
277,137
479,137
0,138
212,138
279,138
343,138
347,138
479,138
0,139
211,139
279,139
343,139
347,139
479,139
0,140
210,140
281,140
336,140
339,140
340,140
347,140
479,140
0,141
209,141
282,141
339,141
346,141
479,141
0,142
208,142
283,142
338,142
345,142
345,142
349,142
479,142
0,143
207,143
283,143
337,143
344,143
344,143
348,143
479,143
0,144
207,144
284,144
319,144
321,144
334,144
343,144
343,144
348,144
354,144
362,144
479,144
0,145
205,145
284,145
329,145
332,145
333,145
343,145
343,145
348,145
351,145
362,145
479,145
0,146
203,146
286,146
320,146
323,146
327,146
329,146
330,146
362,146
479,146
0,147
202,147
286,147
320,147
326,147
328,147
362,147
479,147
0,148
201,148
287,148
315,148
317,148
320,148
358,148
479,148
0,149
199,149
287,149
320,149
354,149
356,149
363,149
479,149
0,150
198,150
288,150
314,150
364,150
479,150
0,151
198,151
288,151
311,151
364,151
479,151
0,152
197,152
288,152
289,152
293,152
298,152
300,152
301,152
363,152
479,152
0,153
195,153
288,153
297,153
358,153
479,153
0,154
195,154
289,154
289,154
292,154
292,154
363,154
479,154
0,155
194,155
363,155
479,155
0,156
192,156
364,156
479,156
0,157
192,157
363,157
479,157
0,158
191,158
360,158
479,158
0,159
190,159
360,159
362,159
364,159
479,159
0,160
190,160
364,160
479,160
0,161
189,161
364,161
479,161
0,162
187,162
189,162
189,162
364,162
479,162
0,163
186,163
356,163
357,163
363,163
479,163
0,164
188,164
358,164
363,164
365,164
479,164
0,165
187,165
366,165
479,165
0,166
187,166
365,166
479,166
0,167
186,167
364,167
479,167
0,168
186,168
356,168
356,168
362,168
479,168
0,169
186,169
360,169
479,169
0,170
186,170
365,170
479,170
0,171
186,171
365,171
479,171
0,172
186,172
354,172
355,172
364,172
479,172
0,173
186,173
356,173
358,173
362,173
479,173
0,174
186,174
359,174
479,174
0,175
186,175
364,175
479,175
0,176
186,176
296,176
307,176
312,176
323,176
328,176
330,176
363,176
479,176
0,177
186,177
296,177
323,177
328,177
333,177
354,177
355,177
363,177
479,177
0,178
186,178
291,178
333,178
336,178
342,178
355,178
479,178
0,179
187,179
288,179
349,179
356,179
479,179
0,180
187,180
288,180
353,180
358,180
479,180
0,181
187,181
287,181
354,181
358,181
479,181
0,182
188,182
285,182
479,182
0,183
188,183
285,183
479,183
0,184
189,184
284,184
479,184
0,185
189,185
284,185
479,185
0,186
189,186
283,186
479,186
0,187
185,187
282,187
479,187
0,188
184,188
281,188
479,188
0,189
183,189
282,189
479,189
0,190
181,190
280,190
479,190
0,191
177,191
279,191
479,191
0,192
173,192
176,192
176,192
280,192
479,192
0,193
172,193
279,193
479,193
0,194
171,194
276,194
479,194
0,195
170,195
275,195
479,195
0,196
168,196
273,196
479,196
0,197
161,197
273,197
479,197
0,198
159,198
270,198
479,198
0,199
158,199
269,199
479,199
0,200
157,200
267,200
479,200
0,201
153,201
266,201
479,201
0,202
152,202
265,202
265,202
267,202
479,202
0,203
151,203
263,203
479,203
0,204
149,204
263,204
479,204
0,205
131,205
136,205
144,205
258,205
479,205
0,206
131,206
256,206
479,206
0,207
131,207
255,207
479,207
0,208
135,208
201,208
215,208
249,208
479,208
0,209
135,209
194,209
216,209
249,209
479,209
0,210
132,210
192,210
222,210
249,210
479,210
0,211
129,211
190,211
226,211
249,211
479,211
0,212
129,212
132,212
132,212
189,212
223,212
248,212
479,212
0,213
133,213
187,213
223,213
248,213
479,213
0,214
132,214
187,214
223,214
247,214
479,214
0,215
130,215
185,215
222,215
246,215
479,215
0,216
129,216
184,216
219,216
245,216
479,216
0,217
127,217
184,217
216,217
245,217
479,217
0,218
126,218
180,218
216,218
245,218
479,218
0,219
125,219
179,219
216,219
245,219
479,219
0,220
124,220
178,220
216,220
243,220
243,220
245,220
479,220
0,221
124,221
177,221
216,221
243,221
479,221
0,222
125,222
128,222
128,222
174,222
216,222
242,222
479,222
0,223
126,223
172,223
218,223
241,223
479,223
0,224
126,224
170,224
220,224
240,224
479,224
0,225
124,225
170,225
221,225
240,225
479,225
0,226
124,226
170,226
225,226
239,226
479,226
0,227
126,227
128,227
128,227
169,227
228,227
239,227
479,227
0,228
127,228
167,228
167,228
171,228
231,228
238,228
479,228
0,229
127,229
134,229
134,229
163,229
479,229
0,230
127,230
133,230
134,230
162,230
234,230
236,230
479,230
0,231
127,231
161,231
231,231
234,231
479,231
0,232
127,232
130,232
131,232
162,232
479,232
0,233
127,233
129,233
130,233
163,233
479,233
0,234
127,234
129,234
129,234
163,234
479,234
0,235
129,235
135,235
135,235
157,235
158,235
162,235
479,235
0,236
129,236
134,236
134,236
156,236
479,236
0,237
130,237
132,237
133,237
155,237
479,237
0,238
132,238
154,238
479,238
0,239
131,239
153,239
154,239
156,239
479,239
0,240
131,240
155,240
479,240
0,241
130,241
154,241
479,241
0,242
130,242
134,242
134,242
141,242
141,242
151,242
151,242
153,242
479,242
0,243
134,243
151,243
479,243
0,244
131,244
133,244
134,244
150,244
479,244
0,245
133,245
138,245
139,245
150,245
479,245
0,246
134,246
137,246
138,246
144,246
144,246
149,246
479,246
0,247
131,247
134,247
134,247
136,247
137,247
144,247
144,247
149,247
479,247
0,248
137,248
142,248
143,248
149,248
479,248
0,249
137,249
143,249
143,249
147,249
479,249
0,250
139,250
142,250
143,250
147,250
479,250
0,251
143,251
146,251
479,251
0,252
479,252
0,253
479,253
0,254
479,254
0,255
479,255
0,256
479,256
0,257
479,257
0,258
479,258
0,259
479,259
0,260
479,260
0,261
479,261
0,262
479,262
0,263
479,263
0,264
479,264
0,265
479,265
0,266
479,266
0,267
479,267
0,268
479,268
0,269
479,269
0,270
479,270
0,271
479,271
0,272
479,272
0,273
479,273
0,274
479,274
0,275
479,275
0,276
479,276
0,277
479,277
0,278
479,278
0,279
479,279
0,280
479,280
0,281
479,281
0,282
479,282
0,283
479,283
0,284
479,284
0,285
479,285
0,286
479,286
0,287
479,287
0,288
479,288
0,289
479,289
0,290
479,290
0,291
479,291
0,292
479,292
0,293
479,293
0,294
479,294
0,295
479,295
0,296
479,296
0,297
479,297
0,298
479,298
0,299
479,299
0,300
479,300
0,301
479,301
0,302
479,302
0,303
479,303
0,304
479,304
0,305
479,305
0,306
479,306
0,307
479,307
0,308
479,308
0,309
479,309
0,310
479,310
0,311
479,311
0,312
479,312
0,313
479,313
0,314
479,314
0,315
479,315
0,316
479,316
0,317
479,317
0,318
479,318
0,319
479,319
0,320
479,320
0,321
479,321
0,322
479,322
0,323
479,323
0,324
479,324
0,325
479,325
0,326
479,326
0,327
479,327
0,328
479,328
0,329
479,329
0,330
479,330
0,331
479,331
0,332
479,332
0,333
479,333
0,334
479,334
0,335
479,335
0,336
479,336
0,337
479,337
0,338
479,338
0,339
479,339
0,340
479,340
0,341
479,341
0,342
479,342
0,343
479,343
0,344
479,344
0,345
479,345
0,346
479,346
0,347
479,347
0,348
479,348
0,349
479,349
0,350
479,350
0,351
479,351
0,352
479,352
0,353
479,353
0,354
479,354
0,355
479,355
0,356
479,356
0,357
479,357
0,358
479,358
0,359
479,359
