0,0
479,0
0,1
479,1
0,2
479,2
0,3
479,3
0,4
479,4
0,5
479,5
0,6
479,6
0,7
479,7
0,8
479,8
0,9
479,9
0,10
479,10
0,11
479,11
0,12
479,12
0,13
479,13
0,14
479,14
0,15
479,15
0,16
479,16
0,17
479,17
0,18
479,18
0,19
479,19
0,20
161,20
164,20
168,20
171,20
479,20
0,21
161,21
165,21
168,21
172,21
175,21
178,21
479,21
0,22
155,22
158,22
161,22
166,22
168,22
172,22
175,22
179,22
479,22
0,23
155,23
159,23
161,23
167,23
168,23
173,23
175,23
179,23
479,23
0,24
149,24
151,24
154,24
159,24
161,24
168,24
168,24
173,24
174,24
179,24
181,24
183,24
479,24
0,25
148,25
152,25
154,25
160,25
161,25
168,25
168,25
173,25
174,25
180,25
181,25
184,25
479,25
0,26
141,26
145,26
148,26
153,26
154,26
173,26
174,26
180,26
181,26
184,26
479,26
0,27
141,27
146,27
148,27
155,27
155,27
173,27
174,27
180,27
180,27
184,27
479,27
0,28
141,28
146,28
148,28
154,28
155,28
161,28
161,28
174,28
174,28
180,28
181,28
186,28
479,28
0,29
136,29
138,29
141,29
148,29
148,29
155,29
155,29
175,29
175,29
180,29
180,29
186,29
479,29
0,30
136,30
141,30
142,30
148,30
148,30
155,30
155,30
175,30
175,30
180,30
180,30
186,30
479,30
0,31
135,31
142,31
142,31
148,31
148,31
186,31
479,31
0,32
136,32
142,32
142,32
186,32
479,32
0,33
136,33
186,33
479,33
0,34
137,34
186,34
479,34
0,35
137,35
186,35
479,35
0,36
137,36
186,36
479,36
0,37
138,37
186,37
479,37
0,38
138,38
186,38
479,38
0,39
140,39
186,39
479,39
0,40
140,40
187,40
479,40
0,41
140,41
188,41
479,41
0,42
141,42
188,42
479,42
0,43
141,43
188,43
479,43
0,44
142,44
188,44
479,44
0,45
142,45
188,45
479,45
0,46
143,46
188,46
479,46
0,47
144,47
188,47
479,47
0,48
137,48
139,48
144,48
188,48
479,48
0,49
145,49
188,49
479,49
0,50
135,50
138,50
140,50
145,50
145,50
189,50
479,50
0,51
135,51
140,51
141,51
189,51
479,51
0,52
135,52
141,52
142,52
192,52
479,52
0,53
135,53
192,53
479,53
0,54
135,54
191,54
479,54
0,55
136,55
190,55
479,55
0,56
139,56
190,56
479,56
0,57
139,57
190,57
479,57
0,58
140,58
192,58
479,58
0,59
142,59
197,59
479,59
0,60
142,60
197,60
479,60
0,61
145,61
197,61
479,61
0,62
147,62
197,62
479,62
0,63
148,63
197,63
479,63
0,64
150,64
197,64
479,64
0,65
151,65
197,65
479,65
0,66
152,66
197,66
479,66
0,67
153,67
196,67
479,67
0,68
154,68
197,68
479,68
0,69
155,69
197,69
479,69
0,70
156,70
198,70
479,70
0,71
156,71
198,71
479,71
0,72
157,72
199,72
479,72
0,73
158,73
200,73
479,73
0,74
158,74
200,74
479,74
0,75
157,75
200,75
479,75
0,76
157,76
201,76
479,76
0,77
157,77
202,77
479,77
0,78
158,78
203,78
479,78
0,79
163,79
204,79
479,79
0,80
165,80
204,80
479,80
0,81
165,81
204,81
479,81
0,82
163,82
165,82
166,82
204,82
479,82
0,83
163,83
165,83
166,83
205,83
479,83
0,84
167,84
205,84
479,84
0,85
168,85
206,85
479,85
0,86
169,86
206,86
479,86
0,87
169,87
207,87
479,87
0,88
170,88
208,88
479,88
0,89
171,89
208,89
479,89
0,90
172,90
209,90
479,90
0,91
172,91
209,91
479,91
0,92
173,92
210,92
479,92
0,93
173,93
211,93
479,93
0,94
175,94
212,94
479,94
0,95
176,95
212,95
479,95
0,96
176,96
213,96
479,96
0,97
177,97
213,97
230,97
233,97
234,97
239,97
479,97
0,98
178,98
214,98
227,98
229,98
229,98
240,98
479,98
0,99
179,99
214,99
227,99
229,99
229,99
240,99
247,99
260,99
479,99
0,100
179,100
216,100
227,100
229,100
230,100
242,100
244,100
264,100
479,100
0,101
180,101
218,101
230,101
242,101
243,101
266,101
479,101
0,102
181,102
219,102
230,102
268,102
479,102
0,103
182,103
221,103
230,103
269,103
269,103
271,103
479,103
0,104
183,104
221,104
230,104
270,104
479,104
0,105
183,105
221,105
231,105
272,105
479,105
0,106
184,106
223,106
231,106
274,106
479,106
0,107
185,107
224,107
231,107
275,107
479,107
0,108
185,108
228,108
229,108
276,108
479,108
0,109
186,109
277,109
479,109
0,110
187,110
277,110
479,110
0,111
188,111
278,111
479,111
0,112
189,112
278,112
479,112
0,113
190,113
279,113
479,113
0,114
191,114
280,114
479,114
0,115
191,115
281,115
479,115
0,116
191,116
281,116
479,116
0,117
191,117
282,117
479,117
0,118
192,118
282,118
479,118
0,119
192,119
282,119
479,119
0,120
193,120
284,120
479,120
0,121
193,121
284,121
479,121
0,122
193,122
284,122
479,122
0,123
193,123
285,123
479,123
0,124
193,124
285,124
479,124
0,125
194,125
285,125
479,125
0,126
194,126
285,126
479,126
0,127
194,127
285,127
479,127
0,128
194,128
285,128
479,128
0,129
196,129
285,129
479,129
0,130
197,130
285,130
479,130
0,131
195,131
197,131
198,131
285,131
479,131
0,132
199,132
285,132
479,132
0,133
198,133
285,133
479,133
0,134
194,134
285,134
479,134
0,135
194,135
286,135
479,135
0,136
191,136
286,136
479,136
0,137
189,137
285,137
479,137
0,138
188,138
285,138
479,138
0,139
187,139
285,139
479,139
0,140
186,140
285,140
479,140
0,141
184,141
285,141
479,141
0,142
183,142
285,142
479,142
0,143
182,143
284,143
479,143
0,144
181,144
284,144
479,144
0,145
180,145
284,145
479,145
0,146
178,146
284,146
479,146
0,147
178,147
284,147
479,147
0,148
176,148
283,148
479,148
0,149
176,149
283,149
479,149
0,150
175,150
283,150
479,150
0,151
175,151
283,151
479,151
0,152
173,152
283,152
479,152
0,153
173,153
283,153
479,153
0,154
172,154
283,154
479,154
0,155
172,155
281,155
479,155
0,156
171,156
281,156
479,156
0,157
171,157
281,157
479,157
0,158
171,158
280,158
479,158
0,159
170,159
280,159
479,159
0,160
170,160
279,160
479,160
0,161
169,161
279,161
479,161
0,162
169,162
277,162
479,162
0,163
169,163
279,163
479,163
0,164
169,164
282,164
479,164
0,165
168,165
283,165
479,165
0,166
167,166
286,166
479,166
0,167
167,167
286,167
479,167
0,168
167,168
289,168
479,168
0,169
167,169
292,169
479,169
0,170
167,170
292,170
479,170
0,171
167,171
294,171
479,171
0,172
167,172
294,172
479,172
0,173
167,173
294,173
479,173
0,174
167,174
294,174
479,174
0,175
166,175
295,175
479,175
0,176
166,176
295,176
479,176
0,177
164,177
166,177
166,177
297,177
479,177
0,178
164,178
166,178
166,178
298,178
479,178
0,179
164,179
166,179
166,179
299,179
479,179
0,180
166,180
299,180
479,180
0,181
166,181
299,181
479,181
0,182
166,182
300,182
300,182
302,182
479,182
0,183
166,183
300,183
302,183
304,183
479,183
0,184
166,184
300,184
479,184
0,185
167,185
300,185
479,185
0,186
166,186
301,186
479,186
0,187
164,187
166,187
166,187
303,187
479,187
0,188
164,188
166,188
166,188
304,188
479,188
0,189
164,189
166,189
166,189
305,189
479,189
0,190
164,190
166,190
166,190
306,190
479,190
0,191
164,191
166,191
166,191
307,191
479,191
0,192
166,192
309,192
310,192
312,192
479,192
0,193
166,193
310,193
479,193
0,194
166,194
311,194
479,194
0,195
166,195
312,195
479,195
0,196
167,196
313,196
479,196
0,197
167,197
315,197
479,197
0,198
167,198
317,198
479,198
0,199
167,199
318,199
479,199
0,200
168,200
319,200
479,200
0,201
168,201
322,201
479,201
0,202
168,202
324,202
479,202
0,203
168,203
325,203
479,203
0,204
168,204
327,204
479,204
0,205
168,205
329,205
479,205
0,206
168,206
330,206
479,206
0,207
168,207
331,207
479,207
0,208
168,208
332,208
479,208
0,209
169,209
334,209
479,209
0,210
169,210
336,210
479,210
0,211
169,211
336,211
479,211
0,212
170,212
337,212
347,212
349,212
350,212
352,212
479,212
0,213
171,213
338,213
479,213
0,214
171,214
340,214
348,214
351,214
479,214
0,215
171,215
341,215
347,215
352,215
479,215
0,216
171,216
343,216
347,216
352,216
479,216
0,217
171,217
346,217
347,217
351,217
479,217
0,218
171,218
352,218
479,218
0,219
172,219
352,219
479,219
0,220
172,220
290,220
291,220
352,220
479,220
0,221
173,221
291,221
292,221
352,221
479,221
0,222
173,222
291,222
293,222
352,222
359,222
363,222
479,222
0,223
174,223
291,223
294,223
352,223
359,223
364,223
479,223
0,224
176,224
291,224
295,224
353,224
357,224
365,224
479,224
0,225
176,225
292,225
296,225
354,225
355,225
365,225
479,225
0,226
175,226
177,226
177,226
292,226
297,226
365,226
479,226
0,227
177,227
293,227
298,227
364,227
479,227
0,228
178,228
293,228
299,228
366,228
391,228
394,228
479,228
0,229
179,229
293,229
300,229
374,229
479,229
0,230
181,230
293,230
301,230
378,230
385,230
395,230
479,230
0,231
183,231
294,231
302,231
395,231
479,231
0,232
184,232
278,232
279,232
293,232
303,232
396,232
479,232
0,233
185,233
278,233
279,233
291,233
305,233
394,233
479,233
0,234
187,234
278,234
281,234
287,234
307,234
390,234
479,234
0,235
189,235
277,235
281,235
285,235
308,235
390,235
479,235
0,236
189,236
276,236
309,236
398,236
479,236
0,237
190,237
192,237
192,237
276,237
311,237
398,237
479,237
0,238
194,238
275,238
312,238
398,238
479,238
0,239
195,239
275,239
313,239
399,239
479,239
0,240
195,240
197,240
198,240
274,240
314,240
394,240
396,240
398,240
479,240
0,241
198,241
273,241
315,241
395,241
479,241
0,242
201,242
272,242
316,242
398,242
479,242
0,243
202,243
272,243
317,243
400,243
479,243
0,244
204,244
271,244
319,244
399,244
479,244
0,245
206,245
270,245
319,245
398,245
479,245
0,246
209,246
270,246
319,246
393,246
479,246
0,247
211,247
269,247
269,247
271,247
320,247
394,247
479,247
0,248
213,248
268,248
320,248
394,248
479,248
0,249
216,249
266,249
321,249
394,249
479,249
0,250
219,250
265,250
322,250
393,250
479,250
0,251
220,251
265,251
323,251
325,251
326,251
392,251
479,251
0,252
223,252
263,252
327,252
387,252
479,252
0,253
225,253
262,253
327,253
387,253
479,253
0,254
228,254
261,254
329,254
388,254
479,254
0,255
230,255
232,255
232,255
257,255
330,255
388,255
479,255
0,256
234,256
254,256
330,256
387,256
479,256
0,257
236,257
239,257
239,257
252,257
331,257
384,257
479,257
0,258
242,258
248,258
248,258
251,258
332,258
383,258
479,258
0,259
241,259
244,259
254,259
256,259
333,259
383,259
479,259
0,260
334,260
383,260
479,260
0,261
334,261
382,261
479,261
0,262
335,262
382,262
479,262
0,263
335,263
375,263
479,263
0,264
336,264
377,264
479,264
0,265
336,265
377,265
479,265
0,266
337,266
352,266
352,266
376,266
479,266
0,267
337,267
345,267
345,267
352,267
354,267
376,267
479,267
0,268
338,268
345,268
345,268
352,268
359,268
370,268
479,268
0,269
338,269
345,269
346,269
351,269
359,269
370,269
479,269
0,270
339,270
346,270
348,270
351,270
362,270
370,270
479,270
0,271
340,271
346,271
363,271
370,271
479,271
0,272
340,272
346,272
479,272
0,273
341,273
346,273
479,273
0,274
479,274
0,275
479,275
0,276
479,276
0,277
479,277
0,278
479,278
0,279
479,279
0,280
479,280
0,281
479,281
0,282
479,282
0,283
479,283
0,284
479,284
0,285
479,285
0,286
479,286
0,287
479,287
0,288
479,288
0,289
479,289
0,290
479,290
0,291
479,291
0,292
479,292
0,293
479,293
0,294
479,294
0,295
479,295
0,296
479,296
0,297
479,297
0,298
479,298
0,299
479,299
0,300
479,300
0,301
479,301
0,302
479,302
0,303
479,303
0,304
479,304
0,305
479,305
0,306
479,306
0,307
479,307
0,308
479,308
0,309
479,309
0,310
479,310
0,311
479,311
0,312
479,312
0,313
479,313
0,314
479,314
0,315
479,315
0,316
479,316
0,317
479,317
0,318
479,318
0,319
479,319
0,320
479,320
0,321
479,321
0,322
479,322
0,323
479,323
0,324
479,324
0,325
479,325
0,326
479,326
0,327
479,327
0,328
479,328
0,329
479,329
0,330
479,330
0,331
479,331
0,332
479,332
0,333
479,333
0,334
479,334
0,335
479,335
0,336
479,336
0,337
479,337
0,338
479,338
0,339
479,339
0,340
479,340
0,341
479,341
0,342
479,342
0,343
479,343
0,344
479,344
0,345
479,345
0,346
479,346
0,347
479,347
0,348
479,348
0,349
479,349
0,350
479,350
0,351
479,351
0,352
479,352
0,353
479,353
0,354
479,354
0,355
479,355
0,356
479,356
0,357
479,357
0,358
479,358
0,359
479,359
