0,0
479,0
0,1
479,1
0,2
479,2
0,3
479,3
0,4
479,4
0,5
479,5
0,6
479,6
0,7
479,7
0,8
479,8
0,9
479,9
0,10
479,10
0,11
479,11
0,12
479,12
0,13
479,13
0,14
479,14
0,15
479,15
0,16
479,16
0,17
479,17
0,18
479,18
0,19
479,19
0,20
479,20
0,21
479,21
0,22
479,22
0,23
479,23
0,24
479,24
0,25
479,25
0,26
479,26
0,27
479,27
0,28
479,28
0,29
479,29
0,30
479,30
0,31
479,31
0,32
479,32
0,33
479,33
0,34
479,34
0,35
479,35
0,36
479,36
0,37
479,37
0,38
479,38
0,39
479,39
0,40
479,40
0,41
479,41
0,42
479,42
0,43
479,43
0,44
479,44
0,45
479,45
0,46
479,46
0,47
479,47
0,48
479,48
0,49
479,49
0,50
479,50
0,51
479,51
0,52
479,52
0,53
479,53
0,54
479,54
0,55
479,55
0,56
479,56
0,57
479,57
0,58
479,58
0,59
479,59
0,60
479,60
0,61
479,61
0,62
479,62
0,63
479,63
0,64
479,64
0,65
479,65
0,66
479,66
0,67
479,67
0,68
479,68
0,69
479,69
0,70
479,70
0,71
479,71
0,72
479,72
0,73
479,73
0,74
479,74
0,75
479,75
0,76
479,76
0,77
479,77
0,78
479,78
0,79
479,79
0,80
479,80
0,81
479,81
0,82
479,82
0,83
479,83
0,84
479,84
0,85
479,85
0,86
479,86
0,87
479,87
0,88
479,88
0,89
247,89
251,89
479,89
0,90
244,90
251,90
479,90
0,91
238,91
240,91
243,91
253,91
479,91
0,92
227,92
230,92
236,92
242,92
242,92
254,92
479,92
0,93
230,93
242,93
242,93
254,93
479,93
0,94
226,94
255,94
260,94
265,94
479,94
0,95
225,95
257,95
258,95
266,95
479,95
0,96
224,96
267,96
479,96
0,97
217,97
221,97
224,97
268,97
479,97
0,98
216,98
222,98
224,98
269,98
479,98
0,99
214,99
223,99
223,99
271,99
479,99
0,100
212,100
224,100
224,100
272,100
479,100
0,101
211,101
273,101
479,101
0,102
210,102
274,102
275,102
277,102
479,102
0,103
209,103
276,103
479,103
0,104
208,104
277,104
479,104
0,105
207,105
277,105
479,105
0,106
207,106
278,106
479,106
0,107
207,107
278,107
479,107
0,108
208,108
278,108
479,108
0,109
210,109
278,109
479,109
0,110
211,110
278,110
479,110
0,111
210,111
279,111
283,111
286,111
479,111
0,112
210,112
279,112
281,112
287,112
479,112
0,113
209,113
288,113
479,113
0,114
209,114
288,114
479,114
0,115
209,115
287,115
479,115
0,116
208,116
287,116
479,116
0,117
208,117
286,117
479,117
0,118
209,118
285,118
479,118
0,119
210,119
285,119
479,119
0,120
210,120
285,120
479,120
0,121
211,121
285,121
479,121
0,122
211,122
285,122
479,122
0,123
210,123
285,123
479,123
0,124
210,124
285,124
479,124
0,125
210,125
286,125
479,125
0,126
209,126
286,126
479,126
0,127
209,127
286,127
479,127
0,128
209,128
286,128
479,128
0,129
209,129
286,129
479,129
0,130
209,130
287,130
479,130
0,131
208,131
287,131
479,131
0,132
209,132
287,132
479,132
0,133
208,133
287,133
479,133
0,134
208,134
288,134
479,134
0,135
208,135
288,135
479,135
0,136
208,136
288,136
479,136
0,137
208,137
288,137
479,137
0,138
208,138
288,138
479,138
0,139
208,139
288,139
479,139
0,140
207,140
288,140
479,140
0,141
208,141
288,141
479,141
0,142
208,142
288,142
479,142
0,143
208,143
288,143
479,143
0,144
207,144
288,144
479,144
0,145
207,145
211,145
211,145
288,145
479,145
0,146
211,146
288,146
479,146
0,147
211,147
288,147
479,147
0,148
211,148
288,148
479,148
0,149
211,149
288,149
479,149
0,150
210,150
214,150
215,150
288,150
479,150
0,151
215,151
288,151
479,151
0,152
215,152
287,152
479,152
0,153
215,153
287,153
479,153
0,154
214,154
288,154
479,154
0,155
215,155
288,155
479,155
0,156
211,156
213,156
213,156
288,156
479,156
0,157
211,157
213,157
213,157
288,157
479,157
0,158
214,158
216,158
216,158
289,158
479,158
0,159
216,159
289,159
479,159
0,160
216,160
289,160
291,160
293,160
479,160
0,161
216,161
290,161
479,161
0,162
216,162
290,162
479,162
0,163
217,163
285,163
285,163
290,163
479,163
0,164
217,164
286,164
286,164
290,164
479,164
0,165
217,165
286,165
479,165
0,166
217,166
229,166
229,166
281,166
282,166
286,166
479,166
0,167
217,167
229,167
229,167
281,167
282,167
285,167
479,167
0,168
217,168
230,168
230,168
281,168
479,168
0,169
216,169
221,169
221,169
228,169
230,169
280,169
479,169
0,170
216,170
221,170
221,170
228,170
231,170
280,170
479,170
0,171
216,171
221,171
221,171
228,171
232,171
236,171
236,171
280,171
479,171
0,172
216,172
220,172
220,172
226,172
232,172
236,172
237,172
272,172
272,172
280,172
479,172
0,173
216,173
218,173
220,173
226,173
232,173
236,173
236,173
270,173
270,173
272,173
272,173
279,173
479,173
0,174
220,174
228,174
228,174
230,174
235,174
270,174
270,174
272,174
272,174
278,174
479,174
0,175
220,175
270,175
479,175
0,176
193,176
196,176
219,176
266,176
479,176
0,177
183,177
187,177
189,177
198,177
215,177
266,177
272,177
274,177
479,177
0,178
168,178
170,178
181,178
183,178
183,178
198,178
199,178
202,178
212,178
270,178
479,178
0,179
171,179
177,179
177,179
179,179
180,179
197,179
199,179
201,179
206,179
208,179
209,179
273,179
273,179
275,179
479,179
0,180
169,180
177,180
177,180
179,180
179,180
279,180
479,180
0,181
168,181
177,181
178,181
284,181
479,181
0,182
167,182
285,182
479,182
0,183
166,183
286,183
479,183
0,184
165,184
287,184
479,184
0,185
164,185
288,185
479,185
0,186
161,186
288,186
288,186
290,186
479,186
0,187
159,187
289,187
479,187
0,188
159,188
289,188
479,188
0,189
158,189
290,189
479,189
0,190
158,190
290,190
479,190
0,191
158,191
291,191
479,191
0,192
159,192
291,192
479,192
0,193
159,193
291,193
479,193
0,194
160,194
292,194
479,194
0,195
160,195
292,195
479,195
0,196
159,196
292,196
479,196
0,197
158,197
293,197
479,197
0,198
156,198
293,198
479,198
0,199
154,199
293,199
479,199
0,200
153,200
293,200
479,200
0,201
153,201
293,201
479,201
0,202
152,202
294,202
479,202
0,203
150,203
294,203
479,203
0,204
149,204
293,204
479,204
0,205
149,205
293,205
479,205
0,206
148,206
293,206
479,206
0,207
148,207
293,207
479,207
0,208
147,208
293,208
479,208
0,209
147,209
294,209
479,209
0,210
147,210
293,210
479,210
0,211
147,211
293,211
479,211
0,212
147,212
293,212
479,212
0,213
147,213
293,213
479,213
0,214
147,214
293,214
479,214
0,215
148,215
293,215
479,215
0,216
148,216
176,216
180,216
291,216
479,216
0,217
149,217
175,217
175,217
177,217
180,217
291,217
479,217
0,218
150,218
172,218
181,218
189,218
191,218
292,218
479,218
0,219
150,219
170,219
183,219
188,219
188,219
190,219
192,219
290,219
479,219
0,220
152,220
167,220
169,220
174,220
191,220
290,220
479,220
0,221
153,221
164,221
191,221
289,221
479,221
0,222
155,222
161,222
192,222
288,222
479,222
0,223
161,223
163,223
194,223
287,223
479,223
0,224
196,224
285,224
479,224
0,225
198,225
202,225
203,225
284,225
479,225
0,226
203,226
281,226
479,226
0,227
203,227
277,227
479,227
0,228
203,228
276,228
479,228
0,229
203,229
275,229
479,229
0,230
203,230
274,230
479,230
0,231
203,231
274,231
479,231
0,232
203,232
275,232
479,232
0,233
203,233
273,233
274,233
276,233
479,233
0,234
203,234
273,234
479,234
0,235
203,235
272,235
479,235
0,236
203,236
273,236
479,236
0,237
203,237
272,237
479,237
0,238
203,238
271,238
479,238
0,239
203,239
271,239
479,239
0,240
203,240
271,240
479,240
0,241
203,241
270,241
479,241
0,242
203,242
270,242
270,242
272,242
479,242
0,243
203,243
270,243
479,243
0,244
203,244
270,244
479,244
0,245
203,245
269,245
270,245
272,245
479,245
0,246
203,246
268,246
479,246
0,247
203,247
268,247
479,247
0,248
203,248
267,248
267,248
269,248
479,248
0,249
203,249
267,249
479,249
0,250
203,250
267,250
479,250
0,251
203,251
267,251
479,251
0,252
202,252
267,252
479,252
0,253
170,253
174,253
200,253
266,253
479,253
0,254
170,254
175,254
199,254
266,254
479,254
0,255
170,255
178,255
199,255
266,255
266,255
268,255
479,255
0,256
170,256
178,256
198,256
267,256
479,256
0,257
170,257
179,257
191,257
193,257
196,257
266,257
479,257
0,258
170,258
181,258
190,258
192,258
192,258
265,258
266,258
268,258
479,258
0,259
171,259
181,259
190,259
265,259
265,259
268,259
479,259
0,260
172,260
182,260
183,260
185,260
189,260
265,260
479,260
0,261
172,261
182,261
187,261
265,261
479,261
0,262
167,262
265,262
265,262
268,262
479,262
0,263
163,263
166,263
166,263
265,263
479,263
0,264
163,264
165,264
166,264
265,264
479,264
0,265
165,265
265,265
479,265
0,266
164,266
166,266
166,266
271,266
479,266
0,267
163,267
166,267
166,267
279,267
479,267
0,268
167,268
282,268
479,268
0,269
167,269
169,269
171,269
285,269
479,269
0,270
174,270
176,270
176,270
289,270
479,270
0,271
178,271
293,271
479,271
0,272
190,272
296,272
301,272
303,272
479,272
0,273
198,273
304,273
479,273
0,274
195,274
198,274
199,274
305,274
479,274
0,275
200,275
305,275
479,275
0,276
202,276
305,276
479,276
0,277
201,277
305,277
479,277
0,278
200,278
305,278
479,278
0,279
199,279
305,279
479,279
0,280
199,280
305,280
479,280
0,281
199,281
305,281
479,281
0,282
198,282
304,282
479,282
0,283
197,283
304,283
479,283
0,284
197,284
304,284
479,284
0,285
196,285
304,285
479,285
0,286
196,286
303,286
479,286
0,287
195,287
303,287
479,287
0,288
195,288
303,288
479,288
0,289
194,289
302,289
479,289
0,290
194,290
302,290
479,290
0,291
194,291
301,291
302,291
304,291
479,291
0,292
193,292
301,292
479,292
0,293
193,293
300,293
479,293
0,294
192,294
300,294
479,294
0,295
192,295
300,295
479,295
0,296
191,296
299,296
479,296
0,297
191,297
298,297
479,297
0,298
191,298
298,298
479,298
0,299
190,299
297,299
479,299
0,300
190,300
296,300
479,300
0,301
190,301
296,301
479,301
0,302
189,302
296,302
479,302
0,303
189,303
295,303
479,303
0,304
189,304
294,304
479,304
0,305
188,305
294,305
479,305
0,306
188,306
293,306
479,306
0,307
187,307
293,307
479,307
0,308
187,308
278,308
278,308
292,308
479,308
0,309
187,309
292,309
479,309
0,310
186,310
279,310
279,310
291,310
479,310
0,311
186,311
291,311
479,311
0,312
186,312
280,312
280,312
290,312
479,312
0,313
185,313
280,313
280,313
289,313
479,313
0,314
185,314
288,314
479,314
0,315
184,315
281,315
282,315
287,315
479,315
0,316
183,316
283,316
479,316
0,317
183,317
283,317
479,317
0,318
183,318
283,318
479,318
0,319
183,319
283,319
479,319
0,320
182,320
284,320
479,320
0,321
182,321
284,321
479,321
0,322
181,322
285,322
479,322
0,323
181,323
285,323
479,323
0,324
180,324
286,324
286,324
288,324
479,324
0,325
180,325
286,325
479,325
0,326
179,326
287,326
479,326
0,327
179,327
287,327
479,327
0,328
179,328
288,328
479,328
0,329
178,329
288,329
479,329
0,330
177,330
288,330
479,330
0,331
177,331
289,331
479,331
0,332
177,332
289,332
479,332
0,333
177,333
289,333
479,333
0,334
176,334
290,334
479,334
0,335
176,335
290,335
479,335
0,336
175,336
290,336
479,336
0,337
174,337
290,337
479,337
0,338
173,338
290,338
479,338
0,339
173,339
290,339
479,339
0,340
172,340
290,340
479,340
0,341
171,341
290,341
479,341
0,342
170,342
290,342
479,342
0,343
170,343
290,343
479,343
0,344
168,344
290,344
479,344
0,345
166,345
290,345
479,345
0,346
166,346
290,346
479,346
0,347
165,347
289,347
479,347
0,348
163,348
290,348
479,348
0,349
161,349
291,349
479,349
0,350
160,350
291,350
479,350
0,351
160,351
291,351
479,351
0,352
159,352
292,352
479,352
0,353
157,353
292,353
479,353
0,354
156,354
293,354
479,354
0,355
156,355
294,355
479,355
0,356
154,356
294,356
479,356
0,357
154,357
295,357
479,357
0,358
154,358
296,358
479,358
0,359
154,359
296,359
479,359
