0,0
479,0
0,1
479,1
0,2
479,2
0,3
479,3
0,4
479,4
0,5
479,5
0,6
479,6
0,7
479,7
0,8
479,8
0,9
479,9
0,10
479,10
0,11
479,11
0,12
479,12
0,13
479,13
0,14
479,14
0,15
479,15
0,16
479,16
0,17
479,17
0,18
479,18
0,19
479,19
0,20
479,20
0,21
479,21
0,22
479,22
0,23
479,23
0,24
479,24
0,25
479,25
0,26
479,26
0,27
479,27
0,28
479,28
0,29
479,29
0,30
479,30
0,31
479,31
0,32
479,32
0,33
479,33
0,34
479,34
0,35
479,35
0,36
479,36
0,37
479,37
0,38
479,38
0,39
479,39
0,40
479,40
0,41
479,41
0,42
479,42
0,43
479,43
0,44
479,44
0,45
479,45
0,46
479,46
0,47
479,47
0,48
479,48
0,49
479,49
0,50
479,50
0,51
479,51
0,52
479,52
0,53
479,53
0,54
479,54
0,55
479,55
0,56
479,56
0,57
479,57
0,58
479,58
0,59
479,59
0,60
479,60
0,61
479,61
0,62
479,62
0,63
479,63
0,64
136,64
142,64
142,64
144,64
479,64
0,65
135,65
142,65
142,65
144,65
479,65
0,66
132,66
142,66
479,66
0,67
132,67
142,67
479,67
0,68
131,68
145,68
146,68
148,68
479,68
0,69
130,69
147,69
255,69
260,69
479,69
0,70
130,70
147,70
254,70
262,70
479,70
0,71
129,71
148,71
254,71
263,71
479,71
0,72
129,72
147,72
253,72
264,72
479,72
0,73
129,73
143,73
143,73
146,73
253,73
265,73
479,73
0,74
128,74
141,74
252,74
266,74
479,74
0,75
127,75
143,75
252,75
267,75
479,75
0,76
128,76
144,76
239,76
244,76
251,76
267,76
272,76
274,76
479,76
0,77
127,77
145,77
237,77
248,77
251,77
267,77
270,77
275,77
479,77
0,78
127,78
146,78
236,78
250,78
250,78
267,78
268,78
276,78
479,78
0,79
127,79
147,79
236,79
276,79
479,79
0,80
127,80
147,80
235,80
276,80
479,80
0,81
127,81
147,81
235,81
277,81
479,81
0,82
128,82
138,82
141,82
147,82
235,82
277,82
479,82
0,83
127,83
139,83
235,83
281,83
479,83
0,84
127,84
140,84
235,84
288,84
479,84
0,85
127,85
140,85
235,85
289,85
479,85
0,86
127,86
141,86
235,86
290,86
479,86
0,87
127,87
141,87
236,87
291,87
479,87
0,88
126,88
143,88
236,88
292,88
479,88
0,89
126,89
145,89
236,89
293,89
479,89
0,90
126,90
147,90
235,90
293,90
479,90
0,91
125,91
147,91
234,91
293,91
479,91
0,92
125,92
150,92
232,92
293,92
479,92
0,93
125,93
152,93
153,93
155,93
229,93
294,93
479,93
0,94
125,94
154,94
229,94
294,94
479,94
0,95
125,95
155,95
156,95
158,95
228,95
294,95
479,95
0,96
125,96
155,96
226,96
294,96
479,96
0,97
125,97
157,97
157,97
160,97
226,97
294,97
479,97
0,98
125,98
161,98
225,98
294,98
479,98
0,99
126,99
162,99
224,99
294,99
479,99
0,100
127,100
161,100
223,100
293,100
479,100
0,101
128,101
161,101
223,101
293,101
479,101
0,102
129,102
162,102
222,102
292,102
479,102
0,103
130,103
162,103
222,103
293,103
479,103
0,104
130,104
162,104
162,104
164,104
221,104
294,104
479,104
0,105
131,105
161,105
220,105
294,105
479,105
0,106
133,106
161,106
220,106
295,106
479,106
0,107
134,107
161,107
220,107
295,107
479,107
0,108
135,108
163,108
219,108
296,108
479,108
0,109
135,109
165,109
219,109
296,109
296,109
298,109
479,109
0,110
137,110
172,110
219,110
296,110
479,110
0,111
138,111
176,111
218,111
297,111
479,111
0,112
137,112
179,112
219,112
298,112
479,112
0,113
136,113
179,113
219,113
298,113
479,113
0,114
136,114
180,114
219,114
299,114
479,114
0,115
136,115
180,115
219,115
299,115
479,115
0,116
136,116
180,116
180,116
182,116
220,116
300,116
479,116
0,117
136,117
180,117
220,117
300,117
479,117
0,118
136,118
178,118
179,118
182,118
220,118
300,118
479,118
0,119
136,119
179,119
220,119
300,119
479,119
0,120
135,120
137,120
138,120
181,120
183,120
185,120
218,120
300,120
479,120
0,121
139,121
183,121
218,121
301,121
479,121
0,122
138,122
184,122
218,122
301,122
479,122
0,123
140,123
145,123
149,123
185,123
220,123
301,123
479,123
0,124
150,124
186,124
221,124
301,124
479,124
0,125
151,125
188,125
220,125
301,125
479,125
0,126
144,126
146,126
151,126
189,126
221,126
301,126
479,126
0,127
146,127
148,127
152,127
191,127
222,127
301,127
479,127
0,128
152,128
193,128
222,128
301,128
479,128
0,129
153,129
195,129
222,129
227,129
227,129
301,129
479,129
0,130
152,130
195,130
222,130
226,130
226,130
301,130
479,130
0,131
153,131
197,131
226,131
301,131
479,131
0,132
153,132
199,132
226,132
301,132
479,132
0,133
153,133
200,133
225,133
300,133
479,133
0,134
153,134
202,134
225,134
300,134
479,134
0,135
154,135
204,135
225,135
299,135
479,135
0,136
154,136
205,136
225,136
299,136
479,136
0,137
154,137
206,137
225,137
299,137
479,137
0,138
153,138
155,138
156,138
165,138
165,138
207,138
225,138
299,138
479,138
0,139
157,139
164,139
166,139
208,139
225,139
298,139
479,139
0,140
158,140
163,140
168,140
208,140
225,140
298,140
479,140
0,141
159,141
162,141
169,141
209,141
225,141
297,141
479,141
0,142
171,142
212,142
224,142
297,142
479,142
0,143
172,143
215,143
224,143
297,143
479,143
0,144
173,144
218,144
224,144
296,144
479,144
0,145
174,145
220,145
220,145
222,145
224,145
296,145
479,145
0,146
175,146
224,146
224,146
296,146
479,146
0,147
176,147
296,147
479,147
0,148
177,148
295,148
479,148
0,149
179,149
295,149
479,149
0,150
180,150
294,150
479,150
0,151
181,151
294,151
479,151
0,152
183,152
293,152
479,152
0,153
184,153
293,153
479,153
0,154
185,154
293,154
479,154
0,155
186,155
293,155
479,155
0,156
187,156
293,156
479,156
0,157
186,157
293,157
294,157
296,157
479,157
0,158
184,158
293,158
294,158
296,158
479,158
0,159
182,159
293,159
479,159
0,160
180,160
293,160
479,160
0,161
175,161
177,161
179,161
294,161
479,161
0,162
174,162
294,162
479,162
0,163
174,163
295,163
479,163
0,164
175,164
295,164
479,164
0,165
177,165
205,165
205,165
290,165
290,165
296,165
479,165
0,166
178,166
205,166
206,166
290,166
292,166
295,166
479,166
0,167
175,167
177,167
179,167
290,167
479,167
0,168
179,168
284,168
284,168
288,168
479,168
0,169
179,169
284,169
284,169
288,169
288,169
291,169
479,169
0,170
178,170
284,170
284,170
288,170
479,170
0,171
178,171
284,171
284,171
288,171
479,171
0,172
177,172
284,172
284,172
288,172
479,172
0,173
177,173
284,173
284,173
288,173
479,173
0,174
176,174
274,174
274,174
283,174
284,174
287,174
479,174
0,175
175,175
274,175
277,175
283,175
284,175
287,175
479,175
0,176
174,176
274,176
278,176
282,176
282,176
284,176
479,176
0,177
174,177
274,177
278,177
282,177
282,177
284,177
479,177
0,178
173,178
274,178
278,178
282,178
479,178
0,179
173,179
269,179
270,179
274,179
278,179
282,179
479,179
0,180
172,180
270,180
270,180
273,180
279,180
281,180
479,180
0,181
172,181
269,181
271,181
273,181
479,181
0,182
171,182
269,182
479,182
0,183
171,183
270,183
479,183
0,184
170,184
270,184
479,184
0,185
169,185
269,185
479,185
0,186
169,186
270,186
479,186
0,187
168,187
270,187
479,187
0,188
168,188
270,188
479,188
0,189
167,189
270,189
479,189
0,190
167,190
269,190
479,190
0,191
166,191
269,191
479,191
0,192
165,192
270,192
479,192
0,193
165,193
270,193
479,193
0,194
164,194
269,194
479,194
0,195
164,195
269,195
479,195
0,196
163,196
268,196
479,196
0,197
163,197
268,197
479,197
0,198
162,198
268,198
479,198
0,199
162,199
267,199
479,199
0,200
162,200
267,200
479,200
0,201
162,201
267,201
479,201
0,202
162,202
266,202
479,202
0,203
161,203
163,203
163,203
266,203
479,203
0,204
163,204
196,204
197,204
266,204
479,204
0,205
164,205
195,205
197,205
265,205
479,205
0,206
165,206
192,206
198,206
265,206
479,206
0,207
166,207
188,207
198,207
264,207
479,207
0,208
167,208
185,208
197,208
264,208
479,208
0,209
168,209
183,209
197,209
264,209
479,209
0,210
197,210
263,210
479,210
0,211
196,211
263,211
479,211
0,212
196,212
262,212
479,212
0,213
196,213
262,213
479,213
0,214
196,214
261,214
479,214
0,215
195,215
261,215
479,215
0,216
195,216
260,216
479,216
0,217
195,217
260,217
479,217
0,218
195,218
260,218
479,218
0,219
195,219
259,219
479,219
0,220
195,220
259,220
479,220
0,221
194,221
258,221
479,221
0,222
194,222
258,222
479,222
0,223
194,223
257,223
479,223
0,224
194,224
257,224
479,224
0,225
194,225
256,225
479,225
0,226
194,226
256,226
479,226
0,227
194,227
255,227
479,227
0,228
194,228
255,228
479,228
0,229
194,229
254,229
479,229
0,230
194,230
254,230
479,230
0,231
194,231
254,231
479,231
0,232
194,232
253,232
479,232
0,233
194,233
253,233
479,233
0,234
194,234
252,234
479,234
0,235
194,235
252,235
479,235
0,236
194,236
252,236
479,236
0,237
193,237
251,237
479,237
0,238
193,238
251,238
479,238
0,239
193,239
250,239
479,239
0,240
193,240
250,240
479,240
0,241
193,241
250,241
479,241
0,242
193,242
250,242
479,242
0,243
193,243
251,243
479,243
0,244
193,244
252,244
479,244
0,245
193,245
252,245
479,245
0,246
193,246
253,246
479,246
0,247
193,247
253,247
479,247
0,248
193,248
256,248
479,248
0,249
193,249
257,249
479,249
0,250
193,250
258,250
479,250
0,251
193,251
259,251
479,251
0,252
193,252
260,252
479,252
0,253
193,253
261,253
479,253
0,254
193,254
262,254
479,254
0,255
193,255
263,255
479,255
0,256
193,256
263,256
479,256
0,257
194,257
264,257
479,257
0,258
194,258
264,258
479,258
0,259
194,259
266,259
479,259
0,260
193,260
266,260
479,260
0,261
194,261
267,261
479,261
0,262
194,262
269,262
479,262
0,263
194,263
271,263
479,263
0,264
194,264
271,264
479,264
0,265
194,265
272,265
479,265
0,266
194,266
273,266
479,266
0,267
192,267
194,267
194,267
274,267
479,267
0,268
195,268
274,268
479,268
0,269
196,269
276,269
479,269
0,270
198,270
277,270
479,270
0,271
198,271
277,271
479,271
0,272
198,272
278,272
479,272
0,273
197,273
279,273
479,273
0,274
197,274
279,274
479,274
0,275
197,275
279,275
479,275
0,276
197,276
279,276
479,276
0,277
197,277
280,277
479,277
0,278
197,278
280,278
479,278
0,279
196,279
281,279
479,279
0,280
196,280
281,280
281,280
284,280
479,280
0,281
195,281
282,281
479,281
0,282
196,282
283,282
479,282
0,283
196,283
283,283
479,283
0,284
195,284
284,284
479,284
0,285
196,285
266,285
266,285
285,285
479,285
0,286
196,286
266,286
266,286
286,286
479,286
0,287
196,287
266,287
266,287
286,287
479,287
0,288
196,288
267,288
267,288
286,288
479,288
0,289
196,289
267,289
267,289
287,289
479,289
0,290
195,290
287,290
479,290
0,291
195,291
268,291
268,291
287,291
479,291
0,292
195,292
268,292
268,292
287,292
479,292
0,293
195,293
287,293
479,293
0,294
195,294
269,294
269,294
287,294
479,294
0,295
195,295
269,295
269,295
286,295
479,295
0,296
195,296
286,296
479,296
0,297
195,297
286,297
479,297
0,298
195,298
286,298
479,298
0,299
195,299
285,299
479,299
0,300
195,300
285,300
479,300
0,301
195,301
285,301
479,301
0,302
194,302
284,302
479,302
0,303
194,303
284,303
479,303
0,304
195,304
284,304
479,304
0,305
195,305
284,305
479,305
0,306
194,306
284,306
479,306
0,307
194,307
284,307
479,307
0,308
194,308
273,308
273,308
284,308
479,308
0,309
194,309
285,309
479,309
0,310
194,310
286,310
479,310
0,311
193,311
286,311
479,311
0,312
194,312
274,312
274,312
285,312
479,312
0,313
194,313
274,313
274,313
286,313
479,313
0,314
193,314
274,314
274,314
286,314
479,314
0,315
193,315
287,315
479,315
0,316
194,316
275,316
275,316
287,316
479,316
0,317
193,317
275,317
275,317
287,317
479,317
0,318
193,318
275,318
275,318
288,318
479,318
0,319
193,319
275,319
275,319
288,319
479,319
0,320
193,320
276,320
276,320
288,320
479,320
0,321
193,321
276,321
276,321
289,321
479,321
0,322
193,322
276,322
276,322
289,322
479,322
0,323
193,323
276,323
276,323
289,323
479,323
0,324
193,324
276,324
276,324
290,324
290,324
292,324
479,324
0,325
193,325
277,325
277,325
290,325
479,325
0,326
192,326
277,326
277,326
291,326
479,326
0,327
192,327
277,327
277,327
291,327
479,327
0,328
193,328
291,328
479,328
0,329
193,329
278,329
278,329
292,329
479,329
0,330
193,330
278,330
278,330
292,330
479,330
0,331
193,331
278,331
278,331
292,331
479,331
0,332
193,332
278,332
278,332
293,332
479,332
0,333
193,333
278,333
278,333
293,333
479,333
0,334
193,334
293,334
479,334
0,335
193,335
293,335
479,335
0,336
193,336
279,336
279,336
294,336
479,336
0,337
193,337
279,337
279,337
294,337
479,337
0,338
193,338
294,338
479,338
0,339
193,339
294,339
479,339
0,340
193,340
295,340
479,340
0,341
193,341
295,341
479,341
0,342
193,342
295,342
479,342
0,343
193,343
295,343
479,343
0,344
193,344
296,344
479,344
0,345
193,345
296,345
296,345
298,345
479,345
0,346
193,346
296,346
479,346
0,347
193,347
297,347
479,347
0,348
193,348
297,348
479,348
0,349
193,349
297,349
479,349
0,350
194,350
297,350
479,350
0,351
194,351
298,351
479,351
0,352
194,352
298,352
479,352
0,353
194,353
298,353
479,353
0,354
195,354
298,354
479,354
0,355
195,355
298,355
479,355
0,356
195,356
299,356
479,356
0,357
196,357
299,357
479,357
0,358
197,358
299,358
479,358
0,359
197,359
299,359
479,359
