0,0
479,0
0,1
479,1
0,2
479,2
0,3
479,3
0,4
479,4
0,5
479,5
0,6
479,6
0,7
479,7
0,8
479,8
0,9
479,9
0,10
479,10
0,11
479,11
0,12
479,12
0,13
479,13
0,14
479,14
0,15
479,15
0,16
479,16
0,17
479,17
0,18
479,18
0,19
290,19
313,19
479,19
0,20
286,20
318,20
479,20
0,21
278,21
323,21
479,21
0,22
274,22
327,22
479,22
0,23
271,23
329,23
479,23
0,24
269,24
332,24
479,24
0,25
267,25
335,25
479,25
0,26
265,26
336,26
479,26
0,27
263,27
338,27
479,27
0,28
255,28
257,28
259,28
261,28
262,28
340,28
479,28
0,29
260,29
341,29
479,29
0,30
259,30
343,30
479,30
0,31
257,31
346,31
479,31
0,32
256,32
347,32
479,32
0,33
255,33
349,33
479,33
0,34
253,34
350,34
479,34
0,35
253,35
351,35
479,35
0,36
252,36
353,36
479,36
0,37
251,37
355,37
479,37
0,38
249,38
356,38
479,38
0,39
249,39
357,39
479,39
0,40
248,40
358,40
479,40
0,41
247,41
359,41
479,41
0,42
246,42
360,42
479,42
0,43
243,43
245,43
245,43
361,43
479,43
0,44
245,44
362,44
479,44
0,45
244,45
363,45
479,45
0,46
243,46
364,46
479,46
0,47
243,47
364,47
479,47
0,48
242,48
365,48
479,48
0,49
241,49
366,49
479,49
0,50
240,50
366,50
479,50
0,51
240,51
367,51
479,51
0,52
239,52
368,52
479,52
0,53
239,53
368,53
479,53
0,54
238,54
368,54
479,54
0,55
238,55
368,55
479,55
0,56
237,56
369,56
479,56
0,57
237,57
370,57
479,57
0,58
236,58
370,58
479,58
0,59
236,59
370,59
479,59
0,60
235,60
370,60
479,60
0,61
235,61
370,61
479,61
0,62
235,62
370,62
479,62
0,63
234,63
371,63
479,63
0,64
234,64
371,64
479,64
0,65
233,65
371,65
479,65
0,66
233,66
371,66
479,66
0,67
233,67
371,67
479,67
0,68
232,68
371,68
479,68
0,69
232,69
371,69
479,69
0,70
232,70
371,70
479,70
0,71
232,71
371,71
479,71
0,72
229,72
231,72
231,72
371,72
479,72
0,73
229,73
232,73
232,73
371,73
479,73
0,74
229,74
232,74
232,74
371,74
479,74
0,75
232,75
371,75
479,75
0,76
232,76
371,76
479,76
0,77
231,77
370,77
479,77
0,78
231,78
370,78
479,78
0,79
230,79
370,79
479,79
0,80
228,80
370,80
479,80
0,81
225,81
370,81
479,81
0,82
218,82
221,82
224,82
370,82
479,82
0,83
222,83
370,83
479,83
0,84
216,84
219,84
219,84
370,84
479,84
0,85
218,85
370,85
479,85
0,86
217,86
371,86
479,86
0,87
215,87
371,87
371,87
373,87
479,87
0,88
212,88
372,88
479,88
0,89
210,89
373,89
479,89
0,90
208,90
374,90
479,90
0,91
207,91
376,91
479,91
0,92
204,92
376,92
479,92
0,93
203,93
378,93
479,93
0,94
203,94
379,94
479,94
0,95
200,95
381,95
479,95
0,96
201,96
382,96
479,96
0,97
199,97
384,97
479,97
0,98
199,98
386,98
479,98
0,99
199,99
388,99
479,99
0,100
199,100
392,100
479,100
0,101
199,101
395,101
479,101
0,102
199,102
397,102
479,102
0,103
199,103
398,103
479,103
0,104
199,104
398,104
479,104
0,105
200,105
398,105
479,105
0,106
200,106
398,106
479,106
0,107
201,107
398,107
479,107
0,108
201,108
398,108
479,108
0,109
203,109
397,109
479,109
0,110
203,110
388,110
389,110
396,110
479,110
0,111
204,111
386,111
387,111
389,111
390,111
396,111
479,111
0,112
204,112
206,112
206,112
384,112
479,112
0,113
203,113
205,113
207,113
383,113
479,113
0,114
203,114
205,114
205,114
382,114
479,114
0,115
205,115
380,115
479,115
0,116
204,116
379,116
479,116
0,117
204,117
380,117
479,117
0,118
204,118
381,118
479,118
0,119
203,119
380,119
479,119
0,120
204,120
377,120
377,120
383,120
479,120
0,121
204,121
378,121
479,121
0,122
204,122
379,122
479,122
0,123
204,123
379,123
479,123
0,124
204,124
381,124
479,124
0,125
205,125
383,125
479,125
0,126
205,126
221,126
221,126
383,126
479,126
0,127
205,127
220,127
222,127
384,127
479,127
0,128
206,128
218,128
219,128
221,128
223,128
384,128
479,128
0,129
206,129
216,129
222,129
371,129
373,129
379,129
379,129
383,129
479,129
0,130
207,130
215,130
221,130
372,130
376,130
379,130
479,130
0,131
208,131
214,131
221,131
373,131
479,131
0,132
221,132
376,132
479,132
0,133
220,133
375,133
479,133
0,134
219,134
369,134
371,134
374,134
479,134
0,135
219,135
368,135
373,135
375,135
479,135
0,136
110,136
112,136
219,136
369,136
479,136
0,137
219,137
370,137
479,137
0,138
108,138
115,138
219,138
261,138
261,138
361,138
362,138
370,138
479,138
0,139
104,139
116,139
219,139
261,139
262,139
362,139
362,139
364,139
364,139
366,139
479,139
0,140
102,140
117,140
218,140
261,140
265,140
362,140
363,140
365,140
479,140
0,141
100,141
118,141
217,141
262,141
265,141
363,141
479,141
0,142
98,142
119,142
217,142
262,142
265,142
363,142
479,142
0,143
96,143
120,143
216,143
263,143
265,143
364,143
479,143
0,144
94,144
121,144
215,144
258,144
265,144
364,144
479,144
0,145
92,145
122,145
215,145
258,145
265,145
364,145
479,145
0,146
90,146
123,146
216,146
256,146
264,146
366,146
479,146
0,147
89,147
124,147
216,147
256,147
264,147
366,147
479,147
0,148
87,148
125,148
218,148
255,148
261,148
263,148
263,148
350,148
350,148
361,148
362,148
366,148
479,148
0,149
84,149
126,149
217,149
256,149
263,149
350,149
350,149
361,149
479,149
0,150
82,150
127,150
217,150
254,150
259,150
261,150
261,150
333,150
333,150
350,150
350,150
352,150
354,150
356,150
360,150
362,150
479,150
0,151
80,151
128,151
217,151
253,151
261,151
333,151
334,151
352,151
479,151
0,152
77,152
129,152
217,152
252,152
260,152
333,152
335,152
350,152
479,152
0,153
75,153
130,153
217,153
252,153
259,153
333,153
335,153
351,153
479,153
0,154
73,154
132,154
216,154
252,154
258,154
263,154
263,154
333,154
336,154
338,154
339,154
351,154
479,154
0,155
71,155
133,155
216,155
251,155
257,155
262,155
262,155
264,155
265,155
333,155
339,155
351,155
479,155
0,156
68,156
106,156
108,156
134,156
216,156
250,156
256,156
261,156
263,156
265,156
265,156
333,156
340,156
352,156
479,156
0,157
66,157
104,157
109,157
135,157
216,157
250,157
256,157
259,157
263,157
334,157
340,157
344,157
344,157
352,157
479,157
0,158
63,158
102,158
110,158
136,158
216,158
249,158
263,158
334,158
345,158
352,158
479,158
0,159
60,159
101,159
111,159
136,159
216,159
249,159
263,159
269,159
269,159
334,159
346,159
351,159
479,159
0,160
58,160
99,160
112,160
139,160
216,160
248,160
261,160
268,160
269,160
275,160
276,160
334,160
479,160
0,161
52,161
97,161
113,161
140,161
216,161
247,161
261,161
267,161
268,161
275,161
277,161
341,161
479,161
0,162
50,162
96,162
114,162
141,162
217,162
246,162
259,162
266,162
268,162
275,162
278,162
341,162
479,162
0,163
49,163
94,163
114,163
142,163
217,163
245,163
259,163
264,163
266,163
268,163
268,163
273,163
279,163
341,163
479,163
0,164
42,164
44,164
46,164
92,164
116,164
143,164
217,164
244,164
258,164
262,164
266,164
268,164
268,164
273,164
282,164
340,164
479,164
0,165
37,165
39,165
39,165
41,165
41,165
92,165
92,165
94,165
117,165
144,165
216,165
244,165
259,165
261,165
267,165
270,165
280,165
282,165
283,165
340,165
479,165
0,166
35,166
37,166
38,166
93,166
118,166
145,166
216,166
243,166
262,166
264,166
267,166
270,166
285,166
340,166
479,166
0,167
34,167
93,167
118,167
146,167
216,167
242,167
270,167
272,167
284,167
286,167
287,167
340,167
479,167
0,168
29,168
94,168
119,168
147,168
217,168
241,168
288,168
296,168
296,168
339,168
479,168
0,169
25,169
94,169
118,169
120,169
120,169
148,169
216,169
240,169
288,169
296,169
298,169
338,169
479,169
0,170
19,170
94,170
119,170
121,170
122,170
149,170
216,170
240,170
288,170
295,170
298,170
300,170
300,170
338,170
479,170
0,171
14,171
94,171
119,171
122,171
123,171
150,171
216,171
240,171
288,171
292,171
292,171
295,171
301,171
339,171
479,171
0,172
7,172
94,172
124,172
151,172
215,172
239,172
293,172
295,172
300,172
341,172
479,172
0,173
1,173
76,173
77,173
93,173
125,173
153,173
215,173
238,173
283,173
285,173
298,173
342,173
479,173
75,174
77,174
92,174
126,174
153,174
217,174
224,174
225,174
237,174
283,174
285,174
296,174
344,174
479,174
72,175
76,175
93,175
127,175
154,175
215,175
217,175
217,175
224,175
224,175
236,175
283,175
285,175
295,175
346,175
479,175
70,176
71,176
73,176
74,176
94,176
128,176
155,176
219,176
222,176
224,176
234,176
283,176
285,176
292,176
348,176
348,176
350,176
479,176
68,177
73,177
95,177
129,177
157,177
219,177
222,177
223,177
234,177
234,177
236,177
284,177
286,177
289,177
351,177
479,177
66,178
72,178
96,178
128,178
158,178
219,178
221,178
222,178
233,178
234,178
236,178
283,178
285,178
287,178
354,178
479,178
62,179
69,179
71,179
71,179
97,179
128,179
159,179
219,179
221,179
221,179
231,179
284,179
356,179
479,179
59,180
71,180
97,180
128,180
159,180
221,180
230,180
281,180
359,180
479,180
57,181
70,181
97,181
126,181
160,181
221,181
229,181
280,181
361,181
479,181
54,182
70,182
98,182
127,182
161,182
221,182
226,182
278,182
362,182
479,182
50,183
54,183
56,183
69,183
98,183
127,183
162,183
223,183
225,183
276,183
364,183
479,183
47,184
68,184
98,184
125,184
163,184
275,184
365,184
479,184
44,185
67,185
98,185
124,185
164,185
273,185
367,185
479,185
39,186
67,186
98,186
99,186
101,186
122,186
165,186
272,186
368,186
479,186
16,187
19,187
38,187
66,187
99,187
121,187
145,187
145,187
166,187
271,187
369,187
369,187
371,187
479,187
8,188
20,188
38,188
39,188
41,188
65,188
99,188
121,188
146,188
146,188
166,188
267,188
269,188
270,188
370,188
479,188
0,189
20,189
37,189
65,189
99,189
120,189
147,189
147,189
167,189
268,189
371,189
479,189
0,190
20,190
37,190
64,190
99,190
120,190
147,190
148,190
168,190
267,190
372,190
479,190
0,191
18,191
36,191
64,191
99,191
119,191
147,191
150,191
169,191
266,191
372,191
479,191
0,192
16,192
37,192
63,192
100,192
118,192
147,192
148,192
150,192
151,192
170,192
265,192
373,192
479,192
0,193
15,193
38,193
62,193
100,193
118,193
148,193
152,193
171,193
264,193
373,193
479,193
0,194
15,194
39,194
62,194
100,194
118,194
148,194
153,194
172,194
263,194
374,194
479,194
0,195
14,195
40,195
59,195
61,195
62,195
100,195
117,195
148,195
154,195
173,195
173,195
175,195
263,195
374,195
479,195
0,196
13,196
40,196
62,196
101,196
116,196
148,196
155,196
173,196
174,196
176,196
262,196
375,196
479,196
0,197
13,197
41,197
61,197
101,197
116,197
148,197
156,197
174,197
261,197
375,197
479,197
0,198
12,198
41,198
62,198
101,198
115,198
149,198
157,198
175,198
260,198
376,198
479,198
0,199
11,199
41,199
62,199
101,199
115,199
149,199
158,199
176,199
260,199
376,199
479,199
0,200
10,200
42,200
62,200
101,200
114,200
149,200
159,200
178,200
259,200
377,200
479,200
0,201
10,201
42,201
62,201
100,201
114,201
149,201
159,201
178,201
259,201
377,201
479,201
0,202
10,202
42,202
62,202
100,202
113,202
149,202
160,202
179,202
179,202
181,202
258,202
378,202
479,202
0,203
9,203
42,203
62,203
100,203
113,203
149,203
161,203
180,203
257,203
378,203
479,203
0,204
8,204
43,204
62,204
99,204
112,204
150,204
161,204
180,204
257,204
379,204
479,204
0,205
7,205
43,205
62,205
98,205
112,205
150,205
162,205
181,205
256,205
379,205
479,205
0,206
6,206
43,206
62,206
98,206
112,206
150,206
163,206
183,206
256,206
380,206
474,206
476,206
477,206
0,207
6,207
43,207
62,207
98,207
112,207
150,207
164,207
184,207
255,207
380,207
476,207
0,208
5,208
43,208
62,208
97,208
112,208
150,208
165,208
184,208
254,208
381,208
474,208
0,209
5,209
43,209
62,209
97,209
112,209
150,209
165,209
186,209
254,209
381,209
472,209
0,210
4,210
44,210
63,210
96,210
113,210
150,210
166,210
187,210
253,210
381,210
470,210
0,211
4,211
44,211
63,211
96,211
113,211
150,211
167,211
188,211
252,211
382,211
467,211
0,212
4,212
44,212
63,212
95,212
111,212
113,212
113,212
149,212
167,212
189,212
252,212
382,212
465,212
0,213
4,213
44,213
63,213
95,213
113,213
149,213
168,213
191,213
252,213
383,213
461,213
0,214
4,214
44,214
63,214
95,214
113,214
148,214
167,214
169,214
169,214
192,214
251,214
383,214
423,214
429,214
455,214
0,215
4,215
44,215
63,215
95,215
113,215
148,215
167,215
169,215
170,215
194,215
251,215
384,215
419,215
440,215
446,215
0,216
4,216
44,216
63,216
93,216
113,216
147,216
168,216
170,216
171,216
195,216
250,216
384,216
414,216
0,217
4,217
44,217
63,217
93,217
113,217
147,217
171,217
196,217
249,217
384,217
408,217
0,218
4,218
43,218
63,218
93,218
113,218
147,218
171,218
198,218
249,218
384,218
395,218
0,219
4,219
43,219
63,219
93,219
113,219
146,219
171,219
200,219
248,219
0,220
4,220
42,220
63,220
92,220
114,220
146,220
171,220
203,220
248,220
0,221
4,221
42,221
63,221
92,221
114,221
145,221
170,221
205,221
248,221
0,222
4,222
41,222
63,222
91,222
114,222
145,222
170,222
207,222
247,222
475,222
475,222
0,223
4,223
41,223
63,223
91,223
114,223
145,223
168,223
170,223
171,223
211,223
247,223
468,223
475,223
0,224
4,224
41,224
63,224
90,224
114,224
144,224
170,224
215,224
246,224
462,224
474,224
0,225
4,225
40,225
63,225
90,225
114,225
144,225
168,225
225,225
225,225
228,225
237,225
240,225
240,225
457,225
474,225
0,226
4,226
39,226
63,226
89,226
114,226
144,226
166,226
231,226
232,226
235,226
236,226
453,226
473,226
0,227
4,227
39,227
63,227
89,227
114,227
143,227
165,227
450,227
472,227
0,228
4,228
39,228
63,228
88,228
114,228
142,228
164,228
450,228
472,228
0,229
4,229
38,229
63,229
88,229
114,229
142,229
164,229
188,229
188,229
449,229
471,229
0,230
4,230
38,230
64,230
88,230
114,230
142,230
163,230
188,230
192,230
434,230
435,230
448,230
449,230
451,230
470,230
0,231
4,231
37,231
64,231
87,231
114,231
141,231
163,231
189,231
196,231
427,231
434,231
449,231
470,231
0,232
4,232
37,232
64,232
86,232
114,232
141,232
162,232
189,232
201,232
398,232
432,232
450,232
470,232
0,233
4,233
36,233
64,233
86,233
114,233
140,233
161,233
189,233
202,233
204,233
205,233
398,233
431,233
451,233
467,233
469,233
469,233
0,234
4,234
36,234
64,234
86,234
115,234
140,234
161,234
190,234
207,234
383,234
383,234
398,234
430,234
452,234
469,234
0,235
4,235
35,235
64,235
86,235
115,235
140,235
160,235
190,235
211,235
381,235
382,235
398,235
429,235
453,235
468,235
0,236
4,236
35,236
64,236
85,236
115,236
139,236
160,236
190,236
214,236
380,236
380,236
398,236
429,236
454,236
468,236
0,237
4,237
34,237
64,237
85,237
115,237
139,237
159,237
191,237
215,237
399,237
429,237
454,237
467,237
0,238
4,238
34,238
64,238
84,238
115,238
138,238
159,238
191,238
215,238
399,238
428,238
454,238
467,238
0,239
4,239
33,239
64,239
84,239
115,239
138,239
158,239
191,239
215,239
400,239
428,239
455,239
467,239
0,240
4,240
32,240
64,240
83,240
115,240
138,240
157,240
191,240
215,240
401,240
427,240
455,240
467,240
0,241
4,241
32,241
64,241
83,241
115,241
137,241
156,241
192,241
214,241
248,241
248,241
250,241
251,241
402,241
426,241
455,241
467,241
0,242
4,242
32,242
64,242
82,242
115,242
137,242
156,242
192,242
212,242
231,242
231,242
234,242
251,242
402,242
426,242
456,242
467,242
0,243
4,243
31,243
64,243
82,243
115,243
136,243
156,243
192,243
211,243
232,243
248,243
402,243
425,243
456,243
468,243
0,244
4,244
31,244
65,244
81,244
115,244
136,244
156,244
192,244
210,244
233,244
248,244
250,244
250,244
403,244
425,244
456,244
468,244
0,245
4,245
30,245
65,245
81,245
115,245
135,245
156,245
192,245
210,245
234,245
249,245
403,245
425,245
457,245
468,245
0,246
4,246
30,246
65,246
81,246
115,246
135,246
156,246
192,246
209,246
235,246
249,246
403,246
424,246
457,246
468,246
0,247
4,247
30,247
65,247
80,247
115,247
135,247
156,247
192,247
209,247
235,247
247,247
404,247
424,247
458,247
469,247
0,248
5,248
29,248
65,248
79,248
115,248
134,248
156,248
193,248
208,248
235,248
246,248
404,248
423,248
458,248
469,248
0,249
5,249
28,249
65,249
79,249
115,249
134,249
156,249
193,249
208,249
235,249
244,249
404,249
423,249
458,249
469,249
0,250
5,250
28,250
65,250
79,250
116,250
133,250
156,250
193,250
207,250
236,250
243,250
404,250
422,250
458,250
469,250
0,251
5,251
28,251
65,251
78,251
116,251
133,251
156,251
192,251
207,251
236,251
244,251
405,251
422,251
459,251
469,251
0,252
5,252
27,252
64,252
78,252
116,252
133,252
156,252
192,252
206,252
236,252
245,252
405,252
422,252
459,252
469,252
0,253
5,253
26,253
64,253
77,253
116,253
132,253
156,253
192,253
206,253
237,253
247,253
249,253
252,253
405,253
422,253
459,253
470,253
0,254
5,254
26,254
65,254
77,254
116,254
132,254
157,254
191,254
205,254
237,254
252,254
406,254
423,254
459,254
470,254
0,255
5,255
26,255
65,255
77,255
116,255
131,255
157,255
191,255
204,255
237,255
251,255
407,255
423,255
459,255
470,255
0,256
5,256
25,256
65,256
76,256
116,256
131,256
156,256
190,256
203,256
237,256
252,256
406,256
423,256
459,256
470,256
0,257
5,257
24,257
65,257
75,257
116,257
131,257
156,257
190,257
203,257
237,257
251,257
406,257
423,257
458,257
470,257
0,258
5,258
24,258
65,258
75,258
116,258
130,258
157,258
190,258
203,258
237,258
251,258
406,258
423,258
458,258
470,258
0,259
5,259
24,259
65,259
75,259
116,259
130,259
157,259
189,259
202,259
238,259
238,259
240,259
251,259
406,259
424,259
458,259
471,259
0,260
5,260
23,260
65,260
75,260
117,260
129,260
157,260
189,260
202,260
238,260
238,260
240,260
251,260
406,260
406,260
408,260
424,260
458,260
471,260
0,261
5,261
22,261
65,261
74,261
117,261
129,261
157,261
188,261
202,261
238,261
251,261
406,261
424,261
457,261
471,261
0,262
5,262
22,262
66,262
73,262
117,262
128,262
157,262
188,262
202,262
238,262
251,262
405,262
424,262
457,262
471,262
0,263
5,263
22,263
66,263
72,263
73,263
75,263
117,263
128,263
157,263
188,263
202,263
239,263
250,263
405,263
424,263
457,263
471,263
0,264
5,264
21,264
66,264
72,264
117,264
128,264
157,264
187,264
202,264
239,264
248,264
250,264
250,264
405,264
424,264
456,264
471,264
0,265
5,265
21,265
67,265
71,265
117,265
127,265
157,265
187,265
202,265
239,265
250,265
404,265
424,265
456,265
471,265
0,266
5,266
20,266
67,266
70,266
117,266
127,266
157,266
186,266
202,266
238,266
250,266
404,266
424,266
456,266
472,266
0,267
5,267
20,267
117,267
127,267
158,267
186,267
202,267
238,267
250,267
404,267
425,267
455,267
472,267
0,268
5,268
19,268
117,268
126,268
158,268
186,268
203,268
238,268
250,268
404,268
425,268
455,268
472,268
0,269
5,269
19,269
117,269
126,269
158,269
185,269
203,269
237,269
249,269
403,269
425,269
455,269
472,269
0,270
5,270
19,270
117,270
125,270
158,270
185,270
203,270
237,270
249,270
403,270
425,270
454,270
472,270
0,271
5,271
18,271
117,271
125,271
158,271
184,271
202,271
236,271
249,271
402,271
425,271
454,271
472,271
0,272
5,272
17,272
118,272
124,272
158,272
184,272
202,272
236,272
249,272
402,272
426,272
454,272
473,272
0,273
3,273
5,273
5,273
17,273
118,273
123,273
158,273
184,273
203,273
236,273
249,273
402,273
426,273
453,273
473,273
0,274
6,274
17,274
119,274
122,274
158,274
183,274
203,274
235,274
249,274
401,274
426,274
453,274
473,274
0,275
6,275
16,275
158,275
183,275
203,275
235,275
249,275
401,275
426,275
453,275
473,275
0,276
6,276
15,276
158,276
182,276
203,276
234,276
248,276
401,276
426,276
452,276
473,276
0,277
6,277
15,277
158,277
182,277
203,277
234,277
248,277
401,277
426,277
452,277
474,277
0,278
6,278
14,278
159,278
182,278
203,278
234,278
248,278
401,278
426,278
452,278
474,278
0,279
6,279
14,279
159,279
181,279
203,279
233,279
248,279
400,279
427,279
451,279
474,279
0,280
7,280
13,280
159,280
181,280
204,280
233,280
248,280
400,280
427,280
451,280
474,280
0,281
7,281
13,281
159,281
181,281
204,281
232,281
247,281
399,281
427,281
451,281
475,281
0,282
7,282
12,282
159,282
180,282
204,282
232,282
247,282
399,282
427,282
450,282
475,282
0,283
8,283
11,283
159,283
180,283
204,283
232,283
247,283
398,283
427,283
450,283
475,283
0,284
159,284
180,284
204,284
231,284
247,284
398,284
428,284
450,284
475,284
0,285
159,285
179,285
204,285
231,285
247,285
398,285
428,285
449,285
475,285
0,286
159,286
179,286
204,286
231,286
247,286
397,286
428,286
449,286
475,286
0,287
160,287
178,287
204,287
230,287
247,287
397,287
428,287
449,287
475,287
0,288
160,288
178,288
204,288
230,288
246,288
397,288
428,288
449,288
475,288
0,289
160,289
177,289
204,289
230,289
246,289
396,289
429,289
448,289
476,289
0,290
160,290
177,290
204,290
229,290
246,290
396,290
429,290
448,290
476,290
0,291
160,291
177,291
205,291
228,291
246,291
396,291
429,291
448,291
476,291
0,292
160,292
176,292
205,292
228,292
246,292
396,292
429,292
447,292
476,292
0,293
160,293
176,293
205,293
228,293
243,293
245,293
246,293
395,293
429,293
447,293
476,293
0,294
160,294
176,294
205,294
227,294
243,294
245,294
246,294
395,294
430,294
447,294
476,294
0,295
160,295
175,295
205,295
227,295
246,295
395,295
430,295
447,295
477,295
0,296
160,296
174,296
205,296
227,296
245,296
394,296
430,296
446,296
477,296
0,297
160,297
174,297
205,297
226,297
245,297
394,297
430,297
446,297
477,297
0,298
161,298
174,298
205,298
226,298
245,298
394,298
430,298
445,298
477,298
0,299
160,299
173,299
174,299
176,299
206,299
225,299
245,299
394,299
430,299
445,299
478,299
0,300
160,300
173,300
174,300
176,300
206,300
225,300
245,300
393,300
430,300
445,300
478,300
0,301
161,301
173,301
205,301
224,301
242,301
244,301
245,301
393,301
430,301
444,301
478,301
0,302
161,302
172,302
206,302
224,302
242,302
244,302
245,302
393,302
431,302
444,302
479,302
0,303
161,303
172,303
206,303
224,303
245,303
392,303
431,303
444,303
479,303
0,304
161,304
172,304
206,304
223,304
244,304
392,304
431,304
443,304
479,304
0,305
161,305
171,305
206,305
223,305
244,305
392,305
431,305
443,305
479,305
0,306
161,306
171,306
206,306
223,306
244,306
391,306
431,306
443,306
479,306
0,307
161,307
170,307
206,307
223,307
244,307
391,307
431,307
442,307
479,307
0,308
161,308
170,308
206,308
222,308
244,308
390,308
432,308
442,308
479,308
0,309
162,309
169,309
170,309
172,309
207,309
222,309
244,309
390,309
432,309
442,309
479,309
0,310
162,310
169,310
207,310
222,310
244,310
390,310
432,310
442,310
479,310
0,311
162,311
168,311
207,311
221,311
243,311
389,311
432,311
441,311
479,311
0,312
162,312
168,312
207,312
220,312
243,312
389,312
432,312
441,312
479,312
0,313
163,313
167,313
207,313
220,313
243,313
389,313
432,313
440,313
479,313
0,314
207,314
220,314
243,314
388,314
433,314
440,314
479,314
0,315
207,315
219,315
219,315
221,315
243,315
388,315
433,315
439,315
479,315
0,316
207,316
219,316
243,316
388,316
388,316
390,316
433,316
439,316
479,316
0,317
207,317
218,317
242,317
387,317
434,317
438,317
479,317
0,318
207,318
218,318
241,318
387,318
435,318
438,318
479,318
0,319
207,319
217,319
217,319
219,319
242,319
386,319
479,319
0,320
208,320
217,320
242,320
386,320
479,320
0,321
208,321
216,321
241,321
386,321
479,321
0,322
208,322
216,322
241,322
386,322
479,322
0,323
208,323
216,323
241,323
385,323
479,323
0,324
208,324
216,324
240,324
385,324
479,324
0,325
209,325
215,325
215,325
217,325
240,325
385,325
479,325
0,326
209,326
214,326
239,326
385,326
479,326
0,327
209,327
213,327
239,327
386,327
479,327
0,328
239,328
386,328
479,328
0,329
238,329
386,329
479,329
0,330
238,330
386,330
479,330
0,331
238,331
386,331
479,331
0,332
237,332
386,332
479,332
0,333
237,333
386,333
479,333
0,334
237,334
386,334
479,334
0,335
237,335
386,335
479,335
0,336
237,336
386,336
479,336
0,337
237,337
386,337
479,337
0,338
236,338
386,338
479,338
0,339
236,339
386,339
479,339
0,340
236,340
385,340
479,340
0,341
235,341
385,341
479,341
0,342
235,342
385,342
479,342
0,343
235,343
385,343
479,343
0,344
235,344
385,344
479,344
0,345
235,345
385,345
479,345
0,346
235,346
385,346
479,346
0,347
234,347
385,347
479,347
0,348
234,348
385,348
479,348
0,349
234,349
385,349
479,349
0,350
234,350
385,350
479,350
0,351
234,351
385,351
479,351
0,352
233,352
384,352
479,352
0,353
233,353
384,353
479,353
0,354
233,354
384,354
479,354
0,355
233,355
384,355
479,355
0,356
233,356
384,356
479,356
0,357
232,357
384,357
479,357
0,358
232,358
384,358
479,358
0,359
232,359
384,359
479,359
