0,0
479,0
0,1
479,1
0,2
479,2
0,3
479,3
0,4
479,4
0,5
479,5
0,6
479,6
0,7
479,7
0,8
479,8
0,9
479,9
0,10
479,10
0,11
479,11
0,12
479,12
0,13
479,13
0,14
479,14
0,15
290,15
311,15
479,15
0,16
286,16
318,16
479,16
0,17
283,17
324,17
479,17
0,18
280,18
328,18
479,18
0,19
277,19
332,19
335,19
341,19
479,19
0,20
276,20
343,20
479,20
0,21
274,21
344,21
479,21
0,22
272,22
345,22
479,22
0,23
270,23
346,23
479,23
0,24
268,24
346,24
479,24
0,25
266,25
347,25
479,25
0,26
264,26
347,26
479,26
0,27
262,27
348,27
479,27
0,28
261,28
350,28
479,28
0,29
260,29
351,29
479,29
0,30
258,30
352,30
479,30
0,31
257,31
353,31
479,31
0,32
256,32
354,32
479,32
0,33
255,33
355,33
479,33
0,34
253,34
357,34
479,34
0,35
252,35
358,35
479,35
0,36
251,36
359,36
479,36
0,37
250,37
359,37
479,37
0,38
249,38
360,38
479,38
0,39
246,39
248,39
248,39
361,39
479,39
0,40
247,40
362,40
479,40
0,41
246,41
363,41
479,41
0,42
246,42
363,42
479,42
0,43
245,43
364,43
479,43
0,44
244,44
365,44
479,44
0,45
244,45
365,45
479,45
0,46
243,46
366,46
479,46
0,47
242,47
367,47
479,47
0,48
242,48
367,48
479,48
0,49
241,49
368,49
479,49
0,50
241,50
368,50
479,50
0,51
240,51
369,51
479,51
0,52
240,52
370,52
479,52
0,53
240,53
370,53
479,53
0,54
239,54
370,54
479,54
0,55
238,55
371,55
479,55
0,56
233,56
371,56
479,56
0,57
231,57
372,57
479,57
0,58
230,58
372,58
479,58
0,59
229,59
372,59
479,59
0,60
229,60
373,60
479,60
0,61
228,61
373,61
479,61
0,62
228,62
373,62
479,62
0,63
228,63
373,63
479,63
0,64
228,64
373,64
479,64
0,65
228,65
373,65
479,65
0,66
228,66
373,66
479,66
0,67
228,67
373,67
479,67
0,68
228,68
373,68
479,68
0,69
229,69
373,69
479,69
0,70
229,70
373,70
479,70
0,71
229,71
373,71
479,71
0,72
229,72
373,72
479,72
0,73
230,73
373,73
479,73
0,74
230,74
373,74
479,74
0,75
230,75
373,75
479,75
0,76
231,76
373,76
479,76
0,77
231,77
373,77
479,77
0,78
231,78
373,78
479,78
0,79
231,79
372,79
479,79
0,80
232,80
372,80
479,80
0,81
232,81
372,81
479,81
0,82
228,82
231,82
231,82
371,82
479,82
0,83
228,83
230,83
231,83
371,83
479,83
0,84
229,84
371,84
479,84
0,85
228,85
371,85
479,85
0,86
225,86
227,86
227,86
370,86
479,86
0,87
226,87
370,87
479,87
0,88
225,88
370,88
479,88
0,89
225,89
369,89
479,89
0,90
223,90
369,90
479,90
0,91
223,91
369,91
479,91
0,92
221,92
369,92
479,92
0,93
218,93
220,93
220,93
370,93
479,93
0,94
219,94
370,94
479,94
0,95
218,95
371,95
479,95
0,96
217,96
372,96
479,96
0,97
215,97
373,97
479,97
0,98
214,98
373,98
479,98
0,99
213,99
374,99
479,99
0,100
212,100
374,100
479,100
0,101
211,101
375,101
479,101
0,102
210,102
376,102
479,102
0,103
205,103
376,103
479,103
0,104
205,104
378,104
479,104
0,105
205,105
378,105
479,105
0,106
205,106
379,106
479,106
0,107
205,107
380,107
479,107
0,108
205,108
381,108
479,108
0,109
206,109
381,109
479,109
0,110
206,110
383,110
479,110
0,111
206,111
384,111
479,111
0,112
209,112
229,112
229,112
234,112
234,112
386,112
389,112
391,112
479,112
0,113
209,113
228,113
229,113
233,113
234,113
388,113
479,113
0,114
210,114
213,114
213,114
227,114
228,114
233,114
234,114
390,114
479,114
0,115
214,115
225,115
228,115
233,115
234,115
391,115
479,115
0,116
212,116
214,116
215,116
223,116
228,116
232,116
234,116
392,116
479,116
0,117
228,117
231,117
235,117
391,117
479,117
0,118
227,118
231,118
235,118
392,118
479,118
0,119
235,119
391,119
479,119
0,120
236,120
372,120
375,120
391,120
479,120
0,121
236,121
373,121
381,121
391,121
479,121
0,122
236,122
374,122
382,122
390,122
479,122
0,123
236,123
374,123
383,123
389,123
479,123
0,124
239,124
375,124
381,124
383,124
384,124
388,124
479,124
0,125
239,125
376,125
385,125
387,125
479,125
0,126
240,126
371,126
371,126
376,126
479,126
0,127
240,127
244,127
244,127
372,127
479,127
0,128
241,128
244,128
244,128
255,128
256,128
373,128
479,128
0,129
245,129
251,129
251,129
256,129
258,129
373,129
479,129
0,130
248,130
252,130
253,130
258,130
259,130
374,130
479,130
0,131
254,131
258,131
260,131
375,131
479,131
0,132
261,132
375,132
479,132
0,133
258,133
260,133
260,133
366,133
366,133
375,133
479,133
0,134
260,134
366,134
369,134
376,134
376,134
378,134
479,134
0,135
110,135
120,135
260,135
367,135
370,135
376,135
479,135
0,136
109,136
122,136
259,136
368,136
372,136
376,136
479,136
0,137
107,137
122,137
255,137
257,137
258,137
369,137
479,137
0,138
104,138
123,138
258,138
369,138
479,138
0,139
103,139
124,139
256,139
369,139
479,139
0,140
100,140
125,140
256,140
368,140
479,140
0,141
98,141
126,141
256,141
359,141
359,141
366,141
479,141
0,142
96,142
127,142
256,142
358,142
361,142
367,142
479,142
0,143
94,143
128,143
257,143
358,143
362,143
367,143
479,143
0,144
92,144
129,144
258,144
260,144
260,144
358,144
364,144
367,144
479,144
0,145
90,145
130,145
264,145
359,145
479,145
0,146
88,146
131,146
264,146
359,146
479,146
0,147
86,147
132,147
264,147
359,147
479,147
0,148
84,148
133,148
264,148
359,148
479,148
0,149
81,149
134,149
264,149
350,149
350,149
359,149
479,149
0,150
79,150
135,150
263,150
348,150
351,150
360,150
479,150
0,151
76,151
136,151
261,151
263,151
263,151
348,151
352,151
360,151
479,151
0,152
74,152
137,152
262,152
351,152
353,152
360,152
479,152
0,153
71,153
110,153
114,153
138,153
262,153
270,153
270,153
349,153
352,153
354,153
354,153
360,153
479,153
0,154
68,154
109,154
116,154
140,154
262,154
269,154
270,154
349,154
353,154
355,154
356,154
360,154
479,154
0,155
66,155
107,155
117,155
141,155
261,155
268,155
270,155
349,155
349,155
351,155
356,155
359,155
479,155
0,156
63,156
105,156
117,156
142,156
261,156
267,156
270,156
348,156
479,156
0,157
60,157
104,157
118,157
143,157
260,157
265,157
269,157
276,157
276,157
347,157
479,157
0,158
57,158
102,158
119,158
144,158
259,158
264,158
269,158
275,158
276,158
348,158
479,158
0,159
53,159
100,159
117,159
119,159
120,159
145,159
258,159
263,159
268,159
274,159
276,159
348,159
479,159
0,160
51,160
98,160
121,160
146,160
258,160
262,160
268,160
273,160
276,160
348,160
349,160
351,160
479,160
0,161
46,161
97,161
122,161
147,161
257,161
261,161
267,161
272,161
276,161
293,161
293,161
348,161
479,161
0,162
42,162
96,162
97,162
100,162
123,162
149,162
257,162
259,162
267,162
270,162
272,162
274,162
276,162
293,162
293,162
345,162
345,162
348,162
479,162
0,163
38,163
97,163
98,163
100,163
124,163
150,163
267,163
269,163
276,163
281,163
286,163
293,163
293,163
347,163
479,163
0,164
32,164
98,164
125,164
151,164
275,164
281,164
285,164
291,164
293,164
347,164
479,164
0,165
29,165
98,165
125,165
152,165
275,165
281,165
282,165
284,165
285,165
291,165
293,165
347,165
479,165
0,166
23,166
98,166
126,166
153,166
276,166
280,166
285,166
290,166
293,166
348,166
479,166
0,167
16,167
99,167
127,167
154,167
277,167
279,167
285,167
290,167
291,167
293,167
294,167
348,167
479,167
0,168
12,168
98,168
128,168
155,168
285,168
288,168
294,168
348,168
479,168
0,169
2,169
82,169
82,169
98,169
129,169
156,169
285,169
288,169
291,169
294,169
295,169
348,169
479,169
80,170
83,170
99,170
130,170
157,170
293,170
348,170
479,170
78,171
81,171
83,171
84,171
101,171
131,171
158,171
291,171
349,171
479,171
76,172
83,172
102,172
133,172
159,172
288,172
347,172
479,172
74,173
81,173
103,173
134,173
160,173
286,173
347,173
479,173
71,174
80,174
103,174
135,174
161,174
284,174
348,174
479,174
69,175
80,175
104,175
135,175
162,175
282,175
350,175
479,175
65,176
79,176
105,176
133,176
163,176
279,176
352,176
479,176
62,177
67,177
69,177
79,177
105,177
133,177
164,177
276,177
353,177
479,177
59,178
79,178
106,178
132,178
165,178
275,178
355,178
479,178
56,179
78,179
107,179
132,179
165,179
274,179
356,179
479,179
53,180
78,180
107,180
130,180
132,180
133,180
166,180
272,180
357,180
479,180
48,181
78,181
108,181
130,181
132,181
133,181
168,181
271,181
358,181
358,181
360,181
479,181
44,182
78,182
108,182
130,182
132,182
132,182
168,182
269,182
359,182
479,182
19,183
24,183
42,183
78,183
109,183
131,183
169,183
268,183
360,183
479,183
9,184
24,184
42,184
77,184
109,184
130,184
170,184
266,184
361,184
479,184
0,185
25,185
43,185
77,185
110,185
129,185
171,185
265,185
361,185
479,185
0,186
25,186
45,186
77,186
111,186
129,186
172,186
264,186
362,186
479,186
0,187
26,187
45,187
76,187
111,187
129,187
173,187
263,187
362,187
479,187
0,188
25,188
46,188
76,188
112,188
128,188
173,188
262,188
363,188
479,188
0,189
23,189
47,189
73,189
75,189
76,189
112,189
128,189
156,189
156,189
174,189
261,189
363,189
479,189
0,190
23,190
48,190
48,190
50,190
76,190
112,190
128,190
157,190
157,190
175,190
260,190
364,190
478,190
0,191
19,191
21,191
22,191
48,191
49,191
51,191
75,191
113,191
128,191
157,191
158,191
176,191
259,191
364,191
477,191
0,192
19,192
21,192
22,192
49,192
75,192
113,192
127,192
158,192
159,192
177,192
258,192
365,192
475,192
0,193
20,193
50,193
75,193
112,193
127,193
158,193
158,193
160,193
160,193
178,193
258,193
365,193
474,193
0,194
21,194
51,194
75,194
112,194
127,194
159,194
161,194
178,194
257,194
366,194
473,194
0,195
21,195
51,195
75,195
112,195
127,195
159,195
162,195
180,195
256,195
366,195
471,195
0,196
21,196
51,196
75,196
112,196
126,196
161,196
163,196
180,196
255,196
367,196
467,196
469,196
470,196
0,197
20,197
52,197
75,197
112,197
126,197
161,197
163,197
181,197
255,197
367,197
469,197
0,198
20,198
54,198
75,198
112,198
126,198
161,198
162,198
164,198
164,198
182,198
254,198
368,198
468,198
0,199
20,199
54,199
76,199
112,199
126,199
162,199
162,199
164,199
165,199
183,199
254,199
368,199
369,199
371,199
466,199
0,200
20,200
54,200
77,200
112,200
126,200
162,200
166,200
184,200
253,200
369,200
465,200
0,201
20,201
55,201
77,201
112,201
125,201
163,201
167,201
185,201
253,201
369,201
463,201
0,202
19,202
55,202
77,202
112,202
125,202
161,202
161,202
163,202
168,202
186,202
186,202
188,202
252,202
370,202
461,202
0,203
19,203
56,203
78,203
111,203
125,203
161,203
168,203
187,203
252,203
370,203
459,203
0,204
19,204
56,204
78,204
111,204
124,204
161,204
169,204
188,204
251,204
371,204
457,204
0,205
19,205
56,205
78,205
111,205
124,205
161,205
170,205
189,205
250,205
371,205
454,205
0,206
18,206
57,206
79,206
111,206
124,206
161,206
170,206
190,206
250,206
371,206
451,206
0,207
18,207
56,207
80,207
111,207
125,207
161,207
171,207
191,207
249,207
372,207
447,207
0,208
18,208
56,208
80,208
111,208
125,208
161,208
172,208
192,208
249,208
373,208
414,208
422,208
441,208
0,209
18,209
56,209
80,209
111,209
126,209
161,209
173,209
193,209
248,209
373,209
410,209
427,209
436,209
0,210
18,210
56,210
81,210
111,210
126,210
161,210
171,210
173,210
173,210
194,210
248,210
373,210
405,210
0,211
18,211
56,211
81,211
111,211
126,211
161,211
174,211
196,211
247,211
374,211
397,211
0,212
18,212
56,212
81,212
110,212
127,212
160,212
175,212
197,212
247,212
374,212
391,212
0,213
19,213
56,213
82,213
110,213
127,213
160,213
176,213
198,213
246,213
0,214
20,214
56,214
82,214
110,214
127,214
160,214
176,214
200,214
246,214
0,215
20,215
56,215
83,215
110,215
128,215
160,215
177,215
201,215
245,215
462,215
465,215
0,216
21,216
56,216
83,216
110,216
128,216
160,216
177,216
203,216
245,216
456,216
464,216
0,217
21,217
56,217
84,217
110,217
129,217
160,217
176,217
205,217
244,217
451,217
464,217
0,218
22,218
56,218
84,218
110,218
129,218
160,218
176,218
208,218
244,218
447,218
463,218
0,219
22,219
56,219
85,219
109,219
129,219
160,219
176,219
210,219
243,219
444,219
463,219
0,220
23,220
56,220
85,220
109,220
129,220
159,220
176,220
212,220
243,220
440,220
463,220
0,221
23,221
56,221
85,221
109,221
130,221
159,221
176,221
215,221
243,221
440,221
462,221
0,222
24,222
55,222
86,222
109,222
130,222
159,222
176,222
218,222
242,222
439,222
462,222
0,223
24,223
55,223
86,223
109,223
131,223
159,223
174,223
223,223
242,223
426,223
426,223
440,223
462,223
0,224
25,224
55,224
86,224
109,224
131,224
159,224
174,224
229,224
236,224
239,224
241,224
416,224
425,224
442,224
462,224
0,225
25,225
55,225
87,225
109,225
131,225
159,225
172,225
375,225
376,225
392,225
392,225
395,225
401,225
408,225
424,225
443,225
461,225
0,226
26,226
55,226
87,226
109,226
132,226
159,226
172,226
375,226
376,226
391,226
423,226
444,226
461,226
0,227
26,227
55,227
88,227
109,227
132,227
159,227
171,227
373,227
374,227
376,227
376,227
391,227
422,227
445,227
461,227
0,228
27,228
55,228
88,228
109,228
132,228
158,228
171,228
196,228
197,228
372,228
376,228
391,228
421,228
445,228
460,228
0,229
27,229
55,229
89,229
109,229
133,229
158,229
170,229
197,229
201,229
370,229
375,229
393,229
421,229
446,229
460,229
0,230
28,230
55,230
89,230
108,230
133,230
158,230
170,230
197,230
205,230
370,230
374,230
393,230
420,230
446,230
460,230
0,231
28,231
55,231
89,231
109,231
133,231
158,231
170,231
198,231
208,231
371,231
373,231
394,231
420,231
446,231
460,231
0,232
29,232
55,232
90,232
109,232
134,232
158,232
169,232
198,232
198,232
200,232
211,232
372,232
373,232
395,232
420,232
447,232
459,232
0,233
28,233
54,233
90,233
108,233
134,233
158,233
169,233
199,233
216,233
372,233
373,233
396,233
420,233
447,233
460,233
0,234
29,234
54,234
91,234
108,234
135,234
157,234
169,234
199,234
218,234
372,234
372,234
396,234
419,234
448,234
460,234
0,235
30,235
54,235
91,235
108,235
135,235
157,235
168,235
199,235
220,235
396,235
419,235
448,235
460,235
0,236
30,236
54,236
92,236
108,236
135,236
157,236
169,236
200,236
220,236
397,236
419,236
449,236
461,236
0,237
31,237
54,237
92,237
108,237
135,237
157,237
168,237
200,237
220,237
397,237
418,237
449,237
461,237
0,238
31,238
54,238
92,238
108,238
136,238
157,238
168,238
200,238
221,238
398,238
418,238
450,238
461,238
0,239
32,239
54,239
93,239
108,239
136,239
157,239
167,239
201,239
221,239
398,239
418,239
450,239
462,239
0,240
32,240
54,240
93,240
108,240
136,240
157,240
167,240
202,240
220,240
237,240
247,240
399,240
418,240
451,240
462,240
0,241
32,241
54,241
94,241
107,241
137,241
157,241
167,241
202,241
219,241
238,241
244,241
246,241
247,241
399,241
417,241
451,241
462,241
0,242
33,242
54,242
94,242
107,242
137,242
157,242
167,242
202,242
218,242
239,242
246,242
400,242
416,242
452,242
462,242
0,243
34,243
54,243
95,243
107,243
138,243
156,243
167,243
203,243
217,243
240,243
245,243
400,243
416,243
452,243
463,243
0,244
35,244
54,244
95,244
108,244
138,244
156,244
166,244
203,244
217,244
241,244
241,244
243,244
244,244
401,244
416,244
452,244
463,244
0,245
35,245
53,245
95,245
107,245
138,245
156,245
166,245
203,245
216,245
241,245
243,245
401,245
416,245
452,245
463,245
0,246
35,246
53,246
95,246
107,246
139,246
156,246
166,246
203,246
216,246
242,246
242,246
402,246
417,246
451,246
464,246
0,247
36,247
53,247
96,247
107,247
139,247
156,247
166,247
203,247
216,247
402,247
417,247
451,247
464,247
0,248
36,248
53,248
95,248
106,248
140,248
156,248
166,248
203,248
215,248
402,248
417,248
451,248
464,248
0,249
37,249
53,249
97,249
107,249
140,249
156,249
167,249
202,249
215,249
402,249
418,249
451,249
465,249
0,250
37,250
53,250
97,250
106,250
140,250
156,250
167,250
202,250
215,250
243,250
243,250
402,250
418,250
451,250
465,250
0,251
38,251
53,251
97,251
106,251
140,251
156,251
167,251
202,251
214,251
244,251
245,251
402,251
418,251
451,251
465,251
0,252
38,252
53,252
98,252
106,252
141,252
155,252
168,252
202,252
214,252
244,252
249,252
402,252
418,252
450,252
466,252
0,253
38,253
53,253
98,253
106,253
142,253
155,253
168,253
202,253
211,253
213,253
214,253
245,253
249,253
402,253
419,253
450,253
466,253
0,254
39,254
53,254
99,254
106,254
142,254
155,254
168,254
201,254
211,254
213,254
213,254
245,254
249,254
402,254
419,254
450,254
466,254
0,255
39,255
53,255
99,255
105,255
142,255
155,255
168,255
201,255
213,255
245,255
248,255
402,255
420,255
450,255
466,255
0,256
40,256
53,256
101,256
105,256
143,256
155,256
169,256
201,256
212,256
246,256
248,256
401,256
420,256
450,256
467,256
0,257
41,257
52,257
143,257
155,257
169,257
201,257
212,257
247,257
248,257
401,257
420,257
449,257
467,257
0,258
41,258
52,258
143,258
154,258
169,258
201,258
212,258
247,258
248,258
401,258
420,258
449,258
467,258
0,259
42,259
53,259
144,259
154,259
170,259
201,259
211,259
247,259
248,259
401,259
421,259
449,259
468,259
0,260
42,260
53,260
144,260
154,260
170,260
200,260
211,260
248,260
248,260
371,260
371,260
400,260
421,260
449,260
468,260
0,261
43,261
52,261
144,261
154,261
170,261
200,261
211,261
371,261
371,261
400,261
421,261
449,261
468,261
0,262
43,262
52,262
145,262
154,262
170,262
200,262
210,262
371,262
371,262
400,262
422,262
449,262
469,262
0,263
44,263
53,263
145,263
154,263
171,263
200,263
211,263
372,263
372,263
400,263
422,263
449,263
469,263
0,264
44,264
52,264
145,264
154,264
171,264
200,264
211,264
372,264
372,264
400,264
422,264
448,264
469,264
0,265
45,265
52,265
145,265
153,265
172,265
200,265
211,265
247,265
247,265
372,265
372,265
400,265
423,265
448,265
470,265
0,266
45,266
51,266
146,266
153,266
172,266
199,266
211,266
247,266
247,266
372,266
372,266
400,266
423,266
448,266
470,266
0,267
46,267
51,267
147,267
153,267
172,267
199,267
212,267
372,267
373,267
399,267
423,267
448,267
471,267
0,268
147,268
152,268
173,268
199,268
212,268
372,268
373,268
399,268
424,268
447,268
471,268
0,269
149,269
152,269
173,269
199,269
212,269
372,269
373,269
399,269
424,269
448,269
471,269
0,270
173,270
199,270
213,270
246,270
246,270
372,270
374,270
399,270
425,270
447,270
472,270
0,271
174,271
199,271
213,271
246,271
246,271
372,271
374,271
399,271
425,271
447,271
472,271
0,272
174,272
199,272
213,272
246,272
246,272
372,272
374,272
399,272
425,272
447,272
472,272
0,273
174,273
198,273
214,273
246,273
246,273
372,273
375,273
398,273
425,273
447,273
473,273
0,274
175,274
198,274
214,274
372,274
375,274
398,274
426,274
446,274
473,274
0,275
175,275
198,275
214,275
245,275
245,275
372,275
375,275
398,275
426,275
446,275
473,275
0,276
175,276
198,276
214,276
245,276
245,276
372,276
376,276
398,276
426,276
446,276
473,276
0,277
176,277
198,277
215,277
245,277
245,277
372,277
376,277
398,277
427,277
446,277
474,277
0,278
176,278
198,278
215,278
245,278
245,278
372,278
375,278
377,278
377,278
397,278
427,278
446,278
474,278
0,279
176,279
197,279
215,279
245,279
245,279
373,279
376,279
397,279
427,279
445,279
474,279
0,280
177,280
198,280
216,280
245,280
245,280
373,280
377,280
397,280
428,280
445,280
475,280
0,281
177,281
198,281
216,281
373,281
377,281
397,281
428,281
445,281
475,281
0,282
177,282
197,282
216,282
244,282
244,282
372,282
378,282
397,282
428,282
445,282
475,282
0,283
177,283
197,283
216,283
244,283
244,283
373,283
378,283
396,283
429,283
445,283
476,283
0,284
178,284
197,284
217,284
244,284
244,284
373,284
378,284
396,284
429,284
445,284
476,284
0,285
178,285
197,285
217,285
244,285
244,285
373,285
378,285
396,285
429,285
444,285
476,285
0,286
178,286
196,286
217,286
244,286
244,286
373,286
379,286
396,286
430,286
444,286
477,286
0,287
179,287
196,287
218,287
244,287
244,287
373,287
379,287
396,287
430,287
444,287
477,287
0,288
179,288
196,288
218,288
243,288
244,288
373,288
379,288
396,288
430,288
444,288
477,288
0,289
179,289
196,289
218,289
243,289
244,289
373,289
380,289
396,289
431,289
444,289
478,289
0,290
180,290
196,290
218,290
243,290
244,290
373,290
380,290
395,290
431,290
444,290
478,290
0,291
180,291
196,291
219,291
243,291
244,291
373,291
380,291
395,291
431,291
444,291
479,291
0,292
180,292
195,292
219,292
243,292
243,292
373,292
381,292
395,292
431,292
443,292
479,292
0,293
180,293
195,293
219,293
243,293
243,293
373,293
381,293
395,293
432,293
443,293
479,293
0,294
181,294
196,294
219,294
243,294
243,294
373,294
382,294
395,294
432,294
443,294
479,294
0,295
181,295
195,295
220,295
242,295
243,295
373,295
382,295
395,295
433,295
443,295
479,295
0,296
182,296
195,296
221,296
242,296
243,296
374,296
382,296
394,296
433,296
443,296
479,296
0,297
182,297
194,297
221,297
242,297
243,297
374,297
382,297
394,297
433,297
442,297
479,297
0,298
182,298
194,298
221,298
242,298
243,298
374,298
383,298
394,298
433,298
442,298
479,298
0,299
182,299
194,299
221,299
242,299
243,299
374,299
383,299
394,299
433,299
442,299
479,299
0,300
183,300
194,300
222,300
241,300
243,300
374,300
383,300
394,300
434,300
442,300
479,300
0,301
183,301
194,301
222,301
241,301
243,301
374,301
384,301
394,301
434,301
442,301
479,301
0,302
183,302
194,302
222,302
241,302
243,302
374,302
384,302
393,302
435,302
441,302
479,302
0,303
184,303
194,303
223,303
240,303
242,303
374,303
385,303
393,303
435,303
441,303
479,303
0,304
184,304
194,304
223,304
240,304
243,304
375,304
385,304
393,304
436,304
440,304
479,304
0,305
184,305
194,305
223,305
240,305
242,305
374,305
385,305
393,305
479,305
0,306
185,306
193,306
223,306
240,306
242,306
375,306
385,306
393,306
479,306
0,307
185,307
193,307
224,307
240,307
242,307
375,307
386,307
392,307
479,307
0,308
185,308
193,308
224,308
240,308
242,308
375,308
387,308
392,308
479,308
0,309
186,309
193,309
224,309
240,309
242,309
375,309
387,309
392,309
479,309
0,310
186,310
192,310
224,310
239,310
242,310
375,310
388,310
391,310
479,310
0,311
187,311
191,311
225,311
239,311
241,311
375,311
479,311
0,312
189,312
191,312
225,312
239,312
241,312
376,312
479,312
0,313
225,313
239,313
241,313
376,313
479,313
0,314
226,314
239,314
241,314
376,314
479,314
0,315
226,315
239,315
240,315
376,315
479,315
0,316
226,316
239,316
240,316
376,316
479,316
0,317
227,317
238,317
240,317
376,317
479,317
0,318
227,318
238,318
238,318
376,318
479,318
0,319
227,319
238,319
238,319
376,319
479,319
0,320
228,320
238,320
238,320
376,320
479,320
0,321
228,321
238,321
238,321
376,321
479,321
0,322
228,322
238,322
238,322
376,322
479,322
0,323
228,323
237,323
238,323
376,323
479,323
0,324
228,324
237,324
237,324
376,324
479,324
0,325
229,325
237,325
237,325
376,325
479,325
0,326
229,326
237,326
237,326
376,326
479,326
0,327
230,327
236,327
236,327
376,327
479,327
0,328
230,328
235,328
236,328
376,328
479,328
0,329
231,329
235,329
236,329
376,329
479,329
0,330
235,330
376,330
479,330
0,331
235,331
376,331
479,331
0,332
235,332
376,332
479,332
0,333
235,333
376,333
479,333
0,334
234,334
376,334
479,334
0,335
234,335
376,335
479,335
0,336
234,336
375,336
479,336
0,337
234,337
375,337
479,337
0,338
234,338
375,338
479,338
0,339
233,339
375,339
479,339
0,340
233,340
375,340
479,340
0,341
233,341
375,341
479,341
0,342
233,342
375,342
479,342
0,343
232,343
375,343
479,343
0,344
232,344
375,344
479,344
0,345
232,345
375,345
479,345
0,346
232,346
375,346
479,346
0,347
231,347
375,347
479,347
0,348
231,348
375,348
479,348
0,349
231,349
375,349
479,349
0,350
231,350
374,350
479,350
0,351
231,351
374,351
479,351
0,352
231,352
374,352
479,352
0,353
231,353
374,353
479,353
0,354
230,354
374,354
479,354
0,355
230,355
374,355
479,355
0,356
230,356
374,356
479,356
0,357
230,357
374,357
479,357
0,358
230,358
374,358
479,358
0,359
230,359
374,359
479,359
