0,0
479,0
0,1
479,1
0,2
479,2
0,3
479,3
0,4
479,4
0,5
479,5
0,6
479,6
0,7
479,7
0,8
479,8
0,9
479,9
0,10
479,10
0,11
479,11
0,12
479,12
0,13
479,13
0,14
479,14
0,15
287,15
309,15
479,15
0,16
282,16
316,16
479,16
0,17
279,17
321,17
479,17
0,18
276,18
325,18
479,18
0,19
273,19
329,19
332,19
338,19
479,19
0,20
272,20
339,20
479,20
0,21
270,21
340,21
479,21
0,22
268,22
341,22
479,22
0,23
266,23
342,23
479,23
0,24
264,24
343,24
479,24
0,25
262,25
344,25
479,25
0,26
260,26
344,26
479,26
0,27
258,27
345,27
479,27
0,28
257,28
346,28
479,28
0,29
256,29
347,29
479,29
0,30
254,30
348,30
479,30
0,31
253,31
350,31
479,31
0,32
252,32
351,32
479,32
0,33
250,33
352,33
479,33
0,34
249,34
353,34
479,34
0,35
248,35
354,35
479,35
0,36
247,36
355,36
479,36
0,37
244,37
246,37
246,37
356,37
479,37
0,38
245,38
357,38
479,38
0,39
244,39
357,39
479,39
0,40
243,40
358,40
479,40
0,41
243,41
359,41
479,41
0,42
242,42
360,42
479,42
0,43
241,43
360,43
479,43
0,44
241,44
361,44
479,44
0,45
240,45
362,45
479,45
0,46
239,46
363,46
479,46
0,47
239,47
363,47
479,47
0,48
238,48
364,48
479,48
0,49
237,49
364,49
479,49
0,50
237,50
365,50
479,50
0,51
237,51
365,51
479,51
0,52
234,52
366,52
479,52
0,53
231,53
366,53
479,53
0,54
229,54
366,54
479,54
0,55
228,55
367,55
479,55
0,56
228,56
367,56
479,56
0,57
228,57
368,57
479,57
0,58
227,58
368,58
479,58
0,59
228,59
368,59
479,59
0,60
227,60
368,60
479,60
0,61
227,61
369,61
479,61
0,62
228,62
369,62
479,62
0,63
228,63
369,63
479,63
0,64
228,64
369,64
479,64
0,65
228,65
369,65
479,65
0,66
228,66
369,66
479,66
0,67
228,67
369,67
479,67
0,68
228,68
369,68
479,68
0,69
228,69
369,69
479,69
0,70
228,70
369,70
479,70
0,71
229,71
369,71
479,71
0,72
229,72
369,72
479,72
0,73
229,73
369,73
479,73
0,74
229,74
369,74
479,74
0,75
230,75
369,75
479,75
0,76
230,76
368,76
479,76
0,77
231,77
368,77
479,77
0,78
231,78
368,78
479,78
0,79
231,79
368,79
479,79
0,80
227,80
229,80
230,80
368,80
479,80
0,81
229,81
368,81
479,81
0,82
227,82
367,82
479,82
0,83
226,83
367,83
479,83
0,84
223,84
225,84
225,84
367,84
479,84
0,85
225,85
367,85
479,85
0,86
224,86
366,86
479,86
0,87
222,87
366,87
479,87
0,88
221,88
366,88
479,88
0,89
220,89
366,89
479,89
0,90
217,90
220,90
220,90
365,90
479,90
0,91
218,91
365,91
479,91
0,92
217,92
366,92
479,92
0,93
216,93
366,93
479,93
0,94
215,94
367,94
479,94
0,95
214,95
367,95
479,95
0,96
213,96
368,96
479,96
0,97
212,97
368,97
479,97
0,98
210,98
369,98
479,98
0,99
209,99
369,99
479,99
0,100
208,100
370,100
479,100
0,101
204,101
371,101
479,101
0,102
201,102
372,102
479,102
0,103
201,103
372,103
479,103
0,104
201,104
374,104
479,104
0,105
201,105
374,105
479,105
0,106
201,106
375,106
479,106
0,107
202,107
376,107
479,107
0,108
202,108
376,108
479,108
0,109
202,109
377,109
479,109
0,110
203,110
205,110
205,110
378,110
479,110
0,111
206,111
225,111
226,111
230,111
230,111
379,111
479,111
0,112
207,112
224,112
225,112
230,112
230,112
382,112
479,112
0,113
209,113
222,113
225,113
230,113
230,113
384,113
479,113
0,114
210,114
221,114
225,114
230,114
231,114
385,114
479,114
0,115
209,115
211,115
212,115
218,115
224,115
229,115
231,115
387,115
479,115
0,116
224,116
228,116
231,116
387,116
479,116
0,117
211,117
213,117
224,117
228,117
231,117
387,117
479,117
0,118
231,118
387,118
479,118
0,119
232,119
387,119
479,119
0,120
232,120
368,120
371,120
386,120
479,120
0,121
232,121
369,121
369,121
371,121
377,121
386,121
479,121
0,122
232,122
369,122
377,122
385,122
479,122
0,123
235,123
370,123
378,123
384,123
479,123
0,124
236,124
372,124
376,124
379,124
379,124
383,124
479,124
0,125
236,125
371,125
479,125
0,126
237,126
240,126
240,126
367,126
367,126
371,126
479,126
0,127
238,127
240,127
241,127
247,127
247,127
252,127
252,127
368,127
479,127
0,128
241,128
247,128
248,128
253,128
254,128
369,128
479,128
0,129
244,129
248,129
249,129
254,129
255,129
369,129
479,129
0,130
243,130
245,130
250,130
255,130
255,130
370,130
479,130
0,131
252,131
254,131
257,131
370,131
479,131
0,132
257,132
361,132
361,132
371,132
371,132
373,132
479,132
0,133
257,133
361,133
363,133
371,133
371,133
373,133
479,133
0,134
256,134
362,134
365,134
372,134
479,134
0,135
109,135
112,135
256,135
363,135
367,135
372,135
479,135
0,136
107,136
116,136
255,136
364,136
479,136
0,137
105,137
118,137
255,137
365,137
367,137
369,137
479,137
0,138
102,138
118,138
253,138
365,138
479,138
0,139
100,139
120,139
253,139
363,139
479,139
0,140
98,140
120,140
253,140
355,140
355,140
364,140
479,140
0,141
96,141
121,141
253,141
354,141
356,141
362,141
479,141
0,142
94,142
122,142
254,142
354,142
354,142
356,142
358,142
363,142
479,142
0,143
92,143
124,143
255,143
354,143
359,143
363,143
479,143
0,144
90,144
124,144
258,144
354,144
479,144
0,145
88,145
125,145
261,145
355,145
479,145
0,146
86,146
126,146
260,146
262,146
262,146
355,146
479,146
0,147
84,147
127,147
260,147
262,147
262,147
355,147
479,147
0,148
82,148
128,148
262,148
346,148
346,148
355,148
356,148
358,148
479,148
0,149
79,149
130,149
262,149
344,149
347,149
355,149
479,149
0,150
78,150
131,150
262,150
344,150
345,150
347,150
348,150
356,150
479,150
0,151
75,151
132,151
132,151
134,151
259,151
261,151
261,151
344,151
344,151
347,151
349,151
356,151
479,151
0,152
73,152
133,152
261,152
344,152
349,152
356,152
479,152
0,153
70,153
134,153
260,153
268,153
268,153
330,153
330,153
344,153
348,153
350,153
351,153
356,153
479,153
0,154
67,154
107,154
110,154
135,154
260,154
267,154
269,154
330,154
331,154
345,154
345,154
347,154
349,154
351,154
352,154
356,154
479,154
0,155
65,155
105,155
112,155
136,155
260,155
266,155
269,155
331,155
331,155
342,155
342,155
345,155
350,155
352,155
479,155
0,156
62,156
104,156
112,156
137,156
260,156
265,156
268,156
326,156
327,156
330,156
332,156
343,156
352,156
354,156
479,156
0,157
59,157
102,157
113,157
139,157
259,157
264,157
266,157
268,157
268,157
330,157
334,157
343,157
479,157
0,158
56,158
100,158
114,158
140,158
258,158
263,158
268,158
273,158
274,158
330,158
330,158
332,158
335,158
344,158
479,158
0,159
53,159
98,159
115,159
141,159
257,159
263,159
267,159
272,159
274,159
330,159
330,159
332,159
335,159
339,159
339,159
344,159
479,159
0,160
50,160
97,160
113,160
115,160
116,160
142,160
257,160
262,160
267,160
272,160
275,160
330,160
339,160
344,160
479,160
0,161
46,161
95,161
114,161
116,161
117,161
143,161
257,161
260,161
266,161
270,161
273,161
275,161
275,161
285,161
285,161
330,161
341,161
344,161
479,161
0,162
43,162
93,162
115,162
117,162
118,162
145,162
266,162
269,162
276,162
281,162
285,162
329,162
342,162
344,162
479,162
0,163
40,163
92,163
119,163
146,163
273,163
275,163
275,163
281,163
284,163
329,163
479,163
0,164
34,164
92,164
93,164
95,164
120,164
147,164
275,164
281,164
284,164
328,164
479,164
0,165
31,165
93,165
94,165
96,165
121,165
148,165
276,165
281,165
284,165
330,165
479,165
0,166
28,166
93,166
122,166
149,166
284,166
289,166
289,166
330,166
479,166
0,167
20,167
94,167
120,167
122,167
122,167
150,167
284,167
288,167
289,167
330,167
479,167
0,168
17,168
94,168
124,168
151,168
283,168
289,168
290,168
332,168
336,168
339,168
479,168
0,169
12,169
94,169
125,169
152,169
285,169
287,169
289,169
336,169
479,169
0,170
4,170
93,170
126,170
153,170
282,170
285,170
287,170
339,170
479,170
77,171
77,171
96,171
127,171
154,171
286,171
342,171
479,171
75,172
77,172
97,172
128,172
155,172
283,172
345,172
479,172
73,173
79,173
98,173
129,173
156,173
281,173
347,173
479,173
71,174
78,174
99,174
131,174
157,174
278,174
349,174
479,174
69,175
75,175
77,175
78,175
99,175
100,175
102,175
129,175
131,175
132,175
158,175
274,175
351,175
479,175
67,176
73,176
75,176
76,176
101,176
132,176
159,176
273,176
353,176
479,176
63,177
73,177
75,177
75,177
101,177
131,177
160,177
272,177
354,177
354,177
356,177
479,177
60,178
74,178
102,178
130,178
161,178
270,178
355,178
355,178
357,178
479,178
57,179
62,179
65,179
74,179
103,179
130,179
162,179
269,179
356,179
479,179
54,180
74,180
104,180
130,180
163,180
267,180
357,180
357,180
359,180
479,180
52,181
74,181
105,181
130,181
164,181
266,181
357,181
479,181
48,182
74,182
106,182
130,182
165,182
264,182
358,182
479,182
44,183
74,183
106,183
130,183
166,183
262,183
358,183
479,183
39,184
74,184
107,184
128,184
130,184
130,184
167,184
261,184
358,184
479,184
34,185
74,185
107,185
129,185
167,185
260,185
359,185
478,185
8,186
16,186
35,186
37,186
39,186
73,186
108,186
128,186
169,186
259,186
359,186
477,186
0,187
17,187
38,187
73,187
108,187
127,187
169,187
258,187
360,187
476,187
0,188
17,188
39,188
73,188
109,188
127,188
170,188
257,188
361,188
475,188
0,189
18,189
40,189
73,189
110,189
126,189
171,189
256,189
361,189
473,189
0,190
18,190
41,190
73,190
110,190
126,190
172,190
255,190
362,190
472,190
0,191
18,191
41,191
41,191
44,191
73,191
110,191
126,191
155,191
155,191
173,191
255,191
362,191
471,191
0,192
16,192
42,192
43,192
45,192
73,192
110,192
126,192
156,192
156,192
173,192
254,192
362,192
470,192
0,193
16,193
43,193
73,193
110,193
126,193
156,193
157,193
174,193
253,193
363,193
469,193
0,194
15,194
44,194
73,194
110,194
126,194
157,194
157,194
175,194
252,194
363,194
468,194
0,195
15,195
45,195
72,195
110,195
125,195
157,195
158,195
176,195
252,195
363,195
466,195
0,196
15,196
46,196
72,196
110,196
125,196
158,196
159,196
177,196
251,196
363,196
465,196
0,197
15,197
46,197
72,197
110,197
125,197
159,197
160,197
178,197
251,197
364,197
464,197
0,198
14,198
48,198
48,198
50,198
73,198
110,198
123,198
125,198
125,198
159,198
161,198
179,198
250,198
364,198
462,198
0,199
14,199
48,199
73,199
110,199
124,199
160,199
162,199
180,199
250,199
364,199
461,199
0,200
14,200
49,200
73,200
110,200
124,200
160,200
162,200
181,200
249,200
365,200
459,200
0,201
15,201
50,201
73,201
110,201
124,201
161,201
161,201
163,201
163,201
181,201
249,201
365,201
457,201
0,202
14,202
50,202
74,202
110,202
124,202
161,202
161,202
163,202
164,202
182,202
248,202
366,202
455,202
479,202
479,202
0,203
14,203
51,203
74,203
110,203
124,203
161,203
165,203
184,203
248,203
366,203
452,203
478,203
479,203
0,204
14,204
51,204
75,204
110,204
124,204
161,204
166,204
185,204
247,204
367,204
451,204
477,204
479,204
0,205
14,205
52,205
75,205
110,205
124,205
161,205
166,205
186,205
247,205
367,205
447,205
478,205
479,205
0,206
13,206
52,206
76,206
110,206
123,206
161,206
167,206
187,206
246,206
368,206
443,206
478,206
479,206
0,207
13,207
52,207
77,207
110,207
123,207
161,207
168,207
188,207
246,207
368,207
409,207
417,207
436,207
478,207
479,207
0,208
14,208
52,208
77,208
110,208
123,208
161,208
169,208
189,208
245,208
369,208
406,208
478,208
479,208
0,209
14,209
52,209
78,209
110,209
124,209
161,209
170,209
190,209
245,209
369,209
402,209
478,209
479,209
0,210
13,210
52,210
78,210
110,210
124,210
161,210
170,210
191,210
244,210
370,210
395,210
0,211
13,211
52,211
79,211
110,211
124,211
161,211
171,211
192,211
244,211
370,211
387,211
0,212
14,212
52,212
80,212
110,212
125,212
160,212
172,212
193,212
243,212
0,213
13,213
52,213
80,213
110,213
125,213
160,213
170,213
172,213
173,213
195,213
243,213
0,214
14,214
52,214
80,214
110,214
126,214
160,214
173,214
197,214
243,214
458,214
461,214
0,215
14,215
53,215
81,215
110,215
126,215
160,215
174,215
198,215
242,215
452,215
460,215
0,216
14,216
53,216
82,216
110,216
127,216
160,216
174,216
199,216
242,216
447,216
460,216
0,217
15,217
53,217
82,217
110,217
127,217
160,217
175,217
201,217
241,217
443,217
459,217
0,218
15,218
53,218
83,218
110,218
128,218
160,218
175,218
203,218
203,218
205,218
241,218
439,218
459,218
0,219
16,219
53,219
84,219
110,219
128,219
160,219
174,219
206,219
240,219
436,219
459,219
0,220
17,220
53,220
84,220
110,220
126,220
128,220
129,220
160,220
174,220
207,220
240,220
436,220
458,220
0,221
18,221
53,221
84,221
110,221
129,221
160,221
174,221
210,221
239,221
435,221
436,221
438,221
458,221
0,222
18,222
52,222
85,222
110,222
129,222
160,222
174,222
213,222
239,222
421,222
421,222
436,222
458,222
0,223
19,223
53,223
86,223
110,223
130,223
160,223
175,223
217,223
239,223
414,223
420,223
438,223
457,223
0,224
20,224
53,224
86,224
110,224
130,224
160,224
174,224
223,224
239,224
371,224
372,224
387,224
392,224
409,224
419,224
439,224
457,224
0,225
21,225
53,225
87,225
110,225
131,225
160,225
174,225
370,225
372,225
387,225
418,225
440,225
457,225
0,226
21,226
53,226
88,226
110,226
132,226
160,226
172,226
369,226
372,226
387,226
417,226
441,226
457,226
0,227
22,227
53,227
88,227
110,227
132,227
160,227
171,227
367,227
372,227
387,227
417,227
441,227
456,227
0,228
22,228
53,228
89,228
110,228
132,228
160,228
170,228
367,228
370,228
389,228
417,228
442,228
456,228
0,229
23,229
53,229
89,229
110,229
133,229
160,229
170,229
367,229
368,229
370,229
370,229
390,229
417,229
442,229
456,229
0,230
24,230
53,230
90,230
110,230
133,230
160,230
169,230
196,230
197,230
368,230
369,230
391,230
416,230
443,230
453,230
455,230
455,230
0,231
24,231
53,231
90,231
110,231
134,231
160,231
169,231
196,231
202,231
369,231
369,231
391,231
416,231
443,231
455,231
0,232
25,232
53,232
91,232
110,232
134,232
160,232
169,232
197,232
207,232
392,232
416,232
444,232
456,232
0,233
26,233
53,233
91,233
110,233
135,233
160,233
169,233
198,233
198,233
200,233
211,233
392,233
415,233
444,233
456,233
0,234
27,234
53,234
92,234
110,234
135,234
159,234
168,234
198,234
214,234
393,234
415,234
445,234
456,234
0,235
27,235
53,235
92,235
110,235
136,235
159,235
168,235
198,235
216,235
393,235
415,235
445,235
457,235
0,236
28,236
53,236
93,236
110,236
136,236
159,236
168,236
199,236
218,236
394,236
415,236
446,236
457,236
0,237
29,237
54,237
93,237
110,237
136,237
159,237
167,237
200,237
218,237
394,237
414,237
446,237
457,237
0,238
30,238
54,238
94,238
110,238
137,238
159,238
167,238
200,238
216,238
218,238
219,238
395,238
414,238
447,238
458,238
0,239
30,239
54,239
95,239
110,239
138,239
159,239
167,239
200,239
219,239
395,239
414,239
447,239
458,239
0,240
31,240
54,240
95,240
110,240
138,240
159,240
167,240
202,240
220,240
244,240
244,240
396,240
413,240
448,240
459,240
0,241
32,241
54,241
96,241
110,241
139,241
159,241
167,241
202,241
218,241
236,241
237,241
240,241
244,241
396,241
413,241
448,241
459,241
0,242
33,242
54,242
97,242
110,242
139,242
159,242
167,242
202,242
217,242
238,242
243,242
397,242
413,242
448,242
459,242
0,243
33,243
54,243
97,243
110,243
139,243
159,243
167,243
203,243
217,243
239,243
243,243
397,243
413,243
448,243
459,243
0,244
34,244
54,244
97,244
110,244
140,244
159,244
166,244
203,244
216,244
239,244
241,244
398,244
413,244
448,244
460,244
0,245
34,245
54,245
98,245
110,245
141,245
159,245
166,245
203,245
216,245
240,245
241,245
398,245
413,245
448,245
460,245
0,246
35,246
54,246
99,246
110,246
141,246
159,246
166,246
203,246
215,246
399,246
414,246
448,246
461,246
0,247
36,247
54,247
99,247
110,247
141,247
159,247
166,247
203,247
215,247
399,247
414,247
448,247
461,247
0,248
37,248
54,248
100,248
110,248
142,248
159,248
166,248
203,248
214,248
399,248
414,248
447,248
462,248
0,249
38,249
54,249
100,249
110,249
142,249
159,249
166,249
203,249
214,249
399,249
415,249
447,249
462,249
0,250
38,250
54,250
100,250
110,250
143,250
159,250
166,250
203,250
214,250
399,250
399,250
401,250
415,250
447,250
462,250
0,251
39,251
54,251
101,251
110,251
143,251
159,251
166,251
202,251
214,251
243,251
244,251
246,251
247,251
398,251
415,251
447,251
463,251
0,252
39,252
54,252
102,252
110,252
144,252
159,252
166,252
203,252
214,252
244,252
244,252
246,252
247,252
398,252
416,252
446,252
463,252
0,253
40,253
55,253
103,253
110,253
144,253
159,253
167,253
202,253
213,253
244,253
247,253
398,253
416,253
446,253
463,253
0,254
41,254
54,254
103,254
110,254
145,254
159,254
167,254
202,254
213,254
244,254
246,254
398,254
417,254
446,254
463,254
0,255
42,255
55,255
105,255
109,255
145,255
158,255
168,255
202,255
212,255
245,255
246,255
398,255
417,255
446,255
464,255
0,256
43,256
55,256
105,256
109,256
146,256
158,256
168,256
202,256
213,256
246,256
246,256
398,256
417,256
446,256
464,256
0,257
43,257
55,257
146,257
159,257
169,257
202,257
213,257
246,257
246,257
398,257
418,257
446,257
464,257
0,258
44,258
55,258
147,258
159,258
169,258
202,258
212,258
368,258
368,258
397,258
418,258
446,258
465,258
0,259
44,259
55,259
147,259
159,259
169,259
202,259
212,259
368,259
368,259
397,259
418,259
446,259
465,259
0,260
45,260
55,260
147,260
158,260
170,260
202,260
212,260
368,260
368,260
397,260
419,260
445,260
466,260
0,261
46,261
55,261
148,261
158,261
170,261
202,261
211,261
368,261
369,261
397,261
419,261
445,261
466,261
0,262
46,262
55,262
149,262
158,262
171,262
202,262
211,262
369,262
369,262
397,262
419,262
445,262
466,262
0,263
47,263
55,263
149,263
158,263
171,263
202,263
211,263
369,263
369,263
397,263
420,263
445,263
467,263
0,264
48,264
55,264
150,264
158,264
172,264
202,264
211,264
369,264
370,264
397,264
420,264
445,264
467,264
0,265
49,265
55,265
150,265
158,265
172,265
202,265
211,265
369,265
370,265
397,265
420,265
444,265
468,265
0,266
50,266
54,266
150,266
158,266
172,266
201,266
211,266
369,266
370,266
396,266
421,266
444,266
468,266
0,267
49,267
51,267
151,267
158,267
173,267
201,267
211,267
369,267
371,267
396,267
421,267
444,267
468,267
0,268
152,268
157,268
173,268
201,268
212,268
369,268
371,268
396,268
421,268
444,268
468,268
0,269
152,269
157,269
174,269
201,269
212,269
369,269
371,269
396,269
422,269
444,269
469,269
0,270
153,270
156,270
174,270
201,270
212,270
369,270
372,270
396,270
422,270
444,270
469,270
0,271
175,271
201,271
213,271
369,271
372,271
396,271
423,271
444,271
469,271
0,272
175,272
201,272
213,272
369,272
373,272
395,272
423,272
444,272
470,272
0,273
175,273
201,273
214,273
369,273
373,273
395,273
423,273
443,273
470,273
0,274
176,274
201,274
214,274
369,274
373,274
395,274
424,274
443,274
471,274
0,275
176,275
201,275
214,275
370,275
374,275
395,275
424,275
443,275
471,275
0,276
176,276
201,276
215,276
370,276
374,276
395,276
424,276
443,276
472,276
0,277
177,277
201,277
215,277
370,277
375,277
395,277
425,277
443,277
472,277
0,278
177,278
200,278
216,278
370,278
370,278
372,278
375,278
395,278
425,278
442,278
472,278
0,279
178,279
200,279
216,279
370,279
375,279
394,279
425,279
442,279
473,279
0,280
178,280
200,280
216,280
370,280
376,280
395,280
426,280
442,280
473,280
0,281
179,281
200,281
217,281
370,281
376,281
394,281
426,281
442,281
473,281
0,282
179,282
200,282
217,282
370,282
377,282
394,282
427,282
442,282
474,282
0,283
179,283
200,283
217,283
370,283
377,283
394,283
427,283
442,283
474,283
0,284
180,284
200,284
217,284
370,284
377,284
394,284
427,284
442,284
474,284
0,285
180,285
200,285
218,285
370,285
378,285
394,285
428,285
441,285
475,285
0,286
181,286
200,286
218,286
370,286
378,286
394,286
428,286
441,286
475,286
0,287
181,287
200,287
219,287
370,287
378,287
394,287
428,287
441,287
475,287
0,288
181,288
199,288
220,288
370,288
379,288
393,288
429,288
441,288
477,288
0,289
182,289
199,289
220,289
370,289
379,289
393,289
429,289
441,289
478,289
0,290
182,290
199,290
220,290
370,290
380,290
393,290
430,290
441,290
479,290
0,291
183,291
199,291
220,291
371,291
380,291
393,291
430,291
441,291
479,291
0,292
183,292
199,292
221,292
371,292
380,292
393,292
430,292
440,292
479,292
0,293
183,293
199,293
221,293
371,293
380,293
393,293
431,293
440,293
479,293
0,294
184,294
199,294
221,294
371,294
381,294
393,294
431,294
440,294
479,294
0,295
184,295
199,295
222,295
371,295
381,295
393,295
431,295
440,295
479,295
0,296
184,296
199,296
222,296
371,296
381,296
393,296
432,296
440,296
479,296
0,297
185,297
199,297
223,297
371,297
382,297
392,297
432,297
439,297
479,297
0,298
185,298
199,298
223,298
371,298
382,298
392,298
432,298
439,298
479,298
0,299
185,299
199,299
224,299
371,299
383,299
392,299
433,299
439,299
479,299
0,300
186,300
199,300
224,300
371,300
383,300
392,300
434,300
438,300
479,300
0,301
186,301
199,301
224,301
371,301
383,301
392,301
434,301
437,301
479,301
0,302
187,302
199,302
225,302
372,302
384,302
392,302
479,302
0,303
187,303
198,303
225,303
372,303
384,303
391,303
479,303
0,304
188,304
198,304
225,304
372,304
385,304
391,304
479,304
0,305
188,305
198,305
226,305
372,305
385,305
391,305
479,305
0,306
189,306
198,306
226,306
372,306
386,306
390,306
479,306
0,307
189,307
198,307
227,307
373,307
387,307
390,307
479,307
0,308
189,308
198,308
227,308
373,308
479,308
0,309
190,309
197,309
227,309
373,309
479,309
0,310
190,310
197,310
227,310
373,310
479,310
0,311
191,311
197,311
228,311
373,311
479,311
0,312
192,312
197,312
228,312
373,312
479,312
0,313
192,313
196,313
229,313
374,313
479,313
0,314
194,314
196,314
229,314
374,314
479,314
0,315
229,315
373,315
479,315
0,316
230,316
373,316
479,316
0,317
230,317
373,317
479,317
0,318
230,318
374,318
479,318
0,319
231,319
374,319
479,319
0,320
231,320
374,320
479,320
0,321
232,321
374,321
479,321
0,322
232,322
374,322
479,322
0,323
232,323
374,323
479,323
0,324
232,324
374,324
479,324
0,325
233,325
374,325
479,325
0,326
233,326
374,326
479,326
0,327
234,327
374,327
479,327
0,328
235,328
374,328
479,328
0,329
235,329
374,329
479,329
0,330
236,330
374,330
479,330
0,331
236,331
374,331
479,331
0,332
236,332
374,332
479,332
0,333
235,333
374,333
479,333
0,334
235,334
374,334
479,334
0,335
235,335
373,335
479,335
0,336
235,336
373,336
479,336
0,337
235,337
373,337
479,337
0,338
234,338
373,338
479,338
0,339
234,339
373,339
479,339
0,340
234,340
373,340
479,340
0,341
234,341
373,341
479,341
0,342
234,342
373,342
479,342
0,343
233,343
373,343
479,343
0,344
233,344
373,344
479,344
0,345
233,345
373,345
479,345
0,346
233,346
373,346
479,346
0,347
233,347
373,347
479,347
0,348
233,348
373,348
479,348
0,349
232,349
372,349
479,349
0,350
232,350
372,350
479,350
0,351
232,351
372,351
479,351
0,352
232,352
372,352
479,352
0,353
232,353
372,353
479,353
0,354
232,354
372,354
479,354
0,355
231,355
372,355
479,355
0,356
231,356
372,356
479,356
0,357
231,357
372,357
479,357
0,358
231,358
372,358
479,358
0,359
231,359
372,359
479,359
