0,0
479,0
0,1
479,1
0,2
479,2
0,3
479,3
0,4
479,4
0,5
479,5
0,6
479,6
0,7
479,7
0,8
479,8
0,9
479,9
0,10
479,10
0,11
479,11
0,12
479,12
0,13
479,13
0,14
479,14
0,15
479,15
0,16
479,16
0,17
479,17
0,18
479,18
0,19
479,19
0,20
479,20
0,21
479,21
0,22
216,22
218,22
224,22
248,22
479,22
0,23
219,23
254,23
479,23
0,24
215,24
259,24
479,24
0,25
212,25
264,25
274,25
276,25
479,25
0,26
210,26
265,26
274,26
278,26
479,26
0,27
207,27
269,27
271,27
273,27
479,27
0,28
206,28
280,28
479,28
0,29
204,29
281,29
479,29
0,30
200,30
282,30
479,30
0,31
199,31
283,31
479,31
0,32
196,32
283,32
479,32
0,33
195,33
284,33
479,33
0,34
193,34
286,34
479,34
0,35
191,35
286,35
479,35
0,36
187,36
189,36
190,36
286,36
479,36
0,37
188,37
287,37
479,37
0,38
187,38
288,38
479,38
0,39
186,39
289,39
479,39
0,40
185,40
290,40
479,40
0,41
184,41
290,41
479,41
0,42
183,42
290,42
479,42
0,43
183,43
291,43
479,43
0,44
181,44
292,44
479,44
0,45
181,45
292,45
479,45
0,46
180,46
293,46
479,46
0,47
179,47
294,47
479,47
0,48
179,48
294,48
479,48
0,49
179,49
295,49
479,49
0,50
178,50
296,50
479,50
0,51
178,51
296,51
479,51
0,52
177,52
297,52
479,52
0,53
177,53
297,53
479,53
0,54
177,54
298,54
479,54
0,55
176,55
298,55
479,55
0,56
176,56
299,56
479,56
0,57
176,57
299,57
479,57
0,58
175,58
299,58
479,58
0,59
175,59
300,59
479,59
0,60
175,60
301,60
479,60
0,61
175,61
301,61
479,61
0,62
175,62
302,62
479,62
0,63
175,63
302,63
479,63
0,64
175,64
302,64
479,64
0,65
175,65
303,65
479,65
0,66
175,66
303,66
479,66
0,67
175,67
303,67
479,67
0,68
175,68
303,68
479,68
0,69
175,69
304,69
479,69
0,70
175,70
304,70
479,70
0,71
175,71
304,71
479,71
0,72
175,72
305,72
479,72
0,73
176,73
305,73
479,73
0,74
176,74
305,74
479,74
0,75
176,75
305,75
479,75
0,76
176,76
305,76
479,76
0,77
177,77
305,77
479,77
0,78
177,78
305,78
479,78
0,79
177,79
305,79
479,79
0,80
176,80
304,80
479,80
0,81
176,81
304,81
479,81
0,82
173,82
175,82
175,82
303,82
479,82
0,83
175,83
302,83
479,83
0,84
174,84
302,84
479,84
0,85
174,85
298,85
479,85
0,86
173,86
296,86
479,86
0,87
173,87
296,87
479,87
0,88
172,88
297,88
479,88
0,89
171,89
298,89
479,89
0,90
170,90
299,90
479,90
0,91
169,91
300,91
479,91
0,92
168,92
301,92
479,92
0,93
167,93
301,93
479,93
0,94
167,94
301,94
479,94
0,95
166,95
303,95
479,95
0,96
165,96
305,96
479,96
0,97
164,97
307,97
479,97
0,98
163,98
309,98
479,98
0,99
162,99
311,99
479,99
0,100
158,100
160,100
161,100
312,100
479,100
0,101
154,101
157,101
160,101
312,101
479,101
0,102
160,102
312,102
479,102
0,103
158,103
297,103
297,103
311,103
479,103
0,104
151,104
294,104
298,104
310,104
479,104
0,105
151,105
296,105
299,105
310,105
479,105
0,106
151,106
296,106
301,106
309,106
479,106
0,107
151,107
296,107
304,107
306,107
479,107
0,108
151,108
296,108
479,108
0,109
152,109
174,109
175,109
297,109
479,109
0,110
153,110
173,110
175,110
298,110
479,110
0,111
153,111
172,111
175,111
298,111
479,111
0,112
154,112
172,112
175,112
298,112
479,112
0,113
155,113
170,113
175,113
299,113
479,113
0,114
156,114
170,114
171,114
173,114
174,114
300,114
479,114
0,115
157,115
161,115
161,115
169,115
171,115
173,115
174,115
300,115
479,115
0,116
161,116
166,116
174,116
178,116
179,116
300,116
479,116
0,117
174,117
176,117
179,117
294,117
479,117
0,118
180,118
294,118
479,118
0,119
183,119
295,119
479,119
0,120
183,120
295,120
479,120
0,121
185,121
193,121
193,121
296,121
479,121
0,122
186,122
194,122
194,122
289,122
289,122
296,122
479,122
0,123
187,123
195,123
195,123
290,123
290,123
296,123
479,123
0,124
191,124
194,124
197,124
290,124
293,124
296,124
479,124
0,125
198,125
290,125
479,125
0,126
199,126
291,126
479,126
0,127
199,127
292,127
479,127
0,128
199,128
201,128
201,128
292,128
479,128
0,129
199,129
201,129
202,129
292,129
479,129
0,130
203,130
292,130
479,130
0,131
202,131
284,131
284,131
292,131
479,131
0,132
202,132
285,132
285,132
293,132
479,132
0,133
202,133
286,133
287,133
293,133
479,133
0,134
202,134
285,134
479,134
0,135
203,135
281,135
479,135
0,136
204,136
280,136
479,136
0,137
201,137
203,137
204,137
280,137
479,137
0,138
202,138
204,138
204,138
281,138
479,138
0,139
204,139
282,139
479,139
0,140
204,140
282,140
479,140
0,141
99,141
102,141
204,141
272,141
274,141
276,141
279,141
281,141
479,141
0,142
203,142
272,142
413,142
416,142
479,142
0,143
99,143
110,143
203,143
272,143
411,143
420,143
479,143
0,144
97,144
112,144
203,144
272,144
405,144
408,144
410,144
428,144
479,144
0,145
96,145
114,145
203,145
211,145
211,145
272,145
408,145
429,145
479,145
0,146
95,146
116,146
203,146
210,146
211,146
272,146
405,146
431,146
479,146
0,147
95,147
117,147
202,147
210,147
210,147
218,147
218,147
272,147
404,147
432,147
479,147
0,148
93,148
118,148
202,148
209,148
210,148
218,148
218,148
269,148
402,148
436,148
479,148
0,149
92,149
120,149
201,149
208,149
210,149
216,149
218,149
225,149
225,149
268,149
401,149
436,149
479,149
0,150
91,150
121,150
201,150
204,150
205,150
207,150
219,150
225,150
225,150
268,150
399,150
437,150
479,150
0,151
91,151
122,151
221,151
223,151
224,151
268,151
399,151
439,151
479,151
0,152
90,152
126,152
224,152
230,152
231,152
270,152
395,152
440,152
479,152
0,153
89,153
126,153
224,153
226,153
226,153
230,153
230,153
270,153
394,153
441,153
479,153
0,154
88,154
128,154
223,154
226,154
226,154
272,154
391,154
442,154
479,154
0,155
87,155
130,155
223,155
225,155
227,155
273,155
391,155
443,155
479,155
0,156
87,156
131,156
226,156
275,156
388,156
444,156
479,156
0,157
84,157
134,157
224,157
275,157
387,157
446,157
479,157
0,158
84,158
136,158
223,158
276,158
385,158
447,158
479,158
0,159
84,159
137,159
222,159
278,159
384,159
447,159
479,159
0,160
83,160
139,160
220,160
280,160
382,160
448,160
479,160
0,161
82,161
141,161
219,161
280,161
380,161
420,161
420,161
450,161
479,161
0,162
81,162
103,162
104,162
142,162
218,162
281,162
379,162
416,162
420,162
451,162
479,162
0,163
80,163
102,163
105,163
144,163
217,163
282,163
377,163
416,163
421,163
452,163
479,163
0,164
79,164
102,164
110,164
145,164
213,164
215,164
216,164
282,164
376,164
415,164
422,164
454,164
479,164
0,165
77,165
101,165
111,165
148,165
215,165
283,165
375,165
414,165
422,165
454,165
479,165
0,166
76,166
100,166
112,166
149,166
214,166
284,166
373,166
412,166
420,166
455,166
479,166
0,167
75,167
99,167
113,167
150,167
151,167
153,167
213,167
284,167
372,167
411,167
420,167
456,167
479,167
0,168
75,168
98,168
115,168
153,168
153,168
155,168
213,168
284,168
371,168
413,168
420,168
457,168
479,168
0,169
74,169
97,169
116,169
153,169
213,169
284,169
369,169
413,169
420,169
459,169
479,169
0,170
71,170
97,170
118,170
155,170
212,170
284,170
368,170
414,170
420,170
461,170
479,170
0,171
71,171
96,171
119,171
156,171
211,171
285,171
367,171
415,171
418,171
420,171
420,171
462,171
479,171
0,172
71,172
95,172
121,172
157,172
211,172
285,172
365,172
416,172
419,172
463,172
479,172
0,173
70,173
94,173
121,173
159,173
211,173
285,173
364,173
464,173
479,173
0,174
68,174
94,174
94,174
96,174
121,174
160,174
211,174
286,174
363,174
418,174
418,174
465,174
479,174
0,175
68,175
95,175
121,175
161,175
211,175
286,175
361,175
466,175
479,175
0,176
66,176
96,176
120,176
163,176
211,176
287,176
360,176
469,176
479,176
0,177
65,177
97,177
119,177
164,177
211,177
288,177
359,177
470,177
479,177
0,178
64,178
97,178
118,178
166,178
211,178
289,178
356,178
472,178
479,178
0,179
63,179
97,179
117,179
167,179
211,179
290,179
354,179
472,179
479,179
0,180
63,180
98,180
116,180
169,180
211,180
290,180
352,180
385,180
386,180
474,180
479,180
0,181
62,181
98,181
115,181
169,181
210,181
291,181
311,181
313,181
316,181
322,181
350,181
475,181
479,181
0,182
62,182
97,182
114,182
143,182
144,182
171,182
210,182
292,182
313,182
328,182
344,182
384,182
385,182
0,183
61,183
97,183
113,183
145,183
146,183
172,183
210,183
292,183
310,183
336,183
339,183
383,183
385,183
0,184
59,184
98,184
111,184
145,184
147,184
173,184
209,184
292,184
309,184
381,184
385,184
0,185
57,185
98,185
111,185
145,185
149,185
175,185
209,185
293,185
305,185
380,185
385,185
0,186
55,186
99,186
111,186
145,186
151,186
176,186
208,186
293,186
301,186
378,186
387,186
0,187
55,187
99,187
111,187
146,187
151,187
177,187
208,187
294,187
298,187
378,187
388,187
0,188
53,188
99,188
108,188
146,188
153,188
179,188
208,188
378,188
389,188
0,189
53,189
101,189
108,189
146,189
154,189
180,189
208,189
379,189
390,189
0,190
52,190
100,190
107,190
146,190
146,190
148,190
155,190
182,190
207,190
379,190
391,190
0,191
49,191
100,191
107,191
146,191
156,191
183,191
207,191
380,191
392,191
0,192
48,192
100,192
107,192
145,192
157,192
185,192
207,192
383,192
392,192
0,193
47,193
100,193
107,193
145,193
158,193
187,193
206,193
351,193
351,193
354,193
354,193
383,193
393,193
0,194
46,194
100,194
107,194
145,194
159,194
188,194
206,194
345,194
354,194
384,194
394,194
0,195
47,195
100,195
107,195
145,195
160,195
190,195
206,195
345,195
354,195
384,195
396,195
424,195
424,195
0,196
42,196
44,196
44,196
100,196
107,196
145,196
162,196
192,196
205,196
345,196
353,196
385,196
396,196
424,196
426,196
0,197
41,197
100,197
107,197
145,197
163,197
196,197
205,197
321,197
322,197
345,197
354,197
386,197
397,197
425,197
427,197
0,198
40,198
100,198
107,198
144,198
164,198
199,198
205,198
311,198
321,198
346,198
354,198
387,198
398,198
425,198
427,198
0,199
39,199
100,199
105,199
144,199
165,199
311,199
321,199
347,199
353,199
388,199
400,199
426,199
428,199
0,200
39,200
100,200
105,200
144,200
165,200
311,200
321,200
348,200
354,200
388,200
400,200
426,200
430,200
0,201
37,201
100,201
105,201
144,201
166,201
313,201
320,201
349,201
354,201
389,201
401,201
426,201
431,201
0,202
35,202
100,202
105,202
143,202
167,202
313,202
320,202
350,202
354,202
389,202
402,202
426,202
432,202
0,203
34,203
100,203
105,203
143,203
167,203
314,203
320,203
351,203
354,203
390,203
403,203
426,203
433,203
0,204
33,204
100,204
105,204
143,204
167,204
315,204
320,204
351,204
354,204
390,204
404,204
426,204
434,204
0,205
32,205
100,205
105,205
142,205
166,205
316,205
320,205
351,205
354,205
390,205
405,205
426,205
435,205
0,206
29,206
99,206
105,206
141,206
164,206
316,206
320,206
352,206
354,206
390,206
406,206
426,206
436,206
0,207
29,207
99,207
105,207
140,207
142,207
144,207
163,207
317,207
319,207
352,207
354,207
390,207
407,207
426,207
437,207
0,208
27,208
61,208
61,208
98,208
106,208
140,208
162,208
317,208
319,208
354,208
355,208
390,208
408,208
426,208
439,208
0,209
27,209
60,209
60,209
98,209
106,209
139,209
161,209
188,209
189,209
317,209
319,209
354,209
356,209
390,209
408,209
426,209
439,209
0,210
25,210
59,210
60,210
96,210
106,210
138,210
160,210
187,210
187,210
189,210
199,210
201,210
202,210
318,210
319,210
354,210
357,210
390,210
409,210
426,210
440,210
0,211
24,211
57,211
60,211
95,211
106,211
137,211
158,211
187,211
202,211
318,211
319,211
354,211
357,211
390,211
411,211
426,211
441,211
0,212
23,212
56,212
60,212
94,212
104,212
135,212
157,212
188,212
202,212
319,212
320,212
354,212
357,212
390,212
411,212
427,212
443,212
0,213
20,213
57,213
60,213
94,213
104,213
135,213
157,213
189,213
200,213
319,213
321,213
354,213
357,213
390,213
413,213
427,213
444,213
0,214
19,214
57,214
61,214
93,214
105,214
134,214
134,214
136,214
153,214
155,214
156,214
188,214
201,214
320,214
321,214
354,214
359,214
390,214
414,214
427,214
445,214
0,215
18,215
57,215
61,215
93,215
105,215
134,215
134,215
136,215
155,215
188,215
199,215
201,215
201,215
320,215
322,215
354,215
361,215
390,215
415,215
427,215
446,215
0,216
15,216
57,216
61,216
91,216
105,216
132,216
154,216
188,216
201,216
320,216
323,216
354,216
361,216
390,216
416,216
427,216
447,216
0,217
15,217
57,217
61,217
90,217
105,217
132,217
153,217
188,217
200,217
320,217
323,217
354,217
362,217
390,217
417,217
427,217
448,217
0,218
13,218
57,218
57,218
59,218
61,218
89,218
105,218
131,218
153,218
188,218
198,218
320,218
323,218
354,218
363,218
390,218
417,218
427,218
449,218
0,219
12,219
57,219
61,219
89,219
105,219
130,219
151,219
187,219
198,219
320,219
323,219
354,219
363,219
390,219
419,219
427,219
447,219
450,219
450,219
0,220
9,220
57,220
61,220
87,220
87,220
89,220
105,220
130,220
151,220
187,220
197,220
319,220
325,220
354,220
363,220
390,220
420,220
427,220
451,220
0,221
5,221
58,221
61,221
88,221
105,221
129,221
151,221
188,221
196,221
319,221
325,221
354,221
364,221
390,221
420,221
427,221
452,221
0,222
7,222
59,222
61,222
86,222
86,222
88,222
105,222
127,222
151,222
187,222
195,222
320,222
326,222
354,222
365,222
390,222
422,222
427,222
453,222
0,223
4,223
59,223
61,223
85,223
104,223
128,223
151,223
187,223
194,223
319,223
326,223
354,223
366,223
390,223
422,223
426,223
454,223
59,224
61,224
84,224
104,224
127,224
150,224
187,224
193,224
319,224
327,224
354,224
367,224
390,224
456,224
463,224
463,224
59,225
61,225
84,225
104,225
126,225
150,225
187,225
193,225
319,225
327,225
354,225
368,225
390,225
458,225
461,225
463,225
59,226
60,226
82,226
104,226
125,226
150,226
187,226
192,226
319,226
328,226
354,226
369,226
390,226
464,226
59,227
60,227
82,227
105,227
123,227
150,227
187,227
192,227
319,227
328,227
354,227
369,227
390,227
465,227
59,228
60,228
81,228
105,228
122,228
149,228
187,228
191,228
319,228
329,228
353,228
371,228
390,228
467,228
59,229
60,229
80,229
105,229
121,229
149,229
187,229
191,229
319,229
330,229
353,229
371,229
390,229
467,229
58,230
60,230
79,230
104,230
120,230
149,230
186,230
191,230
319,230
330,230
354,230
372,230
390,230
467,230
58,231
58,231
60,231
60,231
78,231
104,231
120,231
149,231
186,231
191,231
318,231
331,231
354,231
372,231
391,231
468,231
58,232
60,232
77,232
104,232
120,232
149,232
186,232
191,232
318,232
332,232
354,232
373,232
391,232
471,232
58,233
60,233
77,233
104,233
119,233
149,233
185,233
191,233
318,233
332,233
354,233
374,233
391,233
471,233
58,234
60,234
76,234
104,234
118,234
149,234
184,234
191,234
318,234
333,234
354,234
375,234
391,234
471,234
58,235
60,235
75,235
104,235
117,235
149,235
183,235
191,235
317,235
333,235
354,235
376,235
391,235
472,235
18,236
19,236
58,236
60,236
74,236
103,236
117,236
149,236
183,236
189,236
317,236
334,236
354,236
376,236
391,236
475,236
17,237
19,237
58,237
60,237
74,237
104,237
116,237
149,237
182,237
189,237
317,237
334,237
354,237
376,237
391,237
475,237
18,238
18,238
58,238
60,238
73,238
104,238
116,238
148,238
181,238
189,238
317,238
335,238
354,238
377,238
391,238
475,238
58,239
60,239
73,239
104,239
115,239
148,239
180,239
189,239
317,239
336,239
354,239
377,239
391,239
476,239
58,240
60,240
72,240
104,240
113,240
148,240
178,240
189,240
317,240
337,240
353,240
380,240
391,240
479,240
57,241
60,241
71,241
104,241
113,241
148,241
177,241
189,241
274,241
274,241
317,241
337,241
353,241
381,241
391,241
479,241
57,242
60,242
70,242
104,242
113,242
147,242
178,242
189,242
274,242
274,242
317,242
338,242
353,242
381,242
391,242
479,242
55,243
58,243
60,243
60,243
70,243
103,243
112,243
147,243
176,243
189,243
274,243
274,243
317,243
337,243
353,243
382,243
391,243
479,243
55,244
60,244
69,244
103,244
111,244
147,244
175,244
189,244
274,244
275,244
316,244
338,244
353,244
383,244
391,244
479,244
54,245
60,245
68,245
103,245
111,245
147,245
174,245
189,245
274,245
276,245
316,245
339,245
353,245
384,245
391,245
479,245
17,246
18,246
53,246
60,246
68,246
104,246
111,246
147,246
174,246
188,246
274,246
276,246
316,246
340,246
353,246
385,246
391,246
479,246
17,247
18,247
52,247
61,247
67,247
104,247
110,247
147,247
172,247
187,247
274,247
277,247
316,247
340,247
353,247
385,247
391,247
479,247
17,248
18,248
51,248
61,248
67,248
146,248
171,248
188,248
274,248
278,248
316,248
340,248
353,248
479,248
17,249
17,249
50,249
61,249
66,249
146,249
170,249
188,249
274,249
278,249
316,249
341,249
353,249
479,249
49,250
62,250
65,250
146,250
169,250
187,250
275,250
279,250
316,250
343,250
353,250
479,250
48,251
58,251
60,251
62,251
64,251
146,251
168,251
187,251
275,251
280,251
315,251
342,251
353,251
479,251
47,252
146,252
167,252
187,252
275,252
280,252
315,252
344,252
353,252
479,252
46,253
146,253
166,253
187,253
275,253
278,253
280,253
281,253
315,253
345,253
353,253
479,253
45,254
146,254
166,254
187,254
275,254
278,254
280,254
282,254
315,254
346,254
353,254
479,254
44,255
146,255
164,255
187,255
275,255
282,255
315,255
347,255
353,255
479,255
43,256
146,256
164,256
187,256
275,256
284,256
314,256
348,256
353,256
479,256
42,257
146,257
163,257
187,257
275,257
284,257
314,257
350,257
352,257
479,257
41,258
145,258
162,258
186,258
276,258
285,258
315,258
479,258
40,259
145,259
162,259
186,259
276,259
285,259
315,259
479,259
16,260
16,260
39,260
145,260
161,260
186,260
205,260
205,260
277,260
285,260
316,260
479,260
16,261
16,261
39,261
145,261
160,261
186,261
205,261
205,261
277,261
285,261
316,261
479,261
36,262
145,262
159,262
186,262
204,262
206,262
277,262
285,262
316,262
479,262
15,263
15,263
35,263
38,263
40,263
145,263
158,263
185,263
203,263
206,263
278,263
285,263
316,263
479,263
15,264
15,264
34,264
144,264
158,264
185,264
202,264
206,264
278,264
285,264
317,264
479,264
15,265
15,265
33,265
144,265
157,265
185,265
202,265
206,265
278,265
285,265
317,265
479,265
15,266
15,266
32,266
144,266
156,266
185,266
201,266
206,266
279,266
283,266
285,266
285,266
317,266
479,266
15,267
15,267
31,267
144,267
155,267
185,267
201,267
206,267
280,267
283,267
285,267
285,267
318,267
479,267
15,268
15,268
30,268
144,268
155,268
184,268
199,268
199,268
201,268
206,268
280,268
283,268
285,268
285,268
318,268
479,268
15,269
15,269
29,269
144,269
154,269
184,269
199,269
206,269
281,269
285,269
318,269
479,269
12,270
15,270
28,270
143,270
153,270
184,270
198,270
206,270
281,270
285,270
318,270
479,270
11,271
15,271
28,271
144,271
153,271
184,271
197,271
206,271
281,271
285,271
318,271
479,271
10,272
14,272
26,272
26,272
28,272
143,272
152,272
184,272
197,272
206,272
282,272
285,272
318,272
479,272
8,273
14,273
25,273
26,273
28,273
143,273
151,273
183,273
196,273
206,273
282,273
285,273
318,273
479,273
5,274
14,274
25,274
25,274
27,274
143,274
150,274
183,274
195,274
206,274
283,274
285,274
318,274
479,274
4,275
14,275
24,275
25,275
27,275
143,275
149,275
183,275
195,275
206,275
283,275
285,275
318,275
479,275
3,276
14,276
23,276
144,276
149,276
183,276
194,276
206,276
283,276
285,276
318,276
479,276
2,277
14,277
23,277
146,277
149,277
183,277
193,277
206,277
284,277
285,277
318,277
479,277
2,278
14,278
21,278
21,278
23,278
146,278
149,278
183,278
192,278
206,278
285,278
285,278
318,278
479,278
0,279
0,279
3,279
14,279
19,279
19,279
21,279
183,279
192,279
206,279
285,279
285,279
318,279
479,279
0,280
15,280
19,280
183,280
191,280
205,280
285,280
285,280
318,280
479,280
0,281
15,281
18,281
183,281
190,281
205,281
285,281
285,281
318,281
479,281
0,282
183,282
190,282
205,282
285,282
285,282
318,282
479,282
0,283
183,283
189,283
205,283
285,283
285,283
318,283
479,283
0,284
205,284
285,284
285,284
317,284
479,284
0,285
205,285
317,285
479,285
0,286
205,286
317,286
479,286
0,287
205,287
317,287
479,287
0,288
204,288
317,288
479,288
0,289
204,289
317,289
479,289
0,290
202,290
316,290
479,290
0,291
202,291
316,291
479,291
0,292
200,292
316,292
479,292
0,293
199,293
316,293
479,293
0,294
198,294
316,294
479,294
0,295
197,295
316,295
479,295
0,296
196,296
317,296
479,296
0,297
194,297
316,297
479,297
0,298
193,298
316,298
479,298
0,299
192,299
316,299
479,299
0,300
190,300
316,300
479,300
0,301
187,301
189,301
189,301
315,301
479,301
0,302
187,302
315,302
479,302
0,303
186,303
315,303
479,303
0,304
185,304
315,304
479,304
0,305
184,305
315,305
479,305
0,306
183,306
315,306
479,306
0,307
182,307
315,307
479,307
0,308
181,308
314,308
479,308
0,309
179,309
314,309
479,309
0,310
178,310
314,310
479,310
0,311
176,311
314,311
479,311
0,312
175,312
314,312
479,312
0,313
174,313
314,313
479,313
0,314
173,314
315,314
479,314
0,315
173,315
315,315
479,315
0,316
172,316
315,316
479,316
0,317
169,317
171,317
172,317
315,317
479,317
0,318
171,318
315,318
479,318
0,319
170,319
315,319
479,319
0,320
169,320
315,320
479,320
0,321
168,321
314,321
479,321
0,322
168,322
315,322
479,322
0,323
166,323
315,323
479,323
0,324
166,324
315,324
479,324
0,325
163,325
165,325
165,325
316,325
479,325
0,326
164,326
316,326
479,326
0,327
164,327
317,327
479,327
0,328
163,328
318,328
479,328
0,329
162,329
318,329
479,329
0,330
161,330
318,330
479,330
0,331
161,331
191,331
191,331
193,331
194,331
319,331
479,331
0,332
158,332
190,332
194,332
320,332
479,332
0,333
159,333
190,333
194,333
320,333
479,333
0,334
158,334
187,334
194,334
320,334
479,334
0,335
157,335
186,335
193,335
320,335
479,335
0,336
157,336
186,336
193,336
321,336
479,336
0,337
156,337
186,337
193,337
321,337
479,337
0,338
156,338
184,338
192,338
321,338
479,338
0,339
155,339
184,339
192,339
321,339
479,339
0,340
154,340
184,340
192,340
322,340
479,340
0,341
154,341
183,341
192,341
322,341
479,341
0,342
153,342
182,342
191,342
322,342
479,342
0,343
153,343
181,343
191,343
322,343
479,343
0,344
153,344
181,344
191,344
322,344
479,344
0,345
153,345
180,345
191,345
322,345
479,345
0,346
152,346
179,346
191,346
322,346
479,346
0,347
152,347
178,347
191,347
322,347
479,347
0,348
152,348
177,348
190,348
322,348
479,348
0,349
152,349
176,349
190,349
322,349
479,349
0,350
152,350
174,350
190,350
322,350
479,350
0,351
152,351
174,351
189,351
322,351
479,351
0,352
152,352
175,352
190,352
321,352
479,352
0,353
152,353
175,353
189,353
320,353
479,353
0,354
152,354
176,354
189,354
320,354
479,354
0,355
152,355
177,355
188,355
320,355
479,355
0,356
152,356
177,356
188,356
320,356
479,356
0,357
152,357
177,357
188,357
320,357
479,357
0,358
152,358
177,358
188,358
319,358
479,358
0,359
153,359
177,359
188,359
318,359
479,359
