0,0
479,0
0,1
479,1
0,2
479,2
0,3
479,3
0,4
479,4
0,5
479,5
0,6
479,6
0,7
479,7
0,8
479,8
0,9
479,9
0,10
479,10
0,11
479,11
0,12
479,12
0,13
479,13
0,14
479,14
0,15
479,15
0,16
479,16
0,17
479,17
0,18
479,18
0,19
479,19
0,20
479,20
0,21
479,21
0,22
479,22
0,23
479,23
0,24
479,24
0,25
479,25
0,26
479,26
0,27
479,27
0,28
479,28
0,29
479,29
0,30
479,30
0,31
247,31
263,31
479,31
0,32
215,32
235,32
241,32
269,32
479,32
0,33
211,33
272,33
479,33
0,34
208,34
275,34
479,34
0,35
206,35
277,35
479,35
0,36
204,36
278,36
479,36
0,37
202,37
280,37
479,37
0,38
201,38
281,38
479,38
0,39
200,39
282,39
479,39
0,40
199,40
284,40
479,40
0,41
198,41
285,41
479,41
0,42
197,42
286,42
479,42
0,43
196,43
286,43
479,43
0,44
195,44
287,44
479,44
0,45
194,45
288,45
479,45
0,46
194,46
289,46
479,46
0,47
193,47
289,47
479,47
0,48
193,48
290,48
479,48
0,49
192,49
291,49
479,49
0,50
192,50
291,50
298,50
301,50
479,50
0,51
191,51
292,51
297,51
305,51
479,51
0,52
191,52
292,52
294,52
308,52
479,52
0,53
190,53
293,53
293,53
310,53
479,53
0,54
190,54
293,54
293,54
311,54
479,54
0,55
190,55
312,55
479,55
0,56
190,56
314,56
479,56
0,57
189,57
315,57
479,57
0,58
189,58
317,58
479,58
0,59
189,59
317,59
479,59
0,60
188,60
319,60
479,60
0,61
188,61
319,61
479,61
0,62
188,62
320,62
479,62
0,63
188,63
321,63
479,63
0,64
187,64
322,64
479,64
0,65
187,65
323,65
479,65
0,66
187,66
324,66
479,66
0,67
187,67
324,67
479,67
0,68
187,68
324,68
479,68
0,69
187,69
325,69
479,69
0,70
187,70
325,70
479,70
0,71
187,71
326,71
479,71
0,72
187,72
326,72
479,72
0,73
187,73
326,73
479,73
0,74
187,74
327,74
479,74
0,75
187,75
327,75
479,75
0,76
187,76
327,76
479,76
0,77
187,77
327,77
328,77
330,77
479,77
0,78
187,78
328,78
479,78
0,79
188,79
328,79
479,79
0,80
188,80
328,80
479,80
0,81
189,81
328,81
479,81
0,82
189,82
329,82
479,82
0,83
190,83
329,83
479,83
0,84
190,84
328,84
479,84
0,85
190,85
328,85
479,85
0,86
189,86
329,86
479,86
0,87
189,87
329,87
479,87
0,88
188,88
330,88
479,88
0,89
188,89
330,89
479,89
0,90
187,90
330,90
479,90
0,91
186,91
331,91
479,91
0,92
183,92
185,92
186,92
331,92
479,92
0,93
185,93
330,93
479,93
0,94
184,94
329,94
479,94
0,95
183,95
328,95
479,95
0,96
182,96
326,96
479,96
0,97
182,97
326,97
479,97
0,98
181,98
325,98
479,98
0,99
180,99
325,99
479,99
0,100
175,100
177,100
178,100
296,100
296,100
324,100
479,100
0,101
177,101
296,101
296,101
324,101
479,101
0,102
176,102
295,102
296,102
323,102
479,102
0,103
174,103
295,103
296,103
323,103
324,103
326,103
479,103
0,104
173,104
294,104
297,104
322,104
479,104
0,105
172,105
294,105
297,105
323,105
479,105
0,106
171,106
293,106
297,106
323,106
479,106
0,107
172,107
293,107
297,107
324,107
479,107
0,108
172,108
293,108
297,108
324,108
479,108
0,109
173,109
292,109
297,109
324,109
479,109
0,110
175,110
292,110
297,110
325,110
479,110
0,111
176,111
179,111
179,111
191,111
192,111
291,111
297,111
325,111
479,111
0,112
181,112
191,112
193,112
291,112
296,112
325,112
479,112
0,113
183,113
191,113
193,113
291,113
296,113
326,113
479,113
0,114
185,114
190,114
192,114
291,114
296,114
326,114
479,114
0,115
192,115
292,115
296,115
326,115
479,115
0,116
191,116
292,116
296,116
326,116
479,116
0,117
191,117
292,117
296,117
327,117
479,117
0,118
190,118
294,118
296,118
327,118
479,118
0,119
190,119
295,119
296,119
327,119
479,119
0,120
189,120
327,120
479,120
0,121
185,121
187,121
188,121
327,121
479,121
0,122
187,122
327,122
479,122
0,123
186,123
293,123
295,123
328,123
479,123
0,124
185,124
193,124
193,124
293,124
296,124
328,124
479,124
0,125
185,125
191,125
193,125
294,125
295,125
328,125
479,125
0,126
185,126
189,126
193,126
294,126
296,126
328,126
479,126
0,127
193,127
290,127
290,127
294,127
295,127
328,127
479,127
0,128
192,128
198,128
198,128
284,128
284,128
290,128
291,128
293,128
296,128
329,128
479,128
0,129
192,129
198,129
198,129
284,129
284,129
291,129
296,129
329,129
479,129
0,130
193,130
197,130
199,130
283,130
285,130
291,130
296,130
329,130
479,130
0,131
192,131
196,131
199,131
283,131
286,131
291,131
292,131
294,131
296,131
329,131
479,131
0,132
200,132
279,132
280,132
282,132
285,132
287,132
287,132
292,132
292,132
294,132
296,132
329,132
479,132
0,133
200,133
279,133
282,133
284,133
288,133
292,133
296,133
329,133
479,133
0,134
201,134
279,134
296,134
330,134
479,134
0,135
203,135
279,135
296,135
330,135
479,135
0,136
201,136
203,136
204,136
278,136
296,136
330,136
479,136
0,137
204,137
278,137
296,137
330,137
479,137
0,138
204,138
278,138
296,138
330,138
479,138
0,139
204,139
277,139
296,139
330,139
479,139
0,140
205,140
264,140
264,140
277,140
296,140
330,140
479,140
0,141
205,141
219,141
219,141
264,141
264,141
277,141
297,141
330,141
479,141
0,142
205,142
219,142
220,142
264,142
264,142
277,142
297,142
331,142
479,142
0,143
205,143
219,143
220,143
263,143
264,143
277,143
297,143
329,143
329,143
332,143
479,143
0,144
206,144
219,144
219,144
223,144
223,144
263,144
264,144
276,144
297,144
329,144
479,144
0,145
206,145
219,145
219,145
222,145
224,145
259,145
260,145
263,145
264,145
276,145
298,145
329,145
479,145
0,146
206,146
211,146
211,146
218,146
224,146
259,146
264,146
276,146
298,146
329,146
479,146
0,147
206,147
211,147
211,147
218,147
222,147
258,147
264,147
272,147
272,147
276,147
298,147
329,147
479,147
0,148
206,148
211,148
211,148
218,148
224,148
258,148
259,148
261,148
263,148
272,148
273,148
276,148
299,148
328,148
479,148
0,149
206,149
211,149
211,149
218,149
225,149
258,149
263,149
272,149
274,149
276,149
299,149
328,149
479,149
0,150
206,150
210,150
211,150
218,150
225,150
257,150
263,150
271,150
299,150
328,150
479,150
0,151
206,151
210,151
211,151
218,151
225,151
257,151
263,151
271,151
300,151
328,151
479,151
0,152
206,152
210,152
211,152
218,152
226,152
257,152
263,152
271,152
300,152
327,152
479,152
0,153
54,153
61,153
206,153
210,153
211,153
218,153
226,153
257,153
264,153
271,153
300,153
327,153
479,153
0,154
53,154
62,154
206,154
210,154
211,154
217,154
225,154
257,154
264,154
271,154
301,154
327,154
479,154
0,155
52,155
64,155
206,155
209,155
210,155
217,155
220,155
223,155
223,155
258,155
264,155
270,155
301,155
326,155
479,155
0,156
51,156
66,156
206,156
208,156
210,156
212,156
213,156
217,156
223,156
260,156
264,156
270,156
301,156
326,156
479,156
0,157
49,157
69,157
213,157
217,157
221,157
262,157
264,157
266,157
266,157
270,157
301,157
326,157
479,157
0,158
48,158
71,158
214,158
216,158
218,158
266,158
266,158
270,158
302,158
325,158
479,158
0,159
47,159
74,159
216,159
268,159
302,159
325,159
479,159
0,160
46,160
75,160
214,160
269,160
302,160
324,160
479,160
0,161
45,161
77,161
212,161
272,161
302,161
324,161
419,161
424,161
479,161
0,162
42,162
44,162
44,162
80,162
210,162
274,162
302,162
324,162
417,162
425,162
479,162
0,163
43,163
82,163
208,163
276,163
302,163
323,163
415,163
427,163
479,163
0,164
42,164
85,164
205,164
277,164
302,164
323,164
413,164
428,164
479,164
0,165
41,165
87,165
204,165
279,165
280,165
282,165
303,165
323,165
411,165
429,165
479,165
0,166
40,166
58,166
59,166
89,166
203,166
281,166
303,166
323,166
409,166
430,166
479,166
0,167
39,167
57,167
57,167
59,167
60,167
91,167
202,167
282,167
303,167
307,167
307,167
321,167
322,167
324,167
406,167
431,167
479,167
0,168
38,168
56,168
62,168
93,168
201,168
283,168
303,168
306,168
307,168
321,168
403,168
432,168
479,168
0,169
37,169
55,169
64,169
94,169
200,169
284,169
307,169
320,169
401,169
433,169
479,169
0,170
35,170
54,170
66,170
97,170
199,170
285,170
307,170
318,170
398,170
434,170
479,170
0,171
35,171
53,171
68,171
98,171
199,171
286,171
307,171
319,171
396,171
435,171
479,171
0,172
33,172
52,172
70,172
101,172
198,172
287,172
307,172
318,172
393,172
436,172
479,172
0,173
32,173
51,173
72,173
102,173
198,173
288,173
311,173
317,173
391,173
436,173
479,173
0,174
31,174
51,174
74,174
104,174
197,174
289,174
313,174
316,174
389,174
420,174
420,174
437,174
479,174
0,175
30,175
49,175
77,175
105,175
106,175
108,175
196,175
289,175
313,175
316,175
387,175
418,175
422,175
439,175
479,175
0,176
28,176
50,176
77,176
107,176
195,176
290,176
384,176
416,176
419,176
421,176
423,176
439,176
479,176
0,177
27,177
51,177
76,177
109,177
195,177
290,177
382,177
414,177
423,177
440,177
479,177
0,178
25,178
51,178
75,178
111,178
194,178
291,178
381,178
413,178
415,178
418,178
424,178
441,178
479,178
0,179
24,179
52,179
73,179
89,179
89,179
91,179
91,179
112,179
193,179
291,179
375,179
377,179
379,179
410,179
422,179
424,179
425,179
442,179
479,179
0,180
23,180
52,180
72,180
89,180
93,180
114,180
192,180
292,180
377,180
408,180
423,180
425,180
426,180
444,180
479,180
0,181
21,181
52,181
71,181
89,181
89,181
91,181
96,181
116,181
191,181
293,181
375,181
406,181
424,181
426,181
426,181
445,181
479,181
0,182
20,182
51,182
71,182
89,182
98,182
118,182
191,182
293,182
373,182
402,182
424,182
426,182
427,182
446,182
479,182
0,183
18,183
51,183
70,183
90,183
100,183
120,183
190,183
294,183
371,183
402,183
403,183
405,183
428,183
447,183
479,183
0,184
16,184
52,184
69,184
90,184
91,184
93,184
98,184
100,184
101,184
122,184
189,184
295,184
370,184
403,184
428,184
448,184
479,184
0,185
15,185
53,185
68,185
90,185
90,185
92,185
103,185
124,185
165,185
172,185
188,185
295,185
368,185
406,185
407,185
409,185
427,185
449,185
450,185
452,185
479,185
0,186
13,186
53,186
68,186
90,186
101,186
103,186
104,186
127,186
162,186
175,186
188,186
296,186
366,186
388,186
390,186
407,186
426,186
450,186
479,186
0,187
12,187
54,187
67,187
90,187
106,187
130,187
157,187
179,187
187,187
296,187
364,187
385,187
391,187
407,187
426,187
452,187
479,187
0,188
10,188
54,188
66,188
91,188
104,188
107,188
108,188
134,188
152,188
184,188
186,188
297,188
310,188
314,188
361,188
383,188
386,188
388,188
391,188
408,188
426,188
453,188
479,188
0,189
9,189
55,189
65,189
90,189
109,189
298,189
298,189
301,189
307,189
317,189
359,189
381,189
390,189
409,189
426,189
454,189
479,189
0,190
7,190
55,190
65,190
90,190
110,190
298,190
303,190
320,190
357,190
379,190
390,190
410,190
427,190
455,190
479,190
0,191
5,191
55,191
65,191
91,191
112,191
299,191
299,191
324,191
354,191
377,191
390,191
411,191
427,191
457,191
479,191
0,192
3,192
55,192
64,192
91,192
113,192
328,192
351,192
376,192
389,192
412,192
426,192
458,192
479,192
0,193
1,193
55,193
64,193
91,193
115,193
333,193
347,193
374,193
389,193
413,193
425,193
460,193
479,193
0,194
0,194
55,194
64,194
91,194
115,194
372,194
389,194
413,194
424,194
461,194
479,194
27,195
28,195
55,195
64,195
91,195
115,195
371,195
389,195
414,195
424,195
462,195
479,195
26,196
28,196
55,196
64,196
91,196
114,196
369,196
389,196
415,196
424,196
464,196
479,196
25,197
26,197
28,197
28,197
55,197
64,197
91,197
111,197
368,197
389,197
416,197
424,197
465,197
479,197
22,198
28,198
56,198
64,198
90,198
110,198
129,198
152,198
168,198
171,198
366,198
389,198
416,198
423,198
467,198
479,198
21,199
28,199
56,199
64,199
91,199
110,199
126,199
135,199
138,199
151,199
163,199
177,199
365,199
389,199
416,199
423,199
469,199
479,199
19,200
27,200
56,200
64,200
90,200
109,200
127,200
147,200
149,200
149,200
163,200
165,200
167,200
179,200
365,200
389,200
416,200
423,200
470,200
479,200
17,201
27,201
55,201
64,201
90,201
108,201
127,201
148,201
164,201
165,201
167,201
178,201
367,201
389,201
416,201
423,201
472,201
479,201
17,202
17,202
20,202
27,202
55,202
63,202
89,202
107,202
128,202
148,202
165,202
178,202
305,202
317,202
332,202
343,202
368,202
387,202
389,202
389,202
416,202
423,202
474,202
479,202
17,203
17,203
19,203
27,203
54,203
63,203
88,203
106,203
128,203
147,203
165,203
170,203
172,203
178,203
303,203
318,203
331,203
350,203
370,203
389,203
416,203
423,203
475,203
479,203
17,204
27,204
54,204
63,204
88,204
106,204
128,204
146,204
166,204
170,204
172,204
179,204
303,204
313,204
315,204
318,204
332,204
354,204
370,204
389,204
416,204
423,204
450,204
450,204
477,204
479,204
16,205
27,205
54,205
63,205
87,205
105,205
128,205
146,205
166,205
179,205
302,205
318,205
333,205
354,205
371,205
389,205
416,205
423,205
450,205
451,205
478,205
479,205
2,206
2,206
16,206
27,206
53,206
63,206
86,206
104,206
128,206
145,206
166,206
179,206
302,206
302,206
304,206
317,206
334,206
353,206
372,206
390,206
417,206
423,206
450,206
452,206
0,207
1,207
18,207
27,207
52,207
63,207
86,207
104,207
128,207
144,207
167,207
180,207
302,207
316,207
335,207
353,207
373,207
391,207
417,207
423,207
451,207
454,207
0,208
0,208
18,208
27,208
51,208
63,208
85,208
103,208
128,208
144,208
167,208
181,208
301,208
316,208
336,208
353,208
374,208
391,208
417,208
423,208
451,208
452,208
454,208
455,208
19,209
27,209
51,209
63,209
84,209
103,209
128,209
143,209
167,209
179,209
181,209
182,209
299,209
315,209
337,209
352,209
375,209
392,209
417,209
423,209
451,209
457,209
19,210
27,210
50,210
63,210
84,210
103,210
128,210
142,210
167,210
179,210
181,210
181,210
297,210
315,210
337,210
352,210
375,210
392,210
417,210
424,210
451,210
455,210
457,210
458,210
19,211
27,211
50,211
63,211
83,211
102,211
128,211
142,211
167,211
180,211
298,211
315,211
338,211
352,211
376,211
393,211
417,211
424,211
451,211
456,211
458,211
459,211
19,212
27,212
49,212
63,212
83,212
102,212
128,212
142,212
167,212
180,212
299,212
315,212
339,212
352,212
377,212
394,212
417,212
425,212
451,212
459,212
19,213
27,213
48,213
63,213
82,213
102,213
128,213
141,213
168,213
178,213
301,213
315,213
340,213
352,213
378,213
394,213
417,213
425,213
452,213
459,213
19,214
26,214
48,214
63,214
82,214
102,214
128,214
141,214
168,214
177,214
302,214
315,214
340,214
352,214
378,214
395,214
417,214
426,214
452,214
459,214
20,215
26,215
47,215
63,215
81,215
102,215
128,215
141,215
168,215
176,215
303,215
315,215
341,215
352,215
378,215
396,215
417,215
427,215
452,215
454,215
456,215
459,215
20,216
26,216
47,216
62,216
81,216
102,216
128,216
141,216
168,216
176,216
304,216
315,216
341,216
352,216
379,216
396,216
417,216
427,216
452,216
454,216
456,216
459,216
20,217
26,217
46,217
62,217
80,217
102,217
128,217
142,217
168,217
176,217
304,217
315,217
341,217
352,217
379,217
397,217
418,217
428,217
452,217
454,217
456,217
458,217
20,218
26,218
45,218
62,218
79,218
102,218
128,218
142,218
168,218
177,218
302,218
315,218
341,218
352,218
379,218
398,218
418,218
429,218
452,218
458,218
478,218
478,218
20,219
26,219
45,219
62,219
79,219
102,219
127,219
142,219
167,219
178,219
302,219
302,219
304,219
315,219
341,219
352,219
379,219
398,219
418,219
430,219
453,219
457,219
479,219
479,219
20,220
26,220
44,220
62,220
78,220
102,220
126,220
141,220
167,220
179,220
302,220
315,220
341,220
352,220
379,220
399,220
418,220
430,220
453,220
457,220
20,221
26,221
44,221
62,221
78,221
102,221
126,221
142,221
166,221
181,221
301,221
302,221
304,221
315,221
342,221
352,221
379,221
400,221
418,221
428,221
430,221
431,221
453,221
457,221
20,222
26,222
43,222
62,222
77,222
102,222
126,222
142,222
166,222
183,222
300,222
315,222
342,222
353,222
379,222
400,222
418,222
432,222
453,222
456,222
20,223
26,223
43,223
62,223
77,223
102,223
125,223
142,223
165,223
182,223
298,223
315,223
342,223
353,223
379,223
401,223
418,223
432,223
453,223
456,223
20,224
26,224
42,224
62,224
76,224
102,224
124,224
142,224
165,224
182,224
298,224
316,224
342,224
352,224
354,224
354,224
379,224
401,224
419,224
432,224
453,224
457,224
20,225
26,225
41,225
62,225
75,225
102,225
123,225
142,225
165,225
181,225
298,225
317,225
342,225
355,225
379,225
402,225
419,225
434,225
454,225
457,225
19,226
25,226
41,226
62,226
74,226
74,226
76,226
102,226
123,226
142,226
164,226
181,226
298,226
317,226
342,226
355,226
380,226
403,226
419,226
434,226
454,226
457,226
18,227
26,227
40,227
62,227
74,227
101,227
122,227
142,227
163,227
180,227
298,227
317,227
342,227
356,227
380,227
403,227
419,227
435,227
454,227
457,227
18,228
26,228
40,228
62,228
73,228
101,228
122,228
142,228
163,228
180,228
298,228
317,228
342,228
357,228
380,228
404,228
419,228
435,228
454,228
457,228
17,229
25,229
39,229
62,229
72,229
101,229
121,229
142,229
162,229
180,229
299,229
319,229
342,229
357,229
380,229
405,229
419,229
436,229
454,229
457,229
16,230
26,230
38,230
62,230
72,230
101,230
120,230
142,230
162,230
180,230
299,230
319,230
342,230
358,230
380,230
405,230
420,230
437,230
454,230
457,230
16,231
26,231
38,231
62,231
71,231
101,231
120,231
142,231
162,231
179,231
299,231
320,231
343,231
358,231
380,231
407,231
419,231
437,231
454,231
457,231
15,232
26,232
37,232
62,232
71,232
101,232
120,232
142,232
161,232
179,232
299,232
320,232
343,232
359,232
380,232
407,232
419,232
438,232
454,232
457,232
14,233
26,233
36,233
62,233
70,233
101,233
119,233
142,233
161,233
179,233
299,233
321,233
343,233
360,233
380,233
407,233
420,233
439,233
454,233
457,233
14,234
26,234
36,234
62,234
70,234
101,234
118,234
142,234
160,234
179,234
300,234
322,234
343,234
361,234
381,234
408,234
420,234
440,234
455,234
457,234
13,235
26,235
35,235
62,235
69,235
101,235
118,235
142,235
159,235
178,235
300,235
322,235
343,235
360,235
381,235
409,235
420,235
440,235
455,235
458,235
13,236
26,236
35,236
62,236
69,236
101,236
117,236
142,236
159,236
177,236
300,236
323,236
343,236
360,236
381,236
409,236
420,236
441,236
455,236
459,236
12,237
26,237
34,237
62,237
68,237
101,237
117,237
142,237
159,237
177,237
300,237
323,237
343,237
362,237
381,237
410,237
420,237
442,237
455,237
460,237
12,238
26,238
33,238
62,238
67,238
101,238
116,238
142,238
158,238
177,238
300,238
324,238
343,238
363,238
381,238
410,238
420,238
442,238
456,238
460,238
11,239
26,239
33,239
62,239
66,239
101,239
116,239
142,239
158,239
177,239
300,239
325,239
343,239
364,239
382,239
411,239
420,239
443,239
456,239
461,239
11,240
26,240
32,240
101,240
115,240
143,240
157,240
177,240
300,240
325,240
343,240
365,240
381,240
411,240
420,240
444,240
455,240
463,240
9,241
26,241
31,241
101,241
114,241
143,241
157,241
177,241
300,241
326,241
344,241
365,241
382,241
412,241
420,241
445,241
455,241
463,241
9,242
26,242
30,242
101,242
114,242
143,242
156,242
156,242
158,242
176,242
300,242
327,242
344,242
366,242
382,242
413,242
420,242
445,242
455,242
463,242
8,243
27,243
30,243
101,243
113,243
143,243
156,243
156,243
158,243
176,243
301,243
327,243
344,243
366,243
382,243
413,243
420,243
446,243
456,243
464,243
8,244
101,244
112,244
143,244
155,244
176,244
301,244
327,244
344,244
367,244
382,244
415,244
420,244
447,244
456,244
465,244
7,245
101,245
112,245
143,245
155,245
176,245
301,245
327,245
344,245
368,245
382,245
416,245
420,245
447,245
456,245
466,245
6,246
101,246
111,246
143,246
154,246
176,246
301,246
328,246
344,246
368,246
382,246
448,246
456,246
466,246
6,247
100,247
111,247
143,247
154,247
175,247
301,247
329,247
344,247
369,247
382,247
448,247
456,247
467,247
5,248
100,248
110,248
143,248
153,248
175,248
301,248
330,248
344,248
370,248
382,248
449,248
456,248
468,248
5,249
100,249
109,249
143,249
153,249
175,249
302,249
330,249
344,249
370,249
382,249
450,249
456,249
469,249
4,250
100,250
109,250
143,250
152,250
175,250
302,250
331,250
344,250
371,250
382,250
451,250
455,250
469,250
4,251
100,251
108,251
143,251
152,251
175,251
302,251
332,251
344,251
371,251
383,251
470,251
4,252
100,252
108,252
143,252
151,252
175,252
199,252
199,252
302,252
332,252
344,252
372,252
383,252
470,252
2,253
100,253
107,253
143,253
151,253
175,253
199,253
199,253
302,253
333,253
344,253
373,253
383,253
472,253
2,254
100,254
107,254
143,254
151,254
173,254
199,254
199,254
302,254
333,254
344,254
374,254
383,254
473,254
1,255
100,255
106,255
143,255
150,255
171,255
198,255
199,255
302,255
334,255
344,255
374,255
383,255
473,255
0,256
101,256
105,256
144,256
149,256
170,256
198,256
199,256
302,256
335,256
345,256
375,256
383,256
474,256
0,257
101,257
104,257
144,257
148,257
168,257
198,257
199,257
303,257
335,257
345,257
375,257
383,257
475,257
0,258
167,258
197,258
199,258
303,258
335,258
345,258
376,258
383,258
475,258
0,259
166,259
197,259
199,259
303,259
335,259
345,259
377,259
383,259
477,259
0,260
164,260
196,260
199,260
303,260
337,260
345,260
377,260
383,260
478,260
0,261
163,261
196,261
200,261
304,261
337,261
345,261
378,261
384,261
479,261
0,262
161,262
195,262
200,262
304,262
338,262
345,262
379,262
383,262
479,262
0,263
160,263
195,263
200,263
305,263
338,263
345,263
479,263
0,264
159,264
195,264
200,264
306,264
339,264
345,264
479,264
0,265
158,265
194,265
200,265
307,265
340,265
345,265
479,265
0,266
156,266
194,266
199,266
307,266
308,266
310,266
342,266
345,266
479,266
0,267
155,267
193,267
199,267
280,267
280,267
308,267
308,267
311,267
479,267
0,268
154,268
192,268
198,268
280,268
280,268
309,268
479,268
0,269
153,269
192,269
199,269
280,269
281,269
310,269
479,269
0,270
151,270
191,270
199,270
280,270
282,270
310,270
479,270
0,271
150,271
190,271
199,271
280,271
282,271
311,271
479,271
0,272
149,272
189,272
199,272
280,272
283,272
312,272
479,272
0,273
147,273
188,273
199,273
280,273
283,273
312,273
479,273
0,274
146,274
187,274
199,274
281,274
283,274
312,274
479,274
0,275
145,275
186,275
199,275
281,275
284,275
313,275
479,275
0,276
144,276
185,276
199,276
281,276
284,276
314,276
479,276
0,277
143,277
183,277
198,277
281,277
284,277
314,277
479,277
0,278
141,278
182,278
198,278
281,278
285,278
315,278
479,278
0,279
140,279
181,279
198,279
281,279
285,279
316,279
479,279
0,280
138,280
179,280
198,280
281,280
287,280
316,280
479,280
0,281
137,281
178,281
198,281
282,281
287,281
316,281
479,281
0,282
136,282
176,282
198,282
282,282
287,282
317,282
479,282
0,283
135,283
175,283
177,283
180,283
198,283
282,283
288,283
317,283
479,283
0,284
134,284
173,284
197,284
282,284
289,284
318,284
479,284
0,285
133,285
171,285
197,285
282,285
289,285
319,285
479,285
0,286
132,286
170,286
198,286
281,286
290,286
320,286
479,286
0,287
107,287
121,287
130,287
168,287
198,287
281,287
284,287
287,287
291,287
320,287
479,287
0,288
101,288
123,288
128,288
167,288
198,288
280,288
284,288
286,288
291,288
320,288
479,288
0,289
98,289
125,289
127,289
165,289
198,289
281,289
292,289
320,289
479,289
0,290
97,290
164,290
198,290
281,290
293,290
321,290
479,290
0,291
96,291
162,291
198,291
282,291
293,291
322,291
479,291
0,292
95,292
161,292
197,292
282,292
294,292
322,292
479,292
0,293
95,293
159,293
197,293
283,293
295,293
323,293
479,293
0,294
95,294
158,294
197,294
283,294
287,294
289,294
295,294
324,294
479,294
0,295
95,295
156,295
196,295
284,295
296,295
324,295
479,295
0,296
96,296
104,296
104,296
154,296
196,296
285,296
297,296
324,296
479,296
0,297
98,297
102,297
104,297
153,297
195,297
286,297
298,297
325,297
479,297
0,298
103,298
151,298
195,298
285,298
298,298
326,298
479,298
0,299
103,299
150,299
194,299
286,299
299,299
327,299
479,299
0,300
101,300
148,300
194,300
286,300
300,300
327,300
479,300
0,301
99,301
146,301
193,301
286,301
300,301
328,301
479,301
0,302
96,302
145,302
193,302
287,302
301,302
329,302
479,302
0,303
92,303
143,303
192,303
287,303
301,303
330,303
479,303
0,304
88,304
141,304
192,304
288,304
303,304
331,304
479,304
0,305
62,305
71,305
74,305
76,305
85,305
139,305
191,305
288,305
303,305
334,305
479,305
0,306
61,306
77,306
80,306
138,306
191,306
288,306
304,306
336,306
479,306
0,307
61,307
136,307
191,307
289,307
305,307
338,307
479,307
0,308
62,308
133,308
190,308
289,308
306,308
340,308
479,308
0,309
63,309
130,309
190,309
290,309
306,309
342,309
479,309
0,310
64,310
126,310
189,310
290,310
307,310
343,310
479,310
0,311
66,311
123,311
189,311
291,311
307,311
344,311
479,311
0,312
67,312
121,312
189,312
291,312
308,312
347,312
479,312
0,313
69,313
118,313
188,313
292,313
309,313
348,313
479,313
0,314
70,314
116,314
188,314
292,314
309,314
351,314
479,314
0,315
74,315
113,315
187,315
292,315
310,315
353,315
479,315
0,316
76,316
111,316
187,316
293,316
311,316
355,316
479,316
0,317
79,317
108,317
187,317
293,317
312,317
356,317
479,317
0,318
82,318
105,318
186,318
293,318
312,318
358,318
479,318
0,319
88,319
102,319
186,319
294,319
313,319
359,319
479,319
0,320
186,320
294,320
302,320
304,320
314,320
359,320
479,320
0,321
185,321
294,321
314,321
359,321
479,321
0,322
185,322
295,322
314,322
359,322
479,322
0,323
185,323
295,323
315,323
360,323
479,323
0,324
184,324
295,324
315,324
360,324
479,324
0,325
184,325
295,325
316,325
360,325
479,325
0,326
184,326
296,326
316,326
361,326
479,326
0,327
183,327
296,327
316,327
361,327
479,327
0,328
183,328
296,328
317,328
361,328
479,328
0,329
183,329
297,329
317,329
361,329
479,329
0,330
183,330
297,330
318,330
361,330
479,330
0,331
182,331
297,331
318,331
362,331
479,331
0,332
182,332
298,332
318,332
363,332
479,332
0,333
182,333
298,333
318,333
364,333
479,333
0,334
182,334
298,334
313,334
315,334
318,334
364,334
479,334
0,335
181,335
298,335
319,335
364,335
479,335
0,336
181,336
299,336
320,336
366,336
479,336
0,337
181,337
299,337
302,337
304,337
320,337
366,337
366,337
368,337
479,337
0,338
181,338
299,338
321,338
366,338
366,338
368,338
479,338
0,339
180,339
299,339
322,339
366,339
479,339
0,340
180,340
299,340
323,340
366,340
479,340
0,341
180,341
300,341
323,341
366,341
479,341
0,342
179,342
300,342
323,342
366,342
479,342
0,343
179,343
300,343
323,343
366,343
479,343
0,344
179,344
300,344
324,344
327,344
327,344
366,344
479,344
0,345
179,345
301,345
324,345
365,345
479,345
0,346
179,346
302,346
323,346
364,346
479,346
0,347
178,347
302,347
323,347
363,347
479,347
0,348
178,348
302,348
322,348
363,348
479,348
0,349
178,349
302,349
322,349
362,349
479,349
0,350
177,350
302,350
321,350
362,350
479,350
0,351
177,351
303,351
321,351
362,351
479,351
0,352
176,352
303,352
321,352
361,352
479,352
0,353
176,353
304,353
321,353
360,353
479,353
0,354
176,354
304,354
321,354
359,354
479,354
0,355
173,355
175,355
175,355
304,355
321,355
358,355
479,355
0,356
173,356
175,356
175,356
304,356
321,356
357,356
479,356
0,357
175,357
305,357
322,357
356,357
479,357
0,358
175,358
305,358
323,358
355,358
479,358
0,359
174,359
305,359
323,359
354,359
479,359
