0,0
479,0
0,1
479,1
0,2
479,2
0,3
479,3
0,4
479,4
0,5
479,5
0,6
479,6
0,7
479,7
0,8
479,8
0,9
479,9
0,10
479,10
0,11
479,11
0,12
479,12
0,13
479,13
0,14
479,14
0,15
479,15
0,16
479,16
0,17
479,17
0,18
479,18
0,19
479,19
0,20
479,20
0,21
479,21
0,22
479,22
0,23
479,23
0,24
227,24
230,24
479,24
0,25
479,25
0,26
217,26
233,26
245,26
269,26
479,26
0,27
212,27
273,27
479,27
0,28
209,28
276,28
479,28
0,29
207,29
278,29
479,29
0,30
204,30
280,30
479,30
0,31
203,31
282,31
479,31
0,32
201,32
283,32
479,32
0,33
200,33
284,33
479,33
0,34
199,34
285,34
479,34
0,35
198,35
286,35
479,35
0,36
196,36
287,36
479,36
0,37
195,37
288,37
479,37
0,38
195,38
289,38
479,38
0,39
194,39
290,39
479,39
0,40
193,40
290,40
479,40
0,41
192,41
291,41
479,41
0,42
192,42
292,42
479,42
0,43
191,43
292,43
479,43
0,44
191,44
293,44
479,44
0,45
190,45
294,45
479,45
0,46
190,46
294,46
300,46
306,46
479,46
0,47
190,47
294,47
298,47
310,47
479,47
0,48
189,48
295,48
297,48
311,48
479,48
0,49
189,49
295,49
296,49
314,49
479,49
0,50
189,50
315,50
479,50
0,51
188,51
316,51
479,51
0,52
188,52
317,52
479,52
0,53
188,53
318,53
479,53
0,54
187,54
319,54
479,54
0,55
187,55
321,55
479,55
0,56
187,56
322,56
479,56
0,57
187,57
323,57
479,57
0,58
187,58
324,58
479,58
0,59
186,59
324,59
479,59
0,60
186,60
325,60
479,60
0,61
186,61
326,61
479,61
0,62
186,62
327,62
479,62
0,63
186,63
327,63
479,63
0,64
185,64
328,64
479,64
0,65
185,65
328,65
479,65
0,66
185,66
329,66
479,66
0,67
185,67
329,67
479,67
0,68
185,68
329,68
479,68
0,69
185,69
330,69
479,69
0,70
186,70
330,70
479,70
0,71
186,71
330,71
479,71
0,72
186,72
331,72
479,72
0,73
186,73
330,73
479,73
0,74
184,74
186,74
186,74
331,74
479,74
0,75
184,75
186,75
187,75
331,75
479,75
0,76
187,76
331,76
479,76
0,77
185,77
187,77
188,77
331,77
479,77
0,78
188,78
331,78
479,78
0,79
188,79
331,79
479,79
0,80
188,80
332,80
479,80
0,81
188,81
332,81
479,81
0,82
186,82
188,82
188,82
332,82
479,82
0,83
188,83
333,83
479,83
0,84
187,84
333,84
479,84
0,85
187,85
333,85
479,85
0,86
186,86
334,86
479,86
0,87
185,87
334,87
479,87
0,88
185,88
334,88
479,88
0,89
181,89
183,89
184,89
334,89
479,89
0,90
183,90
334,90
479,90
0,91
180,91
182,91
183,91
334,91
479,91
0,92
179,92
181,92
182,92
332,92
479,92
0,93
181,93
330,93
479,93
0,94
177,94
179,94
180,94
330,94
479,94
0,95
176,95
178,95
179,95
329,95
479,95
0,96
175,96
177,96
178,96
299,96
299,96
329,96
479,96
0,97
173,97
175,97
177,97
299,97
299,97
328,97
479,97
0,98
175,98
298,98
299,98
328,98
479,98
0,99
170,99
172,99
174,99
298,99
298,99
327,99
479,99
0,100
173,100
297,100
299,100
327,100
328,100
330,100
479,100
0,101
171,101
297,101
297,101
299,101
299,101
326,101
479,101
0,102
170,102
296,102
297,102
299,102
300,102
327,102
479,102
0,103
170,103
296,103
300,103
327,103
479,103
0,104
170,104
296,104
300,104
328,104
479,104
0,105
170,105
295,105
300,105
328,105
479,105
0,106
171,106
295,106
300,106
328,106
479,106
0,107
172,107
294,107
300,107
329,107
479,107
0,108
174,108
294,108
300,108
329,108
479,108
0,109
179,109
190,109
191,109
293,109
300,109
329,109
479,109
0,110
181,110
190,110
193,110
293,110
300,110
329,110
479,110
0,111
182,111
189,111
192,111
294,111
300,111
330,111
479,111
0,112
185,112
188,112
192,112
294,112
300,112
330,112
479,112
0,113
191,113
294,113
298,113
300,113
300,113
330,113
479,113
0,114
190,114
294,114
300,114
330,114
479,114
0,115
190,115
295,115
300,115
331,115
479,115
0,116
189,116
297,116
300,116
331,116
479,116
0,117
189,117
298,117
300,117
331,117
479,117
0,118
185,118
187,118
188,118
331,118
479,118
0,119
184,119
187,119
187,119
332,119
479,119
0,120
184,120
186,120
186,120
332,120
479,120
0,121
185,121
295,121
299,121
332,121
479,121
0,122
184,122
191,122
192,122
296,122
297,122
299,122
299,122
332,122
479,122
0,123
184,123
189,123
192,123
297,123
299,123
332,123
479,123
0,124
183,124
187,124
192,124
297,124
299,124
333,124
479,124
0,125
192,125
293,125
293,125
296,125
299,125
333,125
479,125
0,126
192,126
197,126
197,126
286,126
286,126
293,126
299,126
333,126
479,126
0,127
192,127
197,127
197,127
286,127
287,127
293,127
299,127
333,127
479,127
0,128
192,128
196,128
198,128
286,128
288,128
293,128
299,128
334,128
479,128
0,129
192,129
195,129
198,129
285,129
289,129
294,129
299,129
334,129
479,129
0,130
192,130
195,130
199,130
285,130
290,130
294,130
299,130
334,130
479,130
0,131
199,131
282,131
291,131
294,131
299,131
334,131
479,131
0,132
200,132
282,132
299,132
334,132
479,132
0,133
203,133
281,133
299,133
334,133
479,133
0,134
203,134
281,134
299,134
334,134
479,134
0,135
201,135
203,135
204,135
280,135
281,135
283,135
299,135
335,135
479,135
0,136
204,136
280,136
299,136
335,136
479,136
0,137
201,137
204,137
204,137
280,137
299,137
335,137
479,137
0,138
204,138
266,138
266,138
279,138
299,138
336,138
479,138
0,139
204,139
266,139
266,139
279,139
300,139
336,139
479,139
0,140
204,140
219,140
220,140
266,140
266,140
279,140
300,140
336,140
479,140
0,141
205,141
219,141
220,141
265,141
266,141
279,141
300,141
336,141
479,141
0,142
205,142
219,142
220,142
265,142
266,142
279,142
300,142
334,142
479,142
0,143
205,143
219,143
220,143
264,143
266,143
279,143
301,143
334,143
479,143
0,144
205,144
211,144
211,144
219,144
220,144
223,144
224,144
260,144
261,144
263,144
266,144
279,144
301,144
334,144
479,144
0,145
205,145
211,145
211,145
219,145
224,145
259,145
266,145
274,145
274,145
278,145
301,145
334,145
479,145
0,146
205,146
211,146
211,146
219,146
222,146
224,146
224,146
259,146
260,146
262,146
265,146
274,146
275,146
278,146
302,146
333,146
479,146
0,147
206,147
211,147
211,147
218,147
224,147
259,147
266,147
274,147
275,147
278,147
302,147
333,147
479,147
0,148
206,148
210,148
211,148
218,148
225,148
259,148
266,148
274,148
275,148
278,148
302,148
332,148
479,148
0,149
206,149
210,149
211,149
218,149
225,149
259,149
266,149
274,149
303,149
332,149
479,149
0,150
49,150
56,150
206,150
210,150
211,150
218,150
225,150
258,150
266,150
273,150
303,150
332,150
479,150
0,151
48,151
58,151
206,151
210,151
211,151
214,151
214,151
218,151
226,151
258,151
266,151
273,151
304,151
331,151
479,151
0,152
47,152
60,152
206,152
210,152
211,152
214,152
214,152
218,152
218,152
220,152
226,152
258,152
266,152
273,152
304,152
331,152
479,152
0,153
46,153
62,153
206,153
210,153
211,153
214,153
214,153
218,153
218,153
220,153
226,153
258,153
266,153
273,153
304,153
331,153
479,153
0,154
45,154
64,154
66,154
68,154
206,154
209,154
211,154
214,154
214,154
218,154
224,154
258,154
266,154
273,154
304,154
331,154
331,154
333,154
479,154
0,155
44,155
66,155
207,155
209,155
214,155
217,155
223,155
260,155
266,155
272,155
305,155
330,155
331,155
333,155
479,155
0,156
43,156
68,156
214,156
217,156
222,156
261,156
264,156
266,156
266,156
269,156
269,156
272,156
305,156
330,156
479,156
0,157
42,157
70,157
214,157
217,157
219,157
263,157
266,157
269,157
269,157
272,157
305,157
330,157
330,157
332,157
479,157
0,158
41,158
72,158
216,158
265,158
266,158
268,158
269,158
271,158
305,158
329,158
479,158
0,159
37,159
39,159
40,159
74,159
213,159
267,159
305,159
329,159
479,159
0,160
39,160
77,160
212,160
269,160
306,160
329,160
479,160
0,161
38,161
79,161
210,161
271,161
306,161
328,161
479,161
0,162
37,162
81,162
204,162
206,162
208,162
273,162
306,162
328,162
479,162
0,163
36,163
83,163
206,163
274,163
306,163
328,163
427,163
432,163
479,163
0,164
34,164
53,164
55,164
85,164
202,164
204,164
205,164
276,164
306,164
311,164
311,164
328,164
424,164
433,164
479,164
0,165
33,165
51,165
57,165
88,165
203,165
277,165
306,165
311,165
311,165
327,165
422,165
434,165
479,165
0,166
32,166
51,166
59,166
89,166
202,166
278,166
306,166
310,166
311,166
326,166
420,166
435,166
479,166
0,167
31,167
50,167
60,167
91,167
198,167
200,167
201,167
280,167
306,167
309,167
311,167
326,167
417,167
436,167
479,167
0,168
30,168
49,168
62,168
93,168
200,168
281,168
306,168
309,168
311,168
325,168
415,168
437,168
479,168
0,169
29,169
48,169
64,169
95,169
199,169
282,169
305,169
309,169
311,169
323,169
323,169
325,169
412,169
438,169
479,169
0,170
27,170
47,170
66,170
96,170
199,170
283,170
311,170
322,170
323,170
325,170
410,170
439,170
479,170
0,171
26,171
46,171
68,171
98,171
195,171
197,171
198,171
283,171
311,171
315,171
315,171
322,171
407,171
440,171
440,171
442,171
479,171
0,172
25,172
45,172
70,172
100,172
197,172
284,172
312,172
315,172
316,172
321,172
405,172
440,172
441,172
443,172
479,172
0,173
23,173
44,173
72,173
101,173
196,173
285,173
317,173
321,173
402,173
441,173
442,173
444,173
479,173
0,174
22,174
46,174
72,174
103,174
196,174
285,174
317,174
321,174
399,174
442,174
479,174
0,175
20,175
46,175
72,175
105,175
106,175
108,175
195,175
286,175
317,175
320,175
398,175
443,175
444,175
446,175
479,175
0,176
19,176
47,176
72,176
107,176
194,176
287,176
394,176
427,176
427,176
444,176
445,176
447,176
479,176
0,177
18,177
47,177
70,177
72,177
72,177
108,177
193,177
288,177
392,177
426,177
429,177
445,177
479,177
0,178
16,178
47,178
72,178
88,178
89,178
110,178
193,178
289,178
390,178
424,178
429,178
446,178
447,178
449,178
479,178
0,179
15,179
47,179
71,179
89,179
91,179
111,179
189,179
191,179
192,179
289,179
389,179
422,179
430,179
447,179
479,179
0,180
13,180
49,180
70,180
90,180
93,180
113,180
188,180
191,180
191,180
290,180
386,180
420,180
422,180
425,180
428,180
430,180
431,180
448,180
479,180
0,181
12,181
51,181
70,181
90,181
95,181
115,181
191,181
291,181
384,181
418,181
421,181
424,181
429,181
431,181
432,181
449,181
479,181
0,182
10,182
52,182
69,182
91,182
97,182
117,182
190,182
292,182
382,182
416,182
430,182
432,182
432,182
450,182
479,182
0,183
8,183
52,183
69,183
91,183
98,183
119,183
186,183
188,183
189,183
292,183
381,183
414,183
430,183
432,183
433,183
451,183
479,183
0,184
7,184
33,184
33,184
53,184
69,184
92,184
97,184
99,184
100,184
121,184
164,184
170,184
185,184
187,184
188,184
293,184
378,184
410,184
431,184
433,184
434,184
452,184
479,184
0,185
5,185
32,185
33,185
53,185
69,185
93,185
101,185
124,185
160,185
172,185
184,185
186,185
187,185
294,185
372,185
374,185
377,185
409,185
409,185
411,185
432,185
434,185
435,185
453,185
479,185
0,186
3,186
31,186
33,186
54,186
69,186
93,186
100,186
102,186
103,186
127,186
157,186
175,186
182,186
185,186
186,186
295,186
375,186
409,186
409,186
411,186
433,186
435,186
436,186
454,186
479,186
0,187
2,187
30,187
33,187
55,187
68,187
94,187
101,187
103,187
104,187
131,187
150,187
178,187
186,187
296,187
373,187
409,187
436,187
455,187
479,187
0,188
0,188
29,188
32,188
56,188
68,188
94,188
106,188
141,188
141,188
183,188
185,188
296,188
315,188
317,188
371,188
394,188
394,188
408,188
435,188
456,188
479,188
27,189
29,189
31,189
32,189
56,189
68,189
95,189
107,189
297,189
368,189
391,189
393,189
408,189
434,189
458,189
479,189
26,190
32,190
57,190
67,190
95,190
108,190
298,190
311,190
318,190
367,190
389,190
392,190
409,190
433,190
459,190
479,190
25,191
31,191
58,191
67,191
95,191
110,191
299,191
307,191
321,191
364,191
387,191
391,191
410,191
430,191
432,191
433,191
460,191
479,191
23,192
31,192
58,192
67,192
95,192
110,192
300,192
303,192
325,192
362,192
384,192
391,192
411,192
433,192
462,192
479,192
21,193
31,193
59,193
67,193
95,193
110,193
329,193
359,193
383,193
390,193
411,193
430,193
462,193
479,193
20,194
31,194
59,194
67,194
95,194
110,194
332,194
356,194
381,194
389,194
411,194
428,194
464,194
479,194
18,195
31,195
59,195
67,195
95,195
111,195
338,195
350,195
379,195
388,195
411,195
427,195
465,195
479,195
16,196
31,196
59,196
67,196
95,196
111,196
378,196
388,196
411,196
427,196
443,196
444,196
467,196
479,196
15,197
31,197
59,197
68,197
95,197
110,197
143,197
145,197
376,197
387,197
412,197
426,197
444,197
444,197
468,197
479,197
13,198
31,198
59,198
68,198
95,198
109,198
126,198
149,198
161,198
170,198
375,198
386,198
412,198
425,198
445,198
446,198
469,198
479,198
11,199
14,199
16,199
31,199
59,199
69,199
95,199
108,199
127,199
149,199
161,199
176,199
373,199
374,199
377,199
385,199
412,199
424,199
446,199
447,199
471,199
479,199
11,200
31,200
59,200
69,200
95,200
108,200
128,200
147,200
161,200
163,200
165,200
177,200
371,200
385,200
412,200
423,200
446,200
447,200
472,200
479,200
11,201
31,201
59,201
70,201
95,201
108,201
128,201
146,201
163,201
176,201
370,201
385,201
412,201
422,201
446,201
449,201
473,201
479,201
12,202
13,202
16,202
31,202
58,202
70,202
95,202
107,202
129,202
146,202
164,202
176,202
370,202
385,202
412,202
421,202
446,202
450,202
475,202
479,202
15,203
32,203
58,203
70,203
95,203
107,203
129,203
145,203
164,203
176,203
370,203
385,203
412,203
421,203
446,203
451,203
476,203
479,203
0,204
0,204
15,204
32,204
59,204
71,204
95,204
107,204
130,204
145,204
165,204
177,204
306,204
320,204
332,204
344,204
370,204
385,204
412,204
420,204
446,204
452,204
477,204
479,204
16,205
33,205
59,205
71,205
95,205
107,205
130,205
144,205
165,205
177,205
306,205
321,205
332,205
351,205
369,205
385,205
413,205
419,205
446,205
453,205
479,205
479,205
17,206
33,206
59,206
72,206
95,206
106,206
131,206
144,206
166,206
177,206
307,206
319,206
333,206
355,206
370,206
385,206
412,206
419,206
446,206
454,206
17,207
34,207
59,207
72,207
95,207
106,207
131,207
143,207
166,207
178,207
306,207
318,207
334,207
354,207
371,207
385,207
412,207
419,207
446,207
456,207
18,208
34,208
58,208
73,208
94,208
105,208
132,208
142,208
166,208
178,208
306,208
317,208
335,208
353,208
372,208
385,208
412,208
419,208
446,208
457,208
19,209
35,209
58,209
73,209
94,209
105,209
132,209
142,209
166,209
177,209
179,209
180,209
306,209
316,209
336,209
352,209
372,209
385,209
411,209
419,209
446,209
458,209
19,210
35,210
58,210
74,210
94,210
105,210
132,210
142,210
166,210
177,210
180,210
180,210
305,210
316,210
336,210
352,210
373,210
385,210
410,210
419,210
446,210
459,210
20,211
36,211
58,211
72,211
74,211
74,211
94,211
105,211
132,211
141,211
166,211
176,211
178,211
179,211
305,211
315,211
337,211
351,211
373,211
385,211
410,211
418,211
446,211
458,211
460,211
461,211
20,212
36,212
58,212
74,212
94,212
105,212
132,212
141,212
166,212
176,212
178,212
179,212
304,212
304,212
306,212
315,212
337,212
351,212
373,212
385,212
409,212
418,212
446,212
459,212
461,212
463,212
21,213
36,213
58,213
75,213
94,213
105,213
132,213
140,213
167,213
178,213
302,213
303,213
306,213
315,213
337,213
350,213
373,213
385,213
409,213
418,213
446,213
464,213
22,214
37,214
58,214
75,214
94,214
105,214
132,214
140,214
167,214
175,214
303,214
314,214
338,214
349,214
374,214
385,214
408,214
418,214
446,214
466,214
23,215
37,215
58,215
76,215
94,215
105,215
132,215
140,215
167,215
175,215
304,215
314,215
339,215
349,215
374,215
385,215
407,215
418,215
445,215
466,215
23,216
38,216
58,216
76,216
94,216
105,216
132,216
140,216
168,216
175,216
304,216
305,216
307,216
313,216
339,216
346,216
348,216
348,216
374,216
385,216
407,216
418,216
445,216
466,216
23,217
38,217
58,217
77,217
94,217
105,217
132,217
140,217
168,217
175,217
305,217
313,217
340,217
348,217
374,217
385,217
406,217
418,217
444,217
466,217
23,218
39,218
58,218
77,218
94,218
106,218
132,218
140,218
168,218
175,218
306,218
313,218
340,218
348,218
375,218
385,218
406,218
418,218
443,218
462,218
23,219
39,219
58,219
77,219
94,219
106,219
132,219
140,219
167,219
176,219
307,219
313,219
340,219
347,219
375,219
385,219
405,219
405,219
407,219
418,219
443,219
461,219
23,220
40,220
58,220
78,220
94,220
106,220
132,220
141,220
167,220
177,220
307,220
313,220
340,220
347,220
375,220
385,220
405,220
418,220
442,220
443,220
445,220
460,220
478,220
479,220
23,221
40,221
58,221
78,221
94,221
106,221
132,221
141,221
166,221
178,221
307,221
313,221
340,221
348,221
375,221
385,221
404,221
418,221
441,221
459,221
477,221
479,221
23,222
41,222
58,222
78,222
94,222
107,222
132,222
141,222
166,222
180,222
306,222
313,222
340,222
348,222
375,222
385,222
404,222
418,222
440,222
458,222
477,222
479,222
23,223
41,223
58,223
79,223
94,223
107,223
131,223
141,223
166,223
178,223
180,223
181,223
305,223
313,223
340,223
348,223
375,223
385,223
403,223
418,223
440,223
457,223
478,223
479,223
23,224
42,224
58,224
80,224
94,224
108,224
131,224
141,224
166,224
178,224
180,224
180,224
304,224
313,224
339,224
347,224
374,224
385,224
402,224
417,224
439,224
456,224
478,224
479,224
23,225
42,225
58,225
80,225
94,225
108,225
131,225
141,225
166,225
180,225
302,225
313,225
339,225
348,225
374,225
385,225
402,225
417,225
438,225
454,225
479,225
479,225
23,226
42,226
58,226
80,226
94,226
108,226
131,226
141,226
165,226
180,226
300,226
314,226
339,226
348,226
373,226
385,226
401,226
417,226
438,226
453,226
479,226
479,226
23,227
43,227
58,227
81,227
93,227
109,227
131,227
142,227
165,227
179,227
300,227
314,227
339,227
348,227
373,227
385,227
401,227
417,227
437,227
453,227
479,227
479,227
23,228
43,228
58,228
81,228
93,228
109,228
130,228
142,228
165,228
179,228
300,228
314,228
338,228
348,228
372,228
385,228
400,228
417,228
436,228
452,228
479,228
479,228
23,229
44,229
58,229
82,229
93,229
109,229
130,229
142,229
164,229
179,229
300,229
315,229
338,229
348,229
372,229
385,229
400,229
417,229
435,229
451,229
479,229
479,229
23,230
44,230
58,230
82,230
93,230
109,230
130,230
142,230
164,230
179,230
301,230
315,230
338,230
348,230
371,230
385,230
399,230
417,230
435,230
451,230
479,230
479,230
23,231
44,231
57,231
83,231
93,231
110,231
130,231
142,231
163,231
178,231
301,231
315,231
338,231
348,231
371,231
385,231
398,231
417,231
434,231
451,231
479,231
479,231
23,232
45,232
57,232
83,232
93,232
110,232
130,232
142,232
163,232
178,232
301,232
316,232
338,232
348,232
370,232
383,232
385,232
385,232
398,232
417,232
433,232
451,232
479,232
479,232
22,233
46,233
57,233
83,233
93,233
110,233
130,233
143,233
163,233
177,233
301,233
316,233
337,233
348,233
370,233
385,233
397,233
417,233
433,233
450,233
479,233
479,233
22,234
46,234
57,234
84,234
93,234
111,234
130,234
143,234
162,234
177,234
302,234
316,234
337,234
348,234
369,234
385,234
397,234
417,234
432,234
450,234
479,234
479,234
0,235
0,235
22,235
47,235
57,235
84,235
93,235
112,235
130,235
143,235
162,235
177,235
302,235
316,235
337,235
348,235
369,235
385,235
396,235
416,235
431,235
450,235
479,235
479,235
0,236
0,236
22,236
47,236
57,236
85,236
93,236
112,236
130,236
143,236
162,236
176,236
302,236
316,236
337,236
348,236
368,236
385,236
395,236
416,236
431,236
450,236
479,236
479,236
0,237
1,237
22,237
47,237
57,237
85,237
93,237
112,237
129,237
143,237
162,237
176,237
303,237
317,237
337,237
349,237
368,237
385,237
395,237
416,237
430,237
450,237
479,237
479,237
0,238
1,238
22,238
48,238
57,238
85,238
93,238
113,238
129,238
143,238
161,238
176,238
303,238
317,238
337,238
349,238
367,238
385,238
394,238
416,238
429,238
449,238
478,238
479,238
0,239
2,239
22,239
48,239
57,239
86,239
93,239
113,239
129,239
143,239
161,239
176,239
303,239
317,239
336,239
349,239
367,239
385,239
394,239
416,239
429,239
449,239
478,239
479,239
0,240
2,240
22,240
49,240
57,240
87,240
92,240
113,240
129,240
143,240
160,240
175,240
303,240
318,240
336,240
349,240
366,240
383,240
385,240
385,240
393,240
416,240
428,240
449,240
477,240
479,240
0,241
3,241
22,241
23,241
25,241
49,241
57,241
85,241
87,241
88,241
92,241
114,241
129,241
143,241
160,241
175,241
303,241
318,241
336,241
349,241
366,241
383,241
385,241
385,241
392,241
416,241
427,241
449,241
476,241
479,241
0,242
3,242
22,242
50,242
57,242
88,242
92,242
114,242
129,242
144,242
160,242
175,242
304,242
319,242
335,242
349,242
365,242
383,242
385,242
385,242
392,242
416,242
426,242
449,242
476,242
476,242
478,242
479,242
0,243
3,243
22,243
50,243
57,243
114,243
129,243
144,243
160,243
175,243
304,243
319,243
335,243
349,243
365,243
385,243
391,243
416,243
426,243
449,243
475,243
475,243
477,243
479,243
0,244
4,244
22,244
51,244
57,244
114,244
128,244
144,244
160,244
175,244
304,244
319,244
335,244
349,244
365,244
385,244
391,244
416,244
425,244
449,244
474,244
479,244
0,245
5,245
22,245
52,245
56,245
115,245
128,245
144,245
159,245
174,245
304,245
319,245
335,245
349,245
364,245
386,245
390,245
416,245
424,245
448,245
473,245
479,245
0,246
5,246
22,246
53,246
56,246
115,246
128,246
144,246
159,246
174,246
304,246
320,246
334,246
349,246
364,246
386,246
388,246
416,246
424,246
448,246
472,246
479,246
0,247
5,247
22,247
116,247
128,247
145,247
159,247
174,247
304,247
320,247
334,247
349,247
363,247
386,247
388,247
415,247
423,247
448,247
471,247
479,247
0,248
6,248
22,248
116,248
128,248
145,248
158,248
174,248
304,248
320,248
334,248
350,248
363,248
388,248
390,248
415,248
422,248
423,248
425,248
448,248
470,248
479,248
0,249
7,249
22,249
117,249
128,249
145,249
158,249
174,249
304,249
321,249
334,249
349,249
362,249
416,249
421,249
448,249
470,249
479,249
0,250
7,250
21,250
117,250
128,250
145,250
158,250
174,250
304,250
321,250
333,250
350,250
362,250
416,250
420,250
447,250
469,250
479,250
0,251
7,251
21,251
117,251
128,251
145,251
158,251
173,251
304,251
322,251
333,251
350,251
361,251
416,251
419,251
447,251
468,251
479,251
0,252
8,252
21,252
117,252
128,252
145,252
157,252
173,252
304,252
322,252
333,252
350,252
361,252
447,252
467,252
479,252
0,253
8,253
21,253
118,253
128,253
145,253
157,253
173,253
304,253
322,253
333,253
350,253
360,253
447,253
466,253
479,253
0,254
9,254
21,254
118,254
127,254
146,254
157,254
173,254
304,254
322,254
332,254
350,254
360,254
447,254
465,254
479,254
0,255
9,255
21,255
118,255
127,255
146,255
156,255
172,255
304,255
323,255
332,255
350,255
359,255
447,255
464,255
479,255
0,256
10,256
21,256
119,256
127,256
146,256
156,256
172,256
305,256
323,256
332,256
350,256
359,256
446,256
463,256
479,256
0,257
10,257
21,257
119,257
127,257
146,257
156,257
170,257
197,257
197,257
305,257
323,257
332,257
350,257
358,257
446,257
462,257
479,257
0,258
10,258
21,258
120,258
127,258
146,258
155,258
168,258
197,258
197,258
307,258
324,258
332,258
351,258
358,258
446,258
462,258
479,258
0,259
11,259
21,259
120,259
127,259
146,259
155,259
167,259
196,259
197,259
281,259
281,259
309,259
324,259
332,259
351,259
357,259
445,259
461,259
479,259
0,260
11,260
21,260
120,260
126,260
146,260
155,260
165,260
196,260
197,260
281,260
281,260
310,260
324,260
331,260
351,260
357,260
445,260
460,260
479,260
0,261
12,261
21,261
121,261
126,261
147,261
154,261
164,261
195,261
197,261
281,261
282,261
312,261
324,261
331,261
352,261
356,261
445,261
459,261
479,261
0,262
12,262
21,262
122,262
126,262
147,262
154,262
163,262
195,262
197,262
281,262
282,262
313,262
325,262
331,262
352,262
355,262
445,262
458,262
479,262
0,263
13,263
20,263
123,263
125,263
147,263
154,263
162,263
195,263
197,263
281,263
282,263
315,263
327,263
329,263
445,263
457,263
479,263
0,264
13,264
20,264
147,264
153,264
157,264
159,264
160,264
194,264
197,264
281,264
283,264
316,264
445,264
456,264
479,264
0,265
13,265
21,265
148,265
153,265
159,265
194,265
197,265
281,265
283,265
318,265
445,265
455,265
479,265
0,266
14,266
20,266
148,266
153,266
158,266
193,266
197,266
280,266
284,266
319,266
444,266
455,266
479,266
0,267
15,267
19,267
151,267
153,267
156,267
193,267
197,267
280,267
284,267
321,267
444,267
454,267
479,267
0,268
16,268
19,268
155,268
192,268
198,268
280,268
284,268
322,268
444,268
453,268
479,268
0,269
154,269
192,269
192,269
194,269
198,269
280,269
284,269
324,269
444,269
452,269
479,269
0,270
153,270
191,270
197,270
281,270
285,270
325,270
444,270
452,270
479,270
0,271
151,271
190,271
197,271
281,271
285,271
326,271
444,271
450,271
479,271
0,272
150,272
190,272
197,272
281,272
285,272
328,272
444,272
449,272
479,272
0,273
149,273
189,273
197,273
281,273
287,273
329,273
444,273
448,273
479,273
0,274
148,274
188,274
197,274
281,274
288,274
331,274
479,274
0,275
146,275
187,275
197,275
281,275
288,275
332,275
479,275
0,276
145,276
187,276
197,276
281,276
289,276
333,276
479,276
0,277
144,277
186,277
197,277
281,277
290,277
335,277
479,277
0,278
143,278
184,278
197,278
282,278
291,278
336,278
338,278
340,278
479,278
0,279
142,279
183,279
197,279
282,279
293,279
338,279
479,279
0,280
140,280
182,280
197,280
282,280
294,280
339,280
478,280
0,281
139,281
181,281
196,281
282,281
295,281
341,281
477,281
0,282
138,282
179,282
196,282
282,282
296,282
342,282
477,282
0,283
137,283
178,283
196,283
282,283
298,283
343,283
477,283
0,284
136,284
176,284
196,284
282,284
300,284
345,284
477,284
0,285
134,285
175,285
196,285
282,285
301,285
346,285
476,285
0,286
133,286
174,286
175,286
177,286
196,286
283,286
303,286
348,286
476,286
0,287
132,287
173,287
196,287
283,287
305,287
349,287
354,287
366,287
476,287
0,288
131,288
170,288
196,288
283,288
307,288
369,288
476,288
0,289
130,289
169,289
196,289
283,289
309,289
373,289
476,289
0,290
128,290
167,290
197,290
282,290
310,290
377,290
476,290
479,290
479,290
0,291
127,291
166,291
197,291
282,291
312,291
378,291
479,291
0,292
99,292
116,292
126,292
164,292
197,292
281,292
313,292
380,292
479,292
0,293
94,293
119,293
125,293
163,293
196,293
282,293
315,293
381,293
479,293
0,294
93,294
121,294
123,294
161,294
196,294
282,294
317,294
382,294
479,294
0,295
92,295
160,295
196,295
283,295
319,295
383,295
479,295
0,296
90,296
158,296
196,296
283,296
320,296
383,296
479,296
0,297
90,297
157,297
195,297
284,297
322,297
383,297
479,297
0,298
90,298
155,298
195,298
284,298
324,298
383,298
479,298
0,299
90,299
154,299
194,299
285,299
326,299
374,299
374,299
383,299
479,299
0,300
90,300
152,300
194,300
285,300
328,300
374,300
376,300
382,300
479,300
0,301
90,301
99,301
100,301
151,301
193,301
286,301
330,301
375,301
479,301
0,302
93,302
95,302
99,302
149,302
193,302
286,302
331,302
375,302
479,302
0,303
97,303
99,303
99,303
148,303
192,303
286,303
333,303
376,303
377,303
379,303
479,303
0,304
98,304
146,304
192,304
287,304
336,304
377,304
479,304
0,305
97,305
144,305
191,305
287,305
338,305
379,305
479,305
0,306
95,306
143,306
191,306
288,306
340,306
381,306
479,306
0,307
92,307
142,307
191,307
288,307
342,307
383,307
479,307
0,308
88,308
140,308
190,308
289,308
345,308
384,308
479,308
0,309
86,309
138,309
190,309
289,309
349,309
387,309
479,309
0,310
57,310
60,310
81,310
136,310
189,310
290,310
351,310
389,310
479,310
0,311
56,311
66,311
78,311
135,311
189,311
290,311
353,311
390,311
479,311
0,312
55,312
71,312
72,312
133,312
188,312
291,312
355,312
393,312
479,312
0,313
56,313
131,313
188,313
291,313
357,313
397,313
479,313
0,314
56,314
128,314
188,314
291,314
359,314
402,314
479,314
0,315
57,315
125,315
187,315
292,315
360,315
405,315
479,315
0,316
57,316
122,316
187,316
292,316
362,316
415,316
479,316
0,317
59,317
118,317
186,317
293,317
363,317
415,317
479,317
0,318
61,318
116,318
186,318
293,318
365,318
416,318
479,318
0,319
63,319
113,319
186,319
293,319
367,319
415,319
479,319
0,320
65,320
111,320
185,320
294,320
368,320
415,320
479,320
0,321
67,321
109,321
185,321
294,321
370,321
414,321
479,321
0,322
70,322
107,322
185,322
295,322
372,322
413,322
479,322
0,323
73,323
104,323
184,323
295,323
374,323
414,323
479,323
0,324
75,324
101,324
184,324
295,324
377,324
412,324
412,324
414,324
479,324
0,325
77,325
98,325
184,325
296,325
380,325
410,325
479,325
0,326
84,326
96,326
183,326
296,326
384,326
407,326
479,326
0,327
183,327
296,327
388,327
400,327
479,327
0,328
183,328
296,328
479,328
0,329
182,329
297,329
479,329
0,330
182,330
297,330
479,330
0,331
182,331
297,331
479,331
0,332
181,332
298,332
479,332
0,333
181,333
298,333
479,333
0,334
181,334
298,334
479,334
0,335
181,335
298,335
479,335
0,336
180,336
299,336
302,336
304,336
479,336
0,337
180,337
299,337
479,337
0,338
180,338
299,338
479,338
0,339
180,339
299,339
479,339
0,340
180,340
300,340
479,340
0,341
179,341
300,341
479,341
0,342
179,342
300,342
479,342
0,343
179,343
300,343
479,343
0,344
179,344
300,344
479,344
0,345
178,345
300,345
479,345
0,346
178,346
302,346
479,346
0,347
178,347
301,347
479,347
0,348
177,348
302,348
479,348
0,349
177,349
302,349
479,349
0,350
177,350
302,350
479,350
0,351
176,351
303,351
479,351
0,352
176,352
303,352
479,352
0,353
176,353
303,353
479,353
0,354
176,354
303,354
479,354
0,355
173,355
175,355
175,355
304,355
479,355
0,356
175,356
304,356
479,356
0,357
175,357
304,357
479,357
0,358
174,358
305,358
479,358
0,359
174,359
305,359
479,359
