0,0
479,0
0,1
479,1
0,2
479,2
0,3
479,3
0,4
479,4
0,5
479,5
0,6
479,6
0,7
479,7
0,8
479,8
0,9
479,9
0,10
479,10
0,11
479,11
0,12
479,12
0,13
479,13
0,14
479,14
0,15
247,15
261,15
479,15
0,16
208,16
267,16
479,16
0,17
205,17
271,17
479,17
0,18
201,18
274,18
479,18
0,19
199,19
277,19
479,19
0,20
198,20
279,20
479,20
0,21
196,21
280,21
479,21
0,22
194,22
282,22
479,22
0,23
193,23
283,23
479,23
0,24
192,24
285,24
479,24
0,25
190,25
286,25
479,25
0,26
189,26
287,26
479,26
0,27
188,27
288,27
479,27
0,28
188,28
288,28
479,28
0,29
187,29
290,29
479,29
0,30
186,30
290,30
479,30
0,31
186,31
291,31
479,31
0,32
185,32
292,32
479,32
0,33
184,33
293,33
479,33
0,34
183,34
293,34
479,34
0,35
183,35
294,35
479,35
0,36
182,36
294,36
479,36
0,37
182,37
295,37
479,37
0,38
181,38
296,38
479,38
0,39
181,39
296,39
479,39
0,40
181,40
297,40
306,40
308,40
479,40
0,41
180,41
297,41
303,41
315,41
479,41
0,42
180,42
297,42
301,42
318,42
479,42
0,43
179,43
298,43
298,43
300,43
300,43
320,43
479,43
0,44
177,44
179,44
179,44
298,44
300,44
321,44
479,44
0,45
179,45
298,45
299,45
323,45
479,45
0,46
179,46
298,46
298,46
323,46
479,46
0,47
178,47
324,47
479,47
0,48
178,48
327,48
479,48
0,49
178,49
327,49
479,49
0,50
178,50
329,50
479,50
0,51
178,51
329,51
479,51
0,52
178,52
330,52
479,52
0,53
178,53
331,53
331,53
333,53
479,53
0,54
178,54
333,54
479,54
0,55
177,55
332,55
479,55
0,56
177,56
333,56
334,56
336,56
479,56
0,57
177,57
334,57
479,57
0,58
177,58
335,58
479,58
0,59
177,59
335,59
479,59
0,60
177,60
336,60
479,60
0,61
177,61
336,61
479,61
0,62
177,62
337,62
479,62
0,63
176,63
337,63
479,63
0,64
176,64
338,64
479,64
0,65
177,65
338,65
479,65
0,66
177,66
338,66
479,66
0,67
177,67
338,67
479,67
0,68
177,68
339,68
479,68
0,69
177,69
339,69
479,69
0,70
178,70
339,70
479,70
0,71
178,71
339,71
479,71
0,72
178,72
339,72
479,72
0,73
178,73
339,73
479,73
0,74
179,74
340,74
479,74
0,75
179,75
340,75
479,75
0,76
179,76
340,76
479,76
0,77
179,77
340,77
479,77
0,78
179,78
340,78
479,78
0,79
178,79
340,79
479,79
0,80
178,80
341,80
479,80
0,81
177,81
341,81
479,81
0,82
177,82
341,82
479,82
0,83
176,83
341,83
479,83
0,84
175,84
342,84
479,84
0,85
175,85
342,85
479,85
0,86
174,86
342,86
479,86
0,87
173,87
343,87
479,87
0,88
173,88
343,88
479,88
0,89
171,89
343,89
479,89
0,90
170,90
342,90
479,90
0,91
168,91
342,91
479,91
0,92
165,92
342,92
479,92
0,93
164,93
338,93
479,93
0,94
164,94
334,94
479,94
0,95
164,95
301,95
301,95
331,95
335,95
338,95
479,95
0,96
163,96
301,96
301,96
331,96
479,96
0,97
160,97
162,97
163,97
301,97
302,97
332,97
479,97
0,98
161,98
300,98
302,98
332,98
479,98
0,99
160,99
300,99
302,99
333,99
479,99
0,100
159,100
300,100
302,100
333,100
479,100
0,101
159,101
300,101
302,101
333,101
479,101
0,102
159,102
299,102
302,102
334,102
479,102
0,103
160,103
299,103
302,103
334,103
334,103
336,103
479,103
0,104
162,104
298,104
303,104
335,104
479,104
0,105
163,105
298,105
302,105
335,105
479,105
0,106
166,106
298,106
298,106
300,106
302,106
335,106
479,106
0,107
167,107
297,107
302,107
336,107
479,107
0,108
168,108
297,108
303,108
336,108
479,108
0,109
169,109
296,109
303,109
336,109
479,109
0,110
171,110
182,110
182,110
296,110
303,110
337,110
479,110
0,111
172,111
181,111
181,111
296,111
302,111
337,111
479,111
0,112
171,112
173,112
174,112
180,112
181,112
296,112
302,112
337,112
479,112
0,113
176,113
181,113
181,113
296,113
302,113
338,113
479,113
0,114
179,114
181,114
181,114
296,114
302,114
338,114
479,114
0,115
175,115
177,115
180,115
296,115
296,115
298,115
302,115
338,115
479,115
0,116
180,116
298,116
302,116
338,116
479,116
0,117
179,117
299,117
301,117
339,117
479,117
0,118
178,118
301,118
301,118
339,118
479,118
0,119
175,119
177,119
177,119
339,119
479,119
0,120
174,120
339,120
479,120
0,121
176,121
340,121
479,121
0,122
175,122
297,122
299,122
340,122
479,122
0,123
173,123
182,123
183,123
298,123
301,123
340,123
479,123
0,124
173,124
180,124
183,124
299,124
301,124
340,124
479,124
0,125
173,125
178,125
183,125
299,125
301,125
340,125
479,125
0,126
183,126
295,126
301,126
341,126
479,126
0,127
182,127
295,127
295,127
298,127
301,127
341,127
479,127
0,128
183,128
189,128
189,128
296,128
301,128
341,128
479,128
0,129
183,129
188,129
189,129
296,129
301,129
341,129
479,129
0,130
183,130
188,130
189,130
289,130
289,130
296,130
301,130
341,130
479,130
0,131
183,131
187,131
190,131
288,131
289,131
296,131
301,131
342,131
479,131
0,132
183,132
187,132
187,132
189,132
190,132
288,132
291,132
296,132
301,132
342,132
479,132
0,133
183,133
186,133
191,133
288,133
292,133
296,133
301,133
342,133
479,133
0,134
191,134
288,134
293,134
296,134
301,134
342,134
479,134
0,135
192,135
287,135
301,135
342,135
435,135
442,135
479,135
0,136
192,136
283,136
284,136
286,136
301,136
343,136
427,136
429,136
431,136
442,136
479,136
0,137
193,137
283,137
302,137
343,137
430,137
444,137
479,137
0,138
195,138
283,138
302,138
343,138
429,138
445,138
479,138
0,139
39,139
46,139
195,139
282,139
302,139
343,139
427,139
446,139
479,139
0,140
36,140
46,140
195,140
282,140
302,140
343,140
426,140
447,140
479,140
0,141
32,141
34,141
35,141
47,141
195,141
282,141
302,141
344,141
419,141
421,141
424,141
449,141
479,141
0,142
33,142
49,142
193,142
195,142
195,142
281,142
303,142
344,142
422,142
451,142
479,142
0,143
33,143
51,143
193,143
214,143
214,143
279,143
303,143
344,143
420,143
452,143
479,143
0,144
31,144
52,144
193,144
195,144
196,144
214,144
214,144
235,144
235,144
265,144
265,144
278,144
303,144
342,144
342,144
344,144
416,144
453,144
479,144
0,145
30,145
54,145
196,145
211,145
211,145
214,145
214,145
265,145
265,145
278,145
279,145
281,145
304,145
343,145
417,145
455,145
479,145
0,146
27,146
57,146
196,146
211,146
214,146
265,146
265,146
278,146
279,146
281,146
304,146
343,146
413,146
457,146
479,146
0,147
27,147
57,147
196,147
203,147
203,147
211,147
214,147
219,147
220,147
257,147
257,147
264,147
265,147
274,147
274,147
278,147
278,147
280,147
304,147
343,147
413,147
458,147
479,147
0,148
23,148
25,148
25,148
60,148
196,148
202,148
202,148
211,148
214,148
219,148
221,148
257,148
257,148
261,148
261,148
264,148
265,148
274,148
274,148
279,148
304,148
343,148
411,148
459,148
479,148
0,149
20,149
22,149
23,149
60,149
196,149
201,149
203,149
211,149
214,149
219,149
219,149
221,149
221,149
255,149
257,149
261,149
261,149
264,149
265,149
274,149
274,149
278,149
305,149
342,149
407,149
409,149
410,149
462,149
479,149
0,150
22,150
63,150
196,150
201,150
203,150
211,150
215,150
218,150
219,150
256,150
257,150
260,150
265,150
273,150
274,150
278,150
305,150
343,150
408,150
463,150
479,150
0,151
20,151
64,151
196,151
201,151
203,151
211,151
215,151
218,151
219,151
259,151
265,151
273,151
275,151
278,151
305,151
343,151
407,151
464,151
479,151
0,152
18,152
67,152
196,152
201,152
203,152
210,152
217,152
219,152
219,152
257,152
261,152
263,152
264,152
273,152
306,152
342,152
403,152
466,152
479,152
0,153
18,153
68,153
196,153
200,153
202,153
206,153
206,153
210,153
213,153
215,153
219,153
257,153
261,153
263,153
264,153
273,153
306,153
341,153
404,153
468,153
479,153
0,154
15,154
71,154
196,154
200,154
202,154
206,154
206,154
210,154
219,154
257,154
261,154
263,154
264,154
272,154
307,154
341,154
401,154
470,154
479,154
0,155
15,155
72,155
196,155
199,155
202,155
206,155
206,155
210,155
220,155
256,155
264,155
272,155
307,155
341,155
400,155
472,155
479,155
0,156
12,156
74,156
196,156
199,156
202,156
206,156
206,156
210,156
220,156
256,156
264,156
272,156
308,156
341,156
398,156
474,156
479,156
0,157
10,157
75,157
196,157
199,157
204,157
206,157
206,157
209,157
220,157
256,157
264,157
272,157
308,157
340,157
397,157
438,157
440,157
476,157
479,157
0,158
8,158
78,158
196,158
199,158
206,158
210,158
220,158
255,158
264,158
271,158
308,158
340,158
395,158
435,158
442,158
478,158
479,158
0,159
7,159
79,159
206,159
209,159
220,159
255,159
264,159
271,159
308,159
340,159
395,159
435,159
443,159
0,160
0,160
3,160
5,160
39,160
39,160
80,160
207,160
209,160
219,160
256,160
265,160
271,160
309,160
339,160
388,160
392,160
392,160
432,160
432,160
434,160
444,160
1,161
2,161
37,161
41,161
82,161
218,161
257,161
265,161
268,161
268,161
270,161
309,161
339,161
391,161
431,161
445,161
1,162
1,162
36,162
43,162
84,162
212,162
214,162
216,162
259,162
268,162
270,162
309,162
339,162
339,162
341,162
389,162
430,162
446,162
35,163
45,163
84,163
209,163
212,163
214,163
261,163
309,163
338,163
388,163
427,163
427,163
429,163
447,163
34,164
46,164
87,164
212,164
263,164
310,164
338,164
386,164
425,164
448,164
33,165
47,165
88,165
209,165
266,165
310,165
337,165
383,165
385,165
386,165
424,165
448,165
32,166
50,166
89,166
207,166
269,166
310,166
337,166
383,166
422,166
447,166
32,167
51,167
90,167
204,167
270,167
311,167
337,167
383,167
422,167
445,167
31,168
53,168
91,168
202,168
273,168
311,168
336,168
381,168
423,168
444,168
30,169
30,169
32,169
55,169
94,169
200,169
275,169
311,169
336,169
380,169
423,169
443,169
32,170
57,170
95,170
195,170
197,170
199,170
276,170
311,170
336,170
375,170
377,170
378,170
424,170
443,170
32,171
56,171
96,171
197,171
278,171
311,171
337,171
375,171
377,171
377,171
424,171
442,171
34,172
55,172
98,172
192,172
195,172
195,172
279,172
311,172
316,172
316,172
337,172
372,172
374,172
375,172
424,172
442,172
35,173
55,173
100,173
194,173
280,173
311,173
316,173
316,173
334,173
374,173
425,173
442,173
35,174
54,174
101,174
193,174
282,174
311,174
315,174
317,174
334,174
372,174
401,174
402,174
425,174
439,174
441,174
441,174
36,175
53,175
103,175
192,175
283,175
311,175
314,175
317,175
334,175
371,175
400,175
401,175
426,175
440,175
36,176
53,176
76,176
76,176
104,176
190,176
284,176
316,176
330,176
330,176
333,176
368,176
399,176
401,176
426,176
440,176
37,177
53,177
76,177
77,177
106,177
190,177
285,177
316,177
321,177
321,177
330,177
367,177
397,177
400,177
427,177
440,177
37,178
52,178
76,178
78,178
108,178
189,178
286,178
317,178
321,178
321,178
330,178
363,178
395,178
400,178
427,178
439,178
467,178
467,178
37,179
52,179
77,179
78,179
109,179
188,179
287,179
317,179
330,179
363,179
394,179
400,179
427,179
439,179
467,179
469,179
38,180
51,180
77,180
83,180
112,180
157,180
161,180
187,180
287,180
315,180
323,180
324,180
329,180
357,180
393,180
399,180
428,180
439,180
468,180
471,180
38,181
51,181
78,181
78,181
80,181
84,181
115,181
119,181
122,181
187,181
288,181
289,181
291,181
314,181
329,181
353,181
391,181
399,181
428,181
438,181
468,181
473,181
10,182
11,182
39,182
50,182
78,182
85,182
118,182
153,182
162,182
186,182
289,182
311,182
338,182
345,182
390,182
398,182
428,182
438,182
468,182
474,182
10,183
11,183
39,183
50,183
79,183
86,183
121,183
149,183
165,183
185,183
290,183
311,183
390,183
398,183
429,183
435,183
437,183
437,183
470,183
476,183
9,184
10,184
39,184
40,184
42,184
50,184
79,184
88,184
127,184
127,184
165,184
184,184
291,184
305,184
309,184
309,184
389,184
398,184
429,184
437,184
470,184
477,184
6,185
10,185
40,185
41,185
43,185
49,185
79,185
89,185
167,185
183,185
292,185
308,185
387,185
398,185
429,185
438,185
469,185
479,185
3,186
10,186
40,186
41,186
43,186
49,186
80,186
90,186
168,186
183,186
293,186
305,186
386,186
398,186
429,186
438,186
468,186
479,186
2,187
7,187
9,187
10,187
41,187
48,187
80,187
92,187
171,187
179,187
181,187
182,187
294,187
304,187
383,187
383,187
385,187
398,187
429,187
438,187
468,187
479,187
0,188
7,188
9,188
10,188
41,188
49,188
79,188
93,188
172,188
178,188
181,188
181,188
295,188
302,188
383,188
398,188
429,188
438,188
468,188
479,188
0,189
7,189
9,189
10,189
40,189
49,189
79,189
93,189
175,189
180,189
296,189
301,189
381,189
398,189
428,189
438,189
468,189
479,189
0,190
7,190
9,190
10,190
40,190
41,190
43,190
49,190
79,190
96,190
176,190
180,190
297,190
299,190
382,190
399,190
428,190
438,190
468,190
479,190
0,191
10,191
40,191
49,191
79,191
97,191
176,191
179,191
297,191
298,191
384,191
399,191
428,191
438,191
468,191
479,191
0,192
10,192
40,192
49,192
79,192
96,192
383,192
399,192
428,192
438,192
468,192
479,192
0,193
10,193
40,193
49,193
79,193
96,193
385,193
399,193
428,193
439,193
468,193
479,193
0,194
10,194
40,194
49,194
79,194
94,194
385,194
400,194
428,194
439,194
468,194
479,194
0,195
10,195
40,195
49,195
79,195
94,195
385,195
400,195
427,195
439,195
468,195
479,195
0,196
10,196
40,196
50,196
79,196
93,196
340,196
340,196
342,196
363,196
386,196
400,196
427,196
439,196
467,196
479,196
0,197
10,197
40,197
50,197
78,197
93,197
118,197
118,197
340,197
363,197
386,197
400,197
427,197
439,197
467,197
479,197
0,198
10,198
40,198
50,198
78,198
92,198
116,198
127,198
341,198
363,198
386,198
401,198
428,198
439,198
466,198
479,198
0,199
11,199
40,199
51,199
78,199
92,199
115,199
137,199
322,199
323,199
342,199
363,199
387,199
401,199
428,199
439,199
466,199
470,199
472,199
479,199
0,200
11,200
38,200
38,200
40,200
51,200
78,200
92,200
115,200
136,200
154,200
155,200
318,200
321,200
342,200
362,200
387,200
401,200
427,200
440,200
466,200
479,200
0,201
11,201
38,201
51,201
77,201
91,201
116,201
136,201
155,201
155,201
316,201
321,201
343,201
361,201
387,201
401,201
426,201
441,201
466,201
479,201
0,202
12,202
38,202
51,202
77,202
91,202
117,202
135,202
156,202
158,202
315,202
321,202
343,202
361,202
388,202
401,202
426,202
440,202
466,202
479,202
0,203
12,203
38,203
52,203
77,203
90,203
117,203
134,203
156,203
167,203
314,203
321,203
343,203
360,203
388,203
402,203
426,203
441,203
466,203
479,203
0,204
12,204
37,204
52,204
77,204
90,204
117,204
134,204
156,204
168,204
308,204
320,204
344,204
360,204
389,204
402,204
425,204
441,204
464,204
479,204
0,205
13,205
37,205
52,205
77,205
90,205
117,205
134,205
157,205
168,205
310,205
320,205
344,205
359,205
389,205
402,205
425,205
441,205
464,205
464,205
466,205
479,205
0,206
13,206
37,206
52,206
76,206
89,206
118,206
133,206
157,206
167,206
310,206
319,206
345,206
359,206
390,206
402,206
425,206
442,206
464,206
479,206
1,207
13,207
37,207
53,207
76,207
89,207
118,207
118,207
120,207
133,207
157,207
167,207
311,207
319,207
345,207
359,207
390,207
403,207
424,207
442,207
465,207
479,207
0,208
13,208
37,208
53,208
75,208
88,208
119,208
132,208
158,208
161,208
165,208
166,208
311,208
319,208
345,208
359,208
390,208
403,208
425,208
441,208
464,208
479,208
0,209
13,209
38,209
53,209
75,209
88,209
119,209
132,209
158,209
165,209
310,209
318,209
346,209
359,209
390,209
403,209
425,209
441,209
464,209
479,209
0,210
14,210
38,210
53,210
75,210
88,210
119,210
132,210
158,210
164,210
310,210
318,210
346,210
359,210
389,210
403,210
424,210
441,210
463,210
479,210
0,211
14,211
38,211
54,211
75,211
88,211
119,211
131,211
159,211
164,211
312,211
318,211
347,211
359,211
389,211
403,211
423,211
441,211
463,211
479,211
0,212
14,212
36,212
54,212
75,212
88,212
119,212
131,212
159,212
164,212
312,212
318,212
347,212
359,212
389,212
403,212
423,212
443,212
463,212
479,212
0,213
14,213
36,213
54,213
74,213
88,213
119,213
131,213
159,213
164,213
312,213
317,213
347,213
359,213
389,213
403,213
423,213
443,213
463,213
479,213
0,214
15,214
36,214
54,214
74,214
88,214
119,214
130,214
160,214
164,214
312,214
317,214
347,214
359,214
389,214
404,214
423,214
443,214
462,214
479,214
0,215
15,215
36,215
55,215
74,215
88,215
119,215
130,215
160,215
164,215
311,215
317,215
347,215
359,215
389,215
405,215
423,215
443,215
462,215
479,215
0,216
15,216
35,216
55,216
74,216
89,216
118,216
129,216
160,216
164,216
310,216
317,216
347,216
360,216
388,216
405,216
422,216
443,216
462,216
479,216
0,217
15,217
35,217
55,217
74,217
89,217
118,217
130,217
160,217
165,217
308,217
317,217
347,217
360,217
388,217
405,217
422,217
444,217
462,217
479,217
0,218
16,218
35,218
55,218
73,218
89,218
118,218
130,218
160,218
166,218
306,218
308,218
310,218
317,218
347,218
361,218
388,218
405,218
422,218
444,218
461,218
479,218
0,219
16,219
35,219
55,219
73,219
89,219
117,219
130,219
160,219
167,219
305,219
318,219
347,219
361,219
388,219
405,219
422,219
444,219
461,219
461,219
463,219
479,219
0,220
16,220
33,220
33,220
35,220
55,220
73,220
89,220
117,220
130,220
160,220
170,220
304,220
305,220
307,220
318,220
347,220
361,220
387,220
405,220
421,220
444,220
461,220
479,220
0,221
17,221
35,221
56,221
73,221
90,221
117,221
130,221
160,221
168,221
170,221
171,221
305,221
318,221
347,221
361,221
387,221
405,221
421,221
445,221
460,221
479,221
0,222
17,222
34,222
56,222
73,222
90,222
117,222
130,222
160,222
168,222
306,222
318,222
346,222
361,222
387,222
405,222
421,222
445,222
460,222
479,222
0,223
17,223
34,223
56,223
72,223
90,223
117,223
128,223
130,223
131,223
159,223
167,223
307,223
318,223
346,223
362,223
386,223
405,223
420,223
445,223
460,223
479,223
0,224
17,224
34,224
56,224
72,224
91,224
116,224
131,224
159,224
165,224
167,224
168,224
307,224
319,224
346,224
361,224
387,224
407,224
421,224
445,224
460,224
479,224
0,225
17,225
34,225
56,225
72,225
91,225
116,225
131,225
159,225
167,225
308,225
319,225
346,225
362,225
386,225
407,225
420,225
445,225
459,225
479,225
0,226
18,226
33,226
57,226
72,226
91,226
116,226
132,226
158,226
163,226
309,226
319,226
345,226
362,226
386,226
407,226
420,226
446,226
459,226
479,226
0,227
18,227
33,227
57,227
72,227
91,227
116,227
132,227
158,227
165,227
310,227
319,227
345,227
363,227
385,227
407,227
419,227
446,227
459,227
479,227
0,228
18,228
32,228
57,228
71,228
92,228
116,228
132,228
158,228
164,228
314,228
320,228
345,228
363,228
385,228
407,228
419,228
446,228
459,228
479,228
0,229
18,229
32,229
58,229
71,229
92,229
115,229
132,229
158,229
162,229
314,229
320,229
345,229
363,229
385,229
408,229
419,229
446,229
458,229
479,229
0,230
18,230
32,230
58,230
71,230
92,230
115,230
132,230
157,230
161,230
314,230
320,230
345,230
363,230
385,230
408,230
419,230
447,230
458,230
479,230
0,231
19,231
32,231
58,231
70,231
92,231
115,231
133,231
157,231
161,231
314,231
320,231
345,231
363,231
385,231
408,231
419,231
447,231
458,231
479,231
0,232
19,232
31,232
58,232
70,232
92,232
115,232
133,232
157,232
162,232
312,232
321,232
345,232
364,232
384,232
408,232
419,232
447,232
458,232
479,232
0,233
19,233
31,233
58,233
69,233
93,233
114,233
133,233
157,233
163,233
309,233
321,233
344,233
364,233
384,233
409,233
418,233
447,233
457,233
479,233
0,234
19,234
31,234
59,234
69,234
93,234
115,234
133,234
156,234
164,234
307,234
321,234
344,234
364,234
383,234
409,234
418,234
447,234
457,234
479,234
0,235
19,235
31,235
59,235
69,235
93,235
114,235
133,235
156,235
168,235
305,235
308,235
311,235
321,235
344,235
364,235
383,235
408,235
418,235
448,235
457,235
479,235
0,236
20,236
30,236
60,236
69,236
94,236
114,236
134,236
156,236
169,236
306,236
322,236
343,236
364,236
383,236
409,236
417,236
448,236
456,236
479,236
0,237
20,237
30,237
60,237
69,237
94,237
114,237
134,237
155,237
165,237
167,237
167,237
169,237
169,237
306,237
322,237
343,237
365,237
383,237
410,237
417,237
448,237
456,237
479,237
0,238
20,238
30,238
60,238
68,238
94,238
113,238
133,238
155,238
169,238
307,238
322,238
343,238
365,238
382,238
410,238
417,238
448,238
456,238
479,238
0,239
21,239
30,239
60,239
68,239
94,239
113,239
134,239
155,239
168,239
307,239
323,239
343,239
364,239
382,239
410,239
416,239
448,239
455,239
479,239
0,240
21,240
30,240
60,240
68,240
95,240
113,240
134,240
155,240
165,240
167,240
168,240
307,240
323,240
342,240
365,240
382,240
410,240
416,240
448,240
455,240
479,240
0,241
21,241
30,241
61,241
68,241
95,241
113,241
134,241
155,241
165,241
167,241
168,241
307,241
323,241
342,241
365,241
382,241
411,241
416,241
449,241
455,241
479,241
0,242
21,242
30,242
61,242
68,242
95,242
113,242
135,242
154,242
165,242
167,242
167,242
308,242
323,242
342,242
365,242
382,242
411,242
416,242
449,242
454,242
479,242
0,243
22,243
30,243
61,243
68,243
95,243
113,243
135,243
154,243
167,243
308,243
324,243
342,243
366,243
381,243
412,243
415,243
449,243
454,243
479,243
0,244
22,244
28,244
62,244
68,244
96,244
113,244
135,244
154,244
167,244
308,244
324,244
341,244
366,244
381,244
449,244
453,244
479,244
0,245
23,245
28,245
63,245
67,245
96,245
112,245
135,245
154,245
166,245
309,245
324,245
341,245
366,245
381,245
479,245
0,246
23,246
28,246
63,246
67,246
96,246
112,246
135,246
153,246
166,246
309,246
324,246
341,246
366,246
380,246
479,246
0,247
24,247
28,247
64,247
67,247
96,247
112,247
136,247
153,247
166,247
309,247
324,247
341,247
366,247
380,247
479,247
0,248
96,248
112,248
136,248
153,248
165,248
309,248
324,248
341,248
366,248
380,248
479,248
0,249
97,249
112,249
136,249
153,249
165,249
310,249
325,249
341,249
367,249
379,249
479,249
0,250
97,250
111,250
136,250
153,250
165,250
310,250
325,250
340,250
367,250
379,250
479,250
0,251
98,251
111,251
137,251
152,251
165,251
310,251
325,251
340,251
367,251
379,251
479,251
0,252
98,252
111,252
137,252
152,252
164,252
310,252
325,252
340,252
367,252
379,252
479,252
0,253
98,253
111,253
137,253
152,253
164,253
311,253
326,253
339,253
367,253
379,253
479,253
0,254
98,254
111,254
137,254
151,254
164,254
311,254
326,254
339,254
368,254
378,254
479,254
0,255
99,255
110,255
137,255
151,255
163,255
311,255
326,255
339,255
368,255
378,255
479,255
0,256
99,256
109,256
137,256
151,256
163,256
312,256
327,256
339,256
368,256
378,256
479,256
0,257
99,257
109,257
138,257
151,257
163,257
312,257
327,257
339,257
368,257
378,257
479,257
0,258
99,258
109,258
138,258
151,258
163,258
312,258
327,258
339,258
368,258
377,258
479,258
0,259
100,259
109,259
138,259
150,259
163,259
312,259
327,259
338,259
369,259
377,259
479,259
0,260
100,260
109,260
138,260
150,260
162,260
312,260
328,260
338,260
369,260
376,260
479,260
0,261
100,261
109,261
138,261
150,261
162,261
313,261
328,261
338,261
369,261
376,261
479,261
0,262
101,262
109,262
139,262
150,262
162,262
313,262
328,262
337,262
369,262
376,262
479,262
0,263
101,263
108,263
139,263
149,263
161,263
313,263
328,263
337,263
369,263
375,263
479,263
0,264
101,264
108,264
139,264
149,264
161,264
313,264
329,264
337,264
370,264
375,264
479,264
0,265
101,265
108,265
139,265
149,265
161,265
314,265
329,265
337,265
371,265
374,265
479,265
0,266
102,266
108,266
139,266
149,266
161,266
314,266
329,266
336,266
371,266
374,266
479,266
0,267
103,267
107,267
140,267
150,267
161,267
314,267
329,267
336,267
370,267
374,267
479,267
0,268
103,268
107,268
140,268
148,268
161,268
314,268
330,268
336,268
371,268
374,268
479,268
0,269
103,269
107,269
141,269
148,269
160,269
314,269
330,269
336,269
479,269
0,270
103,270
105,270
141,270
148,270
160,270
314,270
330,270
335,270
479,270
0,271
141,271
148,271
160,271
314,271
331,271
335,271
479,271
0,272
141,272
147,272
160,272
314,272
479,272
0,273
142,273
147,273
160,273
191,273
191,273
314,273
479,273
0,274
142,274
147,274
160,274
191,274
191,274
314,274
479,274
0,275
143,275
146,275
160,275
191,275
191,275
314,275
479,275
0,276
142,276
145,276
160,276
190,276
191,276
314,276
405,276
408,276
479,276
0,277
160,277
190,277
191,277
314,277
397,277
409,277
479,277
0,278
159,278
190,278
191,278
287,278
287,278
314,278
395,278
410,278
479,278
0,279
69,279
78,279
158,279
190,279
192,279
287,279
287,279
315,279
392,279
411,279
479,279
0,280
67,280
82,280
149,280
152,280
156,280
189,280
192,280
287,280
287,280
317,280
317,280
320,280
391,280
412,280
479,280
0,281
67,281
84,281
153,281
189,281
192,281
287,281
287,281
322,281
389,281
411,281
479,281
0,282
67,282
85,282
150,282
189,282
192,282
287,282
288,282
325,282
389,282
411,282
479,282
0,283
66,283
86,283
147,283
189,283
192,283
287,283
288,283
327,283
386,283
410,283
479,283
0,284
67,284
88,284
145,284
186,284
186,284
188,284
192,284
287,284
288,284
331,284
331,284
333,284
385,284
410,284
479,284
0,285
67,285
90,285
143,285
185,285
192,285
286,285
287,285
289,285
289,285
334,285
379,285
381,285
382,285
409,285
479,285
0,286
68,286
92,286
141,286
184,286
192,286
286,286
287,286
289,286
289,286
338,286
381,286
402,286
479,286
0,287
68,287
92,287
139,287
184,287
192,287
286,287
289,287
340,287
378,287
401,287
479,287
0,288
30,288
32,288
32,288
35,288
75,288
95,288
137,288
184,288
192,288
286,288
290,288
344,288
373,288
376,288
376,288
401,288
441,288
444,288
444,288
446,288
479,288
0,289
29,289
36,289
76,289
98,289
129,289
131,289
134,289
183,289
192,289
286,289
290,289
347,289
373,289
401,289
444,289
448,289
479,289
0,290
29,290
38,290
77,290
100,290
132,290
183,290
192,290
286,290
291,290
349,290
372,290
400,290
440,290
449,290
479,290
0,291
28,291
38,291
77,291
100,291
124,291
126,291
130,291
182,291
192,291
286,291
291,291
350,291
371,291
400,291
440,291
450,291
479,291
0,292
28,292
39,292
78,292
103,292
121,292
123,292
123,292
125,292
127,292
182,292
192,292
287,292
291,292
354,292
367,292
399,292
433,292
437,292
439,292
450,292
479,292
0,293
28,293
42,293
78,293
105,293
124,293
182,293
192,293
287,293
292,293
360,293
361,293
365,293
366,293
402,293
437,293
450,293
479,293
0,294
28,294
44,294
78,294
106,294
120,294
122,294
122,294
182,294
192,294
287,294
292,294
403,294
433,294
450,294
479,294
0,295
28,295
45,295
77,295
107,295
121,295
182,295
192,295
286,295
292,295
403,295
432,295
449,295
479,295
0,296
28,296
47,296
59,296
61,296
67,296
69,296
75,296
108,296
116,296
180,296
192,296
287,296
293,296
411,296
430,296
449,296
479,296
0,297
28,297
50,297
59,297
61,297
71,297
112,297
113,297
180,297
192,297
287,297
294,297
424,297
427,297
449,297
479,297
0,298
28,298
179,298
192,298
287,298
294,298
448,298
479,298
0,299
28,299
178,299
192,299
287,299
295,299
448,299
479,299
0,300
29,300
178,300
191,300
287,300
295,300
448,300
479,300
0,301
27,301
29,301
29,301
177,301
191,301
287,301
296,301
448,301
479,301
0,302
29,302
176,302
191,302
287,302
297,302
448,302
479,302
0,303
29,303
175,303
191,303
288,303
298,303
448,303
479,303
0,304
30,304
174,304
191,304
287,304
299,304
447,304
479,304
0,305
31,305
172,305
191,305
288,305
300,305
447,305
479,305
0,306
32,306
171,306
191,306
288,306
301,306
446,306
479,306
0,307
33,307
170,307
171,307
173,307
191,307
288,307
303,307
445,307
479,307
0,308
33,308
168,308
170,308
172,308
190,308
289,308
304,308
444,308
479,308
0,309
34,309
167,309
190,309
289,309
307,309
442,309
479,309
0,310
34,310
163,310
190,310
289,310
309,310
442,310
479,310
0,311
35,311
160,311
190,311
289,311
311,311
442,311
479,311
0,312
35,312
158,312
190,312
289,312
311,312
313,312
315,312
442,312
479,312
0,313
35,313
155,313
190,313
289,313
318,313
442,313
479,313
0,314
35,314
153,314
191,314
288,314
321,314
442,314
479,314
0,315
36,315
150,315
151,315
153,315
191,315
287,315
326,315
441,315
479,315
0,316
37,316
147,316
191,316
287,316
329,316
440,316
479,316
0,317
37,317
145,317
191,317
287,317
332,317
439,317
479,317
0,318
39,318
142,318
145,318
147,318
191,318
288,318
336,318
438,318
479,318
0,319
40,319
139,319
191,319
288,319
340,319
437,319
479,319
0,320
42,320
136,320
190,320
289,320
344,320
435,320
479,320
0,321
44,321
133,321
190,321
289,321
346,321
434,321
479,321
0,322
46,322
130,322
189,322
290,322
349,322
432,322
479,322
0,323
48,323
127,323
189,323
290,323
290,323
292,323
353,323
430,323
479,323
0,324
48,324
125,324
188,324
290,324
358,324
430,324
479,324
0,325
49,325
122,325
188,325
291,325
363,325
429,325
479,325
0,326
50,326
119,326
187,326
291,326
366,326
368,326
368,326
428,326
479,326
0,327
52,327
116,327
187,327
292,327
292,327
294,327
374,327
427,327
479,327
0,328
63,328
110,328
111,328
113,328
186,328
292,328
381,328
426,328
479,328
0,329
72,329
100,329
186,329
293,329
394,329
425,329
479,329
0,330
185,330
293,330
479,330
0,331
70,331
74,331
185,331
294,331
394,331
418,331
479,331
0,332
72,332
74,332
184,332
294,332
479,332
0,333
184,333
295,333
479,333
0,334
184,334
295,334
479,334
0,335
183,335
296,335
479,335
0,336
183,336
296,336
479,336
0,337
182,337
297,337
479,337
0,338
182,338
297,338
479,338
0,339
181,339
297,339
479,339
0,340
181,340
298,340
479,340
0,341
180,341
298,341
479,341
0,342
180,342
299,342
479,342
0,343
180,343
299,343
479,343
0,344
179,344
300,344
479,344
0,345
179,345
300,345
479,345
0,346
178,346
300,346
479,346
0,347
178,347
301,347
479,347
0,348
178,348
301,348
479,348
0,349
177,349
301,349
479,349
0,350
177,350
302,350
479,350
0,351
177,351
302,351
479,351
0,352
176,352
302,352
479,352
0,353
176,353
303,353
479,353
0,354
176,354
303,354
479,354
0,355
176,355
303,355
479,355
0,356
175,356
304,356
479,356
0,357
175,357
304,357
479,357
0,358
175,358
304,358
479,358
0,359
175,359
304,359
479,359
