227,7
239,7
223,8
245,8
221,9
249,9
218,10
253,10
216,11
257,11
215,12
261,12
214,13
265,13
211,14
271,14
211,15
275,15
209,16
279,16
208,17
282,17
208,18
284,18
207,19
287,19
207,20
289,20
206,21
291,21
204,22
292,22
203,23
294,23
203,24
295,24
202,25
296,25
201,26
297,26
201,27
299,27
201,28
300,28
199,29
199,29
201,29
300,29
200,30
301,30
198,31
198,31
200,31
302,31
198,32
303,32
198,33
304,33
197,34
304,34
197,35
305,35
197,36
306,36
196,37
306,37
195,38
307,38
195,39
307,39
195,40
307,40
195,41
308,41
194,42
308,42
194,43
309,43
193,44
309,44
193,45
310,45
193,46
310,46
193,47
310,47
193,48
310,48
193,49
311,49
192,50
311,50
192,51
311,51
192,52
311,52
192,53
311,53
192,54
311,54
330,54
341,54
193,55
311,55
326,55
342,55
193,56
311,56
324,56
344,56
193,57
311,57
322,57
345,57
192,58
311,58
320,58
346,58
191,59
311,59
318,59
347,59
190,60
311,60
317,60
347,60
189,61
311,61
316,61
316,61
318,61
348,61
187,62
311,62
315,62
348,62
185,63
186,63
189,63
310,63
314,63
348,63
183,64
349,64
181,65
349,65
168,66
172,66
179,66
349,66
168,67
174,67
176,67
349,67
168,68
350,68
168,69
350,69
168,70
350,70
168,71
350,71
167,72
351,72
165,73
351,73
164,74
351,74
163,75
351,75
166,76
166,76
168,76
351,76
165,77
351,77
166,78
351,78
167,79
351,79
168,80
351,80
169,81
169,81
171,81
351,81
169,82
170,82
172,82
350,82
170,83
350,83
171,84
350,84
172,85
350,85
173,86
350,86
174,87
350,87
175,88
350,88
175,89
349,89
176,90
183,90
185,90
349,90
178,91
182,91
186,91
349,91
178,92
181,92
186,92
349,92
187,93
348,93
187,94
348,94
188,95
348,95
189,96
347,96
189,97
346,97
189,98
309,98
312,98
346,98
189,99
308,99
313,99
345,99
188,100
307,100
313,100
343,100
187,101
307,101
313,101
344,101
187,102
306,102
313,102
341,102
343,102
343,102
186,103
305,103
313,103
342,103
186,104
305,104
313,104
341,104
184,105
304,105
312,105
340,105
183,106
304,106
312,106
336,106
339,106
340,106
182,107
303,107
312,107
336,107
339,107
339,107
181,108
302,108
313,108
339,108
180,109
301,109
312,109
339,109
178,110
183,110
187,110
301,110
312,110
339,110
177,111
179,111
187,111
300,111
312,111
339,111
187,112
299,112
312,112
339,112
187,113
299,113
312,113
340,113
186,114
298,114
312,114
340,114
186,115
297,115
312,115
341,115
186,116
297,116
312,116
338,116
341,116
341,116
418,116
420,116
186,117
187,117
190,117
296,117
312,117
340,117
416,117
422,117
185,118
187,118
191,118
296,118
312,118
339,118
414,118
423,118
185,119
186,119
191,119
296,119
312,119
339,119
413,119
425,119
185,120
186,120
191,120
218,120
222,120
296,120
311,120
339,120
411,120
427,120
185,121
185,121
192,121
218,121
223,121
296,121
311,121
339,121
409,121
429,121
192,122
218,122
225,122
296,122
311,122
339,122
407,122
430,122
192,123
219,123
226,123
296,123
311,123
340,123
405,123
428,123
431,123
432,123
192,124
219,124
227,124
296,124
311,124
340,124
403,124
434,124
192,125
194,125
196,125
220,125
228,125
296,125
311,125
340,125
402,125
435,125
56,126
60,126
193,126
193,126
196,126
220,126
230,126
296,126
311,126
340,126
399,126
437,126
54,127
61,127
193,127
193,127
196,127
221,127
232,127
297,127
311,127
340,127
397,127
419,127
424,127
438,127
52,128
63,128
193,128
193,128
196,128
222,128
234,128
298,128
311,128
340,128
396,128
417,128
425,128
440,128
51,129
64,129
197,129
224,129
236,129
292,129
295,129
299,129
310,129
340,129
393,129
416,129
426,129
441,129
49,130
65,130
197,130
201,130
203,130
225,130
239,130
292,130
298,130
301,130
310,130
341,130
391,130
414,130
428,130
444,130
48,131
68,131
197,131
201,131
204,131
226,131
241,131
292,131
302,131
302,131
310,131
341,131
390,131
413,131
429,131
446,131
46,132
71,132
197,132
197,132
199,132
201,132
204,132
228,132
242,132
243,132
246,132
292,132
310,132
341,132
388,132
411,132
431,132
447,132
45,133
72,133
199,133
201,133
205,133
211,133
214,133
230,133
248,133
292,133
310,133
341,133
386,133
409,133
432,133
449,133
44,134
75,134
200,134
201,134
205,134
211,134
214,134
232,134
253,134
292,134
310,134
341,134
384,134
408,134
434,134
451,134
42,135
45,135
47,135
78,135
200,135
201,135
205,135
210,135
214,135
238,135
240,135
243,135
245,135
249,135
251,135
292,135
310,135
342,135
383,135
405,135
435,135
454,135
41,136
80,136
200,136
201,136
205,136
206,136
209,136
210,136
214,136
287,136
290,136
292,136
310,136
342,136
382,136
404,136
435,136
456,136
39,137
53,137
58,137
81,137
206,137
206,137
210,137
210,137
214,137
287,137
290,137
292,137
310,137
342,137
379,137
403,137
435,137
459,137
37,138
52,138
60,138
84,138
206,138
206,138
210,138
210,138
214,138
286,138
291,138
292,138
310,138
342,138
378,138
403,138
435,138
461,138
35,139
50,139
61,139
86,139
214,139
220,139
222,139
281,139
284,139
285,139
291,139
292,139
310,139
342,139
376,139
404,139
435,139
463,139
33,140
49,140
63,140
88,140
210,140
210,140
214,140
217,140
219,140
220,140
223,140
281,140
284,140
284,140
292,140
292,140
310,140
342,140
375,140
390,140
395,140
404,140
435,140
465,140
32,141
48,141
64,141
88,141
210,141
210,141
214,141
215,141
219,141
219,141
224,141
265,141
267,141
280,141
284,141
284,141
292,141
293,141
310,141
342,141
374,141
388,141
396,141
406,141
435,141
469,141
30,142
46,142
67,142
91,142
210,142
210,142
214,142
215,142
220,142
220,142
224,142
254,142
257,142
264,142
268,142
280,142
284,142
284,142
293,142
293,142
310,142
342,142
372,142
385,142
396,142
409,142
436,142
472,142
29,143
45,143
68,143
93,143
214,143
215,143
224,143
249,143
252,143
253,143
257,143
264,143
268,143
280,143
310,143
343,143
370,143
383,143
396,143
410,143
436,143
474,143
26,144
44,144
70,144
94,144
214,144
215,144
224,144
248,144
253,144
253,144
257,144
263,144
268,144
271,144
274,144
279,144
310,144
343,144
368,144
381,144
396,144
410,144
435,144
477,144
24,145
42,145
73,145
96,145
214,145
214,145
224,145
247,145
253,145
254,145
257,145
263,145
268,145
271,145
274,145
279,145
310,145
341,145
343,145
343,145
367,145
379,145
395,145
411,145
435,145
479,145
22,146
42,146
73,146
98,146
214,146
214,146
224,146
248,146
253,146
253,146
257,146
262,146
269,146
271,146
274,146
275,146
278,146
278,146
310,146
340,146
365,146
378,146
394,146
413,146
435,146
479,146
19,147
42,147
73,147
81,147
84,147
100,147
213,147
214,147
224,147
248,147
253,147
253,147
257,147
261,147
269,147
270,147
274,147
274,147
278,147
278,147
310,147
340,147
363,147
376,147
394,147
413,147
434,147
479,147
18,148
43,148
72,148
81,148
86,148
100,148
224,148
248,148
252,148
252,148
257,148
259,148
261,148
261,148
269,148
270,148
274,148
274,148
278,148
278,148
311,148
340,148
362,148
375,148
394,148
414,148
434,148
479,148
15,149
43,149
72,149
81,149
88,149
101,149
103,149
103,149
224,149
248,149
252,149
253,149
257,149
259,149
261,149
261,149
269,149
270,149
274,149
274,149
311,149
341,149
359,149
374,149
394,149
415,149
434,149
479,149
12,150
43,150
70,150
80,150
90,150
105,150
219,150
253,150
256,150
257,150
269,150
270,150
274,150
274,150
311,150
341,150
357,150
373,150
394,150
416,150
434,150
459,150
463,150
479,150
10,151
43,151
68,151
80,151
94,151
107,151
219,151
253,151
256,151
257,151
269,151
270,151
311,151
338,151
340,151
341,151
355,151
371,151
394,151
417,151
434,151
459,151
467,151
479,151
6,152
42,152
67,152
80,152
95,152
107,152
220,152
252,152
256,152
257,152
270,152
270,152
273,152
273,152
311,152
338,152
340,152
340,152
352,152
370,152
394,152
418,152
434,152
460,152
469,152
479,152
3,153
42,153
66,153
81,153
97,153
110,153
220,153
251,153
256,153
256,153
312,153
338,153
340,153
341,153
350,153
369,153
394,153
418,153
434,153
460,153
470,153
479,153
0,154
1,154
3,154
42,154
65,154
81,154
98,154
111,154
113,154
113,154
220,154
252,154
303,154
306,154
312,154
341,154
344,154
367,154
393,154
418,154
434,154
460,154
470,154
479,154
1,155
42,155
64,155
82,155
100,155
115,155
220,155
252,155
301,155
346,155
348,155
366,155
393,155
419,155
434,155
460,155
471,155
479,155
0,156
43,156
64,156
82,156
101,156
116,156
221,156
251,156
301,156
366,156
393,156
419,156
434,156
461,156
472,156
479,156
0,157
44,157
63,157
82,157
102,157
119,157
221,157
251,157
300,157
366,157
393,157
419,157
434,157
461,157
472,157
479,157
0,158
44,158
62,158
82,158
104,158
123,158
168,158
172,158
221,158
252,158
300,158
366,158
393,158
419,158
435,158
461,158
473,158
479,158
0,159
17,159
21,159
44,159
61,159
82,159
106,159
127,159
163,159
173,159
221,159
253,159
299,159
366,159
393,159
419,159
435,159
461,159
473,159
479,159
0,160
14,160
20,160
44,160
61,160
82,160
108,160
132,160
152,160
174,160
219,160
255,160
298,160
367,160
393,160
419,160
435,160
462,160
472,160
479,160
0,161
11,161
20,161
44,161
60,161
82,161
108,161
175,161
217,161
257,161
298,161
337,161
339,161
341,161
360,161
369,161
393,161
419,161
436,161
462,161
473,161
479,161
0,162
10,162
19,162
44,162
60,162
83,162
109,162
175,162
214,162
260,162
297,162
339,162
359,162
371,162
394,162
419,162
436,162
462,162
473,162
479,162
0,163
7,163
9,163
9,163
19,163
44,163
59,163
83,163
109,163
110,163
112,163
176,163
211,163
263,163
297,163
339,163
359,163
372,163
394,163
419,163
437,163
463,163
474,163
479,163
0,164
7,164
9,164
9,164
19,164
44,164
59,164
83,164
109,164
176,164
209,164
265,164
296,164
338,164
358,164
373,164
395,164
419,164
438,164
463,164
474,164
479,164
0,165
9,165
18,165
44,165
59,165
83,165
109,165
177,165
206,165
267,165
296,165
309,165
311,165
338,165
357,165
374,165
396,165
419,165
439,165
463,165
475,165
479,165
0,166
8,166
18,166
44,166
59,166
83,166
109,166
128,166
141,166
178,166
203,166
269,166
271,166
271,166
295,166
308,166
312,166
338,166
357,166
374,166
397,166
420,166
440,166
464,166
476,166
479,166
0,167
7,167
18,167
44,167
58,167
84,167
109,167
117,167
148,167
175,167
178,167
178,167
200,167
268,167
271,167
272,167
294,167
306,167
312,167
337,167
357,167
375,167
397,167
420,167
441,167
464,167
476,167
479,167
0,168
7,168
18,168
43,168
59,168
84,168
107,168
116,168
153,168
179,168
199,168
274,168
294,168
306,168
313,168
337,168
356,168
375,168
398,168
420,168
442,168
464,168
477,168
477,168
479,168
479,168
0,169
7,169
18,169
43,169
58,169
84,169
105,169
116,169
154,169
163,169
166,169
179,169
197,169
276,169
293,169
305,169
314,169
337,169
356,169
376,169
398,169
420,169
443,169
465,169
477,169
477,169
479,169
479,169
0,170
8,170
18,170
43,170
58,170
83,170
104,170
117,170
155,170
163,170
167,170
180,170
194,170
277,170
293,170
304,170
314,170
337,170
356,170
377,170
399,170
420,170
444,170
465,170
479,170
479,170
0,171
8,171
17,171
43,171
58,171
83,171
104,171
118,171
155,171
163,171
168,171
181,171
193,171
279,171
292,171
303,171
314,171
336,171
356,171
377,171
400,171
420,171
445,171
465,171
479,171
479,171
0,172
7,172
17,172
43,172
58,172
82,172
103,172
119,172
154,172
163,172
169,172
181,172
192,172
280,172
292,172
303,172
313,172
336,172
356,172
378,172
401,172
420,172
446,172
465,172
0,173
6,173
17,173
42,173
58,173
82,173
102,173
119,173
152,173
161,173
170,173
182,173
191,173
281,173
291,173
302,173
312,173
329,173
331,173
335,173
356,173
379,173
401,173
420,173
447,173
466,173
0,174
6,174
17,174
41,174
58,174
81,174
102,174
119,174
151,174
161,174
171,174
183,174
190,174
282,174
290,174
301,174
311,174
329,174
331,174
335,174
356,174
379,174
402,174
420,174
448,174
466,174
0,175
5,175
17,175
40,175
58,175
81,175
101,175
119,175
149,175
150,175
152,175
161,175
172,175
183,175
189,175
280,175
282,175
283,175
289,175
300,175
311,175
329,175
331,175
335,175
355,175
380,175
402,175
420,175
449,175
466,175
0,176
5,176
16,176
39,176
58,176
80,176
100,176
120,176
149,176
162,176
173,176
183,176
187,176
284,176
289,176
297,176
299,176
299,176
311,176
329,176
332,176
334,176
355,176
380,176
403,176
420,176
451,176
466,176
0,177
4,177
16,177
38,177
58,177
79,177
100,177
120,177
148,177
163,177
174,177
285,177
288,177
299,177
311,177
334,177
355,177
380,177
404,177
421,177
452,177
467,177
0,178
4,178
15,178
37,178
58,178
79,178
99,178
120,178
147,178
163,178
175,178
298,178
310,178
334,178
355,178
380,178
405,178
421,178
453,178
467,178
0,179
3,179
15,179
37,179
58,179
78,179
99,179
120,179
147,179
164,179
176,179
297,179
310,179
333,179
354,179
380,179
405,179
421,179
453,179
467,179
0,180
2,180
15,180
35,180
58,180
78,180
98,180
120,180
146,180
164,180
176,180
296,180
310,180
333,180
354,180
380,180
405,180
421,180
454,180
467,180
0,181
2,181
15,181
35,181
58,181
77,181
97,181
120,181
146,181
164,181
177,181
295,181
310,181
332,181
354,181
380,181
406,181
421,181
455,181
468,181
0,182
1,182
15,182
33,182
58,182
77,182
97,182
121,182
145,182
164,182
178,182
294,182
310,182
333,182
355,182
380,182
407,182
421,182
456,182
468,182
0,183
0,183
15,183
33,183
58,183
76,183
96,183
121,183
145,183
165,183
179,183
294,183
309,183
333,183
356,183
380,183
407,183
421,183
458,183
468,183
14,184
32,184
58,184
76,184
96,184
122,184
144,184
164,184
180,184
294,184
309,184
333,184
356,184
380,184
408,184
421,184
458,184
469,184
14,185
31,185
58,185
75,185
97,185
122,185
144,185
165,185
180,185
295,185
309,185
334,185
357,185
380,185
409,185
421,185
459,185
469,185
14,186
31,186
58,186
75,186
97,186
122,186
143,186
165,186
179,186
297,186
309,186
334,186
357,186
380,186
409,186
421,186
460,186
469,186
14,187
30,187
58,187
74,187
97,187
122,187
142,187
165,187
178,187
298,187
308,187
334,187
358,187
380,187
410,187
421,187
461,187
469,187
14,188
29,188
58,188
74,188
96,188
122,188
142,188
166,188
178,188
299,188
308,188
334,188
358,188
380,188
411,188
422,188
462,188
469,188
13,189
28,189
58,189
73,189
97,189
121,189
141,189
166,189
177,189
301,189
308,189
334,189
359,189
380,189
412,189
422,189
464,189
470,189
13,190
27,190
58,190
72,190
97,190
120,190
141,190
167,190
175,190
302,190
308,190
334,190
359,190
380,190
412,190
422,190
464,190
470,190
13,191
26,191
58,191
72,191
97,191
120,191
141,191
167,191
175,191
303,191
309,191
333,191
360,191
380,191
412,191
422,191
465,191
471,191
13,192
26,192
58,192
71,192
97,192
120,192
141,192
167,192
173,192
304,192
309,192
310,192
312,192
334,192
360,192
380,192
413,192
422,192
467,192
471,192
12,193
25,193
57,193
71,193
97,193
119,193
141,193
167,193
172,193
305,193
310,193
334,193
360,193
380,193
414,193
422,193
467,193
472,193
12,194
24,194
57,194
70,194
97,194
119,194
141,194
167,194
171,194
306,194
310,194
333,194
361,194
380,194
415,194
422,194
471,194
471,194
12,195
23,195
57,195
70,195
97,195
118,195
141,195
166,195
170,195
307,195
311,195
333,195
361,195
380,195
415,195
422,195
471,195
472,195
12,196
22,196
57,196
69,196
97,196
118,196
142,196
166,196
169,196
308,196
311,196
333,196
362,196
380,196
416,196
422,196
471,196
472,196
11,197
21,197
57,197
69,197
97,197
118,197
142,197
166,197
168,197
308,197
311,197
333,197
363,197
380,197
417,197
423,197
472,197
472,197
11,198
20,198
57,198
68,198
97,198
118,198
142,198
333,198
363,198
380,198
417,198
423,198
11,199
20,199
57,199
67,199
97,199
117,199
142,199
333,199
363,199
380,199
418,199
423,199
11,200
18,200
57,200
67,200
97,200
117,200
142,200
333,200
364,200
380,200
418,200
423,200
11,201
17,201
57,201
66,201
97,201
116,201
142,201
333,201
364,201
380,201
419,201
423,201
10,202
17,202
57,202
66,202
97,202
116,202
142,202
332,202
365,202
380,202
420,202
423,202
10,203
16,203
57,203
65,203
97,203
115,203
143,203
332,203
366,203
380,203
421,203
423,203
10,204
15,204
57,204
64,204
97,204
115,204
143,204
332,204
366,204
380,204
421,204
423,204
10,205
14,205
57,205
64,205
97,205
114,205
143,205
312,205
315,205
332,205
367,205
380,205
422,205
423,205
10,206
13,206
57,206
63,206
97,206
114,206
143,206
311,206
315,206
332,206
367,206
380,206
423,206
423,206
9,207
12,207
57,207
63,207
98,207
113,207
143,207
311,207
315,207
332,207
367,207
380,207
9,208
12,208
57,208
62,208
98,208
113,208
143,208
310,208
315,208
332,208
368,208
380,208
9,209
11,209
57,209
62,209
98,209
113,209
143,209
309,209
316,209
332,209
368,209
380,209
9,210
10,210
56,210
61,210
98,210
112,210
143,210
161,210
163,210
307,210
316,210
332,210
369,210
380,210
9,211
9,211
57,211
61,211
98,211
112,211
143,211
161,211
165,211
306,211
317,211
332,211
369,211
380,211
57,212
60,212
98,212
111,212
144,212
160,212
166,212
305,212
317,212
332,212
370,212
380,212
57,213
60,213
98,213
111,213
144,213
160,213
168,213
304,213
317,213
332,213
371,213
380,213
57,214
59,214
98,214
111,214
144,214
159,214
169,214
304,214
318,214
332,214
371,214
380,214
56,215
59,215
98,215
110,215
144,215
159,215
169,215
306,215
318,215
332,215
371,215
380,215
57,216
58,216
98,216
110,216
144,216
158,216
168,216
306,216
319,216
331,216
371,216
380,216
57,217
57,217
98,217
109,217
144,217
158,217
167,217
307,217
319,217
331,217
372,217
380,217
98,218
109,218
144,218
158,218
167,218
308,218
320,218
331,218
373,218
380,218
98,219
108,219
144,219
157,219
166,219
309,219
320,219
331,219
373,219
380,219
98,220
108,220
144,220
157,220
166,220
311,220
320,220
331,220
374,220
380,220
98,221
108,221
144,221
157,221
165,221
312,221
320,221
331,221
374,221
380,221
98,222
107,222
144,222
157,222
163,222
312,222
320,222
331,222
375,222
380,222
98,223
107,223
144,223
156,223
162,223
314,223
321,223
331,223
375,223
380,223
98,224
106,224
145,224
156,224
160,224
314,224
321,224
331,224
376,224
380,224
98,225
106,225
145,225
156,225
160,225
313,225
322,225
331,225
376,225
380,225
99,226
105,226
145,226
155,226
160,226
310,226
322,226
331,226
377,226
380,226
99,227
105,227
145,227
155,227
163,227
307,227
322,227
331,227
378,227
380,227
99,228
105,228
145,228
155,228
165,228
307,228
323,228
330,228
378,228
380,228
99,229
102,229
104,229
104,229
145,229
154,229
167,229
306,229
324,229
330,229
378,229
380,229
99,230
104,230
145,230
154,230
167,230
306,230
324,230
330,230
379,230
380,230
99,231
101,231
103,231
103,231
145,231
153,231
167,231
307,231
324,231
330,231
380,231
380,231
99,232
101,232
103,232
103,232
146,232
153,232
167,232
307,232
324,232
330,232
380,232
380,232
99,233
102,233
146,233
152,233
166,233
307,233
325,233
330,233
99,234
100,234
102,234
102,234
146,234
152,234
166,234
308,234
325,234
330,234
99,235
101,235
146,235
152,235
165,235
308,235
326,235
330,235
99,236
101,236
146,236
151,236
165,236
309,236
326,236
330,236
99,237
101,237
146,237
151,237
165,237
307,237
309,237
309,237
326,237
326,237
328,237
330,237
99,238
100,238
146,238
151,238
164,238
310,238
327,238
330,238
146,239
150,239
164,239
308,239
310,239
310,239
327,239
330,239
146,240
150,240
164,240
310,240
327,240
329,240
146,241
150,241
163,241
310,241
328,241
329,241
146,242
149,242
163,242
311,242
329,242
329,242
147,243
149,243
163,243
311,243
147,244
149,244
162,244
312,244
147,245
148,245
162,245
312,245
147,246
148,246
162,246
312,246
161,247
313,247
161,248
313,248
161,249
313,249
160,250
314,250
160,251
314,251
160,252
314,252
160,253
315,253
160,254
315,254
159,255
315,255
159,256
315,256
158,257
316,257
158,258
316,258
158,259
316,259
158,260
316,260
158,261
316,261
158,262
317,262
158,263
317,263
157,264
317,264
157,265
317,265
156,266
318,266
156,267
318,267
156,268
318,268
156,269
182,269
186,269
318,269
156,270
182,270
186,270
289,270
292,270
318,270
155,271
182,271
186,271
288,271
292,271
319,271
155,272
182,272
187,272
288,272
292,272
319,272
155,273
181,273
187,273
188,273
190,273
288,273
293,273
319,273
155,274
181,274
187,274
187,274
191,274
288,274
293,274
319,274
155,275
180,275
191,275
288,275
293,275
319,275
154,276
180,276
191,276
288,276
293,276
320,276
154,277
180,277
191,277
288,277
294,277
320,277
154,278
180,278
191,278
288,278
294,278
320,278
154,279
179,279
191,279
287,279
295,279
320,279
154,280
179,280
191,280
287,280
295,280
320,280
154,281
179,281
191,281
287,281
295,281
320,281
153,282
178,282
191,282
287,282
296,282
321,282
153,283
178,283
191,283
287,283
296,283
321,283
153,284
177,284
191,284
287,284
296,284
323,284
152,285
177,285
191,285
287,285
297,285
323,285
150,286
177,286
191,286
287,286
297,286
327,286
148,287
176,287
191,287
287,287
297,287
328,287
146,288
176,288
191,288
286,288
298,288
330,288
144,289
176,289
191,289
286,289
298,289
333,289
143,290
175,290
191,290
286,290
299,290
335,290
407,290
410,290
141,291
175,291
191,291
287,291
299,291
336,291
405,291
407,291
410,291
411,291
139,292
175,292
191,292
287,292
300,292
338,292
403,292
411,292
66,293
68,293
138,293
174,293
191,293
287,293
300,293
339,293
401,293
411,293
65,294
72,294
137,294
174,294
191,294
287,294
300,294
341,294
400,294
411,294
65,295
74,295
135,295
173,295
191,295
287,295
301,295
342,295
399,295
411,295
447,295
450,295
64,296
76,296
133,296
173,296
191,296
287,296
301,296
344,296
399,296
409,296
447,296
450,296
65,297
77,297
132,297
172,297
191,297
287,297
302,297
346,297
398,297
408,297
447,297
451,297
28,298
29,298
66,298
78,298
130,298
172,298
191,298
288,298
302,298
347,298
398,298
405,298
447,298
451,298
27,299
29,299
66,299
78,299
129,299
172,299
191,299
288,299
303,299
349,299
397,299
405,299
447,299
451,299
26,300
30,300
68,300
79,300
127,300
171,300
191,300
288,300
303,300
351,300
396,300
405,300
447,300
452,300
26,301
30,301
70,301
80,301
126,301
171,301
191,301
288,301
304,301
351,301
396,301
405,301
447,301
452,301
26,302
30,302
71,302
80,302
124,302
170,302
191,302
288,302
304,302
354,302
395,302
405,302
447,302
452,302
26,303
30,303
72,303
81,303
122,303
170,303
191,303
288,303
305,303
356,303
394,303
405,303
446,303
452,303
26,304
30,304
72,304
83,304
121,304
169,304
190,304
288,304
306,304
357,304
394,304
406,304
446,304
452,304
25,305
30,305
72,305
84,305
120,305
168,305
190,305
288,305
306,305
307,305
309,305
359,305
393,305
406,305
444,305
453,305
25,306
31,306
71,306
82,306
84,306
85,306
118,306
168,306
190,306
288,306
307,306
360,306
391,306
407,306
443,306
453,306
25,307
31,307
71,307
86,307
117,307
167,307
190,307
288,307
308,307
362,307
390,307
408,307
442,307
454,307
24,308
32,308
70,308
88,308
115,308
166,308
190,308
289,308
309,308
310,308
312,308
363,308
389,308
410,308
442,308
455,308
23,309
34,309
69,309
89,309
114,309
165,309
190,309
289,309
310,309
365,309
387,309
411,309
420,309
429,309
441,309
456,309
23,310
35,310
67,310
90,310
112,310
164,310
190,310
289,310
311,310
366,310
387,310
436,310
440,310
456,310
22,311
35,311
47,311
49,311
51,311
63,311
65,311
91,311
110,311
163,311
190,311
289,311
312,311
368,311
386,311
456,311
22,312
37,312
46,312
92,312
109,312
162,312
189,312
289,312
314,312
369,312
385,312
455,312
22,313
37,313
42,313
93,313
108,313
160,313
189,313
289,313
315,313
371,313
385,313
455,313
23,314
94,314
106,314
159,314
189,314
288,314
290,314
290,314
316,314
373,314
384,314
454,314
23,315
95,315
104,315
158,315
190,315
288,315
319,315
375,315
384,315
454,315
24,316
95,316
102,316
156,316
191,316
288,316
320,316
377,316
384,316
453,316
25,317
95,317
101,317
155,317
190,317
288,317
322,317
378,317
383,317
453,317
25,318
96,318
98,318
153,318
190,318
288,318
324,318
452,318
26,319
151,319
190,319
288,319
325,319
451,319
27,320
150,320
190,320
288,320
327,320
450,320
27,321
148,321
190,321
288,321
329,321
450,321
28,322
145,322
191,322
288,322
331,322
449,322
29,323
144,323
190,323
287,323
289,323
289,323
332,323
449,323
30,324
143,324
190,324
290,324
334,324
449,324
30,325
141,325
189,325
290,325
336,325
449,325
31,326
139,326
188,326
291,326
338,326
433,326
441,326
449,326
31,327
137,327
188,327
291,327
340,327
434,327
441,327
449,327
32,328
135,328
187,328
291,328
342,328
436,328
441,328
449,328
32,329
134,329
187,329
292,329
343,329
449,329
33,330
132,330
187,330
292,330
346,330
448,330
33,331
130,331
186,331
293,331
347,331
448,331
34,332
128,332
186,332
294,332
349,332
447,332
35,333
127,333
185,333
294,333
351,333
447,333
35,334
125,334
185,334
294,334
353,334
446,334
36,335
123,335
184,335
295,335
355,335
445,335
38,336
41,336
48,336
62,336
64,336
121,336
184,336
295,336
356,336
444,336
48,337
61,337
67,337
120,337
183,337
296,337
358,337
433,337
439,337
442,337
49,338
58,338
72,338
118,338
183,338
296,338
362,338
433,338
49,339
53,339
55,339
56,339
72,339
116,339
182,339
297,339
362,339
415,339
419,339
433,339
50,340
54,340
75,340
114,340
182,340
297,340
364,340
414,340
419,340
433,340
51,341
52,341
80,341
112,341
182,341
298,341
366,341
411,341
422,341
433,341
84,342
109,342
181,342
298,342
368,342
407,342
423,342
433,342
89,343
108,343
181,343
297,343
299,343
299,343
370,343
404,343
425,343
432,343
92,344
106,344
180,344
299,344
372,344
400,344
427,344
428,344
430,344
432,344
100,345
102,345
180,345
299,345
376,345
388,345
392,345
392,345
429,345
430,345
179,346
300,346
179,347
300,347
179,348
300,348
178,349
301,349
178,350
301,350
177,351
302,351
177,352
302,352
177,353
302,353
176,354
303,354
176,355
303,355
176,356
303,356
175,357
304,357
175,358
304,358
175,359
304,359
