194,0
194,0
196,0
316,0
193,1
316,1
192,2
317,2
192,3
317,3
192,4
318,4
192,5
318,5
191,6
319,6
191,7
319,7
191,8
320,8
190,9
320,9
190,10
320,10
190,11
321,11
189,12
321,12
189,13
322,13
189,14
322,14
189,15
322,15
188,16
322,16
188,17
323,17
188,18
323,18
188,19
323,19
348,19
355,19
188,20
323,20
345,20
358,20
188,21
323,21
342,21
349,21
357,21
360,21
188,22
324,22
339,22
361,22
188,23
324,23
338,23
363,23
188,24
324,24
336,24
363,24
188,25
324,25
335,25
364,25
188,26
324,26
334,26
364,26
188,27
324,27
331,27
364,27
187,28
324,28
331,28
365,28
186,29
324,29
330,29
365,29
185,30
323,30
329,30
366,30
184,31
323,31
328,31
366,31
183,32
324,32
327,32
366,32
181,33
367,33
179,34
367,34
178,35
367,35
176,36
367,36
162,37
168,37
174,37
367,37
162,38
163,38
165,38
367,38
162,39
367,39
162,40
367,40
162,41
368,41
162,42
368,42
162,43
368,43
162,44
368,44
161,45
368,45
160,46
368,46
159,47
368,47
158,48
368,48
157,49
368,49
157,50
368,50
157,51
368,51
158,52
367,52
159,53
367,53
159,54
160,54
162,54
367,54
160,55
160,55
163,55
367,55
161,56
161,56
163,56
367,56
162,57
367,57
162,58
367,58
163,59
366,59
164,60
366,60
165,61
366,61
166,62
363,62
365,62
365,62
166,63
363,63
365,63
365,63
167,64
364,64
168,65
364,65
169,66
361,66
363,66
364,66
170,67
361,67
363,67
363,67
171,68
363,68
172,69
178,69
180,69
362,69
173,70
175,70
177,70
177,70
181,70
361,70
174,71
176,71
182,71
361,71
183,72
361,72
183,73
360,73
183,74
320,74
324,74
359,74
183,75
320,75
324,75
359,75
183,76
319,76
325,76
359,76
182,77
319,77
325,77
359,77
181,78
319,78
325,78
358,78
181,79
318,79
325,79
358,79
181,80
181,80
183,80
317,80
325,80
358,80
180,81
317,81
325,81
358,81
179,82
316,82
325,82
358,82
178,83
316,83
325,83
358,83
177,84
315,84
325,84
358,84
176,85
315,85
325,85
358,85
175,86
314,86
325,86
359,86
174,87
313,87
325,87
359,87
172,88
313,88
325,88
359,88
171,89
175,89
182,89
312,89
325,89
359,89
170,90
170,90
182,90
309,90
311,90
311,90
325,90
360,90
182,91
311,91
324,91
358,91
360,91
360,91
182,92
310,92
324,92
360,92
181,93
310,93
324,93
360,93
181,94
309,94
324,94
356,94
181,95
308,95
324,95
353,95
355,95
356,95
181,96
308,96
324,96
353,96
355,96
355,96
180,97
183,97
186,97
307,97
324,97
353,97
355,97
355,97
180,98
182,98
186,98
217,98
220,98
307,98
324,98
356,98
180,99
181,99
187,99
217,99
221,99
307,99
324,99
356,99
180,100
181,100
187,100
217,100
223,100
307,100
324,100
356,100
180,101
180,101
187,101
217,101
223,101
307,101
323,101
356,101
441,101
443,101
187,102
217,102
224,102
307,102
323,102
357,102
439,102
444,102
188,103
217,103
225,103
307,103
323,103
357,103
437,103
447,103
188,104
218,104
227,104
307,104
323,104
357,104
436,104
449,104
188,105
218,105
228,105
307,105
323,105
357,105
435,105
451,105
188,106
220,106
230,106
307,106
323,106
357,106
432,106
449,106
451,106
452,106
36,107
40,107
188,107
190,107
192,107
220,107
231,107
307,107
323,107
357,107
431,107
453,107
33,108
42,108
189,108
189,108
193,108
222,108
233,108
308,108
323,108
358,108
428,108
452,108
454,108
455,108
32,109
43,109
189,109
189,109
193,109
219,109
221,109
223,109
236,109
309,109
323,109
358,109
427,109
453,109
455,109
457,109
31,110
44,110
189,110
189,110
193,110
224,110
238,110
303,110
305,110
311,110
322,110
358,110
425,110
458,110
29,111
46,111
193,111
226,111
240,111
302,111
309,111
312,111
322,111
358,111
422,111
459,111
28,112
48,112
193,112
227,112
243,112
302,112
322,112
359,112
421,112
460,112
26,113
50,113
193,113
229,113
247,113
249,113
251,113
302,113
322,113
359,113
418,113
462,113
25,114
53,114
193,114
231,114
255,114
302,114
322,114
322,114
325,114
359,114
417,114
442,114
448,114
464,114
23,115
54,115
196,115
234,115
255,115
302,115
322,115
359,115
414,115
441,115
449,115
466,115
22,116
57,116
197,116
204,116
207,116
237,116
253,116
302,116
322,116
359,116
413,116
439,116
450,116
467,116
20,117
59,117
197,117
197,117
199,117
200,117
203,117
204,117
207,117
300,117
302,117
302,117
322,117
359,117
410,117
437,117
452,117
469,117
19,118
61,118
197,118
197,118
199,118
199,118
203,118
204,118
207,118
300,118
302,118
302,118
322,118
359,118
408,118
436,118
453,118
471,118
17,119
34,119
38,119
63,119
197,119
199,119
203,119
204,119
207,119
296,119
301,119
302,119
322,119
359,119
406,119
434,119
454,119
473,119
15,120
33,120
39,120
65,120
198,120
199,120
203,120
204,120
207,120
296,120
300,120
302,120
322,120
359,120
405,120
432,120
456,120
474,120
14,121
31,121
40,121
68,121
198,121
198,121
203,121
204,121
207,121
295,121
301,121
303,121
322,121
359,121
403,121
430,121
457,121
476,121
12,122
29,122
41,122
69,122
198,122
198,122
203,122
204,122
207,122
208,122
211,122
290,122
292,122
294,122
301,122
303,122
322,122
359,122
401,122
428,122
458,122
479,122
10,123
28,123
43,123
70,123
204,123
204,123
208,123
208,123
211,123
217,123
219,123
220,123
223,123
289,123
293,123
294,123
301,123
302,123
322,123
360,123
400,123
426,123
460,123
479,123
9,124
27,124
45,124
73,124
204,124
204,124
208,124
208,124
212,124
220,124
224,124
259,124
262,124
271,124
274,124
288,124
293,124
293,124
302,124
303,124
322,124
360,124
398,124
425,124
460,124
479,124
7,125
26,125
47,125
75,125
204,125
204,125
212,125
220,125
224,125
259,125
262,125
270,125
274,125
288,125
293,125
293,125
303,125
303,125
322,125
360,125
396,125
425,125
460,125
479,125
5,126
24,126
49,126
77,126
212,126
215,126
218,126
220,126
224,126
257,126
259,126
259,126
262,126
270,126
274,126
279,126
282,126
288,126
303,126
303,126
322,126
360,126
395,126
426,126
460,126
479,126
3,127
23,127
51,127
78,127
213,127
214,127
220,127
220,127
223,127
252,127
257,127
258,127
262,127
270,127
274,127
278,127
282,127
287,127
322,127
360,127
393,127
412,127
416,127
426,127
459,127
479,127
0,128
21,128
53,128
80,128
213,128
214,128
224,128
252,128
257,128
258,128
262,128
269,128
274,128
278,128
282,128
287,128
322,128
360,128
393,128
408,128
417,128
425,128
460,128
479,128
0,129
20,129
54,129
82,129
213,129
214,129
224,129
252,129
257,129
258,129
262,129
269,129
274,129
277,129
281,129
282,129
285,129
286,129
322,129
360,129
390,129
406,129
417,129
425,129
460,129
479,129
0,130
20,130
54,130
83,130
213,130
213,130
224,130
251,130
257,130
258,130
262,130
268,130
275,130
277,130
281,130
282,130
286,130
286,130
322,130
358,130
360,130
361,130
388,130
403,130
416,130
425,130
460,130
467,130
470,130
479,130
0,131
21,131
54,131
63,131
65,131
85,131
213,131
213,131
224,131
251,131
258,131
258,131
262,131
268,131
275,131
277,131
281,131
282,131
286,131
286,131
322,131
358,131
361,131
361,131
386,131
402,131
415,131
426,131
460,131
467,131
471,131
479,131
0,132
21,132
53,132
63,132
68,132
86,132
213,132
213,132
224,132
251,132
258,132
258,132
262,132
267,132
275,132
277,132
281,132
282,132
286,132
286,132
323,132
358,132
361,132
361,132
385,132
399,132
413,132
427,132
460,132
467,132
473,132
479,132
0,133
22,133
53,133
63,133
72,133
89,133
224,133
251,133
262,133
267,133
275,133
277,133
281,133
281,133
323,133
358,133
383,133
398,133
412,133
428,133
458,133
469,133
475,133
479,133
0,134
22,134
54,134
63,134
74,134
90,134
218,134
219,134
224,134
251,134
255,134
257,134
261,134
266,134
275,134
277,134
281,134
281,134
323,134
358,134
381,134
396,134
411,134
429,134
456,134
470,134
477,134
479,134
0,135
10,135
14,135
21,135
54,135
63,135
76,135
92,135
218,135
252,135
255,135
257,135
261,135
265,135
275,135
277,135
281,135
281,135
323,135
358,135
379,135
395,135
410,135
430,135
455,135
471,135
479,135
479,135
0,136
9,136
14,136
21,136
53,136
65,136
79,136
93,136
218,136
256,136
261,136
262,136
275,136
277,136
281,136
281,136
323,136
358,136
377,136
394,136
410,136
430,136
454,136
472,136
0,137
8,137
14,137
22,137
52,137
66,137
81,137
95,137
218,137
255,137
261,137
262,137
276,137
277,137
281,137
281,137
324,137
358,137
375,137
393,137
410,137
430,137
453,137
472,137
0,138
7,138
12,138
23,138
51,138
67,138
82,138
96,138
219,138
255,138
261,138
261,138
276,138
277,138
280,138
280,138
324,138
357,138
373,138
375,138
377,138
391,138
409,138
431,138
453,138
473,138
0,139
5,139
12,139
25,139
51,139
68,139
84,139
99,139
219,139
255,139
261,139
261,139
276,139
277,139
280,139
280,139
324,139
357,139
370,139
389,139
408,139
431,139
452,139
473,139
0,140
2,140
10,140
26,140
50,140
68,140
85,140
99,140
219,140
255,140
261,140
261,140
277,140
277,140
280,140
280,140
324,140
357,140
368,140
388,140
408,140
431,140
452,140
473,140
0,141
0,141
9,141
27,141
50,141
69,141
86,141
104,141
220,141
255,141
325,141
357,141
364,141
387,141
407,141
431,141
451,141
473,141
9,142
28,142
49,142
70,142
87,142
106,142
220,142
255,142
311,142
318,142
320,142
321,142
324,142
358,142
360,142
386,142
407,142
431,142
451,142
474,142
8,143
28,143
49,143
70,143
89,143
109,143
220,143
255,143
310,143
385,143
406,143
431,143
450,143
474,143
8,144
29,144
49,144
71,144
90,144
113,144
158,144
166,144
220,144
255,144
309,144
384,144
405,144
431,144
449,144
474,144
8,145
30,145
49,145
72,145
91,145
117,145
152,145
166,145
219,145
256,145
309,145
384,145
405,145
432,145
449,145
474,145
8,146
30,146
48,146
72,146
93,146
125,146
129,146
167,146
217,146
258,146
308,146
384,146
404,146
432,146
448,146
474,146
8,147
30,147
48,147
73,147
93,147
168,147
214,147
260,147
308,147
384,147
404,147
432,147
448,147
474,147
8,148
32,148
48,148
73,148
94,148
169,148
211,148
263,148
307,148
384,148
404,148
432,148
447,148
475,148
8,149
32,149
48,149
74,149
94,149
169,149
208,149
266,149
307,149
384,149
404,149
404,149
406,149
433,149
447,149
475,149
7,150
33,150
48,150
75,150
94,150
94,150
96,150
170,150
206,150
268,150
306,150
353,150
355,150
356,150
375,150
383,150
404,150
433,150
447,150
474,150
476,150
476,150
7,151
33,151
48,151
75,151
94,151
170,151
202,151
271,151
305,151
355,151
374,151
384,151
404,151
433,151
447,151
476,151
7,152
34,152
47,152
75,152
95,152
170,152
200,152
273,152
305,152
355,152
373,152
385,152
404,152
432,152
447,152
476,152
7,153
34,153
47,153
75,153
95,153
104,153
128,153
171,153
198,153
276,153
304,153
354,153
371,153
386,153
404,153
432,153
447,153
476,153
7,154
34,154
47,154
75,154
95,154
103,154
139,154
172,154
195,154
278,154
304,154
319,154
322,154
354,154
370,154
387,154
404,154
432,154
447,154
475,154
7,155
34,155
47,155
75,155
94,155
103,155
144,155
172,155
193,155
280,155
303,155
318,155
322,155
353,155
370,155
387,155
404,155
431,155
447,155
475,155
7,156
35,156
47,156
75,156
92,156
105,156
145,156
155,156
157,156
173,156
192,156
281,156
303,156
317,156
323,156
353,156
369,156
386,156
388,156
388,156
405,156
431,156
447,156
474,156
7,157
34,157
47,157
75,157
92,157
107,157
145,157
155,157
159,157
173,157
190,157
283,157
302,157
316,157
323,157
353,157
369,157
389,157
405,157
431,157
447,157
474,157
7,158
34,158
47,158
75,158
91,158
108,158
145,158
154,158
160,158
174,158
188,158
284,158
301,158
312,158
314,158
315,158
324,158
352,158
369,158
389,158
405,158
430,158
448,158
473,158
7,159
34,159
48,159
75,159
90,159
108,159
146,159
154,159
161,159
175,159
187,159
286,159
301,159
314,159
323,159
352,159
368,159
389,159
405,159
430,159
448,159
473,159
8,160
34,160
48,160
75,160
90,160
109,160
145,160
154,160
162,160
175,160
185,160
287,160
300,160
313,160
322,160
348,160
350,160
351,160
368,160
390,160
405,160
429,160
448,160
472,160
9,161
34,161
49,161
74,161
90,161
109,161
143,161
153,161
162,161
176,161
184,161
288,161
300,161
313,161
321,161
322,161
324,161
348,161
350,161
351,161
367,161
390,161
405,161
428,161
448,161
472,161
9,162
34,162
49,162
74,162
89,162
110,162
143,162
154,162
163,162
177,162
183,162
289,162
299,162
312,162
321,162
348,162
350,162
350,162
366,162
390,162
405,162
428,162
448,162
471,162
10,163
34,163
50,163
74,163
89,163
89,163
91,163
110,163
141,163
142,163
144,163
156,163
164,163
177,163
182,163
290,163
298,163
311,163
320,163
343,163
346,163
348,163
350,163
350,163
366,163
390,163
405,163
428,163
448,163
471,163
10,164
34,164
51,164
74,164
89,164
89,164
91,164
111,164
140,164
156,164
165,164
179,164
181,164
291,164
297,164
310,164
320,164
343,164
346,164
350,164
365,164
390,164
405,164
406,164
408,164
427,164
448,164
470,164
11,165
34,165
51,165
74,165
88,165
89,165
91,165
112,165
140,165
157,165
166,165
288,165
291,165
292,165
297,165
310,165
319,165
342,165
344,165
344,165
347,165
350,165
365,165
391,165
406,165
427,165
448,165
470,165
11,166
34,166
51,166
74,166
88,166
112,166
139,166
157,166
167,166
293,166
296,166
309,166
318,166
342,166
347,166
350,166
364,166
391,166
406,166
426,166
448,166
470,166
12,167
34,167
52,167
74,167
88,167
113,167
138,167
158,167
168,167
307,167
318,167
342,167
346,167
349,167
364,167
391,167
406,167
426,167
448,167
469,167
12,168
34,168
53,168
74,168
88,168
113,168
138,168
158,168
169,168
307,168
317,168
342,168
346,168
346,168
363,168
392,168
405,168
425,168
448,168
468,168
13,169
33,169
53,169
74,169
88,169
114,169
138,169
159,169
169,169
306,169
317,169
342,169
346,169
346,169
363,169
392,169
406,169
425,169
448,169
468,169
14,170
33,170
54,170
74,170
87,170
114,170
138,170
160,170
170,170
305,170
316,170
343,170
363,170
392,170
406,170
424,170
448,170
468,170
14,171
33,171
54,171
73,171
87,171
115,171
137,171
160,171
171,171
303,171
316,171
342,171
363,171
392,171
406,171
424,171
449,171
466,171
14,172
32,172
55,172
73,172
87,172
115,172
137,172
160,172
172,172
303,172
315,172
342,172
363,172
392,172
406,172
423,172
449,172
467,172
15,173
32,173
55,173
73,173
86,173
115,173
137,173
161,173
173,173
304,173
315,173
342,173
363,173
392,173
406,173
423,173
449,173
466,173
16,174
32,174
55,174
73,174
86,174
115,174
137,174
162,174
173,174
304,174
314,174
341,174
364,174
392,174
406,174
423,174
449,174
465,174
16,175
32,175
56,175
73,175
86,175
114,175
136,175
162,175
172,175
305,175
314,175
341,175
364,175
391,175
406,175
422,175
449,175
465,175
16,176
33,176
56,176
73,176
86,176
114,176
136,176
163,176
171,176
307,176
313,176
342,176
364,176
391,176
406,176
422,176
450,176
465,176
17,177
33,177
56,177
73,177
86,177
115,177
136,177
163,177
170,177
308,177
313,177
342,177
364,177
390,177
406,177
421,177
450,177
464,177
17,178
33,178
57,178
73,178
87,178
115,178
136,178
164,178
169,178
309,178
313,178
342,178
364,178
390,178
406,178
420,178
450,178
464,178
18,179
33,179
58,179
73,179
87,179
114,179
135,179
164,179
168,179
342,179
364,179
390,179
406,179
420,179
450,179
464,179
18,180
33,180
58,180
73,180
88,180
114,180
135,180
164,180
167,180
342,180
364,180
390,180
406,180
419,180
450,180
463,180
19,181
33,181
59,181
73,181
88,181
114,181
135,181
342,181
364,181
389,181
407,181
419,181
450,181
463,181
19,182
33,182
59,182
73,182
88,182
114,182
135,182
342,182
365,182
389,182
407,182
419,182
450,182
462,182
20,183
33,183
59,183
73,183
89,183
114,183
135,183
341,183
365,183
388,183
407,183
419,183
450,183
461,183
20,184
32,184
60,184
73,184
89,184
114,184
135,184
341,184
365,184
388,184
407,184
418,184
450,184
461,184
21,185
33,185
60,185
72,185
90,185
114,185
136,185
340,185
365,185
387,185
407,185
418,185
450,185
461,185
21,186
33,186
61,186
72,186
90,186
113,186
136,186
340,186
365,186
387,186
407,186
417,186
450,186
460,186
22,187
32,187
62,187
73,187
91,187
113,187
136,187
339,187
365,187
387,187
407,187
417,187
450,187
460,187
23,188
32,188
62,188
73,188
91,188
113,188
137,188
339,188
365,188
386,188
407,188
416,188
450,188
459,188
23,189
32,189
63,189
72,189
91,189
113,189
137,189
339,189
365,189
386,189
407,189
416,189
450,189
459,189
24,190
32,190
63,190
72,190
92,190
113,190
137,190
339,190
366,190
386,190
407,190
415,190
450,190
458,190
24,191
32,191
63,191
63,191
65,191
72,191
92,191
113,191
138,191
336,191
338,191
338,191
366,191
385,191
407,191
415,191
450,191
458,191
25,192
32,192
64,192
72,192
93,192
113,192
138,192
338,192
366,192
384,192
408,192
414,192
450,192
457,192
25,193
32,193
64,193
72,193
93,193
112,193
138,193
337,193
366,193
384,193
408,193
414,193
450,193
457,193
26,194
32,194
65,194
72,194
94,194
112,194
139,194
337,194
366,194
383,194
408,194
414,194
450,194
456,194
26,195
32,195
65,195
72,195
94,195
112,195
139,195
336,195
366,195
383,195
408,195
413,195
450,195
456,195
27,196
32,196
66,196
72,196
94,196
112,196
140,196
336,196
366,196
383,196
408,196
412,196
451,196
455,196
27,197
32,197
66,197
71,197
95,197
112,197
140,197
336,197
366,197
382,197
408,197
412,197
451,197
455,197
27,198
32,198
67,198
72,198
95,198
112,198
140,198
335,198
366,198
382,198
408,198
412,198
451,198
454,198
28,199
32,199
68,199
72,199
96,199
112,199
141,199
335,199
366,199
382,199
408,199
411,199
451,199
454,199
28,200
32,200
68,200
71,200
96,200
112,200
141,200
335,200
367,200
381,200
408,200
410,200
451,200
454,200
29,201
32,201
68,201
69,201
71,201
71,201
96,201
111,201
142,201
334,201
367,201
381,201
408,201
410,201
451,201
453,201
30,202
32,202
69,202
71,202
97,202
111,202
142,202
334,202
367,202
380,202
408,202
410,202
30,203
32,203
69,203
71,203
97,203
111,203
142,203
333,203
367,203
380,203
409,203
409,203
452,203
452,203
31,204
31,204
70,204
71,204
98,204
111,204
143,204
333,204
367,204
380,204
71,205
71,205
98,205
111,205
143,205
332,205
367,205
367,205
369,205
379,205
98,206
111,206
144,206
332,206
367,206
367,206
369,206
379,206
99,207
111,207
144,207
332,207
367,207
378,207
99,208
111,208
144,208
332,208
368,208
378,208
100,209
111,209
145,209
331,209
368,209
378,209
100,210
111,210
145,210
331,210
368,210
377,210
101,211
110,211
145,211
330,211
368,211
377,211
101,212
110,212
146,212
330,212
368,212
376,212
101,213
110,213
146,213
329,213
368,213
376,213
102,214
110,214
147,214
329,214
368,214
376,214
102,215
103,215
105,215
110,215
147,215
328,215
368,215
375,215
103,216
103,216
105,216
110,216
148,216
328,216
368,216
375,216
103,217
110,217
148,217
328,217
369,217
374,217
103,218
109,218
148,218
328,218
369,218
374,218
104,219
109,219
148,219
327,219
369,219
374,219
104,220
109,220
149,220
327,220
369,220
373,220
105,221
109,221
150,221
326,221
369,221
373,221
105,222
109,222
150,222
326,222
369,222
372,222
105,223
109,223
150,223
325,223
369,223
372,223
106,224
109,224
151,224
325,224
369,224
372,224
107,225
108,225
151,225
324,225
370,225
371,225
107,226
108,226
152,226
324,226
370,226
370,226
108,227
108,227
152,227
324,227
370,227
370,227
152,228
324,228
153,229
323,229
153,230
322,230
154,231
322,231
154,232
322,232
154,233
322,233
154,234
321,234
154,235
321,235
154,236
321,236
153,237
321,237
153,238
321,238
153,239
322,239
153,240
322,240
152,241
322,241
152,242
323,242
151,243
323,243
151,244
323,244
151,245
324,245
151,246
324,246
150,247
324,247
150,248
325,248
150,249
325,249
149,250
182,250
184,250
325,250
149,251
182,251
184,251
325,251
149,252
182,252
184,252
326,252
148,253
181,253
184,253
326,253
148,254
181,254
184,254
326,254
148,255
180,255
184,255
326,255
147,256
180,256
184,256
327,256
147,257
180,257
184,257
327,257
147,258
179,258
184,258
327,258
147,259
179,259
184,259
328,259
147,260
179,260
184,260
328,260
147,261
178,261
184,261
328,261
147,262
178,262
184,262
328,262
146,263
178,263
183,263
329,263
145,264
177,264
183,264
329,264
145,265
177,265
183,265
329,265
145,266
177,266
183,266
329,266
145,267
176,267
183,267
330,267
145,268
176,268
183,268
330,268
144,269
176,269
183,269
330,269
144,270
175,270
183,270
330,270
144,271
175,271
183,271
331,271
144,272
175,272
183,272
296,272
299,272
331,272
143,273
174,273
183,273
296,273
300,273
331,273
143,274
174,274
183,274
296,274
300,274
331,274
143,275
174,275
183,275
296,275
300,275
331,275
143,276
173,276
183,276
296,276
300,276
331,276
142,277
173,277
183,277
296,277
301,277
331,277
142,278
173,278
183,278
296,278
301,278
332,278
142,279
172,279
183,279
296,279
302,279
332,279
142,280
172,280
183,280
295,280
302,280
332,280
142,281
172,281
183,281
295,281
302,281
332,281
141,282
171,282
183,282
295,282
303,282
332,282
141,283
171,283
183,283
295,283
303,283
333,283
141,284
171,284
183,284
295,284
303,284
333,284
141,285
170,285
184,285
295,285
304,285
333,285
141,286
170,286
184,286
295,286
304,286
333,286
141,287
170,287
184,287
295,287
304,287
334,287
139,288
169,288
184,288
295,288
305,288
335,288
138,289
169,289
184,289
294,289
305,289
338,289
135,290
168,290
184,290
294,290
305,290
340,290
133,291
168,291
184,291
294,291
306,291
341,291
132,292
167,292
184,292
294,292
306,292
343,292
130,293
167,293
184,293
294,293
306,293
346,293
128,294
167,294
184,294
294,294
307,294
347,294
126,295
166,295
184,295
294,295
307,295
348,295
433,295
440,295
125,296
166,296
184,296
295,296
308,296
350,296
430,296
435,296
438,296
440,296
123,297
165,297
184,297
295,297
308,297
352,297
428,297
440,297
122,298
165,298
184,298
295,298
308,298
354,298
426,298
440,298
36,299
44,299
120,299
122,299
124,299
165,299
184,299
295,299
309,299
356,299
426,299
440,299
36,300
46,300
119,300
164,300
184,300
295,300
309,300
357,300
425,300
440,300
36,301
49,301
117,301
164,301
183,301
295,301
310,301
359,301
425,301
439,301
36,302
50,302
115,302
163,302
183,302
295,302
310,302
360,302
424,302
437,302
36,303
37,303
39,303
51,303
114,303
163,303
183,303
295,303
311,303
363,303
424,303
433,303
435,303
435,303
36,304
51,304
112,304
163,304
183,304
295,304
311,304
364,304
423,304
433,304
37,305
52,305
111,305
162,305
183,305
295,305
312,305
366,305
423,305
432,305
39,306
53,306
109,306
162,306
183,306
295,306
312,306
367,306
422,306
432,306
41,307
53,307
108,307
161,307
183,307
295,307
313,307
369,307
422,307
432,307
43,308
54,308
106,308
161,308
183,308
295,308
313,308
371,308
421,308
433,308
44,309
55,309
105,309
160,309
183,309
295,309
314,309
372,309
420,309
433,309
45,310
56,310
103,310
159,310
183,310
295,310
314,310
374,310
420,310
434,310
44,311
56,311
102,311
159,311
183,311
295,311
315,311
375,311
419,311
434,311
44,312
57,312
100,312
158,312
183,312
296,312
316,312
377,312
418,312
434,312
479,312
479,312
43,313
59,313
99,313
157,313
183,313
296,313
317,313
378,313
417,313
435,313
478,313
479,313
43,314
60,314
97,314
156,314
183,314
296,314
318,314
380,314
415,314
435,314
477,314
479,314
42,315
62,315
95,315
155,315
182,315
296,315
318,315
382,315
414,315
436,315
476,315
479,315
41,316
63,316
94,316
154,316
182,316
297,316
319,316
383,316
413,316
438,316
475,316
479,316
40,317
64,317
92,317
153,317
182,317
297,317
320,317
385,317
412,317
441,317
449,317
461,317
474,317
479,317
0,318
0,318
24,318
25,318
39,318
66,318
91,318
152,318
182,318
297,318
321,318
387,318
411,318
469,318
474,318
479,318
0,319
1,319
19,319
29,319
36,319
66,319
89,319
151,319
182,319
296,319
323,319
388,319
411,319
479,319
0,320
2,320
13,320
67,320
88,320
149,320
182,320
297,320
324,320
391,320
410,320
479,320
0,321
2,321
10,321
68,321
86,321
148,321
182,321
295,321
297,321
297,321
326,321
392,321
409,321
479,321
0,322
3,322
8,322
69,322
85,322
147,322
181,322
295,322
297,322
297,322
327,322
394,322
409,322
479,322
0,323
70,323
83,323
145,323
182,323
295,323
297,323
297,323
329,323
396,323
408,323
479,323
0,324
70,324
81,324
144,324
183,324
295,324
331,324
398,324
407,324
479,324
0,325
71,325
80,325
142,325
183,325
296,325
332,325
399,325
407,325
479,325
0,326
72,326
78,326
140,326
183,326
296,326
334,326
402,326
407,326
479,326
0,327
72,327
76,327
139,327
183,327
296,327
336,327
479,327
0,328
137,328
182,328
296,328
337,328
479,328
0,329
136,329
182,329
296,329
339,329
479,329
0,330
134,330
182,330
296,330
342,330
479,330
0,331
132,331
183,331
296,331
343,331
479,331
0,332
130,332
183,332
296,332
344,332
479,332
0,333
129,333
182,333
297,333
346,333
479,333
0,334
127,334
182,334
297,334
348,334
479,334
0,335
125,335
181,335
298,335
350,335
479,335
0,336
123,336
181,336
298,336
352,336
479,336
0,337
122,337
180,337
299,337
354,337
470,337
476,337
479,337
0,338
120,338
180,338
299,338
357,338
469,338
479,338
479,338
0,339
118,339
179,339
300,339
358,339
469,339
478,339
479,339
0,340
117,340
179,340
300,340
359,340
472,340
479,340
479,340
0,341
114,341
178,341
301,341
361,341
474,341
478,341
479,341
0,342
113,342
178,342
301,342
363,342
479,342
0,343
111,343
177,343
302,343
365,343
479,343
0,344
109,344
177,344
302,344
367,344
479,344
0,345
107,345
176,345
302,345
369,345
479,345
0,346
106,346
176,346
303,346
370,346
479,346
0,347
104,347
175,347
303,347
373,347
479,347
0,348
102,348
175,348
304,348
375,348
376,348
378,348
479,348
0,349
100,349
175,349
305,349
377,349
476,349
479,349
479,349
0,350
6,350
12,350
31,350
33,350
99,350
174,350
305,350
378,350
479,350
12,351
28,351
35,351
97,351
174,351
306,351
381,351
472,351
476,351
479,351
12,352
26,352
37,352
95,352
173,352
306,352
382,352
385,352
387,352
449,352
451,352
471,352
12,353
24,353
41,353
94,353
173,353
306,353
384,353
449,353
451,353
471,353
13,354
22,354
44,354
91,354
172,354
307,354
386,354
447,354
451,354
451,354
453,354
471,354
13,355
20,355
49,355
89,355
172,355
307,355
388,355
444,355
453,355
471,355
14,356
17,356
54,356
87,356
172,356
307,356
390,356
440,356
456,356
468,356
471,356
471,356
57,357
85,357
171,357
308,357
392,357
438,357
457,357
459,357
461,357
470,357
63,358
84,358
171,358
308,358
394,358
433,358
461,358
463,358
465,358
470,358
67,359
82,359
170,359
309,359
397,359
431,359
461,359
463,359
465,359
469,359
