187,0
327,0
186,1
327,1
186,2
327,2
186,3
327,3
186,4
328,4
354,4
354,4
186,5
328,5
353,5
365,5
185,6
328,6
351,6
355,6
365,6
367,6
185,7
328,7
348,7
369,7
185,8
329,8
345,8
370,8
185,9
329,9
344,9
371,9
185,10
329,10
342,10
371,10
185,11
329,11
341,11
371,11
185,12
329,12
339,12
372,12
185,13
329,13
337,13
373,13
185,14
329,14
337,14
373,14
185,15
329,15
336,15
373,15
184,16
329,16
335,16
374,16
183,17
329,17
333,17
334,17
336,17
374,17
181,18
329,18
333,18
374,18
180,19
329,19
332,19
332,19
334,19
374,19
178,20
179,20
182,20
375,20
176,21
375,21
175,22
375,22
159,23
160,23
173,23
174,23
176,23
375,23
158,24
163,24
171,24
375,24
159,25
166,25
169,25
376,25
158,26
376,26
158,27
376,27
158,28
376,28
158,29
377,29
158,30
376,30
159,31
376,31
158,32
376,32
157,33
376,33
155,34
376,34
154,35
376,35
153,36
376,36
152,37
376,37
152,38
152,38
154,38
376,38
152,39
376,39
153,40
376,40
154,41
376,41
155,42
375,42
155,43
156,43
158,43
375,43
156,44
156,44
159,44
375,44
157,45
157,45
160,45
374,45
158,46
158,46
160,46
374,46
158,47
374,47
159,48
374,48
160,49
374,49
161,50
373,50
162,51
373,51
163,52
370,52
372,52
372,52
163,53
369,53
371,53
372,53
164,54
369,54
371,54
372,54
165,55
371,55
166,56
371,56
167,57
370,57
168,58
369,58
169,59
174,59
177,59
369,59
170,60
174,60
179,60
368,60
171,61
173,61
179,61
367,61
172,62
172,62
180,62
367,62
180,63
366,63
181,64
326,64
330,64
366,64
181,65
325,65
330,65
366,65
180,66
325,66
330,66
366,66
180,67
324,67
330,67
366,67
181,68
323,68
330,68
365,68
179,69
323,69
330,69
365,69
179,70
322,70
330,70
365,70
178,71
322,71
330,71
365,71
177,72
178,72
180,72
321,72
330,72
365,72
177,73
321,73
330,73
365,73
175,74
320,74
330,74
365,74
174,75
319,75
330,75
365,75
173,76
173,76
175,76
319,76
330,76
365,76
171,77
171,77
173,77
318,77
330,77
365,77
170,78
318,78
330,78
366,78
168,79
317,79
330,79
366,79
168,80
173,80
179,80
316,80
330,80
367,80
179,81
316,81
330,81
367,81
179,82
315,82
330,82
365,82
367,82
367,82
179,83
314,83
330,83
367,83
179,84
314,84
330,84
366,84
179,85
313,85
329,85
363,85
178,86
312,86
329,86
360,86
362,86
363,86
178,87
312,87
329,87
360,87
362,87
363,87
178,88
181,88
184,88
311,88
329,88
360,88
362,88
363,88
178,89
180,89
184,89
216,89
219,89
309,89
311,89
311,89
329,89
363,89
177,90
180,90
184,90
216,90
220,90
311,90
329,90
363,90
177,91
178,91
184,91
216,91
221,91
311,91
329,91
363,91
177,92
178,92
185,92
216,92
223,92
311,92
329,92
364,92
177,93
177,93
185,93
216,93
224,93
311,93
328,93
364,93
185,94
217,94
225,94
311,94
328,94
364,94
449,94
453,94
185,95
217,95
226,95
311,95
328,95
364,95
448,95
456,95
186,96
217,96
227,96
312,96
328,96
364,96
447,96
457,96
186,97
220,97
229,97
312,97
328,97
364,97
445,97
459,97
29,98
30,98
186,98
220,98
231,98
312,98
328,98
364,98
443,98
460,98
27,99
32,99
186,99
221,99
232,99
312,99
328,99
365,99
441,99
461,99
25,100
33,100
187,100
187,100
191,100
217,100
219,100
222,100
235,100
313,100
328,100
365,100
439,100
459,100
462,100
463,100
23,101
35,101
187,101
187,101
191,101
223,101
237,101
314,101
328,101
365,101
438,101
465,101
22,102
36,102
187,102
187,102
191,102
224,102
239,102
316,102
328,102
365,102
435,102
466,102
20,103
39,103
187,103
187,103
191,103
226,103
243,103
307,103
311,103
311,103
313,103
317,103
327,103
365,103
433,103
467,103
19,104
40,104
191,104
227,104
244,104
306,104
327,104
328,104
330,104
365,104
431,104
469,104
18,105
42,105
191,105
230,105
248,105
249,105
253,105
306,105
327,105
365,105
429,105
471,105
16,106
45,106
192,106
232,106
257,106
306,106
327,106
366,106
427,106
472,106
14,107
46,107
192,107
235,107
255,107
306,107
327,107
366,107
425,107
452,107
456,107
474,107
13,108
48,108
192,108
192,108
195,108
198,108
201,108
239,108
250,108
251,108
253,108
306,108
327,108
366,108
423,108
450,108
457,108
475,108
11,109
50,109
195,109
198,109
201,109
306,109
327,109
366,109
422,109
449,109
459,109
477,109
10,110
52,110
195,110
197,110
201,110
303,110
305,110
306,110
327,110
366,110
419,110
448,110
460,110
479,110
8,111
54,111
196,111
197,111
202,111
202,111
204,111
300,111
304,111
306,111
327,111
366,111
417,111
446,111
462,111
479,111
6,112
24,112
30,112
57,112
196,112
197,112
202,112
202,112
206,112
299,112
304,112
306,112
327,112
367,112
416,112
444,112
463,112
479,112
5,113
23,113
31,113
59,113
196,113
196,113
202,113
202,113
206,113
299,113
304,113
306,113
327,113
367,113
413,113
443,113
465,113
479,113
3,114
21,114
32,114
61,114
202,114
202,114
207,114
298,114
305,114
306,114
327,114
367,114
411,114
441,114
466,114
479,114
2,115
20,115
33,115
63,115
202,115
202,115
207,115
210,115
212,115
219,115
222,115
293,115
295,115
297,115
305,115
306,115
327,115
367,115
410,115
439,115
467,115
479,115
0,116
19,116
35,116
64,116
207,116
207,116
210,116
210,116
212,116
219,116
222,116
292,116
296,116
297,116
305,116
306,116
327,116
367,116
408,116
436,116
469,116
479,116
0,117
18,117
36,117
67,117
203,117
203,117
207,117
207,117
210,117
210,117
212,117
216,117
218,117
219,117
223,117
261,117
264,117
273,117
276,117
291,117
296,117
297,117
306,117
307,117
327,117
367,117
407,117
434,117
469,117
470,117
472,117
479,117
0,118
16,118
39,118
68,118
203,118
203,118
212,118
219,118
223,118
261,118
264,118
272,118
276,118
291,118
296,118
296,118
307,118
307,118
327,118
367,118
405,118
434,118
472,118
479,118
0,119
15,119
41,119
70,119
212,119
214,119
216,119
217,119
219,119
219,119
223,119
254,119
258,119
260,119
264,119
272,119
276,119
282,119
284,119
291,119
296,119
296,119
307,119
307,119
327,119
367,119
403,119
434,119
470,119
479,119
0,120
13,120
43,120
72,120
203,120
203,120
212,120
214,120
219,120
219,120
223,120
254,120
258,120
260,120
264,120
272,120
276,120
281,120
285,120
290,120
327,120
367,120
402,120
435,120
470,120
479,120
0,121
12,121
46,121
73,121
212,121
213,121
223,121
253,121
258,121
260,121
264,121
271,121
276,121
280,121
284,121
290,121
327,121
366,121
400,121
419,121
425,121
435,121
469,121
479,121
0,122
11,122
46,122
75,122
212,122
213,122
223,122
250,122
252,122
253,122
259,122
259,122
264,122
268,122
270,122
271,122
277,122
280,122
284,122
285,122
288,122
290,122
327,122
365,122
368,122
368,122
399,122
416,122
425,122
435,122
469,122
479,122
0,123
11,123
45,123
77,123
212,123
213,123
223,123
252,123
259,123
259,123
264,123
270,123
277,123
280,123
284,123
285,123
288,123
289,123
327,123
365,123
368,123
368,123
397,123
413,123
424,123
434,123
469,123
479,123
0,124
12,124
45,124
55,124
57,124
78,124
212,124
212,124
223,124
252,124
259,124
259,124
263,124
270,124
277,124
280,124
284,124
285,124
288,124
289,124
327,124
365,124
368,124
368,124
395,124
412,124
423,124
434,124
470,124
479,124
0,125
12,125
45,125
55,125
60,125
80,125
212,125
212,125
223,125
252,125
259,125
259,125
263,125
269,125
277,125
280,125
284,125
285,125
288,125
289,125
327,125
365,125
368,125
368,125
394,125
409,125
423,125
435,125
470,125
478,125
0,126
12,126
45,126
56,126
63,126
81,126
212,126
212,126
222,126
252,126
259,126
259,126
263,126
269,126
277,126
280,126
284,126
284,126
289,126
289,126
328,126
365,126
368,126
368,126
392,126
408,126
420,126
435,126
469,126
478,126
0,127
12,127
46,127
56,127
67,127
83,127
218,127
218,127
220,127
252,127
256,127
259,127
263,127
268,127
277,127
280,127
284,127
284,127
328,127
365,127
390,127
406,127
420,127
436,127
466,127
479,127
0,128
3,128
6,128
12,128
46,128
56,128
69,128
85,128
217,128
220,128
222,128
252,128
256,128
258,128
263,128
268,128
277,128
279,128
283,128
284,128
328,128
365,128
388,128
404,128
419,128
438,128
465,128
479,128
0,129
0,129
5,129
12,129
45,129
58,129
71,129
86,129
217,129
258,129
263,129
264,129
267,129
267,129
278,129
279,129
283,129
283,129
328,129
365,129
386,129
402,129
418,129
438,129
464,129
479,129
4,130
14,130
44,130
59,130
73,130
89,130
218,130
257,130
263,130
263,130
278,130
279,130
283,130
283,130
328,130
365,130
384,130
401,130
418,130
439,130
463,130
479,130
4,131
15,131
44,131
60,131
74,131
89,131
218,131
256,131
263,131
263,131
278,131
279,131
283,131
283,131
329,131
364,131
382,131
400,131
417,131
439,131
462,131
479,131
3,132
17,132
43,132
61,132
76,132
93,132
218,132
257,132
263,132
263,132
279,132
279,132
283,132
283,132
329,132
364,132
379,132
382,132
384,132
398,132
416,132
439,132
462,132
479,132
1,133
18,133
42,133
59,133
61,133
61,133
77,133
95,133
219,133
257,133
279,133
279,133
283,133
283,133
329,133
364,133
377,133
381,133
384,133
397,133
415,133
439,133
461,133
479,133
1,134
19,134
42,134
62,134
78,134
96,134
219,134
256,134
279,134
279,134
283,134
283,134
329,134
364,134
374,134
396,134
415,134
439,134
460,134
479,134
0,135
20,135
41,135
63,135
80,135
99,135
219,135
256,135
279,135
279,135
320,135
320,135
330,135
363,135
371,135
376,135
378,135
395,135
414,135
439,135
459,135
479,135
0,136
21,136
41,136
64,136
82,136
101,136
219,136
256,136
315,136
365,136
367,136
393,136
415,136
439,136
458,136
479,136
0,137
21,137
41,137
64,137
83,137
106,137
158,137
162,137
219,137
256,137
314,137
392,137
413,137
440,137
457,137
479,137
0,138
22,138
41,138
65,138
84,138
109,138
153,138
163,138
219,138
257,138
313,138
391,138
412,138
440,138
457,138
479,138
0,139
23,139
41,139
65,139
85,139
115,139
143,139
163,139
218,139
258,139
312,139
391,139
412,139
440,139
456,139
479,139
0,140
23,140
40,140
66,140
86,140
164,140
216,140
260,140
312,140
391,140
411,140
440,140
455,140
479,140
0,141
24,141
40,141
67,141
87,141
164,141
213,141
262,141
311,141
391,141
411,141
440,141
454,141
479,141
0,142
25,142
40,142
67,142
88,142
165,142
209,142
264,142
311,142
391,142
411,142
440,142
454,142
479,142
0,143
26,143
40,143
68,143
87,143
87,143
89,143
166,143
207,143
268,143
310,143
391,143
411,143
440,143
454,143
479,143
0,144
26,144
40,144
69,144
87,144
166,144
204,144
270,144
310,144
375,144
378,144
378,144
381,144
391,144
411,144
440,144
454,144
479,144
0,145
27,145
40,145
69,145
88,145
167,145
200,145
273,145
309,145
361,145
381,145
391,145
411,145
440,145
454,145
479,145
0,146
27,146
39,146
69,146
88,146
168,146
198,146
275,146
309,146
361,146
380,146
392,146
411,146
441,146
454,146
479,146
0,147
27,147
39,147
69,147
88,147
98,147
116,147
168,147
196,147
278,147
308,147
361,147
378,147
393,147
411,147
440,147
454,147
479,147
0,148
27,148
39,148
69,148
88,148
98,148
133,148
169,148
193,148
280,148
307,148
324,148
326,148
360,148
377,148
394,148
411,148
440,148
454,148
479,148
0,149
27,149
39,149
69,149
88,149
98,149
139,149
170,149
191,149
282,149
307,149
323,149
326,149
360,149
376,149
394,149
411,149
440,149
454,149
479,149
0,150
27,150
39,150
69,150
86,150
100,150
140,150
170,150
190,150
283,150
306,150
322,150
326,150
359,150
376,150
393,150
395,150
395,150
411,150
439,150
454,150
479,150
0,151
27,151
39,151
69,151
86,151
101,151
141,151
151,151
155,151
171,151
188,151
285,151
306,151
321,151
327,151
359,151
375,151
396,151
411,151
439,151
454,151
479,151
0,152
28,152
40,152
69,152
85,152
102,152
141,152
151,152
156,152
171,152
186,152
286,152
305,152
320,152
327,152
358,152
375,152
396,152
411,152
438,152
454,152
479,152
0,153
28,153
41,153
69,153
84,153
102,153
141,153
151,153
157,153
172,153
185,153
287,153
305,153
319,153
328,153
358,153
374,153
396,153
411,153
438,153
454,153
479,153
0,154
28,154
41,154
69,154
83,154
103,154
141,154
150,154
158,154
172,154
183,154
289,154
304,154
315,154
317,154
318,154
328,154
358,154
373,154
396,154
411,154
437,154
454,154
479,154
0,155
28,155
42,155
69,155
83,155
104,155
139,155
150,155
159,155
173,155
182,155
290,155
303,155
317,155
327,155
351,155
353,155
354,155
357,155
357,155
373,155
373,155
375,155
397,155
411,155
436,155
454,155
479,155
1,156
28,156
42,156
69,156
83,156
104,156
139,156
149,156
159,156
174,156
181,156
291,156
303,156
316,156
325,156
326,156
328,156
350,156
353,156
354,156
357,156
357,156
372,156
397,156
411,156
436,156
454,156
479,156
2,157
2,157
4,157
28,157
43,157
69,157
82,157
83,157
85,157
105,157
137,157
138,157
140,157
151,157
160,157
174,157
180,157
292,157
302,157
316,157
325,157
349,157
353,157
354,157
356,157
357,157
372,157
397,157
411,157
435,157
454,157
479,157
2,158
28,158
43,158
68,158
82,158
105,158
136,158
152,158
161,158
175,158
179,158
293,158
301,158
315,158
324,158
349,158
353,158
354,158
356,158
356,158
371,158
397,158
411,158
435,158
454,158
478,158
3,159
28,159
44,159
68,159
82,159
106,159
135,159
153,159
162,159
291,159
293,159
294,159
300,159
314,159
324,159
349,159
353,159
356,159
371,159
397,159
411,159
434,159
453,159
477,159
4,160
28,160
44,160
68,160
82,160
107,160
135,160
154,160
163,160
295,160
300,160
313,160
323,160
349,160
353,160
356,160
370,160
397,160
411,160
434,160
453,160
477,160
4,161
28,161
45,161
68,161
82,161
107,161
134,161
154,161
164,161
295,161
299,161
312,161
323,161
348,161
353,161
356,161
370,161
398,161
411,161
433,161
453,161
476,161
5,162
28,162
45,162
68,162
81,162
108,162
134,162
155,162
165,162
311,162
322,162
348,162
353,162
354,162
369,162
398,162
411,162
433,162
453,162
475,162
5,163
28,163
46,163
68,163
81,163
108,163
133,163
155,163
166,163
310,163
322,163
348,163
352,163
353,163
368,163
398,163
411,163
432,163
453,163
475,163
6,164
7,164
9,164
28,164
46,164
68,164
81,164
109,164
133,164
156,164
166,164
310,164
321,164
349,164
352,164
353,164
368,164
398,164
411,164
431,164
453,164
474,164
7,165
7,165
9,165
28,165
47,165
68,165
81,165
109,165
133,165
156,165
167,165
309,165
320,165
348,165
353,165
353,165
368,165
399,165
411,165
431,165
453,165
473,165
7,166
8,166
10,166
28,166
47,166
68,166
81,166
110,166
133,166
156,166
168,166
308,166
320,166
348,166
368,166
399,166
411,166
431,166
453,166
473,166
10,167
28,167
48,167
68,167
80,167
110,167
132,167
157,167
169,167
307,167
320,167
348,167
368,167
399,167
412,167
430,167
453,167
472,167
9,168
28,168
48,168
68,168
80,168
110,168
132,168
158,168
170,168
307,168
319,168
348,168
368,168
399,168
412,168
430,168
454,168
472,168
10,169
28,169
49,169
68,169
80,169
110,169
132,169
158,169
169,169
307,169
318,169
348,169
368,169
399,169
411,169
429,169
454,169
471,169
10,170
28,170
49,170
68,170
80,170
110,170
132,170
159,170
169,170
309,170
318,170
347,170
369,170
398,170
411,170
429,170
454,170
470,170
11,171
28,171
50,171
68,171
80,171
109,171
131,171
159,171
168,171
310,171
317,171
318,171
320,171
347,171
369,171
398,171
411,171
428,171
453,171
470,171
11,172
29,172
50,172
68,172
80,172
109,172
131,172
159,172
167,172
311,172
317,172
347,172
369,172
397,172
411,172
428,172
453,172
469,172
12,173
29,173
51,173
68,173
80,173
109,173
130,173
160,173
166,173
312,173
317,173
347,173
369,173
397,173
411,173
426,173
453,173
468,173
13,174
29,174
51,174
68,174
81,174
109,174
130,174
160,174
166,174
313,174
316,174
347,174
369,174
397,174
411,174
426,174
453,174
468,174
13,175
29,175
52,175
68,175
81,175
109,175
130,175
160,175
165,175
347,175
369,175
396,175
411,175
426,175
453,175
467,175
14,176
29,176
53,176
68,176
82,176
109,176
130,176
161,176
163,176
348,176
369,176
396,176
411,176
425,176
453,176
467,176
15,177
29,177
53,177
68,177
82,177
109,177
130,177
347,177
369,177
395,177
411,177
424,177
453,177
465,177
15,178
29,178
54,178
68,178
83,178
109,178
130,178
347,178
369,178
395,178
411,178
424,178
453,178
465,178
16,179
29,179
54,179
68,179
84,179
109,179
130,179
346,179
370,179
394,179
411,179
424,179
453,179
465,179
17,180
29,180
55,180
68,180
84,180
109,180
130,180
346,180
370,180
394,180
411,180
423,180
453,180
464,180
18,181
29,181
55,181
68,181
84,181
109,181
130,181
343,181
345,181
346,181
370,181
393,181
411,181
423,181
453,181
461,181
463,181
463,181
18,182
29,182
56,182
68,182
84,182
109,182
131,182
345,182
370,182
393,182
412,182
422,182
453,182
463,182
19,183
29,183
56,183
68,183
85,183
108,183
132,183
345,183
370,183
393,183
412,183
422,183
453,183
462,183
20,184
29,184
57,184
68,184
86,184
108,184
132,184
345,184
370,184
392,184
412,184
421,184
453,184
461,184
20,185
29,185
57,185
68,185
86,185
108,185
132,185
344,185
370,185
392,185
412,185
420,185
453,185
461,185
21,186
29,186
58,186
68,186
86,186
108,186
132,186
344,186
370,186
391,186
412,186
420,186
453,186
460,186
21,187
29,187
59,187
68,187
86,187
108,187
133,187
344,187
370,187
390,187
412,187
419,187
453,187
459,187
22,188
29,188
59,188
68,188
87,188
108,188
133,188
343,188
370,188
390,188
412,188
419,188
453,188
459,188
23,189
29,189
60,189
68,189
87,189
108,189
134,189
343,189
370,189
390,189
412,189
418,189
453,189
458,189
23,190
29,190
60,190
68,190
88,190
108,190
134,190
342,190
370,190
389,190
412,190
418,190
453,190
457,190
24,191
24,191
26,191
29,191
61,191
68,191
88,191
107,191
134,191
342,191
370,191
389,191
412,191
417,191
453,191
457,191
24,192
25,192
27,192
29,192
61,192
68,192
88,192
107,192
135,192
341,192
370,192
388,192
412,192
416,192
453,192
455,192
25,193
29,193
62,193
67,193
89,193
107,193
135,193
341,193
370,193
388,193
412,193
416,193
453,193
455,193
26,194
30,194
63,194
67,194
90,194
108,194
136,194
341,194
371,194
371,194
373,194
388,194
412,194
415,194
452,194
455,194
27,195
30,195
63,195
67,195
90,195
108,195
136,195
340,195
371,195
371,195
373,195
387,195
412,195
415,195
453,195
455,195
27,196
30,196
64,196
67,196
91,196
108,196
136,196
340,196
371,196
387,196
412,196
414,196
453,196
454,196
28,197
30,197
64,197
67,197
91,197
108,197
137,197
340,197
371,197
386,197
412,197
414,197
453,197
453,197
29,198
29,198
64,198
67,198
91,198
107,198
137,198
339,198
371,198
386,198
413,198
413,198
65,199
67,199
92,199
107,199
138,199
339,199
371,199
385,199
66,200
67,200
92,200
107,200
138,200
339,200
371,200
384,200
67,201
67,201
93,201
107,201
139,201
338,201
371,201
384,201
93,202
107,202
139,202
338,202
371,202
372,202
374,202
384,202
94,203
107,203
139,203
337,203
371,203
372,203
375,203
383,203
94,204
107,204
140,204
337,204
371,204
383,204
94,205
106,205
140,205
336,205
372,205
382,205
95,206
106,206
140,206
336,206
372,206
382,206
95,207
106,207
141,207
336,207
372,207
381,207
96,208
106,208
141,208
335,208
372,208
381,208
96,209
106,209
142,209
335,209
372,209
380,209
97,210
106,210
142,210
334,210
372,210
380,210
97,211
106,211
142,211
334,211
372,211
380,211
97,212
106,212
143,212
334,212
372,212
379,212
98,213
99,213
101,213
106,213
143,213
333,213
372,213
379,213
98,214
99,214
101,214
106,214
144,214
333,214
372,214
378,214
99,215
106,215
144,215
332,215
372,215
378,215
99,216
106,216
143,216
144,216
146,216
332,216
372,216
377,216
100,217
106,217
144,217
332,217
372,217
377,217
100,218
105,218
144,218
331,218
372,218
376,218
101,219
105,219
145,219
331,219
372,219
373,219
375,219
376,219
101,220
105,220
146,220
330,220
373,220
373,220
375,220
376,220
102,221
105,221
146,221
330,221
373,221
373,221
375,221
375,221
102,222
105,222
147,222
330,222
373,222
375,222
103,223
105,223
147,223
329,223
373,223
374,223
103,224
104,224
147,224
329,224
104,225
104,225
148,225
329,225
148,226
328,226
149,227
328,227
149,228
327,228
149,229
150,229
152,229
327,229
149,230
327,230
150,231
326,231
150,232
326,232
150,233
325,233
150,234
325,234
150,235
325,235
149,236
325,236
149,237
326,237
148,238
326,238
148,239
326,239
148,240
327,240
147,241
327,241
147,242
328,242
147,243
328,243
146,244
328,244
146,245
329,245
146,246
329,246
145,247
329,247
145,248
329,248
145,249
330,249
144,250
330,250
144,251
330,251
144,252
179,252
181,252
330,252
144,253
178,253
181,253
331,253
143,254
178,254
181,254
331,254
143,255
177,255
181,255
331,255
143,256
177,256
181,256
332,256
142,257
177,257
181,257
332,257
142,258
176,258
181,258
332,258
142,259
176,259
181,259
332,259
142,260
176,260
181,260
333,260
142,261
175,261
181,261
333,261
141,262
175,262
180,262
333,262
141,263
175,263
180,263
333,263
141,264
175,264
180,264
334,264
141,265
174,265
180,265
334,265
140,266
174,266
180,266
334,266
140,267
174,267
180,267
334,267
140,268
173,268
180,268
335,268
139,269
173,269
180,269
335,269
139,270
172,270
180,270
335,270
139,271
172,271
180,271
335,271
139,272
172,272
180,272
300,272
302,272
335,272
139,273
171,273
180,273
299,273
302,273
336,273
139,274
171,274
180,274
299,274
303,274
336,274
138,275
171,275
180,275
299,275
303,275
336,275
138,276
170,276
180,276
299,276
303,276
336,276
138,277
170,277
180,277
299,277
304,277
336,277
138,278
169,278
180,278
299,278
304,278
337,278
138,279
169,279
180,279
299,279
304,279
337,279
137,280
169,280
180,280
299,280
305,280
337,280
137,281
169,281
180,281
298,281
305,281
337,281
137,282
168,282
180,282
298,282
305,282
337,282
137,283
168,283
180,283
298,283
305,283
337,283
137,284
168,284
180,284
298,284
306,284
337,284
136,285
167,285
180,285
298,285
306,285
338,285
136,286
167,286
180,286
298,286
307,286
338,286
136,287
167,287
180,287
298,287
307,287
338,287
136,288
166,288
180,288
298,288
307,288
338,288
135,289
166,289
180,289
298,289
308,289
339,289
133,290
166,290
180,290
297,290
308,290
341,290
131,291
165,291
180,291
297,291
308,291
343,291
129,292
165,292
180,292
297,292
309,292
345,292
127,293
164,293
180,293
297,293
309,293
347,293
125,294
164,294
180,294
297,294
310,294
349,294
123,295
164,295
180,295
297,295
310,295
351,295
122,296
123,296
125,296
163,296
180,296
296,296
310,296
353,296
447,296
449,296
120,297
122,297
124,297
163,297
180,297
297,297
311,297
355,297
445,297
451,297
119,298
162,298
180,298
297,298
311,298
357,298
442,298
452,298
117,299
162,299
180,299
297,299
312,299
358,299
440,299
452,299
115,300
162,300
180,300
297,300
312,300
360,300
438,300
453,300
24,301
33,301
114,301
161,301
180,301
297,301
312,301
361,301
437,301
453,301
24,302
35,302
112,302
161,302
180,302
298,302
313,302
363,302
437,302
452,302
23,303
37,303
111,303
160,303
180,303
298,303
313,303
365,303
436,303
451,303
23,304
39,304
109,304
160,304
180,304
298,304
314,304
367,304
436,304
449,304
23,305
39,305
108,305
159,305
180,305
298,305
314,305
368,305
435,305
448,305
23,306
24,306
27,306
40,306
106,306
159,306
180,306
298,306
314,306
370,306
435,306
445,306
24,307
40,307
104,307
158,307
180,307
298,307
315,307
372,307
434,307
444,307
25,308
42,308
103,308
158,308
180,308
298,308
315,308
374,308
434,308
444,308
27,309
42,309
101,309
157,309
180,309
298,309
316,309
375,309
433,309
444,309
29,310
43,310
100,310
157,310
180,310
298,310
317,310
377,310
432,310
444,310
31,311
44,311
98,311
156,311
180,311
298,311
317,311
378,311
432,311
445,311
32,312
44,312
97,312
156,312
179,312
298,312
318,312
380,312
431,312
445,312
32,313
45,313
95,313
155,313
179,313
299,313
318,313
382,313
431,313
445,313
32,314
45,314
94,314
154,314
179,314
299,314
319,314
319,314
321,314
383,314
430,314
446,314
32,315
46,315
92,315
153,315
179,315
299,315
320,315
385,315
428,315
446,315
31,316
48,316
90,316
153,316
179,316
299,316
320,316
387,316
427,316
447,316
31,317
49,317
89,317
152,317
179,317
299,317
321,317
322,317
324,317
388,317
426,317
447,317
30,318
51,318
87,318
151,318
179,318
299,318
322,318
390,318
425,318
449,318
30,319
52,319
86,319
150,319
179,319
299,319
323,319
392,319
424,319
451,319
28,320
53,320
84,320
149,320
179,320
300,320
324,320
393,320
424,320
453,320
467,320
470,320
27,321
54,321
83,321
148,321
179,321
300,321
325,321
395,321
422,321
479,321
11,322
14,322
25,322
55,322
81,322
146,322
179,322
300,322
327,322
397,322
421,322
479,322
2,323
57,323
79,323
145,323
179,323
300,323
328,323
399,323
420,323
479,323
0,324
57,324
78,324
144,324
179,324
300,324
329,324
400,324
420,324
479,324
0,325
58,325
76,325
142,325
178,325
300,325
331,325
403,325
419,325
479,325
0,326
59,326
74,326
141,326
178,326
298,326
300,326
301,326
333,326
404,326
419,326
479,326
0,327
60,327
73,327
139,327
180,327
298,327
300,327
301,327
334,327
405,327
418,327
479,327
0,328
61,328
71,328
137,328
179,328
298,328
336,328
407,328
417,328
479,328
0,329
61,329
70,329
136,329
179,329
299,329
337,329
409,329
417,329
479,329
0,330
62,330
68,330
134,330
179,330
299,330
340,330
412,330
417,330
479,330
0,331
62,331
64,331
133,331
179,331
299,331
341,331
479,331
0,332
131,332
179,332
299,332
343,332
479,332
0,333
129,333
179,333
299,333
344,333
479,333
0,334
128,334
179,334
299,334
346,334
479,334
0,335
126,335
180,335
299,335
348,335
479,335
0,336
124,336
180,336
299,336
350,336
479,336
0,337
122,337
179,337
300,337
352,337
479,337
0,338
121,338
179,338
301,338
355,338
479,338
0,339
119,339
178,339
301,339
356,339
479,339
0,340
117,340
178,340
302,340
357,340
479,340
0,341
115,341
177,341
302,341
359,341
479,341
0,342
114,342
177,342
303,342
361,342
479,342
0,343
112,343
176,343
303,343
363,343
479,343
0,344
110,344
176,344
304,344
365,344
479,344
0,345
109,345
175,345
304,345
367,345
479,345
0,346
107,346
174,346
304,346
369,346
479,346
0,347
105,347
174,347
305,347
370,347
479,347
0,348
104,348
174,348
305,348
373,348
374,348
376,348
479,348
0,349
102,349
173,349
305,349
374,349
479,349
0,350
100,350
173,350
306,350
376,350
479,350
0,351
98,351
172,351
306,351
379,351
479,351
0,352
96,352
172,352
307,352
381,352
383,352
385,352
479,352
0,353
95,353
171,353
307,353
382,353
479,353
0,354
92,354
171,354
308,354
384,354
479,354
0,355
91,355
170,355
309,355
385,355
479,355
0,356
15,356
18,356
89,356
170,356
309,356
388,356
479,356
0,357
12,357
14,357
14,357
21,357
88,357
169,357
309,357
390,357
479,357
0,358
12,358
25,358
86,358
169,358
310,358
391,358
479,358
0,359
11,359
26,359
84,359
169,359
310,359
393,359
479,359
