164,0
164,0
174,0
177,0
181,0
182,0
190,0
206,0
209,0
282,0
284,0
319,0
323,0
336,0
340,0
346,0
363,0
364,0
411,0
479,0
164,1
164,1
174,1
177,1
181,1
182,1
190,1
206,1
209,1
281,1
284,1
319,1
323,1
336,1
340,1
345,1
363,1
364,1
411,1
479,1
174,2
177,2
181,2
182,2
191,2
205,2
209,2
281,2
284,2
318,2
323,2
335,2
340,2
345,2
363,2
364,2
411,2
479,2
174,3
176,3
181,3
182,3
191,3
205,3
209,3
280,3
284,3
318,3
323,3
335,3
340,3
344,3
364,3
364,3
411,3
479,3
174,4
176,4
182,4
182,4
191,4
205,4
209,4
280,4
284,4
318,4
323,4
334,4
340,4
344,4
412,4
479,4
174,5
176,5
191,5
205,5
209,5
280,5
284,5
301,5
304,5
318,5
323,5
333,5
340,5
343,5
412,5
479,5
175,6
176,6
190,6
205,6
209,6
280,6
284,6
300,6
304,6
318,6
323,6
333,6
340,6
343,6
412,6
479,6
175,7
176,7
190,7
205,7
209,7
279,7
283,7
300,7
304,7
318,7
323,7
333,7
341,7
342,7
412,7
479,7
175,8
176,8
190,8
206,8
209,8
279,8
283,8
299,8
304,8
318,8
323,8
333,8
340,8
342,8
412,8
479,8
176,9
176,9
190,9
205,9
209,9
279,9
283,9
298,9
304,9
318,9
323,9
332,9
340,9
341,9
412,9
479,9
176,10
176,10
190,10
205,10
209,10
279,10
283,10
298,10
304,10
318,10
323,10
331,10
341,10
341,10
412,10
479,10
190,11
205,11
209,11
271,11
273,11
278,11
283,11
298,11
305,11
317,11
323,11
331,11
413,11
479,11
176,12
176,12
190,12
196,12
198,12
204,12
209,12
268,12
273,12
274,12
276,12
278,12
283,12
297,12
305,12
317,12
323,12
331,12
413,12
479,12
176,13
176,13
190,13
195,13
199,13
202,13
206,13
206,13
209,13
263,13
265,13
267,13
273,13
278,13
283,13
296,13
305,13
317,13
323,13
330,13
413,13
479,13
190,14
195,14
199,14
202,14
209,14
263,14
265,14
266,14
273,14
278,14
283,14
296,14
305,14
317,14
323,14
326,14
328,14
330,14
413,14
479,14
190,15
194,15
201,15
202,15
209,15
265,15
274,15
277,15
282,15
295,15
305,15
317,15
323,15
325,15
329,15
330,15
414,15
479,15
190,16
194,16
201,16
203,16
209,16
265,16
274,16
277,16
282,16
295,16
305,16
317,16
323,16
326,16
329,16
329,16
414,16
479,16
190,17
193,17
201,17
203,17
209,17
264,17
272,17
277,17
282,17
294,17
305,17
317,17
323,17
325,17
414,17
479,17
190,18
193,18
198,18
198,18
202,18
204,18
209,18
264,18
266,18
271,18
273,18
274,18
276,18
277,18
282,18
294,18
305,18
317,18
323,18
325,18
414,18
479,18
191,19
192,19
198,19
200,19
203,19
204,19
209,19
276,19
282,19
293,19
305,19
317,19
323,19
325,19
414,19
479,19
191,20
192,20
199,20
200,20
202,20
276,20
282,20
293,20
305,20
309,20
315,20
317,20
323,20
324,20
415,20
469,20
476,20
479,20
190,21
192,21
199,21
200,21
202,21
276,21
282,21
292,21
305,21
311,21
315,21
317,21
323,21
324,21
415,21
468,21
476,21
479,21
190,22
191,22
199,22
276,22
282,22
292,22
306,22
311,22
315,22
317,22
323,22
324,22
416,22
468,22
476,22
479,22
190,23
191,23
199,23
276,23
282,23
291,23
306,23
310,23
316,23
316,23
324,23
324,23
416,23
469,23
476,23
479,23
190,24
190,24
200,24
275,24
282,24
291,24
306,24
310,24
316,24
316,24
324,24
324,24
416,24
479,24
200,25
275,25
282,25
291,25
306,25
309,25
316,25
316,25
416,25
478,25
200,26
275,26
282,26
290,26
306,26
309,26
315,26
316,26
416,26
478,26
200,27
272,27
282,27
290,27
306,27
308,27
315,27
316,27
417,27
478,27
201,28
272,28
282,28
289,28
307,28
308,28
316,28
316,28
417,28
477,28
201,29
272,29
282,29
289,29
307,29
308,29
316,29
316,29
417,29
477,29
201,30
272,30
282,30
283,30
287,30
288,30
307,30
307,30
316,30
316,30
417,30
477,30
201,31
272,31
282,31
283,31
287,31
288,31
316,31
316,31
417,31
477,31
202,32
272,32
282,32
283,32
287,32
288,32
316,32
316,32
418,32
476,32
202,33
272,33
282,33
282,33
287,33
287,33
418,33
476,33
201,34
272,34
282,34
282,34
418,34
476,34
200,35
274,35
418,35
476,35
198,36
276,36
418,36
473,36
195,37
281,37
418,37
472,37
191,38
283,38
418,38
472,38
188,39
288,39
418,39
472,39
184,40
291,40
418,40
475,40
478,40
479,40
181,41
294,41
418,41
479,41
177,42
297,42
371,42
382,42
418,42
477,42
173,43
300,43
370,43
388,43
418,43
479,43
0,44
0,44
101,44
103,44
170,44
303,44
369,44
394,44
418,44
479,44
0,45
2,45
95,45
106,45
166,45
306,45
368,45
402,45
404,45
404,45
418,45
479,45
0,46
5,46
90,46
107,46
165,46
308,46
368,46
410,46
414,46
479,46
0,47
3,47
5,47
6,47
8,47
8,47
83,47
108,47
164,47
307,47
309,47
310,47
367,47
405,47
408,47
411,47
413,47
414,47
416,47
479,47
0,48
13,48
77,48
109,48
160,48
312,48
367,48
479,48
0,49
18,49
69,49
109,49
157,49
313,49
366,49
479,49
0,50
23,50
60,50
110,50
156,50
315,50
365,50
479,50
0,51
30,51
32,51
111,51
154,51
317,51
365,51
479,51
0,52
111,52
152,52
319,52
364,52
479,52
0,53
112,53
150,53
321,53
364,53
479,53
0,54
113,54
148,54
322,54
363,54
479,54
0,55
113,55
146,55
323,55
363,55
479,55
0,56
114,56
144,56
325,56
362,56
479,56
0,57
114,57
143,57
326,57
361,57
479,57
0,58
115,58
142,58
327,58
361,58
479,58
0,59
115,59
140,59
329,59
360,59
479,59
0,60
116,60
139,60
330,60
360,60
479,60
0,61
116,61
138,61
331,61
359,61
452,61
455,61
466,61
479,61
479,61
0,62
117,62
136,62
332,62
359,62
451,62
455,62
456,62
459,62
464,62
0,63
118,63
135,63
333,63
358,63
413,63
419,63
426,63
428,63
451,63
455,63
456,63
459,63
463,63
0,64
118,64
134,64
334,64
358,64
412,64
419,64
425,64
428,64
447,64
450,64
451,64
455,64
456,64
459,64
463,64
0,65
32,65
43,65
119,65
133,65
335,65
357,65
411,65
419,65
425,65
428,65
447,65
450,65
450,65
455,65
456,65
459,65
463,65
0,66
11,66
56,66
62,66
64,66
119,66
132,66
336,66
356,66
387,66
390,66
411,66
420,66
425,66
428,66
446,66
450,66
450,66
455,66
456,66
459,66
463,66
65,67
120,67
131,67
337,67
356,67
385,67
390,67
411,67
420,67
424,67
428,67
446,67
450,67
450,67
455,67
457,67
459,67
463,67
67,68
118,68
120,68
121,68
130,68
338,68
355,68
384,68
391,68
411,68
420,68
424,68
428,68
446,68
450,68
450,68
455,68
462,68
479,68
479,68
67,69
87,69
91,69
121,69
129,69
339,69
354,69
383,69
391,69
411,69
420,69
424,69
428,69
446,69
455,69
462,69
478,69
479,69
67,70
87,70
92,70
122,70
128,70
340,70
354,70
382,70
391,70
411,70
420,70
424,70
428,70
446,70
449,70
449,70
455,70
462,70
477,70
479,70
0,71
0,71
68,71
87,71
94,71
123,71
128,71
341,71
353,71
381,71
392,71
414,71
420,71
423,71
428,71
445,71
449,71
449,71
455,71
461,71
476,71
479,71
0,72
1,72
68,72
87,72
95,72
121,72
123,72
127,72
129,72
342,72
353,72
380,72
392,72
416,72
420,72
423,72
430,72
445,72
449,72
449,72
456,72
461,72
475,72
479,72
0,73
2,73
68,73
87,73
97,73
343,73
352,73
379,73
393,73
417,73
420,73
423,73
431,73
445,73
449,73
449,73
456,73
461,73
475,73
479,73
0,74
4,74
65,74
87,74
97,74
344,74
351,74
378,74
394,74
422,74
431,74
445,74
449,74
449,74
456,74
461,74
475,74
479,74
0,75
5,75
64,75
86,75
98,75
345,75
350,75
378,75
395,75
422,75
431,75
445,75
456,75
461,75
475,75
479,75
0,76
5,76
62,76
85,76
99,76
346,76
350,76
377,76
394,76
423,76
431,76
445,76
456,76
458,76
461,76
461,76
474,76
479,76
0,77
6,77
60,77
84,77
100,77
376,77
393,77
424,77
431,77
445,77
456,77
457,77
474,77
479,77
0,78
6,78
58,78
83,78
100,78
375,78
392,78
424,78
432,78
445,78
456,78
457,78
474,78
479,78
0,79
7,79
57,79
83,79
101,79
374,79
392,79
425,79
432,79
444,79
456,79
457,79
473,79
479,79
0,80
7,80
55,80
84,80
102,80
373,80
391,80
391,80
393,80
425,80
432,80
435,80
438,80
445,80
456,80
457,80
473,80
479,80
0,81
7,81
54,81
85,81
103,81
372,81
390,81
426,81
432,81
435,81
438,81
445,81
456,81
456,81
472,81
479,81
0,82
8,82
54,82
86,82
103,82
372,82
389,82
426,82
432,82
435,82
438,82
444,82
472,82
479,82
0,83
8,83
53,83
87,83
104,83
371,83
389,83
427,83
432,83
435,83
438,83
444,83
456,83
456,83
472,83
479,83
0,84
8,84
53,84
88,84
105,84
370,84
388,84
427,84
433,84
435,84
438,84
445,84
455,84
455,84
472,84
479,84
0,85
9,85
52,85
89,85
106,85
369,85
388,85
427,85
433,85
435,85
439,85
444,85
455,85
455,85
472,85
479,85
0,86
9,86
52,86
89,86
107,86
368,86
387,86
428,86
433,86
435,86
439,86
444,86
472,86
479,86
0,87
9,87
52,87
89,87
108,87
367,87
387,87
428,87
433,87
435,87
439,87
444,87
471,87
479,87
0,88
10,88
51,88
90,88
109,88
367,88
387,88
429,88
433,88
435,88
439,88
444,88
471,88
479,88
0,89
10,89
51,89
91,89
110,89
368,89
386,89
429,89
434,89
435,89
439,89
444,89
471,89
479,89
0,90
10,90
50,90
91,90
110,90
370,90
386,90
430,90
434,90
434,90
439,90
444,90
470,90
479,90
0,91
10,91
50,91
91,91
110,91
372,91
386,91
430,91
434,91
434,91
439,91
443,91
469,91
479,91
0,92
11,92
49,92
92,92
108,92
374,92
385,92
431,92
439,92
444,92
469,92
479,92
0,93
11,93
49,93
92,93
107,93
375,93
385,93
431,93
440,93
443,93
469,93
479,93
0,94
12,94
49,94
92,94
106,94
377,94
385,94
432,94
440,94
440,94
469,94
479,94
0,95
12,95
48,95
93,95
105,95
106,95
108,95
379,95
384,95
431,95
440,95
441,95
469,95
479,95
0,96
13,96
48,96
93,96
104,96
380,96
384,96
432,96
441,96
441,96
468,96
479,96
0,97
13,97
48,97
93,97
102,97
381,97
383,97
432,97
441,97
441,97
469,97
479,97
0,98
13,98
47,98
93,98
101,98
431,98
433,98
433,98
441,98
441,98
468,98
479,98
0,99
13,99
47,99
94,99
100,99
431,99
433,99
433,99
441,99
441,99
467,99
479,99
0,100
13,100
46,100
94,100
99,100
100,100
102,100
431,100
433,100
433,100
466,100
479,100
0,101
14,101
46,101
95,101
98,101
433,101
466,101
479,101
0,102
14,102
46,102
434,102
466,102
479,102
0,103
14,103
45,103
435,103
467,103
479,103
0,104
15,104
45,104
435,104
467,104
479,104
0,105
15,105
44,105
436,105
468,105
479,105
0,106
15,106
44,106
436,106
468,106
479,106
0,107
15,107
43,107
437,107
468,107
479,107
0,108
15,108
43,108
437,108
468,108
479,108
0,109
15,109
42,109
437,109
468,109
479,109
0,110
14,110
42,110
437,110
469,110
479,110
0,111
14,111
42,111
437,111
470,111
479,111
0,112
14,112
42,112
437,112
470,112
479,112
0,113
13,113
42,113
437,113
470,113
479,113
0,114
13,114
42,114
436,114
470,114
479,114
0,115
12,115
42,115
436,115
470,115
479,115
0,116
12,116
42,116
436,116
470,116
479,116
0,117
12,117
43,117
433,117
436,117
436,117
470,117
479,117
0,118
12,118
43,118
434,118
436,118
436,118
471,118
479,118
0,119
12,119
43,119
435,119
471,119
479,119
0,120
12,120
43,120
435,120
471,120
479,120
0,121
11,121
44,121
435,121
472,121
479,121
0,122
11,122
44,122
435,122
472,122
479,122
0,123
11,123
44,123
434,123
472,123
479,123
0,124
10,124
44,124
434,124
473,124
479,124
0,125
10,125
44,125
434,125
474,125
479,125
0,126
10,126
45,126
433,126
474,126
479,126
0,127
9,127
45,127
433,127
474,127
479,127
0,128
9,128
45,128
433,128
474,128
479,128
0,129
9,129
45,129
433,129
475,129
479,129
0,130
8,130
46,130
433,130
475,130
479,130
0,131
8,131
46,131
433,131
475,131
479,131
0,132
8,132
46,132
432,132
476,132
479,132
0,133
8,133
46,133
432,133
476,133
479,133
0,134
7,134
46,134
432,134
476,134
479,134
0,135
7,135
47,135
432,135
476,135
479,135
0,136
7,136
47,136
432,136
476,136
479,136
0,137
7,137
47,137
431,137
476,137
479,137
0,138
6,138
47,138
431,138
477,138
479,138
0,139
6,139
47,139
431,139
477,139
479,139
0,140
5,140
48,140
431,140
477,140
479,140
0,141
5,141
48,141
431,141
478,141
479,141
0,142
5,142
48,142
431,142
478,142
479,142
0,143
4,143
48,143
430,143
479,143
479,143
0,144
4,144
48,144
430,144
479,144
479,144
0,145
4,145
48,145
430,145
0,146
4,146
49,146
430,146
0,147
3,147
49,147
430,147
0,148
3,148
49,148
430,148
0,149
3,149
49,149
429,149
0,150
2,150
49,150
429,150
0,151
2,151
50,151
429,151
0,152
2,152
50,152
429,152
0,153
1,153
50,153
428,153
0,154
1,154
50,154
424,154
427,154
428,154
0,155
1,155
51,155
425,155
427,155
428,155
0,156
0,156
51,156
428,156
51,157
427,157
51,158
427,158
51,159
427,159
0,160
0,160
51,160
427,160
52,161
427,161
55,162
427,162
52,163
53,163
55,163
426,163
53,164
53,164
56,164
422,164
425,164
426,164
53,165
53,165
55,165
422,165
425,165
426,165
53,166
53,166
55,166
426,166
53,167
425,167
54,168
422,168
424,168
425,168
54,169
421,169
424,169
425,169
54,170
54,170
56,170
421,170
424,170
424,170
56,171
349,171
352,171
392,171
394,171
399,171
415,171
419,171
424,171
424,171
56,172
252,172
422,172
424,172
56,173
195,173
201,173
205,173
422,173
424,173
56,174
173,174
176,174
176,174
56,175
140,175
144,175
148,175
56,176
112,176
114,176
114,176
117,176
119,176
130,176
132,176
56,177
56,177
58,177
87,177
93,177
101,177
56,178
56,178
58,178
83,178
56,179
56,179
59,179
63,179
57,183
57,183
224,229
379,229
381,229
407,229
187,230
409,230
141,231
409,231
62,232
62,232
81,232
81,232
124,232
411,232
62,233
62,233
81,233
81,233
88,233
98,233
101,233
411,233
61,234
62,234
69,234
411,234
61,235
411,235
61,236
412,236
60,237
412,237
60,238
412,238
59,239
413,239
59,240
413,240
59,241
413,241
58,242
413,242
58,243
414,243
58,244
414,244
57,245
414,245
57,246
415,246
57,247
415,247
57,248
415,248
56,249
416,249
56,250
416,250
56,251
416,251
55,252
417,252
55,253
417,253
55,254
417,254
54,255
417,255
54,256
418,256
54,257
418,257
53,258
418,258
53,259
418,259
53,260
419,260
52,261
419,261
52,262
419,262
52,263
419,263
52,264
420,264
51,265
420,265
51,266
421,266
51,267
421,267
50,268
421,268
50,269
421,269
50,270
421,270
50,271
422,271
49,272
118,272
120,272
422,272
49,273
118,273
120,273
422,273
49,274
117,274
120,274
422,274
48,275
117,275
120,275
423,275
48,276
117,276
120,276
423,276
48,277
116,277
120,277
423,277
48,278
116,278
120,278
423,278
48,279
116,279
120,279
423,279
47,280
115,280
120,280
424,280
47,281
115,281
120,281
424,281
47,282
115,282
120,282
424,282
47,283
114,283
120,283
424,283
46,284
114,284
120,284
425,284
46,285
113,285
120,285
425,285
46,286
113,286
120,286
425,286
46,287
113,287
120,287
425,287
46,288
112,288
120,288
425,288
45,289
112,289
120,289
425,289
45,290
112,290
120,290
426,290
45,291
111,291
120,291
426,291
45,292
111,292
120,292
426,292
44,293
110,293
120,293
426,293
44,294
110,294
120,294
426,294
44,295
110,295
120,295
358,295
360,295
426,295
44,296
109,296
120,296
358,296
360,296
427,296
44,297
109,297
120,297
357,297
361,297
427,297
44,298
109,298
120,298
357,298
361,298
427,298
44,299
108,299
120,299
357,299
361,299
427,299
43,300
108,300
120,300
357,300
361,300
427,300
43,301
108,301
120,301
357,301
362,301
427,301
43,302
107,302
120,302
357,302
362,302
427,302
43,303
107,303
120,303
356,303
363,303
427,303
43,304
106,304
120,304
356,304
364,304
427,304
43,305
106,305
120,305
356,305
364,305
427,305
43,306
105,306
120,306
356,306
364,306
428,306
43,307
105,307
120,307
356,307
364,307
428,307
42,308
105,308
120,308
356,308
365,308
428,308
42,309
104,309
120,309
356,309
365,309
428,309
42,310
104,310
121,310
356,310
365,310
428,310
42,311
104,311
121,311
356,311
366,311
428,311
42,312
103,312
121,312
356,312
366,312
428,312
41,313
103,313
121,313
356,313
367,313
428,313
41,314
102,314
121,314
356,314
367,314
429,314
38,315
102,315
121,315
356,315
367,315
431,315
36,316
102,316
121,316
356,316
368,316
434,316
34,317
101,317
121,317
356,317
368,317
436,317
31,318
101,318
121,318
355,318
368,318
439,318
29,319
101,319
122,319
355,319
369,319
441,319
27,320
100,320
122,320
355,320
369,320
443,320
24,321
100,321
122,321
356,321
370,321
446,321
22,322
99,322
122,322
355,322
370,322
448,322
21,323
99,323
122,323
355,323
370,323
451,323
18,324
99,324
122,324
355,324
371,324
453,324
15,325
98,325
122,325
355,325
372,325
454,325
14,326
98,326
122,326
355,326
372,326
457,326
12,327
97,327
122,327
355,327
372,327
459,327
11,328
97,328
122,328
355,328
372,328
461,328
8,329
96,329
122,329
355,329
373,329
463,329
6,330
96,330
122,330
353,330
355,330
355,330
373,330
465,330
5,331
95,331
122,331
354,331
374,331
466,331
3,332
95,332
122,332
354,332
374,332
469,332
1,333
94,333
122,333
354,333
375,333
471,333
0,334
94,334
122,334
355,334
375,334
473,334
0,335
94,335
122,335
355,335
375,335
474,335
0,336
94,336
122,336
355,336
376,336
476,336
0,337
93,337
122,337
355,337
376,337
478,337
0,338
92,338
122,338
355,338
377,338
479,338
0,339
92,339
122,339
355,339
377,339
479,339
0,340
91,340
122,340
355,340
378,340
479,340
0,341
91,341
122,341
355,341
378,341
479,341
0,342
90,342
122,342
355,342
379,342
479,342
0,343
90,343
122,343
355,343
380,343
479,343
0,344
89,344
122,344
355,344
380,344
479,344
0,345
89,345
122,345
355,345
380,345
479,345
0,346
88,346
122,346
355,346
381,346
479,346
0,347
88,347
122,347
355,347
381,347
479,347
0,348
88,348
122,348
355,348
382,348
479,348
0,349
87,349
121,349
356,349
382,349
479,349
0,350
86,350
121,350
356,350
383,350
479,350
0,351
85,351
121,351
356,351
384,351
479,351
0,352
85,352
121,352
356,352
384,352
479,352
0,353
84,353
121,353
356,353
385,353
479,353
0,354
84,354
121,354
356,354
385,354
479,354
0,355
83,355
120,355
356,355
386,355
479,355
0,356
83,356
120,356
356,356
387,356
479,356
0,357
82,357
120,357
356,357
387,357
479,357
0,358
81,358
120,358
356,358
387,358
479,358
0,359
81,359
120,359
356,359
388,359
479,359
