173,0
174,0
189,0
205,0
208,0
280,0
285,0
301,0
306,0
321,0
326,0
335,0
343,0
345,0
419,0
479,0
173,1
174,1
189,1
205,1
208,1
280,1
284,1
300,1
306,1
321,1
326,1
335,1
343,1
344,1
419,1
479,1
174,2
174,2
189,2
205,2
208,2
280,2
284,2
300,2
306,2
321,2
326,2
335,2
344,2
344,2
419,2
479,2
189,3
205,3
208,3
280,3
284,3
299,3
307,3
320,3
326,3
334,3
420,3
479,3
189,4
202,4
204,4
205,4
208,4
267,4
269,4
271,4
274,4
279,4
284,4
298,4
307,4
320,4
326,4
334,4
420,4
479,4
174,5
174,5
189,5
194,5
197,5
201,5
205,5
205,5
208,5
267,5
274,5
275,5
277,5
279,5
284,5
298,5
307,5
320,5
326,5
334,5
420,5
479,5
189,6
193,6
198,6
198,6
200,6
201,6
205,6
205,6
208,6
264,6
266,6
266,6
274,6
279,6
284,6
297,6
307,6
320,6
326,6
333,6
421,6
479,6
189,7
193,7
200,7
201,7
205,7
205,7
208,7
266,7
275,7
279,7
284,7
297,7
307,7
320,7
326,7
328,7
332,7
333,7
421,7
479,7
189,8
192,8
199,8
202,8
208,8
266,8
272,8
278,8
284,8
297,8
307,8
320,8
326,8
329,8
332,8
332,8
421,8
479,8
189,9
189,9
191,9
192,9
200,9
202,9
208,9
278,9
284,9
296,9
307,9
320,9
326,9
328,9
421,9
479,9
189,10
192,10
197,10
197,10
200,10
202,10
208,10
278,10
284,10
296,10
307,10
314,10
318,10
320,10
326,10
328,10
422,10
479,10
189,11
191,11
197,11
199,11
201,11
203,11
207,11
277,11
284,11
295,11
307,11
314,11
318,11
320,11
326,11
328,11
422,11
479,11
189,12
191,12
197,12
277,12
284,12
295,12
308,12
313,12
318,12
320,12
326,12
328,12
422,12
479,12
189,13
190,13
197,13
277,13
283,13
294,13
308,13
313,13
318,13
320,13
327,13
327,13
422,13
479,13
189,14
190,14
198,14
277,14
283,14
293,14
308,14
313,14
318,14
319,14
327,14
327,14
423,14
479,14
189,15
189,15
198,15
277,15
283,15
293,15
308,15
312,15
319,15
319,15
327,15
327,15
423,15
479,15
189,16
189,16
199,16
276,16
283,16
293,16
308,16
312,16
319,16
319,16
327,16
327,16
423,16
479,16
199,17
276,17
283,17
292,17
308,17
312,17
318,17
319,17
423,17
479,17
199,18
276,18
283,18
292,18
308,18
311,18
318,18
319,18
424,18
479,18
199,19
273,19
283,19
291,19
308,19
311,19
318,19
319,19
424,19
467,19
469,19
470,19
473,19
479,19
199,20
273,20
283,20
291,20
308,20
310,20
319,20
319,20
424,20
467,20
474,20
479,20
200,21
273,21
283,21
291,21
309,21
310,21
319,21
319,21
424,21
467,21
475,21
479,21
200,22
273,22
283,22
285,22
288,22
290,22
309,22
310,22
319,22
319,22
424,22
467,22
476,22
479,22
200,23
273,23
283,23
284,23
288,23
290,23
309,23
309,23
425,23
466,23
475,23
479,23
200,24
272,24
283,24
284,24
288,24
289,24
425,24
466,24
475,24
479,24
200,25
273,25
283,25
284,25
288,25
289,25
425,25
467,25
473,25
479,25
200,26
273,26
283,26
283,26
288,26
288,26
425,26
479,26
198,27
275,27
288,27
288,27
425,27
479,27
197,28
278,28
425,28
479,28
194,29
284,29
425,29
479,29
187,30
187,30
190,30
286,30
425,30
479,30
185,31
288,31
425,31
479,31
182,32
292,32
425,32
479,32
179,33
295,33
425,33
479,33
175,34
299,34
425,34
479,34
172,35
302,35
375,35
385,35
425,35
479,35
169,36
304,36
374,36
388,36
425,36
479,36
166,37
307,37
374,37
375,37
377,37
395,37
425,37
479,37
95,38
96,38
100,38
100,38
163,38
310,38
373,38
404,38
425,38
479,38
88,39
103,39
161,39
312,39
372,39
414,39
425,39
479,39
0,40
0,40
83,40
104,40
157,40
311,40
313,40
314,40
371,40
479,40
0,41
2,41
76,41
105,41
155,41
316,41
371,41
414,41
417,41
479,41
0,42
7,42
69,42
103,42
105,42
105,42
153,42
318,42
370,42
479,42
0,43
13,43
62,43
106,43
151,43
151,43
153,43
320,43
370,43
479,43
0,44
19,44
53,44
107,44
149,44
322,44
369,44
479,44
0,45
107,45
147,45
323,45
369,45
479,45
0,46
108,46
145,46
325,46
368,46
479,46
0,47
108,47
144,47
326,47
367,47
479,47
0,48
109,48
142,48
328,48
367,48
479,48
0,49
109,49
141,49
328,49
366,49
479,49
0,50
110,50
139,50
330,50
366,50
479,50
0,51
111,51
138,51
331,51
365,51
479,51
0,52
111,52
136,52
332,52
364,52
479,52
0,53
112,53
135,53
333,53
364,53
459,53
463,53
479,53
0,54
112,54
134,54
334,54
363,54
459,54
463,54
479,54
0,55
113,55
132,55
336,55
363,55
459,55
463,55
474,55
0,56
113,56
131,56
337,56
362,56
433,56
435,56
455,56
458,56
459,56
463,56
464,56
467,56
472,56
0,57
114,57
130,57
338,57
362,57
419,57
426,57
432,57
435,57
454,57
457,57
458,57
463,57
464,57
467,57
471,57
0,58
115,58
129,58
339,58
361,58
417,58
426,58
432,58
435,58
454,58
458,58
458,58
463,58
464,58
467,58
471,58
0,59
29,59
38,59
39,59
46,59
115,59
128,59
339,59
360,59
417,59
426,59
432,59
436,59
454,59
458,59
458,59
463,59
464,59
467,59
471,59
4,60
9,60
13,60
13,60
48,60
116,60
127,60
341,60
360,60
391,60
395,60
416,60
427,60
431,60
436,60
454,60
458,60
458,60
463,60
465,60
467,60
471,60
59,61
114,61
116,61
116,61
126,61
341,61
359,61
390,61
395,61
416,61
427,61
431,61
436,61
454,61
457,61
457,61
464,61
465,61
467,61
471,61
61,62
117,62
125,62
343,62
359,62
389,62
395,62
416,62
427,62
431,62
436,62
453,62
457,62
457,62
464,62
471,62
62,63
83,63
86,63
117,63
124,63
125,63
127,63
343,63
358,63
387,63
395,63
416,63
427,63
430,63
436,63
453,63
457,63
457,63
464,63
470,63
62,64
83,64
88,64
119,64
124,64
124,64
126,64
344,64
357,64
386,64
396,64
417,64
427,64
431,64
437,64
453,64
457,64
457,64
464,64
470,64
62,65
83,65
89,65
119,65
123,65
123,65
125,65
346,65
357,65
385,65
396,65
419,65
427,65
428,65
438,65
453,65
464,65
470,65
63,66
83,66
90,66
119,66
122,66
122,66
124,66
346,66
356,66
384,66
397,66
420,66
427,66
428,66
438,66
453,66
464,66
470,66
63,67
82,67
91,67
347,67
355,67
384,67
398,67
422,67
427,67
427,67
438,67
453,67
464,67
470,67
61,68
82,68
92,68
349,68
355,68
383,68
399,68
423,68
427,68
427,68
438,68
453,68
464,68
469,68
59,69
81,69
93,69
350,69
354,69
382,69
399,69
424,69
426,69
427,69
438,69
453,69
464,69
466,69
57,70
81,70
94,70
351,70
354,70
381,70
399,70
427,70
438,70
452,70
464,70
466,70
56,71
79,71
95,71
380,71
398,71
429,71
439,71
452,71
464,71
465,71
54,72
78,72
96,72
379,72
397,72
430,72
440,72
443,72
445,72
452,72
464,72
465,72
0,73
0,73
52,73
78,73
97,73
379,73
396,73
431,73
440,73
442,73
446,73
452,73
464,73
465,73
0,74
0,74
51,74
79,74
98,74
378,74
395,74
431,74
440,74
442,74
446,74
452,74
465,74
465,74
0,75
1,75
49,75
79,75
98,75
377,75
395,75
431,75
440,75
442,75
446,75
449,75
451,75
452,75
479,75
479,75
0,76
1,76
49,76
81,76
99,76
376,76
394,76
432,76
441,76
442,76
446,76
452,76
464,76
464,76
479,76
479,76
0,77
1,77
48,77
82,77
100,77
375,77
393,77
432,77
441,77
442,77
446,77
452,77
463,77
463,77
479,77
479,77
0,78
2,78
47,78
83,78
101,78
374,78
393,78
432,78
441,78
442,78
446,78
452,78
479,78
479,78
0,79
2,79
47,79
84,79
102,79
374,79
392,79
433,79
441,79
442,79
446,79
449,79
451,79
452,79
478,79
479,79
0,80
2,80
46,80
84,80
102,80
372,80
392,80
433,80
441,80
442,80
446,80
449,80
451,80
452,80
478,80
479,80
0,81
2,81
46,81
85,81
103,81
372,81
392,81
434,81
441,81
442,81
446,81
449,81
451,81
452,81
478,81
479,81
0,82
3,82
46,82
85,82
104,82
372,82
391,82
434,82
441,82
442,82
446,82
449,82
451,82
451,82
478,82
479,82
0,83
3,83
45,83
85,83
105,83
375,83
391,83
435,83
441,83
442,83
447,83
449,83
451,83
451,83
477,83
479,83
0,84
4,84
45,84
86,84
105,84
376,84
391,84
435,84
441,84
442,84
447,84
449,84
451,84
451,84
476,84
479,84
0,85
4,85
44,85
87,85
105,85
378,85
390,85
435,85
442,85
442,85
447,85
449,85
451,85
451,85
476,85
479,85
0,86
4,86
44,86
87,86
104,86
380,86
390,86
436,86
446,86
451,86
476,86
479,86
0,87
5,87
44,87
87,87
103,87
382,87
390,87
436,87
447,87
451,87
476,87
479,87
0,88
5,88
43,88
88,88
101,88
380,88
382,88
383,88
389,88
436,88
447,88
449,88
451,88
451,88
476,88
479,88
0,89
5,89
43,89
88,89
100,89
384,89
389,89
437,89
448,89
448,89
451,89
451,89
476,89
479,89
0,90
6,90
43,90
88,90
99,90
100,90
102,90
385,90
389,90
437,90
448,90
448,90
476,90
479,90
0,91
6,91
42,91
88,91
98,91
437,91
448,91
448,91
476,91
479,91
0,92
6,92
42,92
89,92
97,92
438,92
449,92
449,92
475,92
479,92
0,93
6,93
41,93
90,93
95,93
439,93
474,93
479,93
0,94
7,94
41,94
90,94
94,94
439,94
473,94
479,94
0,95
7,95
41,95
91,95
94,95
94,95
96,95
439,95
473,95
479,95
0,96
8,96
40,96
440,96
473,96
479,96
0,97
8,97
40,97
440,97
472,97
479,97
0,98
8,98
39,98
441,98
473,98
479,98
0,99
8,99
39,99
441,99
474,99
479,99
0,100
9,100
38,100
441,100
474,100
479,100
0,101
9,101
38,101
442,101
474,101
479,101
0,102
9,102
38,102
442,102
474,102
479,102
0,103
9,103
37,103
442,103
474,103
479,103
0,104
9,104
37,104
443,104
475,104
479,104
0,105
8,105
36,105
443,105
475,105
479,105
0,106
8,106
36,106
443,106
476,106
479,106
0,107
8,107
36,107
443,107
476,107
479,107
0,108
7,108
36,108
442,108
476,108
479,108
0,109
7,109
36,109
442,109
476,109
479,109
0,110
7,110
36,110
442,110
477,110
479,110
0,111
6,111
36,111
440,111
442,111
442,111
477,111
479,111
0,112
6,112
37,112
442,112
476,112
479,112
0,113
6,113
37,113
441,113
477,113
479,113
0,114
6,114
37,114
441,114
477,114
479,114
0,115
6,115
37,115
441,115
477,115
479,115
0,116
6,116
38,116
441,116
478,116
479,116
0,117
5,117
38,117
440,117
478,117
479,117
0,118
5,118
38,118
440,118
478,118
479,118
0,119
4,119
38,119
440,119
479,119
479,119
0,120
4,120
38,120
440,120
0,121
4,121
39,121
439,121
0,122
3,122
39,122
439,122
0,123
3,123
39,123
439,123
0,124
3,124
39,124
439,124
0,125
3,125
40,125
439,125
0,126
2,126
40,126
438,126
0,127
2,127
40,127
438,127
0,128
2,128
40,128
438,128
0,129
2,129
40,129
438,129
0,130
1,130
41,130
438,130
0,131
1,131
41,131
437,131
0,132
1,132
41,132
437,132
0,133
0,133
41,133
437,133
0,134
0,134
42,134
437,134
0,135
0,135
42,135
437,135
42,136
436,136
42,137
436,137
42,138
436,138
42,139
436,139
43,140
436,140
43,141
436,141
43,142
435,142
43,143
435,143
44,144
435,144
44,145
434,145
44,146
434,146
45,147
431,147
433,147
434,147
45,148
431,148
433,148
434,148
45,149
434,149
45,150
433,150
45,151
433,151
46,152
433,152
46,153
432,153
46,154
432,154
46,155
46,155
48,155
432,155
46,156
432,156
47,157
432,157
47,158
431,158
47,159
431,159
47,160
431,160
47,161
431,161
48,162
431,162
48,163
431,163
48,164
427,164
429,164
430,164
48,165
426,165
429,165
430,165
49,166
430,166
49,167
430,167
49,168
429,168
49,169
426,169
429,169
429,169
49,170
425,170
428,170
429,170
50,171
349,171
352,171
392,171
394,171
399,171
414,171
424,171
428,171
428,171
52,172
252,172
428,172
428,172
50,173
50,173
53,173
195,173
201,173
205,173
426,173
428,173
50,174
51,174
53,174
173,174
176,174
176,174
428,174
428,174
51,175
51,175
53,175
140,175
144,175
148,175
51,176
112,176
114,176
114,176
117,176
119,176
130,176
132,176
51,177
101,177
52,178
52,178
55,178
83,178
52,179
52,179
58,179
62,179
52,180
52,180
413,228
415,228
224,229
379,229
381,229
415,229
187,230
415,230
141,231
416,231
55,232
55,232
81,232
81,232
124,232
417,232
55,233
55,233
88,233
98,233
101,233
417,233
54,234
54,234
69,234
418,234
54,235
54,235
57,235
58,235
61,235
418,235
53,236
419,236
53,237
419,237
53,238
419,238
52,239
419,239
52,240
420,240
52,241
420,241
51,242
420,242
51,243
421,243
51,244
421,244
50,245
421,245
50,246
422,246
50,247
422,247
49,248
422,248
49,249
423,249
49,250
423,250
49,251
423,251
48,252
423,252
48,253
424,253
47,254
424,254
47,255
424,255
47,256
425,256
47,257
425,257
46,258
425,258
46,259
425,259
46,260
426,260
45,261
426,261
45,262
426,262
45,263
426,263
45,264
427,264
44,265
427,265
44,266
427,266
44,267
428,267
43,268
428,268
43,269
428,269
43,270
428,270
43,271
429,271
42,272
429,272
42,273
429,273
41,274
429,274
41,275
113,275
116,275
430,275
41,276
113,276
116,276
430,276
41,277
112,277
116,277
430,277
41,278
112,278
116,278
430,278
40,279
112,279
116,279
430,279
40,280
111,280
115,280
431,280
40,281
111,281
116,281
431,281
40,282
110,282
116,282
431,282
39,283
110,283
116,283
431,283
39,284
110,284
115,284
432,284
39,285
109,285
115,285
432,285
39,286
109,286
115,286
432,286
39,287
109,287
115,287
432,287
38,288
108,288
115,288
115,288
117,288
432,288
38,289
108,289
115,289
432,289
38,290
107,290
115,290
433,290
38,291
107,291
115,291
433,291
37,292
107,292
115,292
433,292
37,293
106,293
115,293
433,293
37,294
106,294
115,294
433,294
37,295
105,295
115,295
433,295
37,296
105,296
115,296
434,296
37,297
104,297
115,297
362,297
364,297
434,297
37,298
104,298
115,298
362,298
365,298
434,298
36,299
104,299
115,299
362,299
366,299
434,299
36,300
104,300
116,300
362,300
366,300
434,300
36,301
103,301
116,301
362,301
366,301
434,301
36,302
103,302
116,302
362,302
367,302
434,302
36,303
102,303
116,303
362,303
367,303
434,303
36,304
102,304
116,304
362,304
367,304
435,304
36,305
102,305
116,305
362,305
367,305
435,305
35,306
101,306
116,306
361,306
368,306
435,306
35,307
101,307
116,307
361,307
369,307
435,307
35,308
101,308
116,308
361,308
369,308
435,308
35,309
100,309
116,309
361,309
369,309
435,309
35,310
100,310
116,310
361,310
369,310
435,310
35,311
99,311
116,311
361,311
370,311
435,311
35,312
99,312
116,312
361,312
370,312
435,312
35,313
99,313
116,313
361,313
371,313
436,313
34,314
98,314
116,314
361,314
371,314
436,314
34,315
98,315
116,315
361,315
371,315
436,315
34,316
98,316
117,316
361,316
372,316
436,316
30,317
97,317
117,317
361,317
372,317
438,317
28,318
97,318
117,318
361,318
372,318
441,318
26,319
96,319
117,319
361,319
373,319
443,319
23,320
96,320
116,320
361,320
373,320
446,320
21,321
95,321
116,321
360,321
374,321
448,321
18,322
95,322
117,322
360,322
374,322
451,322
16,323
95,323
117,323
360,323
375,323
453,323
14,324
94,324
117,324
361,324
375,324
456,324
13,325
94,325
117,325
360,325
375,325
458,325
10,326
93,326
117,326
360,326
375,326
455,326
457,326
460,326
8,327
93,327
118,327
360,327
376,327
462,327
6,328
92,328
118,328
360,328
377,328
464,328
4,329
92,329
117,329
360,329
377,329
467,329
3,330
92,330
117,330
360,330
377,330
468,330
0,331
91,331
117,331
360,331
378,331
471,331
0,332
91,332
117,332
360,332
378,332
472,332
0,333
90,333
117,333
358,333
360,333
360,333
378,333
475,333
0,334
90,334
117,334
359,334
379,334
476,334
0,335
90,335
117,335
359,335
379,335
478,335
0,336
89,336
117,336
359,336
380,336
479,336
0,337
89,337
117,337
359,337
380,337
479,337
0,338
88,338
117,338
360,338
380,338
479,338
0,339
88,339
117,339
360,339
381,339
479,339
0,340
87,340
117,340
360,340
381,340
479,340
0,341
87,341
117,341
360,341
382,341
479,341
0,342
86,342
117,342
360,342
382,342
479,342
0,343
86,343
117,343
360,343
383,343
479,343
0,344
85,344
117,344
360,344
383,344
479,344
0,345
84,345
117,345
360,345
384,345
479,345
0,346
84,346
117,346
360,346
385,346
479,346
0,347
84,347
117,347
360,347
385,347
479,347
0,348
83,348
117,348
360,348
386,348
479,348
0,349
83,349
117,349
360,349
386,349
479,349
0,350
82,350
117,350
360,350
387,350
479,350
0,351
82,351
117,351
360,351
387,351
479,351
0,352
81,352
116,352
360,352
388,352
479,352
0,353
80,353
116,353
360,353
388,353
479,353
0,354
80,354
116,354
360,354
389,354
479,354
0,355
79,355
116,355
360,355
389,355
479,355
0,356
79,356
116,356
360,356
390,356
479,356
0,357
78,357
116,357
360,357
391,357
479,357
0,358
78,358
116,358
360,358
391,358
479,358
0,359
77,359
116,359
360,359
391,359
479,359
