0,0
436,0
442,0
471,0
5,1
435,1
442,1
470,1
6,2
433,2
442,2
470,2
8,3
36,3
39,3
40,3
43,3
432,3
442,3
470,3
8,4
36,4
41,4
431,4
443,4
470,4
8,5
36,5
42,5
430,5
443,5
474,5
9,6
36,6
44,6
429,6
444,6
476,6
9,7
36,7
45,7
429,7
444,7
474,7
9,8
36,8
46,8
427,8
445,8
479,8
8,9
36,9
47,9
427,9
447,9
479,9
6,10
35,10
48,10
427,10
447,10
479,10
4,11
34,11
49,11
428,11
447,11
479,11
3,12
34,12
50,12
430,12
447,12
479,12
1,13
2,13
5,13
33,13
50,13
51,13
53,13
433,13
446,13
479,13
1,14
31,14
51,14
435,14
445,14
479,14
2,15
30,15
52,15
437,15
443,15
479,15
0,16
31,16
54,16
464,16
471,16
479,16
0,17
32,17
54,17
462,17
472,17
479,17
0,18
33,18
54,18
461,18
472,18
479,18
0,19
34,19
53,19
460,19
472,19
479,19
0,20
35,20
52,20
460,20
472,20
479,20
0,21
37,21
51,21
459,21
472,21
479,21
0,22
37,22
49,22
459,22
471,22
479,22
0,23
38,23
48,23
460,23
470,23
479,23
0,24
40,24
45,24
48,24
50,24
460,24
469,24
479,24
0,25
40,25
45,25
479,25
0,26
479,26
0,27
479,27
0,28
479,28
0,29
479,29
0,30
479,30
0,31
479,31
0,32
479,32
0,33
479,33
0,34
479,34
0,35
457,35
462,35
479,35
0,36
455,36
463,36
479,36
0,37
454,37
463,37
479,37
0,38
453,38
463,38
479,38
0,39
453,39
463,39
479,39
0,40
453,40
463,40
479,40
0,41
452,41
462,41
479,41
0,42
453,42
461,42
479,42
0,43
454,43
459,43
479,43
0,44
479,44
0,45
479,45
0,46
479,46
0,47
479,47
0,48
479,48
0,49
479,49
0,50
479,50
0,51
479,51
0,52
479,52
0,53
479,53
0,54
479,54
0,55
479,55
0,56
479,56
0,57
479,57
0,58
479,58
0,59
479,59
0,60
479,60
0,61
479,61
0,62
479,62
0,63
479,63
0,64
479,64
0,65
479,65
0,66
479,66
0,67
479,67
0,68
479,68
0,69
479,69
0,70
479,70
0,71
479,71
0,72
479,72
0,73
479,73
0,74
479,74
0,75
479,75
0,76
479,76
0,77
479,77
0,78
479,78
0,79
479,79
0,80
479,80
0,81
479,81
0,82
479,82
0,83
479,83
0,84
479,84
0,85
479,85
0,86
479,86
0,87
479,87
0,88
479,88
0,89
479,89
0,90
479,90
0,91
479,91
0,92
479,92
0,93
479,93
0,94
479,94
0,95
479,95
0,96
479,96
0,97
479,97
0,98
479,98
0,99
479,99
0,100
479,100
0,101
479,101
0,102
479,102
0,103
479,103
0,104
479,104
0,105
479,105
0,106
479,106
0,107
479,107
0,108
479,108
0,109
479,109
0,110
479,110
0,111
479,111
0,112
479,112
0,113
479,113
0,114
479,114
0,115
479,115
0,116
479,116
0,117
479,117
0,118
479,118
0,119
479,119
0,120
479,120
0,121
479,121
0,122
479,122
0,123
479,123
0,124
479,124
0,125
479,125
0,126
479,126
0,127
479,127
0,128
479,128
0,129
479,129
0,130
479,130
0,131
479,131
0,132
479,132
0,133
479,133
0,134
479,134
0,135
479,135
0,136
479,136
0,137
479,137
0,138
479,138
0,139
479,139
0,140
479,140
0,141
479,141
0,142
479,142
0,143
479,143
0,144
479,144
0,145
479,145
0,146
479,146
0,147
479,147
0,148
479,148
0,149
478,149
0,150
478,150
0,151
473,151
476,151
477,151
0,152
476,152
0,153
475,153
3,154
472,154
5,155
472,155
6,156
472,156
7,157
471,157
7,158
471,158
7,159
471,159
6,160
468,160
470,160
470,160
6,161
470,161
6,162
470,162
5,163
469,163
5,164
469,164
4,165
469,165
4,166
468,166
4,167
468,167
2,168
468,168
2,169
253,169
288,169
319,169
323,169
349,169
383,169
383,169
386,169
399,169
432,169
447,169
455,169
469,169
2,170
209,170
227,170
231,170
237,170
237,170
464,170
470,170
1,171
177,171
183,171
187,171
1,172
140,172
142,172
159,172
163,172
165,172
168,172
168,172
466,172
470,172
1,173
127,173
130,173
132,173
471,173
471,173
0,174
84,174
97,174
99,174
471,174
471,174
0,175
81,175
0,176
68,176
0,177
40,177
43,177
44,177
47,177
47,177
53,177
53,177
0,178
27,178
30,178
33,178
0,179
19,179
0,180
9,180
320,224
335,224
351,224
351,224
353,224
374,224
466,224
479,224
254,225
430,225
432,225
447,225
462,225
479,225
195,226
479,226
141,227
155,227
157,227
479,227
119,228
479,228
80,229
479,229
62,230
479,230
42,231
55,231
58,231
479,231
1,232
2,232
13,232
14,232
16,232
479,232
0,233
479,233
0,234
479,234
0,235
479,235
0,236
479,236
0,237
479,237
0,238
479,238
0,239
479,239
0,240
479,240
0,241
479,241
0,242
479,242
0,243
479,243
0,244
479,244
0,245
479,245
0,246
479,246
0,247
479,247
0,248
479,248
0,249
479,249
0,250
479,250
0,251
479,251
0,252
479,252
0,253
479,253
0,254
479,254
0,255
479,255
0,256
479,256
0,257
479,257
0,258
479,258
0,259
479,259
0,260
479,260
0,261
479,261
0,262
479,262
0,263
479,263
0,264
479,264
0,265
479,265
0,266
479,266
0,267
479,267
0,268
479,268
0,269
479,269
0,270
479,270
0,271
479,271
0,272
479,272
0,273
479,273
0,274
479,274
0,275
479,275
0,276
479,276
0,277
479,277
0,278
479,278
0,279
479,279
0,280
479,280
0,281
479,281
0,282
479,282
0,283
479,283
0,284
479,284
0,285
479,285
0,286
479,286
0,287
479,287
0,288
479,288
0,289
479,289
0,290
479,290
0,291
479,291
0,292
479,292
0,293
479,293
0,294
479,294
0,295
479,295
0,296
479,296
0,297
479,297
0,298
479,298
0,299
479,299
0,300
479,300
0,301
479,301
0,302
479,302
0,303
479,303
0,304
479,304
0,305
479,305
0,306
479,306
0,307
479,307
0,308
479,308
0,309
54,309
56,309
479,309
0,310
54,310
57,310
479,310
0,311
53,311
57,311
479,311
0,312
53,312
57,312
479,312
0,313
53,313
57,313
479,313
0,314
52,314
57,314
479,314
0,315
52,315
57,315
479,315
0,316
52,316
57,316
479,316
0,317
51,317
57,317
479,317
0,318
51,318
57,318
479,318
0,319
50,319
57,319
479,319
0,320
50,320
57,320
479,320
0,321
49,321
57,321
479,321
0,322
49,322
57,322
479,322
0,323
48,323
57,323
479,323
0,324
48,324
57,324
479,324
0,325
48,325
57,325
479,325
0,326
47,326
57,326
479,326
0,327
47,327
57,327
479,327
0,328
46,328
57,328
479,328
0,329
46,329
57,329
479,329
0,330
45,330
57,330
479,330
0,331
45,331
57,331
479,331
0,332
45,332
58,332
479,332
0,333
44,333
58,333
419,333
422,333
479,333
0,334
44,334
58,334
419,334
423,334
479,334
0,335
44,335
58,335
419,335
423,335
479,335
0,336
43,336
58,336
419,336
423,336
479,336
0,337
43,337
58,337
418,337
423,337
479,337
0,338
42,338
58,338
418,338
424,338
479,338
0,339
42,339
58,339
418,339
425,339
479,339
0,340
42,340
58,340
418,340
425,340
479,340
0,341
41,341
58,341
418,341
425,341
479,341
0,342
41,342
58,342
418,342
426,342
479,342
0,343
40,343
58,343
418,343
426,343
479,343
0,344
40,344
58,344
418,344
426,344
479,344
0,345
39,345
58,345
418,345
427,345
479,345
0,346
39,346
58,346
418,346
427,346
479,346
0,347
39,347
59,347
417,347
427,347
479,347
0,348
38,348
59,348
417,348
428,348
479,348
0,349
37,349
59,349
417,349
429,349
479,349
0,350
37,350
59,350
417,350
429,350
479,350
0,351
37,351
59,351
417,351
429,351
479,351
0,352
36,352
59,352
417,352
430,352
479,352
0,353
36,353
59,353
417,353
430,353
479,353
0,354
36,354
59,354
417,354
431,354
479,354
0,355
35,355
60,355
417,355
431,355
479,355
0,356
34,356
60,356
417,356
431,356
479,356
0,357
34,357
59,357
417,357
432,357
479,357
0,358
33,358
59,358
417,358
433,358
479,358
0,359
33,359
59,359
417,359
434,359
479,359
