0,0
479,0
0,1
479,1
0,2
479,2
0,3
479,3
0,4
479,4
0,5
479,5
0,6
479,6
0,7
479,7
0,8
479,8
0,9
479,9
0,10
479,10
0,11
479,11
0,12
479,12
0,13
479,13
0,14
479,14
0,15
479,15
0,16
479,16
0,17
479,17
0,18
479,18
0,19
479,19
0,20
479,20
0,21
479,21
0,22
479,22
0,23
479,23
0,24
479,24
0,25
479,25
0,26
479,26
0,27
479,27
0,28
479,28
0,29
479,29
0,30
479,30
0,31
479,31
0,32
479,32
0,33
479,33
0,34
479,34
0,35
479,35
0,36
479,36
0,37
479,37
0,38
479,38
0,39
479,39
0,40
479,40
0,41
479,41
0,42
479,42
0,43
479,43
0,44
479,44
0,45
479,45
0,46
479,46
0,47
479,47
0,48
416,48
423,48
479,48
0,49
414,49
423,49
479,49
0,50
414,50
423,50
479,50
0,51
413,51
423,51
479,51
0,52
412,52
423,52
479,52
0,53
413,53
423,53
479,53
0,54
414,54
422,54
479,54
0,55
417,55
419,55
479,55
0,56
479,56
0,57
479,57
0,58
479,58
0,59
479,59
0,60
479,60
0,61
479,61
0,62
479,62
0,63
479,63
0,64
479,64
0,65
479,65
0,66
479,66
0,67
479,67
0,68
418,68
424,68
479,68
0,69
418,69
425,69
479,69
0,70
417,70
425,70
479,70
0,71
418,71
424,71
479,71
0,72
418,72
424,72
479,72
0,73
419,73
424,73
479,73
0,74
479,74
0,75
479,75
0,76
479,76
0,77
479,77
0,78
479,78
0,79
479,79
0,80
479,80
0,81
479,81
0,82
479,82
0,83
479,83
0,84
479,84
0,85
479,85
0,86
479,86
0,87
479,87
0,88
479,88
0,89
479,89
0,90
479,90
0,91
479,91
0,92
479,92
0,93
479,93
0,94
479,94
0,95
479,95
0,96
479,96
0,97
479,97
0,98
479,98
0,99
479,99
0,100
479,100
0,101
479,101
0,102
479,102
0,103
479,103
0,104
479,104
0,105
479,105
0,106
479,106
0,107
479,107
0,108
479,108
0,109
479,109
0,110
479,110
0,111
479,111
0,112
479,112
0,113
479,113
0,114
479,114
0,115
479,115
0,116
479,116
0,117
479,117
0,118
479,118
0,119
479,119
0,120
479,120
0,121
479,121
0,122
479,122
0,123
479,123
0,124
479,124
0,125
479,125
0,126
479,126
0,127
479,127
0,128
479,128
0,129
479,129
0,130
479,130
0,131
479,131
0,132
479,132
0,133
479,133
0,134
479,134
0,135
479,135
0,136
479,136
0,137
479,137
0,138
479,138
0,139
479,139
0,140
479,140
0,141
479,141
0,142
479,142
0,143
479,143
0,144
479,144
0,145
479,145
0,146
479,146
0,147
358,147
368,147
479,147
0,148
358,148
370,148
479,148
0,149
357,149
372,149
479,149
0,150
356,150
372,150
479,150
0,151
356,151
373,151
479,151
0,152
287,152
290,152
303,152
312,152
317,152
320,152
356,152
374,152
479,152
0,153
166,153
172,153
172,153
352,153
355,153
374,153
403,153
405,153
479,153
0,154
127,154
129,154
129,154
136,154
138,154
355,154
355,154
374,154
400,154
412,154
479,154
0,155
112,155
116,155
119,155
374,155
399,155
415,155
479,155
0,156
95,156
374,156
397,156
416,156
479,156
0,157
75,157
77,157
77,157
80,157
83,157
374,157
386,157
417,157
477,157
0,158
49,158
374,158
377,158
384,158
385,158
417,158
476,158
0,159
47,159
374,159
376,159
418,159
475,159
0,160
32,160
419,160
474,160
0,161
25,161
419,161
474,161
0,162
17,162
420,162
471,162
473,162
474,162
0,163
14,163
421,163
471,163
473,163
473,163
0,164
12,164
422,164
471,164
473,164
473,164
0,165
9,165
422,165
472,165
2,166
3,166
422,166
472,166
422,167
471,167
433,168
464,168
466,168
470,168
447,169
468,169
463,170
468,170
431,184
445,184
431,185
463,185
434,186
467,186
436,187
436,187
438,187
467,187
439,188
466,188
376,189
376,189
441,189
453,189
456,189
466,189
376,190
377,190
444,190
466,190
375,191
378,191
449,191
465,191
376,192
379,192
450,192
464,192
151,193
155,193
163,193
164,193
185,193
191,193
231,193
231,193
375,193
380,193
451,193
464,193
129,194
133,194
150,194
168,194
176,194
191,194
208,194
239,194
374,194
381,194
455,194
465,194
106,195
106,195
127,195
127,195
129,195
136,195
149,195
168,195
171,195
314,195
318,195
355,195
373,195
382,195
459,195
459,195
462,195
466,195
85,196
141,196
144,196
144,196
148,196
356,196
373,196
383,196
463,196
466,196
61,197
63,197
67,197
357,197
373,197
384,197
0,198
2,198
44,198
44,198
55,198
355,198
357,198
357,198
373,198
385,198
0,199
3,199
37,199
358,199
372,199
388,199
0,200
8,200
16,200
25,200
32,200
359,200
372,200
390,200
0,201
363,201
372,201
390,201
392,201
394,201
0,202
393,202
395,202
396,202
0,203
393,203
395,203
398,203
0,204
400,204
0,205
403,205
0,206
405,206
0,207
408,207
0,208
413,208
0,209
416,209
0,210
421,210
0,211
415,211
419,211
422,211
0,212
428,212
0,213
431,213
0,214
433,214
0,215
436,215
0,216
435,216
438,216
439,216
0,217
440,217
0,218
444,218
0,219
447,219
0,220
447,220
0,221
449,221
0,222
452,222
0,223
455,223
0,224
456,224
0,225
458,225
0,226
460,226
0,227
463,227
0,228
465,228
0,229
468,229
0,230
469,230
0,231
471,231
0,232
473,232
0,233
477,233
0,234
479,234
0,235
479,235
0,236
479,236
0,237
479,237
0,238
479,238
0,239
479,239
0,240
479,240
0,241
479,241
0,242
479,242
0,243
479,243
0,244
479,244
0,245
479,245
0,246
479,246
0,247
479,247
0,248
479,248
0,249
479,249
0,250
479,250
0,251
479,251
0,252
479,252
0,253
479,253
0,254
479,254
0,255
479,255
0,256
479,256
0,257
479,257
0,258
479,258
0,259
479,259
0,260
479,260
0,261
479,261
0,262
479,262
0,263
479,263
0,264
479,264
0,265
479,265
0,266
479,266
0,267
479,267
0,268
479,268
0,269
479,269
0,270
479,270
0,271
479,271
0,272
479,272
0,273
479,273
0,274
479,274
0,275
479,275
0,276
479,276
0,277
479,277
0,278
479,278
0,279
479,279
0,280
479,280
0,281
479,281
0,282
479,282
0,283
479,283
0,284
479,284
0,285
479,285
0,286
479,286
0,287
479,287
0,288
479,288
0,289
479,289
0,290
479,290
0,291
479,291
0,292
479,292
0,293
479,293
0,294
479,294
0,295
479,295
0,296
479,296
0,297
479,297
0,298
479,298
0,299
479,299
0,300
479,300
0,301
479,301
0,302
479,302
0,303
479,303
0,304
479,304
0,305
479,305
0,306
479,306
0,307
479,307
0,308
479,308
0,309
479,309
0,310
479,310
0,311
479,311
0,312
479,312
0,313
479,313
0,314
479,314
0,315
479,315
0,316
479,316
0,317
479,317
0,318
479,318
0,319
479,319
0,320
479,320
0,321
479,321
0,322
479,322
0,323
479,323
0,324
479,324
0,325
479,325
0,326
479,326
0,327
479,327
0,328
479,328
0,329
479,329
0,330
479,330
0,331
479,331
0,332
479,332
0,333
479,333
0,334
479,334
0,335
479,335
0,336
479,336
0,337
479,337
0,338
479,338
0,339
479,339
0,340
479,340
0,341
479,341
0,342
479,342
0,343
479,343
0,344
479,344
0,345
479,345
0,346
479,346
0,347
479,347
0,348
479,348
0,349
479,349
0,350
479,350
0,351
479,351
0,352
479,352
0,353
479,353
0,354
479,354
0,355
479,355
0,356
479,356
0,357
479,357
0,358
479,358
0,359
479,359
