0,0
479,0
0,1
479,1
0,2
479,2
0,3
479,3
0,4
479,4
0,5
479,5
0,6
479,6
0,7
479,7
0,8
479,8
0,9
479,9
0,10
479,10
0,11
479,11
0,12
479,12
0,13
479,13
0,14
479,14
0,15
479,15
0,16
479,16
0,17
479,17
0,18
479,18
0,19
479,19
0,20
479,20
0,21
479,21
0,22
479,22
0,23
479,23
0,24
479,24
0,25
479,25
0,26
479,26
0,27
479,27
0,28
479,28
0,29
479,29
0,30
479,30
0,31
479,31
0,32
479,32
0,33
479,33
0,34
479,34
0,35
479,35
0,36
479,36
0,37
479,37
0,38
479,38
0,39
479,39
0,40
479,40
0,41
479,41
0,42
479,42
0,43
479,43
0,44
479,44
0,45
479,45
0,46
479,46
0,47
479,47
0,48
479,48
0,49
479,49
0,50
479,50
0,51
479,51
0,52
479,52
0,53
479,53
0,54
479,54
0,55
404,55
410,55
479,55
0,56
402,56
410,56
479,56
0,57
402,57
411,57
479,57
0,58
401,58
411,58
479,58
0,59
400,59
411,59
479,59
0,60
400,60
411,60
479,60
0,61
400,61
410,61
479,61
0,62
404,62
409,62
479,62
0,63
479,63
0,64
479,64
0,65
479,65
0,66
479,66
0,67
479,67
0,68
479,68
0,69
479,69
0,70
479,70
0,71
479,71
0,72
479,72
0,73
479,73
0,74
408,74
413,74
479,74
0,75
406,75
414,75
479,75
0,76
405,76
414,76
479,76
0,77
405,77
413,77
479,77
0,78
405,78
413,78
479,78
0,79
406,79
413,79
479,79
0,80
408,80
412,80
479,80
0,81
479,81
0,82
479,82
0,83
479,83
0,84
479,84
0,85
479,85
0,86
479,86
0,87
479,87
0,88
479,88
0,89
479,89
0,90
479,90
0,91
479,91
0,92
479,92
0,93
479,93
0,94
479,94
0,95
479,95
0,96
479,96
0,97
479,97
0,98
479,98
0,99
479,99
0,100
479,100
0,101
479,101
0,102
479,102
0,103
479,103
0,104
479,104
0,105
479,105
0,106
479,106
0,107
479,107
0,108
479,108
0,109
479,109
0,110
479,110
0,111
479,111
0,112
479,112
0,113
479,113
0,114
479,114
0,115
479,115
0,116
479,116
0,117
479,117
0,118
479,118
0,119
479,119
0,120
478,120
0,121
476,121
0,122
474,122
0,123
472,123
0,124
471,124
0,125
469,125
0,126
467,126
0,127
465,127
0,128
456,128
458,128
462,128
0,129
459,129
0,130
457,130
0,131
455,131
0,132
453,132
0,133
451,133
0,134
449,134
0,135
447,135
0,136
442,136
444,136
446,136
0,137
445,137
0,138
443,138
0,139
441,139
0,140
440,140
0,141
439,141
0,142
437,142
0,143
436,143
0,144
435,144
0,145
433,145
0,146
432,146
0,147
326,147
336,147
431,147
0,148
326,148
338,148
431,148
0,149
325,149
339,149
429,149
0,150
166,150
172,150
172,150
240,150
303,150
312,150
325,150
339,150
428,150
0,151
127,151
129,151
129,151
136,151
138,151
160,151
162,151
320,151
325,151
340,151
428,151
0,152
112,152
116,152
122,152
321,152
322,152
324,152
324,152
340,152
426,152
0,153
95,153
322,153
322,153
324,153
324,153
340,153
362,153
374,153
425,153
0,154
93,154
340,154
360,154
375,154
424,154
0,155
66,155
340,155
352,155
357,155
359,155
376,155
423,155
0,156
50,156
340,156
350,156
377,156
422,156
0,157
45,157
341,157
342,157
378,157
419,157
422,157
422,157
0,158
34,158
378,158
421,158
0,159
26,159
28,159
30,159
379,159
421,159
0,160
23,160
380,160
420,160
0,161
20,161
381,161
418,161
0,162
15,162
382,162
418,162
0,163
11,163
382,163
418,163
0,164
9,164
382,164
418,164
0,165
7,165
394,165
417,165
2,166
2,166
411,166
417,166
388,179
403,179
391,180
413,180
340,181
340,181
393,181
413,181
340,182
341,182
395,182
413,182
340,183
342,183
398,183
399,183
402,183
413,183
340,184
342,184
401,184
413,184
340,185
343,185
405,185
409,185
412,185
413,185
324,186
324,186
341,186
344,186
406,186
410,186
412,186
413,186
323,187
324,187
340,187
345,187
409,187
413,187
151,188
155,188
322,188
324,188
339,188
347,188
411,188
413,188
129,189
133,189
150,189
175,189
185,189
239,189
256,189
287,189
320,189
324,189
339,189
347,189
106,190
106,190
127,190
138,190
144,190
144,190
148,190
308,190
318,190
325,190
339,190
349,190
85,191
326,191
338,191
350,191
61,192
63,192
67,192
327,192
338,192
351,192
55,193
327,193
338,193
355,193
0,194
2,194
44,194
331,194
336,194
358,194
0,195
3,195
37,195
360,195
0,196
4,196
7,196
8,196
16,196
357,196
360,196
361,196
0,197
364,197
0,198
367,198
0,199
370,199
0,200
374,200
0,201
378,201
0,202
382,202
0,203
385,203
0,204
388,204
0,205
391,205
0,206
387,206
390,206
393,206
0,207
396,207
0,208
398,208
0,209
399,209
401,209
401,209
0,210
402,210
0,211
405,211
0,212
406,212
0,213
409,213
0,214
411,214
0,215
413,215
0,216
415,216
0,217
417,217
0,218
419,218
0,219
421,219
0,220
422,220
424,220
424,220
0,221
426,221
0,222
423,222
426,222
430,222
0,223
434,223
0,224
438,224
0,225
438,225
0,226
439,226
0,227
439,227
0,228
439,228
0,229
440,229
0,230
440,230
0,231
438,231
440,231
440,231
0,232
441,232
0,233
439,233
441,233
441,233
0,234
440,234
0,235
440,235
0,236
437,236
439,236
439,236
0,237
437,237
0,238
437,238
0,239
436,239
0,240
436,240
0,241
435,241
0,242
435,242
0,243
434,243
0,244
434,244
0,245
434,245
0,246
434,246
0,247
433,247
0,248
434,248
0,249
434,249
0,250
434,250
0,251
434,251
0,252
434,252
0,253
434,253
0,254
434,254
0,255
434,255
0,256
434,256
0,257
434,257
0,258
434,258
0,259
435,259
0,260
435,260
0,261
436,261
0,262
437,262
0,263
437,263
0,264
438,264
0,265
439,265
0,266
440,266
0,267
441,267
0,268
442,268
0,269
444,269
0,270
444,270
0,271
446,271
0,272
448,272
0,273
448,273
0,274
451,274
0,275
452,275
0,276
456,276
0,277
458,277
0,278
463,278
0,279
467,279
0,280
470,280
0,281
470,281
0,282
470,282
0,283
470,283
0,284
471,284
0,285
471,285
0,286
471,286
0,287
471,287
0,288
471,288
0,289
471,289
0,290
471,290
0,291
472,291
0,292
472,292
0,293
472,293
0,294
472,294
0,295
472,295
0,296
472,296
0,297
472,297
0,298
472,298
0,299
472,299
0,300
467,300
469,300
471,300
0,301
467,301
469,301
470,301
0,302
469,302
0,303
468,303
0,304
467,304
0,305
467,305
0,306
463,306
465,306
466,306
0,307
465,307
0,308
465,308
0,309
464,309
0,310
464,310
0,311
464,311
0,312
463,312
0,313
464,313
0,314
465,314
0,315
465,315
0,316
465,316
0,317
466,317
0,318
466,318
0,319
467,319
0,320
467,320
0,321
467,321
0,322
467,322
0,323
467,323
0,324
467,324
0,325
468,325
0,326
469,326
0,327
469,327
0,328
469,328
0,329
469,329
0,330
470,330
0,331
470,331
0,332
470,332
0,333
471,333
0,334
471,334
0,335
471,335
0,336
471,336
0,337
471,337
0,338
472,338
0,339
472,339
0,340
472,340
0,341
473,341
0,342
473,342
0,343
473,343
0,344
473,344
0,345
473,345
0,346
474,346
0,347
307,347
313,347
474,347
0,348
305,348
314,348
475,348
0,349
303,349
315,349
475,349
0,350
304,350
318,350
475,350
0,351
303,351
318,351
475,351
0,352
302,352
319,352
475,352
0,353
302,353
321,353
475,353
0,354
302,354
323,354
475,354
0,355
301,355
324,355
475,355
0,356
301,356
326,356
475,356
0,357
301,357
328,357
475,357
0,358
301,358
329,358
475,358
0,359
301,359
330,359
475,359
