0,0
479,0
0,1
479,1
0,2
479,2
0,3
479,3
0,4
479,4
0,5
479,5
0,6
479,6
0,7
479,7
0,8
396,8
402,8
479,8
0,9
394,9
403,9
479,9
0,10
392,10
405,10
479,10
0,11
391,11
407,11
479,11
0,12
390,12
406,12
479,12
0,13
389,13
407,13
479,13
0,14
389,14
408,14
479,14
0,15
389,15
408,15
479,15
0,16
388,16
408,16
479,16
0,17
387,17
408,17
479,17
0,18
387,18
408,18
479,18
0,19
387,19
408,19
479,19
0,20
387,20
410,20
479,20
0,21
387,21
410,21
479,21
0,22
389,22
410,22
479,22
0,23
391,23
393,23
393,23
411,23
479,23
0,24
393,24
411,24
479,24
0,25
393,25
411,25
479,25
0,26
393,26
411,26
479,26
0,27
393,27
412,27
479,27
0,28
393,28
412,28
479,28
0,29
394,29
412,29
479,29
0,30
395,30
412,30
479,30
0,31
395,31
413,31
479,31
0,32
395,32
412,32
479,32
0,33
397,33
413,33
479,33
0,34
397,34
413,34
479,34
0,35
397,35
413,35
479,35
0,36
397,36
414,36
479,36
0,37
397,37
414,37
479,37
0,38
397,38
414,38
479,38
0,39
398,39
415,39
479,39
0,40
398,40
415,40
479,40
0,41
399,41
415,41
479,41
0,42
399,42
416,42
479,42
0,43
399,43
418,43
479,43
0,44
399,44
418,44
479,44
0,45
399,45
418,45
479,45
0,46
400,46
418,46
479,46
0,47
400,47
419,47
479,47
0,48
400,48
418,48
479,48
0,49
401,49
419,49
479,49
0,50
401,50
421,50
479,50
0,51
401,51
421,51
479,51
0,52
402,52
423,52
479,52
0,53
402,53
423,53
479,53
0,54
402,54
424,54
479,54
0,55
402,55
425,55
479,55
0,56
403,56
428,56
479,56
0,57
403,57
428,57
479,57
0,58
404,58
429,58
479,58
0,59
404,59
431,59
479,59
0,60
404,60
434,60
479,60
0,61
405,61
436,61
479,61
0,62
406,62
439,62
479,62
0,63
407,63
443,63
479,63
0,64
408,64
446,64
469,64
471,64
476,64
0,65
408,65
453,65
466,65
0,66
409,66
456,66
463,66
0,67
409,67
0,68
410,68
0,69
410,69
0,70
412,70
0,71
412,71
0,72
413,72
0,73
414,73
0,74
414,74
0,75
415,75
0,76
417,76
0,77
418,77
0,78
420,78
0,79
420,79
0,80
361,80
364,80
364,80
370,80
422,80
0,81
361,81
370,81
424,81
0,82
361,82
370,82
424,82
0,83
361,83
370,83
425,83
0,84
362,84
371,84
426,84
0,85
363,85
371,85
429,85
0,86
364,86
369,86
432,86
0,87
435,87
0,88
361,88
365,88
437,88
0,89
360,89
366,89
441,89
0,90
359,90
366,90
444,90
0,91
359,91
368,91
448,91
0,92
359,92
368,92
452,92
0,93
359,93
366,93
458,93
0,94
362,94
365,94
461,94
464,94
467,94
0,95
461,95
464,95
479,95
0,96
479,96
0,97
479,97
0,98
479,98
0,99
479,99
0,100
479,100
0,101
479,101
0,102
479,102
0,103
479,103
0,104
479,104
0,105
479,105
0,106
479,106
0,107
479,107
0,108
479,108
0,109
479,109
0,110
479,110
0,111
479,111
0,112
479,112
0,113
479,113
0,114
479,114
0,115
479,115
0,116
479,116
0,117
479,117
0,118
479,118
0,119
479,119
0,120
479,120
0,121
479,121
0,122
479,122
0,123
479,123
0,124
373,124
378,124
383,124
386,124
479,124
0,125
368,125
388,125
479,125
0,126
363,126
390,126
479,126
0,127
360,127
391,127
479,127
0,128
358,128
391,128
479,128
0,129
356,129
391,129
479,129
0,130
347,130
350,130
354,130
390,130
479,130
0,131
350,131
390,131
479,131
0,132
342,132
344,132
345,132
390,132
479,132
0,133
343,133
390,133
479,133
0,134
340,134
390,134
479,134
0,135
337,135
390,135
479,135
0,136
336,136
389,136
479,136
0,137
333,137
389,137
479,137
0,138
332,138
389,138
479,138
0,139
330,139
390,139
479,139
0,140
328,140
390,140
479,140
0,141
327,141
390,141
479,141
0,142
326,142
390,142
479,142
0,143
325,143
390,143
479,143
0,144
143,144
224,144
239,144
254,144
260,144
264,144
323,144
391,144
479,144
0,145
118,145
126,145
132,145
256,145
259,145
261,145
322,145
392,145
479,145
0,146
102,146
258,146
258,146
261,146
261,146
268,146
321,146
395,146
479,146
0,147
87,147
261,147
261,147
268,147
320,147
398,147
479,147
0,148
71,148
74,148
75,148
269,148
285,148
288,148
319,148
400,148
479,148
0,149
63,149
269,149
285,149
289,149
291,149
293,149
319,149
401,149
479,149
0,150
58,150
60,150
60,150
269,150
277,150
279,150
285,150
292,150
317,150
401,150
479,150
0,151
54,151
273,151
277,151
279,151
280,151
293,151
316,151
402,151
479,151
0,152
51,152
269,152
278,152
294,152
316,152
402,152
479,152
0,153
48,153
269,153
269,153
272,153
272,153
295,153
313,153
315,153
315,153
402,153
479,153
0,154
46,154
295,154
315,154
402,154
479,154
0,155
45,155
296,155
314,155
402,155
479,155
0,156
41,156
297,156
311,156
313,156
313,156
401,156
479,156
0,157
41,157
297,157
313,157
400,157
479,157
0,158
38,158
304,158
312,158
399,158
479,158
0,159
37,159
399,159
479,159
0,160
37,160
399,160
479,160
0,161
36,161
398,161
479,161
0,162
36,162
397,162
479,162
0,163
34,163
396,163
479,163
0,164
34,164
396,164
479,164
0,165
34,165
396,165
479,165
0,166
32,166
396,166
479,166
0,167
32,167
397,167
479,167
0,168
32,168
303,168
309,168
397,168
479,168
0,169
31,169
270,169
270,169
306,169
306,169
308,169
309,169
398,169
479,169
0,170
31,170
269,170
269,170
271,170
271,170
309,170
309,170
398,170
479,170
0,171
32,171
269,171
269,171
271,171
272,171
399,171
479,171
0,172
32,172
35,172
35,172
269,172
269,172
271,172
273,172
399,172
479,172
0,173
33,173
35,173
35,173
271,173
274,173
400,173
479,173
0,174
33,174
271,174
272,174
274,174
275,174
401,174
479,174
0,175
33,175
268,175
269,175
271,175
273,175
275,175
276,175
402,175
479,175
0,176
33,176
261,176
261,176
268,176
278,176
403,176
479,176
0,177
36,177
185,177
191,177
261,177
261,177
268,177
279,177
405,177
479,177
0,178
37,178
140,178
140,178
178,178
207,178
256,178
259,178
261,178
266,178
268,178
281,178
406,178
479,178
0,179
38,179
118,179
284,179
407,179
479,179
0,180
41,180
86,180
285,180
408,180
479,180
0,181
43,181
72,181
72,181
82,181
287,181
289,181
290,181
403,181
405,181
407,181
479,181
0,182
51,182
56,182
60,182
69,182
288,182
290,182
293,182
403,182
479,182
0,183
298,183
404,183
479,183
0,184
303,184
405,184
479,184
0,185
306,185
405,185
479,185
0,186
309,186
406,186
479,186
0,187
311,187
407,187
479,187
0,188
313,188
407,188
479,188
0,189
316,189
408,189
479,189
0,190
319,190
408,190
479,190
0,191
321,191
408,191
479,191
0,192
323,192
404,192
479,192
0,193
326,193
403,193
479,193
0,194
329,194
401,194
479,194
0,195
328,195
401,195
479,195
0,196
328,196
403,196
479,196
0,197
327,197
404,197
479,197
0,198
332,198
405,198
479,198
0,199
333,199
408,199
479,199
0,200
332,200
335,200
335,200
406,200
407,200
409,200
479,200
0,201
336,201
409,201
479,201
0,202
335,202
409,202
479,202
0,203
334,203
409,203
479,203
0,204
332,204
409,204
479,204
0,205
331,205
409,205
479,205
0,206
330,206
409,206
479,206
0,207
329,207
410,207
479,207
0,208
329,208
410,208
479,208
0,209
328,209
410,209
479,209
0,210
327,210
410,210
479,210
0,211
327,211
410,211
479,211
0,212
327,212
410,212
479,212
0,213
327,213
410,213
479,213
0,214
326,214
410,214
479,214
0,215
326,215
410,215
479,215
0,216
326,216
410,216
479,216
0,217
326,217
410,217
479,217
0,218
326,218
410,218
479,218
0,219
326,219
410,219
479,219
0,220
326,220
410,220
479,220
0,221
327,221
410,221
479,221
0,222
327,222
409,222
479,222
0,223
327,223
409,223
479,223
0,224
329,224
408,224
479,224
0,225
329,225
407,225
479,225
0,226
330,226
406,226
479,226
0,227
332,227
406,227
479,227
0,228
332,228
405,228
479,228
0,229
334,229
404,229
479,229
0,230
335,230
404,230
479,230
0,231
336,231
403,231
479,231
0,232
338,232
403,232
479,232
0,233
339,233
341,233
341,233
403,233
479,233
0,234
342,234
402,234
479,234
0,235
342,235
402,235
479,235
0,236
341,236
402,236
479,236
0,237
341,237
402,237
479,237
0,238
341,238
402,238
479,238
0,239
340,239
402,239
479,239
0,240
340,240
402,240
479,240
0,241
339,241
402,241
479,241
0,242
339,242
403,242
479,242
0,243
339,243
403,243
479,243
0,244
337,244
403,244
479,244
0,245
337,245
403,245
479,245
0,246
336,246
403,246
479,246
0,247
336,247
403,247
479,247
0,248
336,248
403,248
479,248
0,249
336,249
403,249
479,249
0,250
336,250
404,250
479,250
0,251
337,251
404,251
479,251
0,252
337,252
404,252
479,252
0,253
337,253
404,253
479,253
0,254
337,254
404,254
479,254
0,255
337,255
405,255
479,255
0,256
338,256
405,256
479,256
0,257
338,257
405,257
479,257
0,258
338,258
405,258
479,258
0,259
338,259
405,259
479,259
0,260
339,260
405,260
479,260
0,261
339,261
406,261
479,261
0,262
339,262
406,262
479,262
0,263
339,263
406,263
479,263
0,264
339,264
406,264
479,264
0,265
339,265
406,265
479,265
0,266
339,266
406,266
479,266
0,267
340,267
406,267
479,267
0,268
340,268
406,268
479,268
0,269
340,269
406,269
479,269
0,270
340,270
407,270
479,270
0,271
340,271
407,271
407,271
409,271
479,271
0,272
341,272
408,272
479,272
0,273
341,273
408,273
479,273
0,274
239,274
241,274
340,274
408,274
479,274
0,275
237,275
243,275
340,275
408,275
479,275
0,276
236,276
244,276
339,276
408,276
479,276
0,277
235,277
246,277
339,277
408,277
479,277
0,278
235,278
248,278
339,278
408,278
479,278
0,279
234,279
248,279
339,279
409,279
479,279
0,280
234,280
251,280
338,280
409,280
479,280
0,281
234,281
253,281
338,281
409,281
479,281
0,282
234,282
255,282
338,282
409,282
479,282
0,283
234,283
257,283
337,283
410,283
479,283
0,284
235,284
259,284
337,284
410,284
479,284
0,285
236,285
261,285
337,285
410,285
479,285
0,286
237,286
262,286
338,286
411,286
479,286
0,287
239,287
264,287
339,287
411,287
479,287
0,288
242,288
266,288
341,288
411,288
479,288
0,289
244,289
268,289
341,289
412,289
477,289
0,290
246,290
270,290
342,290
412,290
469,290
472,290
475,290
0,291
247,291
272,291
342,291
413,291
472,291
0,292
248,292
274,292
341,292
412,292
469,292
0,293
251,293
276,293
341,293
413,293
465,293
0,294
252,294
279,294
341,294
413,294
458,294
460,294
463,294
0,295
254,295
280,295
341,295
414,295
459,295
0,296
256,296
283,296
300,296
302,296
341,296
414,296
457,296
0,297
258,297
284,297
304,297
309,297
341,297
414,297
448,297
451,297
454,297
0,298
260,298
286,298
302,298
310,298
340,298
415,298
451,298
0,299
262,299
290,299
300,299
311,299
340,299
415,299
448,299
0,300
263,300
291,300
299,300
313,300
340,300
415,300
440,300
443,300
446,300
0,301
266,301
293,301
299,301
314,301
340,301
416,301
443,301
0,302
267,302
296,302
299,302
314,302
340,302
416,302
440,302
0,303
268,303
297,303
299,303
314,303
338,303
416,303
436,303
0,304
271,304
315,304
337,304
416,304
434,304
0,305
273,305
315,305
335,305
416,305
431,305
0,306
275,306
316,306
334,306
416,306
428,306
0,307
278,307
316,307
333,307
416,307
426,307
0,308
280,308
317,308
332,308
415,308
423,308
0,309
281,309
316,309
330,309
414,309
416,309
418,309
420,309
0,310
284,310
316,310
329,310
412,310
416,310
0,311
285,311
319,311
328,311
407,311
415,311
0,312
287,312
322,312
327,312
404,312
410,312
0,313
290,313
324,313
327,313
405,313
406,313
0,314
291,314
325,314
326,314
0,315
293,315
0,316
290,316
293,316
293,316
0,317
290,317
292,317
292,317
478,317
479,317
0,318
292,318
478,318
479,318
0,319
292,319
474,319
479,319
0,320
292,320
471,320
479,320
0,321
292,321
468,321
479,321
0,322
293,322
465,322
479,322
0,323
293,323
462,323
479,323
0,324
294,324
458,324
461,324
463,324
479,324
0,325
294,325
309,325
310,325
455,325
479,325
0,326
296,326
308,326
312,326
452,326
479,326
0,327
296,327
308,327
314,327
450,327
479,327
0,328
298,328
307,328
315,328
446,328
479,328
0,329
300,329
305,329
315,329
445,329
479,329
0,330
312,330
314,330
314,330
441,330
479,330
0,331
314,331
436,331
440,331
444,331
479,331
0,332
311,332
313,332
313,332
434,332
479,332
0,333
312,333
430,333
479,333
0,334
312,334
427,334
479,334
0,335
311,335
422,335
479,335
0,336
308,336
310,336
310,336
419,336
479,336
0,337
310,337
417,337
479,337
0,338
309,338
414,338
479,338
0,339
306,339
308,339
308,339
414,339
479,339
0,340
308,340
414,340
479,340
0,341
307,341
414,341
479,341
0,342
306,342
414,342
479,342
0,343
243,343
250,343
306,343
414,343
479,343
0,344
243,344
250,344
305,344
414,344
479,344
0,345
241,345
252,345
304,345
414,345
479,345
0,346
239,346
253,346
300,346
415,346
479,346
0,347
239,347
254,347
299,347
415,347
479,347
0,348
239,348
255,348
288,348
290,348
294,348
415,348
479,348
0,349
239,349
255,349
290,349
415,349
479,349
0,350
239,350
255,350
285,350
415,350
479,350
0,351
239,351
256,351
283,351
416,351
479,351
0,352
240,352
256,352
278,352
280,352
280,352
416,352
479,352
0,353
240,353
257,353
270,353
272,353
274,353
419,353
479,353
0,354
240,354
257,354
269,354
271,354
271,354
422,354
479,354
0,355
241,355
257,355
268,355
423,355
479,355
0,356
243,356
257,356
264,356
426,356
479,356
0,357
243,357
255,357
258,357
428,357
479,357
0,358
244,358
256,358
256,358
430,358
430,358
432,358
479,358
0,359
244,359
432,359
479,359
