0,0
287,0
360,0
455,0
460,0
479,0
0,1
287,1
360,1
455,1
460,1
479,1
0,2
287,2
358,2
455,2
459,2
479,2
0,3
287,3
358,3
455,3
458,3
479,3
0,4
286,4
360,4
479,4
0,5
286,5
360,5
479,5
0,6
286,6
360,6
479,6
0,7
286,7
360,7
479,7
0,8
286,8
360,8
479,8
0,9
286,9
361,9
479,9
0,10
286,10
361,10
479,10
0,11
286,11
361,11
479,11
0,12
287,12
361,12
479,12
0,13
287,13
361,13
479,13
0,14
287,14
362,14
479,14
0,15
287,15
362,15
479,15
0,16
287,16
362,16
479,16
0,17
288,17
362,17
479,17
0,18
288,18
362,18
479,18
0,19
288,19
362,19
479,19
0,20
288,20
362,20
479,20
0,21
289,21
362,21
479,21
0,22
290,22
363,22
479,22
0,23
290,23
363,23
479,23
0,24
291,24
363,24
479,24
0,25
291,25
363,25
479,25
0,26
291,26
363,26
479,26
0,27
292,27
363,27
479,27
0,28
293,28
364,28
479,28
0,29
293,29
364,29
479,29
0,30
294,30
364,30
479,30
0,31
295,31
364,31
479,31
0,32
296,32
364,32
479,32
0,33
297,33
364,33
479,33
0,34
298,34
365,34
479,34
0,35
299,35
365,35
479,35
0,36
300,36
366,36
479,36
0,37
301,37
366,37
479,37
0,38
302,38
366,38
479,38
0,39
303,39
366,39
479,39
0,40
304,40
366,40
479,40
0,41
306,41
367,41
479,41
0,42
307,42
368,42
479,42
0,43
309,43
369,43
479,43
0,44
310,44
370,44
479,44
0,45
311,45
370,45
479,45
0,46
314,46
371,46
479,46
0,47
315,47
320,47
321,47
324,47
325,47
331,47
332,47
372,47
479,47
0,48
333,48
373,48
479,48
0,49
334,49
375,49
479,49
0,50
335,50
376,50
479,50
0,51
335,51
378,51
479,51
0,52
337,52
381,52
479,52
0,53
337,53
383,53
479,53
0,54
338,54
383,54
479,54
0,55
340,55
386,55
479,55
0,56
340,56
388,56
479,56
0,57
341,57
389,57
479,57
0,58
342,58
392,58
479,58
0,59
342,59
393,59
479,59
0,60
343,60
397,60
479,60
0,61
343,61
399,61
479,61
0,62
345,62
402,62
479,62
0,63
347,63
403,63
479,63
0,64
349,64
406,64
406,64
408,64
479,64
0,65
349,65
410,65
479,65
0,66
350,66
412,66
479,66
0,67
352,67
413,67
479,67
0,68
353,68
416,68
479,68
0,69
354,69
419,69
479,69
0,70
356,70
420,70
422,70
424,70
479,70
0,71
358,71
421,71
421,71
425,71
479,71
0,72
359,72
425,72
479,72
0,73
361,73
426,73
479,73
0,74
362,74
427,74
479,74
0,75
365,75
369,75
369,75
428,75
479,75
0,76
369,76
429,76
451,76
454,76
454,76
456,76
479,76
0,77
370,77
430,77
449,77
458,77
479,77
0,78
370,78
372,78
374,78
432,78
449,78
457,78
479,78
0,79
376,79
434,79
450,79
457,79
479,79
0,80
379,80
436,80
453,80
457,80
479,80
0,81
381,81
437,81
479,81
0,82
384,82
438,82
479,82
0,83
389,83
439,83
479,83
0,84
396,84
440,84
479,84
0,85
397,85
440,85
479,85
0,86
405,86
442,86
479,86
0,87
408,87
442,87
479,87
0,88
404,88
442,88
479,88
0,89
403,89
445,89
479,89
0,90
401,90
444,90
479,90
0,91
394,91
447,91
479,91
0,92
392,92
447,92
479,92
0,93
390,93
446,93
479,93
0,94
388,94
447,94
479,94
0,95
384,95
447,95
479,95
0,96
302,96
308,96
386,96
447,96
479,96
0,97
302,97
308,97
384,97
447,97
479,97
0,98
300,98
308,98
384,98
412,98
415,98
417,98
421,98
447,98
479,98
0,99
300,99
308,99
384,99
404,99
427,99
447,99
479,99
0,100
300,100
308,100
385,100
397,100
428,100
447,100
479,100
0,101
300,101
308,101
385,101
387,101
387,101
390,101
429,101
447,101
479,101
0,102
301,102
308,102
431,102
446,102
479,102
0,103
302,103
305,103
432,103
446,103
479,103
0,104
434,104
443,104
479,104
0,105
438,105
441,105
479,105
0,106
479,106
0,107
479,107
0,108
479,108
0,109
479,109
0,110
479,110
0,111
479,111
0,112
479,112
0,113
479,113
0,114
479,114
0,115
479,115
0,116
479,116
0,117
479,117
0,118
479,118
0,119
479,119
0,120
479,120
0,121
479,121
0,122
479,122
0,123
479,123
0,124
479,124
0,125
479,125
0,126
479,126
0,127
479,127
0,128
479,128
0,129
479,129
0,130
305,130
312,130
479,130
0,131
50,131
53,131
54,131
56,131
298,131
314,131
479,131
0,132
50,132
59,132
295,132
315,132
479,132
0,133
49,133
60,133
293,133
315,133
479,133
0,134
44,134
63,134
291,134
315,134
479,134
0,135
44,135
64,135
287,135
314,135
479,135
0,136
43,136
65,136
282,136
314,136
479,136
0,137
42,137
65,137
279,137
314,137
479,137
0,138
41,138
67,138
239,138
259,138
277,138
313,138
479,138
0,139
41,139
67,139
193,139
260,139
275,139
314,139
479,139
0,140
40,140
67,140
175,140
259,140
273,140
314,140
479,140
0,141
40,141
67,141
146,141
153,141
153,141
263,141
271,141
314,141
479,141
0,142
40,142
69,142
129,142
131,142
134,142
265,142
267,142
269,142
270,142
314,142
479,142
0,143
40,143
71,143
125,143
265,143
268,143
314,143
479,143
0,144
40,144
71,144
124,144
264,144
266,144
315,144
479,144
0,145
39,145
71,145
122,145
264,145
266,145
316,145
479,145
0,146
39,146
72,146
115,146
320,146
479,146
0,147
39,147
71,147
110,147
321,147
479,147
0,148
39,148
71,148
109,148
325,148
479,148
0,149
39,149
70,149
109,149
326,149
479,149
0,150
40,150
69,150
106,150
327,150
328,150
331,150
479,150
0,151
40,151
69,151
106,151
333,151
479,151
0,152
40,152
69,152
105,152
333,152
479,152
0,153
39,153
69,153
104,153
334,153
479,153
0,154
39,154
70,154
101,154
335,154
479,154
0,155
39,155
70,155
100,155
336,155
479,155
0,156
39,156
71,156
100,156
338,156
479,156
0,157
39,157
71,157
100,157
338,157
338,157
340,157
479,157
0,158
40,158
71,158
98,158
325,158
327,158
338,158
479,158
0,159
39,159
72,159
97,159
323,159
328,159
338,159
479,159
0,160
38,160
71,160
97,160
322,160
327,160
338,160
479,160
0,161
38,161
70,161
97,161
321,161
327,161
338,161
479,161
0,162
39,162
68,162
97,162
321,162
327,162
338,162
479,162
0,163
39,163
68,163
96,163
319,163
327,163
338,163
479,163
0,164
38,164
68,164
96,164
319,164
327,164
338,164
479,164
0,165
37,165
69,165
96,165
256,165
256,165
318,165
327,165
337,165
479,165
0,166
37,166
68,166
96,166
256,166
256,166
319,166
327,166
337,166
479,166
0,167
36,167
69,167
97,167
256,167
256,167
320,167
327,167
337,167
479,167
0,168
36,168
69,168
97,168
252,168
253,168
256,168
256,168
322,168
326,168
336,168
479,168
0,169
36,169
69,169
98,169
100,169
101,169
209,169
234,169
240,169
256,169
322,169
326,169
336,169
479,169
0,170
36,170
70,170
105,170
192,170
206,170
208,170
256,170
322,170
326,170
336,170
479,170
0,171
36,171
70,171
104,171
156,171
157,171
166,171
188,171
190,171
256,171
322,171
326,171
335,171
479,171
0,172
35,172
71,172
108,172
136,172
259,172
322,172
326,172
335,172
479,172
0,173
35,173
71,173
110,173
129,173
260,173
323,173
326,173
334,173
479,173
0,174
35,174
71,174
111,174
121,174
261,174
324,174
326,174
334,174
479,174
0,175
34,175
71,175
262,175
325,175
326,175
333,175
479,175
0,176
34,176
71,176
263,176
325,176
326,176
333,176
479,176
0,177
33,177
71,177
263,177
266,177
267,177
333,177
479,177
0,178
33,178
71,178
265,178
267,178
270,178
332,178
479,178
0,179
32,179
71,179
271,179
332,179
479,179
0,180
32,180
72,180
272,180
331,180
479,180
0,181
32,181
72,181
272,181
331,181
479,181
0,182
31,182
74,182
271,182
330,182
479,182
0,183
29,183
74,183
271,183
330,183
479,183
0,184
29,184
76,184
271,184
330,184
479,184
0,185
30,185
76,185
274,185
330,185
479,185
0,186
30,186
76,186
275,186
330,186
479,186
0,187
27,187
77,187
276,187
329,187
479,187
0,188
27,188
77,188
275,188
329,188
479,188
0,189
26,189
78,189
274,189
329,189
479,189
0,190
26,190
79,190
273,190
329,190
479,190
0,191
26,191
80,191
273,191
328,191
479,191
0,192
26,192
81,192
273,192
329,192
479,192
0,193
26,193
82,193
272,193
328,193
479,193
0,194
26,194
82,194
272,194
328,194
479,194
0,195
27,195
82,195
272,195
328,195
479,195
0,196
28,196
82,196
272,196
328,196
479,196
0,197
28,197
82,197
272,197
328,197
479,197
0,198
28,198
80,198
271,198
327,198
479,198
0,199
30,199
80,199
271,199
326,199
479,199
0,200
31,200
80,200
271,200
326,200
479,200
0,201
33,201
79,201
271,201
325,201
479,201
0,202
33,202
73,202
75,202
78,202
272,202
323,202
479,202
0,203
32,203
70,203
272,203
322,203
479,203
0,204
31,204
70,204
274,204
320,204
479,204
0,205
32,205
70,205
275,205
320,205
479,205
0,206
32,206
69,206
276,206
318,206
479,206
0,207
32,207
69,207
277,207
318,207
479,207
0,208
30,208
69,208
278,208
317,208
479,208
0,209
30,209
69,209
277,209
317,209
479,209
0,210
30,210
70,210
277,210
317,210
479,210
0,211
30,211
70,211
276,211
317,211
479,211
0,212
30,212
70,212
275,212
317,212
479,212
0,213
30,213
70,213
275,213
317,213
479,213
0,214
30,214
70,214
274,214
317,214
479,214
0,215
30,215
70,215
274,215
317,215
479,215
0,216
31,216
70,216
274,216
317,216
479,216
0,217
35,217
70,217
274,217
318,217
479,217
0,218
35,218
71,218
274,218
318,218
479,218
0,219
35,219
71,219
274,219
318,219
479,219
0,220
35,220
71,220
274,220
318,220
479,220
0,221
35,221
71,221
274,221
318,221
479,221
0,222
35,222
71,222
274,222
318,222
479,222
0,223
35,223
71,223
274,223
318,223
479,223
0,224
34,224
71,224
274,224
318,224
479,224
0,225
34,225
71,225
274,225
318,225
479,225
0,226
34,226
72,226
274,226
318,226
479,226
0,227
34,227
72,227
274,227
318,227
479,227
0,228
34,228
72,228
274,228
318,228
479,228
0,229
34,229
72,229
274,229
318,229
479,229
0,230
34,230
72,230
274,230
318,230
479,230
0,231
34,231
72,231
274,231
319,231
479,231
0,232
34,232
73,232
274,232
319,232
479,232
0,233
33,233
73,233
273,233
319,233
479,233
0,234
33,234
73,234
273,234
319,234
479,234
0,235
33,235
73,235
273,235
319,235
362,235
365,235
479,235
0,236
33,236
74,236
272,236
319,236
360,236
367,236
479,236
0,237
32,237
74,237
271,237
319,237
359,237
368,237
479,237
0,238
32,238
75,238
271,238
320,238
356,238
368,238
479,238
0,239
32,239
75,239
271,239
320,239
354,239
368,239
479,239
0,240
31,240
76,240
202,240
205,240
270,240
320,240
351,240
369,240
479,240
0,241
31,241
76,241
201,241
207,241
269,241
320,241
349,241
369,241
479,241
0,242
30,242
77,242
200,242
208,242
269,242
319,242
347,242
370,242
479,242
0,243
30,243
77,243
199,243
211,243
269,243
319,243
344,243
370,243
479,243
0,244
29,244
77,244
199,244
213,244
271,244
319,244
341,244
371,244
479,244
0,245
29,245
77,245
199,245
215,245
272,245
320,245
340,245
371,245
479,245
0,246
29,246
78,246
199,246
217,246
274,246
320,246
337,246
371,246
479,246
0,247
28,247
78,247
200,247
219,247
271,247
273,247
273,247
320,247
335,247
372,247
479,247
0,248
28,248
79,248
201,248
223,248
271,248
273,248
274,248
320,248
333,248
372,248
479,248
0,249
28,249
79,249
203,249
224,249
273,249
320,249
330,249
370,249
479,249
0,250
29,250
79,250
205,250
226,250
245,250
247,250
270,250
272,250
272,250
320,250
328,250
369,250
479,250
0,251
29,251
78,251
208,251
229,251
271,251
320,251
325,251
367,251
479,251
0,252
29,252
67,252
68,252
78,252
210,252
232,252
243,252
250,252
271,252
320,252
322,252
364,252
479,252
0,253
31,253
66,253
69,253
76,253
212,253
233,253
242,253
251,253
271,253
320,253
321,253
360,253
479,253
0,254
35,254
66,254
214,254
236,254
241,254
252,254
271,254
359,254
479,254
0,255
35,255
67,255
216,255
239,255
241,255
252,255
270,255
356,255
479,255
0,256
36,256
50,256
52,256
68,256
219,256
253,256
268,256
353,256
479,256
0,257
37,257
50,257
52,257
68,257
221,257
253,257
267,257
351,257
479,257
0,258
37,258
52,258
52,258
69,258
223,258
253,258
254,258
257,258
266,258
348,258
479,258
0,259
28,259
74,259
225,259
253,259
265,259
346,259
479,259
0,260
14,260
77,260
227,260
255,260
260,260
262,260
263,260
342,260
479,260
78,261
230,261
258,261
263,261
340,261
479,261
77,262
232,262
261,262
262,262
339,262
479,262
76,263
235,263
336,263
479,263
74,264
237,264
333,264
479,264
71,265
237,265
330,265
479,265
68,266
237,266
329,266
479,266
62,267
237,267
326,267
479,267
51,268
51,268
57,268
237,268
322,268
322,268
324,268
479,268
49,269
237,269
320,269
479,269
40,270
238,270
249,270
250,270
318,270
479,270
37,271
239,271
248,271
252,271
317,271
479,271
32,272
240,272
246,272
255,272
317,272
479,272
25,273
254,273
317,273
479,273
18,274
254,274
317,274
479,274
12,275
253,275
318,275
479,275
5,276
253,276
318,276
479,276
0,277
252,277
318,277
479,277
0,278
251,278
318,278
479,278
0,279
248,279
250,279
251,279
319,279
479,279
0,280
250,280
320,280
479,280
0,281
249,281
320,281
479,281
0,282
247,282
320,282
479,282
0,283
244,283
322,283
325,283
327,283
479,283
0,284
242,284
325,284
479,284
0,285
239,285
328,285
479,285
0,286
203,286
210,286
237,286
330,286
479,286
0,287
202,287
211,287
234,287
334,287
479,287
0,288
202,288
212,288
231,288
337,288
479,288
0,289
201,289
212,289
228,289
340,289
479,289
0,290
201,290
213,290
225,290
343,290
479,290
0,291
202,291
213,291
222,291
346,291
479,291
0,292
202,292
213,292
220,292
349,292
355,292
357,292
479,292
0,293
202,293
213,293
216,293
353,293
479,293
0,294
204,294
356,294
479,294
0,295
205,295
360,295
479,295
0,296
205,296
363,296
479,296
0,297
203,297
325,297
326,297
367,297
479,297
0,298
198,298
326,298
329,298
371,298
479,298
0,299
195,299
327,299
333,299
374,299
479,299
0,300
192,300
327,300
336,300
378,300
479,300
0,301
188,301
235,301
236,301
328,301
338,301
383,301
479,301
0,302
183,302
233,302
235,302
328,302
343,302
384,302
479,302
0,303
182,303
229,303
234,303
329,303
346,303
386,303
479,303
0,304
182,304
225,304
233,304
330,304
349,304
387,304
479,304
0,305
182,305
223,305
232,305
330,305
352,305
388,305
479,305
0,306
182,306
217,306
232,306
331,306
357,306
388,306
479,306
0,307
183,307
214,307
228,307
230,307
231,307
332,307
361,307
388,307
479,307
0,308
184,308
210,308
230,308
333,308
365,308
386,308
479,308
0,309
184,309
208,309
229,309
334,309
369,309
385,309
479,309
0,310
186,310
203,310
203,310
207,310
228,310
335,310
479,310
0,311
187,311
200,311
203,311
207,311
227,311
335,311
479,311
0,312
203,312
207,312
226,312
336,312
479,312
0,313
203,313
207,313
222,313
224,313
225,313
337,313
479,313
0,314
203,314
207,314
222,314
224,314
225,314
338,314
479,314
0,315
203,315
207,315
224,315
339,315
479,315
0,316
203,316
208,316
223,316
340,316
479,316
0,317
204,317
208,317
222,317
341,317
479,317
0,318
204,318
208,318
221,318
342,318
479,318
0,319
204,319
208,319
220,319
343,319
479,319
0,320
219,320
344,320
479,320
0,321
218,321
345,321
479,321
0,322
215,322
217,322
217,322
345,322
479,322
0,323
214,323
216,323
217,323
346,323
479,323
0,324
214,324
216,324
216,324
348,324
479,324
0,325
215,325
348,325
479,325
0,326
214,326
349,326
479,326
0,327
213,327
350,327
479,327
0,328
212,328
350,328
479,328
0,329
212,329
351,329
479,329
0,330
211,330
352,330
479,330
0,331
210,331
353,331
479,331
0,332
210,332
353,332
479,332
0,333
209,333
355,333
479,333
0,334
209,334
355,334
479,334
0,335
209,335
356,335
479,335
0,336
208,336
357,336
479,336
0,337
208,337
358,337
479,337
0,338
208,338
359,338
479,338
0,339
207,339
360,339
479,339
0,340
207,340
361,340
479,340
0,341
206,341
362,341
479,341
0,342
206,342
364,342
479,342
0,343
206,343
364,343
479,343
0,344
205,344
365,344
479,344
0,345
205,345
365,345
479,345
0,346
204,346
365,346
479,346
0,347
204,347
365,347
479,347
0,348
203,348
365,348
479,348
0,349
202,349
365,349
479,349
0,350
202,350
365,350
479,350
0,351
202,351
365,351
479,351
0,352
201,352
364,352
479,352
0,353
201,353
364,353
479,353
0,354
200,354
364,354
479,354
0,355
200,355
364,355
479,355
0,356
199,356
362,356
479,356
0,357
199,357
361,357
479,357
0,358
198,358
220,358
221,358
361,358
479,358
0,359
198,359
219,359
223,359
360,359
479,359
