0,0
419,0
426,0
479,0
0,1
419,1
426,1
479,1
0,2
419,2
426,2
479,2
0,3
419,3
425,3
479,3
0,4
420,4
424,4
479,4
0,5
420,5
424,5
479,5
0,6
479,6
0,7
479,7
0,8
359,8
368,8
479,8
0,9
353,9
374,9
479,9
0,10
184,10
188,10
197,10
199,10
351,10
375,10
479,10
0,11
182,11
189,11
194,11
201,11
351,11
377,11
479,11
0,12
182,12
189,12
194,12
201,12
346,12
378,12
479,12
0,13
181,13
189,13
194,13
201,13
344,13
382,13
479,13
0,14
181,14
189,14
193,14
201,14
343,14
382,14
479,14
0,15
182,15
189,15
193,15
200,15
343,15
383,15
479,15
0,16
183,16
187,16
340,16
383,16
479,16
0,17
337,17
384,17
479,17
0,18
332,18
385,18
479,18
0,19
328,19
386,19
479,19
0,20
251,20
253,20
324,20
387,20
387,20
389,20
479,20
0,21
251,21
253,21
321,21
389,21
479,21
0,22
317,22
390,22
479,22
0,23
308,23
311,23
311,23
391,23
479,23
0,24
304,24
393,24
479,24
0,25
242,25
250,25
298,25
396,25
479,25
0,26
242,26
250,26
291,26
396,26
479,26
0,27
242,27
253,27
291,27
397,27
479,27
0,28
240,28
253,28
291,28
398,28
479,28
0,29
240,29
253,29
291,29
399,29
479,29
0,30
240,30
252,30
291,30
399,30
399,30
401,30
479,30
0,31
240,31
252,31
291,31
402,31
479,31
0,32
240,32
251,32
293,32
401,32
479,32
0,33
241,33
251,33
298,33
322,33
328,33
331,33
331,33
402,33
479,33
0,34
242,34
252,34
302,34
316,34
330,34
403,34
479,34
0,35
242,35
252,35
330,35
404,35
461,35
464,35
479,35
0,36
242,36
252,36
331,36
404,36
458,36
464,36
479,36
0,37
242,37
252,37
332,37
405,37
457,37
465,37
479,37
0,38
243,38
250,38
331,38
405,38
457,38
465,38
479,38
0,39
243,39
246,39
247,39
249,39
331,39
406,39
457,39
465,39
479,39
0,40
331,40
406,40
459,40
463,40
479,40
0,41
331,41
407,41
479,41
0,42
331,42
407,42
479,42
0,43
331,43
407,43
479,43
0,44
331,44
408,44
479,44
0,45
331,45
408,45
479,45
0,46
332,46
408,46
479,46
0,47
329,47
408,47
479,47
0,48
331,48
407,48
479,48
0,49
332,49
406,49
479,49
0,50
332,50
406,50
479,50
0,51
331,51
405,51
479,51
0,52
329,52
405,52
479,52
0,53
329,53
392,53
392,53
403,53
479,53
0,54
331,54
391,54
393,54
402,54
479,54
0,55
331,55
390,55
394,55
401,55
402,55
404,55
479,55
0,56
336,56
390,56
479,56
0,57
337,57
389,57
479,57
0,58
337,58
387,58
387,58
389,58
479,58
0,59
338,59
387,59
479,59
0,60
339,60
386,60
479,60
0,61
339,61
385,61
479,61
0,62
339,62
384,62
479,62
0,63
252,63
260,63
342,63
384,63
479,63
0,64
246,64
262,64
343,64
387,64
479,64
0,65
244,65
263,65
343,65
387,65
479,65
0,66
242,66
263,66
345,66
387,66
479,66
0,67
237,67
263,67
346,67
387,67
479,67
0,68
231,68
234,68
238,68
262,68
348,68
387,68
479,68
0,69
231,69
233,69
236,69
262,69
350,69
375,69
375,69
388,69
479,69
0,70
234,70
262,70
352,70
373,70
375,70
387,70
479,70
0,71
233,71
261,71
356,71
358,71
359,71
365,71
367,71
371,71
375,71
386,71
479,71
0,72
213,72
215,72
215,72
225,72
227,72
229,72
231,72
261,72
261,72
263,72
361,72
365,72
375,72
385,72
479,72
0,73
209,73
228,73
230,73
261,73
359,73
362,73
365,73
367,73
375,73
384,73
479,73
0,74
208,74
261,74
375,74
384,74
479,74
0,75
206,75
262,75
375,75
383,75
479,75
0,76
204,76
262,76
375,76
381,76
479,76
0,77
203,77
263,77
479,77
0,78
202,78
263,78
479,78
0,79
201,79
263,79
479,79
0,80
199,80
264,80
479,80
0,81
199,81
264,81
479,81
0,82
196,82
266,82
479,82
0,83
197,83
266,83
479,83
0,84
197,84
267,84
479,84
0,85
196,85
267,85
479,85
0,86
195,86
267,86
284,86
288,86
479,86
0,87
194,87
266,87
283,87
291,87
479,87
0,88
193,88
265,88
283,88
291,88
479,88
0,89
193,89
265,89
282,89
291,89
479,89
0,90
192,90
264,90
282,90
291,90
479,90
0,91
192,91
263,91
283,91
291,91
479,91
0,92
180,92
186,92
191,92
263,92
283,92
290,92
479,92
0,93
179,93
189,93
191,93
263,93
285,93
289,93
479,93
0,94
179,94
262,94
479,94
0,95
179,95
261,95
479,95
0,96
179,96
190,96
190,96
261,96
479,96
0,97
179,97
260,97
479,97
0,98
180,98
259,98
479,98
0,99
181,99
259,99
479,99
0,100
181,100
190,100
190,100
259,100
479,100
0,101
182,101
190,101
190,101
258,101
479,101
0,102
183,102
189,102
190,102
258,102
479,102
0,103
187,103
189,103
190,103
256,103
479,103
0,104
190,104
247,104
247,104
255,104
479,104
0,105
190,105
247,105
248,105
254,105
254,105
256,105
479,105
0,106
191,106
247,106
249,106
252,106
479,106
0,107
191,107
247,107
253,107
256,107
479,107
0,108
192,108
247,108
479,108
0,109
192,109
247,109
479,109
0,110
193,110
248,110
479,110
0,111
193,111
248,111
479,111
0,112
193,112
248,112
479,112
0,113
193,113
196,113
196,113
248,113
479,113
0,114
196,114
248,114
479,114
0,115
197,115
249,115
479,115
0,116
197,116
248,116
479,116
0,117
195,117
197,117
197,117
249,117
479,117
0,118
197,118
250,118
479,118
0,119
197,119
250,119
479,119
0,120
196,120
198,120
198,120
247,120
479,120
0,121
196,121
198,121
198,121
206,121
207,121
244,121
479,121
0,122
196,122
198,122
198,122
206,122
208,122
231,122
233,122
237,122
237,122
243,122
245,122
247,122
479,122
0,123
199,123
201,123
201,123
207,123
209,123
230,123
233,123
237,123
239,123
242,123
244,123
247,123
479,123
0,124
210,124
231,124
233,124
236,124
239,124
242,124
479,124
0,125
208,125
210,125
211,125
236,125
236,125
238,125
479,125
0,126
208,126
237,126
479,126
0,127
207,127
240,127
479,127
0,128
70,128
75,128
205,128
244,128
479,128
0,129
68,129
80,129
204,129
246,129
479,129
0,130
66,130
82,130
203,130
248,130
249,130
252,130
479,130
0,131
65,131
84,131
202,131
248,131
250,131
252,131
479,131
0,132
63,132
85,132
200,132
250,132
479,132
0,133
62,133
85,133
198,133
252,133
479,133
0,134
62,134
86,134
197,134
253,134
479,134
0,135
61,135
87,135
196,135
255,135
479,135
0,136
61,136
87,136
195,136
257,136
258,136
260,136
479,136
0,137
61,137
88,137
194,137
259,137
479,137
0,138
61,138
90,138
193,138
260,138
479,138
0,139
61,139
90,139
192,139
261,139
479,139
0,140
60,140
91,140
192,140
262,140
479,140
0,141
60,141
91,141
191,141
263,141
479,141
0,142
60,142
90,142
190,142
264,142
479,142
0,143
59,143
90,143
190,143
264,143
479,143
0,144
59,144
90,144
189,144
264,144
479,144
0,145
60,145
89,145
188,145
265,145
479,145
0,146
61,146
89,146
187,146
265,146
479,146
0,147
61,147
89,147
187,147
265,147
479,147
0,148
61,148
89,148
186,148
266,148
479,148
0,149
61,149
90,149
185,149
267,149
479,149
0,150
61,150
91,150
185,150
267,150
479,150
0,151
61,151
91,151
185,151
268,151
270,151
272,151
479,151
0,152
61,152
91,152
185,152
267,152
267,152
273,152
479,152
0,153
61,153
91,153
185,153
267,153
267,153
276,153
479,153
0,154
60,154
91,154
185,154
278,154
479,154
0,155
59,155
91,155
185,155
277,155
479,155
0,156
59,156
89,156
185,156
277,156
479,156
0,157
60,157
88,157
186,157
277,157
479,157
0,158
60,158
88,158
186,158
276,158
479,158
0,159
60,159
88,159
186,159
244,159
244,159
275,159
479,159
0,160
59,160
88,160
185,160
244,160
244,160
274,160
479,160
0,161
58,161
89,161
187,161
244,161
244,161
275,161
479,161
0,162
58,162
89,162
187,162
244,162
244,162
276,162
479,162
0,163
57,163
89,163
187,163
244,163
244,163
277,163
479,163
0,164
56,164
89,164
188,164
244,164
244,164
278,164
399,164
402,164
479,164
0,165
56,165
90,165
187,165
244,165
245,165
256,165
258,165
279,165
395,165
404,165
479,165
0,166
56,166
90,166
187,166
245,166
245,166
255,166
255,166
258,166
258,166
280,166
395,166
404,166
479,166
0,167
55,167
90,167
186,167
245,167
245,167
255,167
260,167
281,167
395,167
406,167
479,167
0,168
53,168
90,168
186,168
204,168
204,168
245,168
245,168
254,168
261,168
282,168
396,168
406,168
479,168
0,169
53,169
90,169
186,169
202,169
204,169
245,169
245,169
254,169
262,169
282,169
396,169
406,169
479,169
0,170
53,170
90,170
186,170
202,170
203,170
245,170
245,170
254,170
263,170
283,170
396,170
405,170
479,170
0,171
53,171
90,171
186,171
201,171
201,171
203,171
203,171
245,171
245,171
254,171
264,171
284,171
398,171
404,171
479,171
0,172
52,172
90,172
185,172
201,172
203,172
244,172
246,172
254,172
265,172
286,172
401,172
403,172
479,172
0,173
50,173
91,173
185,173
201,173
203,173
244,173
246,173
254,173
255,173
257,173
266,173
286,173
479,173
0,174
50,174
92,174
184,174
201,174
203,174
244,174
246,174
253,174
255,174
257,174
266,174
286,174
479,174
0,175
50,175
94,175
183,175
200,175
202,175
244,175
246,175
253,175
255,175
257,175
265,175
267,175
267,175
287,175
479,175
0,176
49,176
94,176
183,176
200,176
202,176
244,176
246,176
252,176
265,176
267,176
269,176
294,176
479,176
0,177
49,177
95,177
182,177
199,177
200,177
244,177
246,177
252,177
269,177
289,177
479,177
0,178
46,178
95,178
141,178
143,178
182,178
199,178
201,178
244,178
247,178
252,178
271,178
289,178
289,178
304,178
479,178
0,179
45,179
96,179
181,179
198,179
201,179
244,179
247,179
251,179
272,179
304,179
479,179
0,180
45,180
97,180
134,180
136,180
138,180
142,180
181,180
198,180
200,180
245,180
246,180
251,180
273,180
305,180
479,180
0,181
45,181
97,181
137,181
144,181
180,181
197,181
200,181
245,181
246,181
251,181
274,181
305,181
479,181
0,182
45,182
99,182
136,182
146,182
180,182
197,182
199,182
245,182
246,182
250,182
275,182
305,182
479,182
0,183
45,183
100,183
135,183
148,183
179,183
197,183
198,183
245,183
246,183
252,183
276,183
302,183
303,183
305,183
479,183
0,184
45,184
101,184
135,184
150,184
179,184
198,184
198,184
245,184
246,184
248,184
277,184
300,184
479,184
0,185
46,185
101,185
135,185
152,185
179,185
195,185
198,185
245,185
246,185
248,185
278,185
301,185
479,185
0,186
46,186
101,186
136,186
155,186
178,186
195,186
197,186
245,186
246,186
248,186
280,186
297,186
479,186
0,187
47,187
101,187
137,187
157,187
178,187
194,187
197,187
245,187
246,187
248,187
277,187
299,187
479,187
0,188
48,188
101,188
140,188
159,188
177,188
193,188
197,188
244,188
246,188
248,188
273,188
300,188
479,188
0,189
49,189
101,189
141,189
161,189
177,189
193,189
198,189
244,189
246,189
248,189
270,189
302,189
479,189
0,190
49,190
99,190
145,190
163,190
176,190
192,190
200,190
242,190
246,190
248,190
266,190
303,190
479,190
0,191
50,191
98,191
147,191
165,191
176,191
190,191
204,191
241,191
246,191
248,191
263,191
304,191
479,191
0,192
51,192
97,192
149,192
169,192
175,192
190,192
204,192
241,192
259,192
286,192
287,192
304,192
479,192
0,193
52,193
54,193
55,193
95,193
151,193
170,193
175,193
190,193
204,193
240,193
254,193
287,193
288,193
304,193
479,193
0,194
55,194
94,194
153,194
173,194
174,194
189,194
202,194
240,194
250,194
288,194
289,194
306,194
479,194
0,195
54,195
90,195
152,195
154,195
156,195
189,195
201,195
241,195
247,195
288,195
290,195
307,195
479,195
0,196
54,196
90,196
157,196
189,196
201,196
240,196
242,196
288,196
291,196
308,196
308,196
312,196
479,196
0,197
54,197
90,197
160,197
188,197
200,197
288,197
291,197
311,197
479,197
0,198
53,198
89,198
162,198
188,198
200,198
287,198
290,198
309,198
311,198
315,198
479,198
0,199
52,199
89,199
165,199
189,199
200,199
283,199
290,199
309,199
309,199
315,199
479,199
0,200
53,200
89,200
167,200
191,200
199,200
281,200
281,200
285,200
292,200
316,200
316,200
318,200
479,200
0,201
53,201
90,201
170,201
193,201
199,201
278,201
294,201
318,201
479,201
0,202
53,202
90,202
170,202
196,202
198,202
273,202
292,202
316,202
316,202
321,202
479,202
0,203
53,203
90,203
169,203
268,203
293,203
315,203
316,203
321,203
479,203
0,204
53,204
90,204
168,204
266,204
294,204
323,204
479,204
0,205
53,205
90,205
167,205
258,205
258,205
263,205
294,205
324,205
479,205
0,206
53,206
90,206
164,206
166,206
167,206
255,206
297,206
325,206
479,206
0,207
53,207
90,207
165,207
250,207
295,207
297,207
298,207
326,207
479,207
0,208
55,208
90,208
165,208
247,208
298,208
302,208
302,208
319,208
319,208
326,208
479,208
0,209
54,209
90,209
164,209
184,209
186,209
247,209
302,209
326,209
479,209
0,210
58,210
90,210
141,210
145,210
164,210
183,210
184,210
247,210
302,210
328,210
479,210
0,211
58,211
90,211
139,211
146,211
163,211
248,211
300,211
302,211
302,211
329,211
479,211
0,212
58,212
90,212
138,212
147,212
162,212
248,212
249,212
251,212
303,212
330,212
479,212
0,213
57,213
90,213
138,213
148,213
159,213
161,213
162,213
249,213
304,213
332,213
479,213
0,214
57,214
90,214
139,214
148,214
161,214
249,214
306,214
333,214
479,214
0,215
57,215
90,215
139,215
148,215
158,215
250,215
305,215
333,215
479,215
0,216
57,216
90,216
139,216
148,216
155,216
250,216
307,216
333,216
479,216
0,217
56,217
90,217
136,217
142,217
142,217
148,217
148,217
251,217
307,217
335,217
479,217
0,218
56,218
90,218
136,218
142,218
142,218
251,218
307,218
338,218
479,218
0,219
56,219
90,219
131,219
251,219
308,219
339,219
479,219
0,220
56,220
90,220
126,220
251,220
308,220
340,220
479,220
0,221
56,221
90,221
114,221
116,221
119,221
190,221
191,221
252,221
310,221
342,221
479,221
0,222
56,222
90,222
112,222
185,222
190,222
253,222
313,222
343,222
479,222
0,223
56,223
91,223
111,223
182,223
190,223
254,223
315,223
344,223
479,223
0,224
56,224
91,224
111,224
179,224
190,224
258,224
315,224
346,224
479,224
0,225
56,225
91,225
111,225
178,225
178,225
180,225
190,225
261,225
316,225
347,225
479,225
0,226
56,226
91,226
112,226
163,226
167,226
177,226
190,226
264,226
316,226
348,226
479,226
0,227
55,227
91,227
113,227
158,227
168,227
176,227
189,227
266,227
317,227
350,227
479,227
0,228
55,228
91,228
114,228
151,228
189,228
270,228
317,228
351,228
479,228
0,229
55,229
92,229
115,229
143,229
189,229
273,229
319,229
353,229
479,229
0,230
54,230
92,230
117,230
135,230
189,230
276,230
320,230
354,230
479,230
0,231
54,231
92,231
130,231
134,231
188,231
279,231
320,231
354,231
479,231
0,232
54,232
92,232
130,232
134,232
188,232
282,232
320,232
354,232
479,232
0,233
53,233
93,233
130,233
133,233
134,233
136,233
188,233
285,233
321,233
355,233
479,233
0,234
52,234
93,234
130,234
134,234
187,234
289,234
323,234
357,234
479,234
0,235
52,235
93,235
130,235
134,235
187,235
259,235
260,235
293,235
294,235
296,235
324,235
357,235
479,235
0,236
51,236
94,236
130,236
134,236
142,236
144,236
187,236
260,236
260,236
296,236
326,236
358,236
479,236
0,237
51,237
94,237
131,237
135,237
186,237
261,237
265,237
298,237
299,237
301,237
327,237
363,237
479,237
0,238
51,238
94,238
131,238
134,238
186,238
262,238
268,238
302,238
329,238
364,238
479,238
0,239
51,239
95,239
134,239
136,239
186,239
263,239
271,239
304,239
332,239
365,239
479,239
0,240
51,240
95,240
186,240
264,240
264,240
266,240
276,240
310,240
333,240
366,240
479,240
0,241
51,241
95,241
185,241
265,241
265,241
267,241
276,241
278,241
278,241
312,241
333,241
367,241
479,241
0,242
51,242
84,242
84,242
95,242
185,242
266,242
266,242
268,242
278,242
280,242
280,242
313,242
335,242
368,242
479,242
0,243
53,243
84,243
85,243
94,243
185,243
267,243
279,243
281,243
285,243
313,243
335,243
368,243
475,243
0,244
56,244
85,244
185,244
268,244
269,244
272,244
289,244
313,244
335,244
369,244
475,244
0,245
60,245
85,245
184,245
269,245
292,245
312,245
336,245
370,245
473,245
0,246
59,246
85,246
184,246
270,246
294,246
296,246
296,246
311,246
337,246
371,246
473,246
0,247
54,247
90,247
184,247
272,247
301,247
304,247
304,247
307,247
337,247
374,247
473,247
0,248
41,248
94,248
184,248
273,248
273,248
276,248
338,248
374,248
474,248
0,249
38,249
94,249
183,249
274,249
341,249
374,249
475,249
0,250
19,250
21,250
23,250
95,250
183,250
275,250
341,250
375,250
479,250
0,251
18,251
95,251
183,251
277,251
342,251
376,251
479,251
0,252
16,252
93,252
182,252
278,252
281,252
283,252
343,252
377,252
479,252
0,253
14,253
90,253
182,253
280,253
282,253
285,253
345,253
377,253
479,253
0,254
11,254
88,254
182,254
285,254
348,254
378,254
479,254
0,255
8,255
80,255
80,255
84,255
182,255
286,255
350,255
378,255
479,255
0,256
6,256
73,256
181,256
287,256
293,256
296,256
349,256
381,256
479,256
0,257
4,257
70,257
181,257
292,257
351,257
382,257
479,257
64,258
181,258
295,258
351,258
384,258
479,258
0,259
4,259
57,259
181,259
296,259
355,259
385,259
479,259
0,260
3,260
51,260
180,260
296,260
356,260
386,260
479,260
0,261
4,261
47,261
180,261
296,261
357,261
387,261
479,261
0,262
7,262
41,262
180,262
296,262
357,262
387,262
479,262
0,263
11,263
14,263
179,263
296,263
359,263
388,263
479,263
0,264
179,264
295,264
360,264
390,264
479,264
0,265
179,265
295,265
360,265
391,265
479,265
0,266
179,266
295,266
360,266
391,266
479,266
0,267
179,267
294,267
360,267
393,267
479,267
0,268
178,268
294,268
362,268
394,268
479,268
0,269
178,269
294,269
363,269
399,269
479,269
0,270
178,270
293,270
364,270
400,270
479,270
0,271
177,271
293,271
366,271
400,271
479,271
0,272
177,272
293,272
367,272
402,272
479,272
0,273
177,273
292,273
369,273
403,273
479,273
0,274
177,274
292,274
369,274
371,274
371,274
403,274
479,274
0,275
177,275
291,275
371,275
403,275
479,275
0,276
177,276
290,276
371,276
403,276
479,276
0,277
177,277
290,277
372,277
403,277
479,277
0,278
177,278
289,278
374,278
406,278
479,278
0,279
177,279
288,279
374,279
408,279
479,279
0,280
177,280
287,280
373,280
409,280
479,280
0,281
177,281
286,281
375,281
410,281
479,281
0,282
177,282
285,282
376,282
410,282
479,282
0,283
177,283
285,283
286,283
288,283
377,283
411,283
479,283
0,284
177,284
285,284
378,284
412,284
479,284
0,285
177,285
284,285
378,285
416,285
479,285
0,286
177,286
282,286
380,286
418,286
479,286
0,287
177,287
280,287
282,287
284,287
382,287
419,287
479,287
0,288
177,288
277,288
385,288
420,288
479,288
0,289
175,289
177,289
177,289
276,289
385,289
421,289
479,289
0,290
179,290
275,290
386,290
423,290
479,290
0,291
179,291
275,291
389,291
424,291
479,291
0,292
179,292
272,292
390,292
426,292
479,292
0,293
180,293
272,293
390,293
427,293
479,293
0,294
180,294
270,294
391,294
429,294
479,294
0,295
180,295
267,295
391,295
430,295
479,295
0,296
181,296
264,296
391,296
431,296
479,296
0,297
181,297
263,297
392,297
432,297
479,297
0,298
182,298
260,298
393,298
432,298
479,298
0,299
183,299
256,299
257,299
259,299
395,299
433,299
479,299
0,300
183,300
257,300
257,300
259,300
396,300
434,300
479,300
0,301
183,301
257,301
397,301
435,301
479,301
0,302
183,302
238,302
238,302
258,302
398,302
436,302
479,302
0,303
183,303
238,303
239,303
258,303
399,303
437,303
479,303
0,304
182,304
224,304
224,304
239,304
239,304
258,304
403,304
438,304
479,304
0,305
182,305
224,305
224,305
236,305
240,305
259,305
404,305
440,305
479,305
0,306
181,306
200,306
204,306
224,306
224,306
226,306
240,306
259,306
404,306
442,306
479,306
0,307
181,307
200,307
205,307
211,307
219,307
222,307
240,307
259,307
406,307
442,307
479,307
0,308
181,308
200,308
240,308
260,308
406,308
444,308
479,308
0,309
181,309
200,309
241,309
260,309
407,309
444,309
479,309
0,310
180,310
199,310
241,310
261,310
408,310
445,310
479,310
0,311
180,311
199,311
241,311
261,311
411,311
447,311
479,311
0,312
180,312
199,312
241,312
261,312
412,312
447,312
479,312
0,313
180,313
199,313
241,313
261,313
412,313
448,313
479,313
0,314
180,314
199,314
242,314
261,314
413,314
448,314
479,314
0,315
180,315
199,315
242,315
262,315
414,315
449,315
479,315
0,316
179,316
199,316
242,316
262,316
415,316
450,316
479,316
0,317
179,317
199,317
242,317
262,317
415,317
451,317
479,317
0,318
179,318
198,318
242,318
262,318
415,318
451,318
479,318
0,319
179,319
198,319
242,319
262,319
417,319
452,319
479,319
0,320
179,320
198,320
242,320
262,320
419,320
454,320
479,320
0,321
179,321
198,321
242,321
262,321
422,321
454,321
479,321
0,322
179,322
198,322
242,322
262,322
423,322
456,322
479,322
0,323
179,323
198,323
243,323
263,323
423,323
457,323
479,323
0,324
179,324
198,324
243,324
263,324
423,324
458,324
479,324
0,325
179,325
197,325
244,325
263,325
424,325
459,325
479,325
0,326
179,326
197,326
244,326
263,326
426,326
460,326
479,326
0,327
179,327
197,327
244,327
263,327
427,327
461,327
479,327
0,328
179,328
197,328
244,328
263,328
429,328
461,328
479,328
0,329
179,329
197,329
245,329
263,329
429,329
462,329
479,329
0,330
179,330
197,330
245,330
263,330
430,330
462,330
479,330
0,331
179,331
197,331
245,331
263,331
430,331
463,331
479,331
0,332
179,332
196,332
245,332
263,332
431,332
463,332
479,332
0,333
179,333
196,333
245,333
263,333
431,333
463,333
479,333
0,334
179,334
196,334
245,334
263,334
432,334
463,334
479,334
0,335
179,335
196,335
245,335
263,335
435,335
463,335
479,335
0,336
179,336
196,336
246,336
263,336
438,336
464,336
479,336
0,337
179,337
195,337
246,337
263,337
441,337
464,337
479,337
0,338
179,338
195,338
246,338
263,338
442,338
464,338
479,338
0,339
179,339
195,339
246,339
263,339
445,339
465,339
479,339
0,340
179,340
195,340
247,340
263,340
447,340
465,340
479,340
0,341
179,341
195,341
247,341
263,341
448,341
465,341
479,341
0,342
179,342
195,342
247,342
263,342
449,342
453,342
458,342
464,342
479,342
0,343
180,343
195,343
247,343
263,343
460,343
464,343
479,343
0,344
179,344
195,344
248,344
263,344
479,344
0,345
179,345
194,345
248,345
263,345
479,345
0,346
179,346
194,346
248,346
263,346
479,346
0,347
180,347
194,347
248,347
263,347
479,347
0,348
180,348
194,348
248,348
263,348
479,348
0,349
180,349
194,349
249,349
263,349
479,349
0,350
179,350
193,350
249,350
264,350
479,350
0,351
178,351
193,351
249,351
264,351
479,351
0,352
178,352
194,352
248,352
265,352
479,352
0,353
177,353
195,353
248,353
265,353
479,353
0,354
177,354
194,354
248,354
266,354
479,354
0,355
177,355
194,355
248,355
266,355
479,355
0,356
176,356
194,356
248,356
266,356
479,356
0,357
176,357
194,357
248,357
267,357
479,357
0,358
176,358
194,358
248,358
267,358
479,358
0,359
175,359
194,359
248,359
267,359
479,359
