0,0
350,0
366,0
416,0
425,0
479,0
0,1
348,1
370,1
416,1
425,1
479,1
0,2
346,2
371,2
417,2
425,2
479,2
0,3
342,3
373,3
417,3
425,3
479,3
0,4
340,4
374,4
417,4
425,4
479,4
0,5
339,5
377,5
418,5
424,5
479,5
0,6
338,6
378,6
418,6
424,6
479,6
0,7
336,7
378,7
420,7
422,7
479,7
0,8
335,8
379,8
479,8
0,9
335,9
380,9
479,9
0,10
194,10
196,10
334,10
381,10
479,10
0,11
191,11
198,11
333,11
382,11
479,11
0,12
181,12
187,12
191,12
198,12
332,12
382,12
479,12
0,13
180,13
187,13
191,13
198,13
332,13
385,13
479,13
0,14
180,14
187,14
191,14
198,14
331,14
385,14
479,14
0,15
180,15
187,15
191,15
197,15
331,15
386,15
479,15
0,16
180,16
187,16
330,16
390,16
479,16
0,17
181,17
186,17
329,17
393,17
479,17
0,18
328,18
393,18
479,18
0,19
328,19
394,19
479,19
0,20
324,20
395,20
479,20
0,21
322,21
396,21
479,21
0,22
317,22
396,22
479,22
0,23
311,23
399,23
479,23
0,24
310,24
399,24
479,24
0,25
303,25
399,25
479,25
0,26
300,26
400,26
479,26
0,27
239,27
244,27
298,27
401,27
479,27
0,28
237,28
245,28
298,28
401,28
479,28
0,29
237,29
245,29
298,29
402,29
479,29
0,30
235,30
246,30
298,30
403,30
479,30
0,31
235,31
246,31
298,31
403,31
479,31
0,32
235,32
247,32
301,32
323,32
327,32
403,32
479,32
0,33
235,33
247,33
327,33
404,33
479,33
0,34
236,34
246,34
327,34
404,34
479,34
0,35
236,35
246,35
327,35
405,35
479,35
0,36
236,36
246,36
327,36
405,36
456,36
458,36
459,36
461,36
479,36
0,37
237,37
246,37
327,37
406,37
456,37
462,37
479,37
0,38
237,38
246,38
327,38
406,38
454,38
462,38
479,38
0,39
237,39
246,39
327,39
407,39
454,39
462,39
479,39
0,40
238,40
245,40
327,40
407,40
454,40
462,40
479,40
0,41
327,41
408,41
455,41
461,41
479,41
0,42
327,42
408,42
456,42
460,42
479,42
0,43
328,43
408,43
479,43
0,44
329,44
407,44
479,44
0,45
329,45
407,45
479,45
0,46
329,46
407,46
479,46
0,47
329,47
407,47
479,47
0,48
329,48
406,48
479,48
0,49
329,49
386,49
388,49
405,49
479,49
0,50
330,50
384,50
389,50
405,50
479,50
0,51
329,51
384,51
392,51
404,51
479,51
0,52
327,52
383,52
393,52
403,52
479,52
0,53
327,53
383,53
394,53
403,53
479,53
0,54
326,54
383,54
479,54
0,55
335,55
381,55
479,55
0,56
337,56
382,56
479,56
0,57
338,57
379,57
479,57
0,58
338,58
378,58
479,58
0,59
340,59
377,59
479,59
0,60
340,60
375,60
479,60
0,61
249,61
256,61
343,61
375,61
479,61
0,62
248,62
260,62
345,62
374,62
479,62
0,63
245,63
260,63
346,63
372,63
479,63
0,64
242,64
260,64
351,64
366,64
479,64
0,65
239,65
260,65
353,65
362,65
376,65
379,65
479,65
0,66
238,66
260,66
372,66
381,66
479,66
0,67
236,67
259,67
371,67
382,67
479,67
0,68
229,68
232,68
234,68
259,68
371,68
382,68
479,68
0,69
229,69
231,69
233,69
259,69
259,69
261,69
370,69
382,69
479,69
0,70
232,70
259,70
370,70
382,70
479,70
0,71
230,71
259,71
370,71
383,71
479,71
0,72
212,72
225,72
225,72
227,72
229,72
260,72
370,72
381,72
479,72
0,73
208,73
227,73
228,73
260,73
369,73
381,73
479,73
0,74
206,74
260,74
369,74
381,74
479,74
0,75
204,75
261,75
369,75
379,75
479,75
0,76
203,76
261,76
370,76
378,76
479,76
0,77
202,77
262,77
370,77
377,77
479,77
0,78
200,78
262,78
371,78
374,78
479,78
0,79
199,79
262,79
479,79
0,80
197,80
263,80
479,80
0,81
196,81
264,81
479,81
0,82
196,82
265,82
479,82
0,83
195,83
265,83
479,83
0,84
195,84
265,84
479,84
0,85
194,85
265,85
479,85
0,86
194,86
264,86
281,86
285,86
479,86
0,87
193,87
263,87
280,87
287,87
479,87
0,88
192,88
263,88
279,88
288,88
479,88
0,89
192,89
263,89
279,89
288,89
479,89
0,90
191,90
262,90
279,90
287,90
479,90
0,91
191,91
261,91
279,91
287,91
479,91
0,92
174,92
180,92
190,92
261,92
280,92
287,92
479,92
0,93
174,93
183,93
189,93
260,93
281,93
286,93
479,93
0,94
173,94
184,94
189,94
260,94
479,94
0,95
173,95
184,95
188,95
260,95
479,95
0,96
174,96
185,96
188,96
258,96
258,96
260,96
479,96
0,97
174,97
186,97
188,97
258,97
258,97
260,97
479,97
0,98
174,98
186,98
188,98
258,98
479,98
0,99
174,99
185,99
188,99
257,99
479,99
0,100
174,100
184,100
188,100
257,100
479,100
0,101
176,101
184,101
188,101
256,101
479,101
0,102
177,102
184,102
188,102
256,102
479,102
0,103
181,103
183,103
188,103
245,103
245,103
255,103
479,103
0,104
188,104
245,104
246,104
254,104
479,104
0,105
189,105
245,105
246,105
251,105
479,105
0,106
189,106
245,106
479,106
0,107
189,107
245,107
479,107
0,108
190,108
245,108
479,108
0,109
191,109
245,109
479,109
0,110
191,110
245,110
479,110
0,111
191,111
245,111
479,111
0,112
191,112
246,112
479,112
0,113
192,113
246,113
479,113
0,114
194,114
246,114
479,114
0,115
195,115
246,115
479,115
0,116
195,116
246,116
479,116
0,117
195,117
245,117
479,117
0,118
196,118
246,118
479,118
0,119
196,119
246,119
479,119
0,120
196,120
200,120
200,120
235,120
235,120
244,120
479,120
0,121
196,121
205,121
205,121
235,121
235,121
241,121
479,121
0,122
196,122
201,122
201,122
205,122
205,122
229,122
229,122
234,122
235,122
240,122
242,122
244,122
479,122
0,123
197,123
199,123
202,123
205,123
205,123
229,123
229,123
234,123
236,123
239,123
241,123
244,123
479,123
0,124
207,124
231,124
231,124
234,124
234,124
238,124
479,124
0,125
209,125
237,125
479,125
0,126
206,126
237,126
479,126
0,127
205,127
240,127
479,127
0,128
69,128
75,128
202,128
243,128
479,128
0,129
67,129
80,129
202,129
245,129
479,129
0,130
64,130
82,130
201,130
246,130
479,130
0,131
63,131
84,131
199,131
247,131
479,131
0,132
62,132
85,132
198,132
249,132
479,132
0,133
62,133
85,133
197,133
251,133
479,133
0,134
61,134
86,134
195,134
253,134
479,134
0,135
60,135
86,135
194,135
255,135
479,135
0,136
60,136
87,136
193,136
256,136
479,136
0,137
60,137
88,137
192,137
257,137
479,137
0,138
60,138
89,138
191,138
259,138
479,138
0,139
60,139
90,139
191,139
260,139
479,139
0,140
59,140
90,140
190,140
260,140
479,140
0,141
59,141
90,141
190,141
262,141
479,141
0,142
59,142
90,142
189,142
262,142
479,142
0,143
59,143
90,143
188,143
262,143
479,143
0,144
59,144
89,144
187,144
262,144
479,144
0,145
60,145
89,145
186,145
263,145
479,145
0,146
60,146
88,146
186,146
263,146
479,146
0,147
60,147
88,147
185,147
263,147
479,147
0,148
60,148
89,148
185,148
264,148
479,148
0,149
59,149
90,149
184,149
264,149
479,149
0,150
59,150
90,150
184,150
264,150
479,150
0,151
59,151
91,151
184,151
264,151
265,151
267,151
479,151
0,152
60,152
91,152
184,152
265,152
479,152
0,153
60,153
91,153
184,153
266,153
479,153
0,154
60,154
91,154
184,154
267,154
479,154
0,155
60,155
90,155
184,155
268,155
479,155
0,156
60,156
89,156
185,156
269,156
479,156
0,157
60,157
88,157
185,157
271,157
479,157
0,158
59,158
88,158
185,158
271,158
479,158
0,159
58,159
88,159
185,159
272,159
479,159
0,160
58,160
88,160
186,160
273,160
479,160
0,161
57,161
88,161
186,161
274,161
479,161
0,162
57,162
89,162
186,162
275,162
479,162
0,163
56,163
89,163
186,163
253,163
254,163
276,163
391,163
393,163
393,163
397,163
479,163
0,164
55,164
89,164
186,164
252,164
253,164
255,164
256,164
277,164
390,164
398,164
479,164
0,165
55,165
89,165
186,165
252,165
252,165
254,165
257,165
278,165
389,165
398,165
479,165
0,166
55,166
90,166
185,166
204,166
204,166
252,166
256,166
279,166
390,166
399,166
479,166
0,167
54,167
90,167
185,167
203,167
204,167
251,167
256,167
280,167
390,167
400,167
479,167
0,168
53,168
89,168
185,168
202,168
203,168
250,168
260,168
280,168
390,168
400,168
479,168
0,169
53,169
89,169
185,169
201,169
203,169
250,169
262,169
281,169
391,169
399,169
479,169
0,170
53,170
89,170
184,170
200,170
203,170
250,170
262,170
282,170
392,170
398,170
479,170
0,171
52,171
90,171
184,171
201,171
203,171
244,171
244,171
250,171
263,171
283,171
395,171
397,171
479,171
0,172
52,172
90,172
184,172
200,172
202,172
250,172
264,172
285,172
479,172
0,173
50,173
91,173
183,173
200,173
202,173
244,173
244,173
250,173
251,173
253,173
262,173
264,173
265,173
285,173
479,173
0,174
50,174
92,174
183,174
199,174
202,174
243,174
244,174
249,174
262,174
264,174
266,174
285,174
479,174
0,175
50,175
93,175
183,175
199,175
199,175
201,175
202,175
243,175
244,175
249,175
267,175
286,175
479,175
0,176
49,176
94,176
181,176
199,176
201,176
243,176
244,176
248,176
268,176
287,176
479,176
0,177
49,177
94,177
181,177
198,177
201,177
243,177
244,177
248,177
269,177
288,177
479,177
0,178
46,178
94,178
181,178
198,178
201,178
243,178
245,178
248,178
271,178
288,178
479,178
0,179
45,179
95,179
181,179
198,179
198,179
200,179
201,179
243,179
245,179
247,179
271,179
290,179
479,179
0,180
45,180
96,180
134,180
136,180
137,180
143,180
181,180
197,180
200,180
243,180
273,180
291,180
479,180
0,181
45,181
97,181
137,181
144,181
180,181
196,181
199,181
243,181
274,181
292,181
479,181
0,182
45,182
98,182
136,182
146,182
180,182
196,182
199,182
243,182
275,182
297,182
479,182
0,183
45,183
100,183
135,183
148,183
179,183
196,183
198,183
243,183
277,183
296,183
479,183
0,184
45,184
100,184
135,184
151,184
179,184
195,184
195,184
197,184
198,184
243,184
279,184
300,184
479,184
0,185
46,185
100,185
135,185
153,185
179,185
195,185
197,185
243,185
279,185
300,185
479,185
0,186
46,186
101,186
136,186
155,186
179,186
194,186
194,186
196,186
196,186
244,186
280,186
300,186
479,186
0,187
47,187
101,187
137,187
157,187
179,187
193,187
196,187
244,187
276,187
299,187
479,187
0,188
47,188
101,188
141,188
159,188
179,188
192,188
196,188
243,188
272,188
301,188
479,188
0,189
48,189
101,189
141,189
162,189
178,189
192,189
198,189
241,189
268,189
303,189
479,189
0,190
49,190
99,190
144,190
164,190
178,190
192,190
201,190
240,190
265,190
303,190
479,190
0,191
50,191
98,191
147,191
167,191
177,191
192,191
203,191
240,191
261,191
286,191
286,191
303,191
479,191
0,192
50,192
96,192
150,192
168,192
178,192
190,192
203,192
240,192
257,192
287,192
287,192
305,192
305,192
309,192
479,192
0,193
52,193
54,193
54,193
96,193
151,193
172,193
177,193
190,193
202,193
240,193
253,193
305,193
479,193
0,194
54,194
95,194
153,194
173,194
177,194
190,194
201,194
240,194
248,194
304,194
305,194
310,194
479,194
0,195
54,195
90,195
156,195
176,195
176,195
189,195
200,195
240,195
243,195
304,195
304,195
311,195
312,195
314,195
479,195
0,196
54,196
88,196
158,196
189,196
200,196
288,196
289,196
312,196
312,196
314,196
479,196
0,197
53,197
88,197
160,197
188,197
200,197
289,197
290,197
312,197
312,197
314,197
479,197
0,198
53,198
88,198
163,198
188,198
200,198
286,198
287,198
314,198
314,198
316,198
479,198
0,199
52,199
88,199
165,199
190,199
199,199
283,199
287,199
289,199
289,199
317,199
479,199
0,200
52,200
89,200
168,200
192,200
199,200
279,200
283,200
286,200
290,200
319,200
479,200
0,201
53,201
89,201
170,201
194,201
198,201
276,201
290,201
310,201
310,201
320,201
479,201
0,202
53,202
89,202
173,202
197,202
198,202
271,202
291,202
293,202
293,202
321,202
479,202
0,203
52,203
89,203
173,203
267,203
291,203
293,203
294,203
322,203
479,203
0,204
53,204
89,204
172,204
264,204
293,204
295,204
296,204
323,204
479,204
0,205
53,205
89,205
171,205
259,205
296,205
323,205
479,205
0,206
53,206
89,206
170,206
252,206
297,206
324,206
479,206
0,207
53,207
90,207
167,207
169,207
170,207
248,207
298,207
326,207
479,207
0,208
54,208
90,208
167,208
185,208
185,208
247,208
299,208
319,208
319,208
326,208
479,208
0,209
55,209
57,209
57,209
90,209
140,209
145,209
169,209
184,209
186,209
247,209
299,209
327,209
479,209
0,210
57,210
90,210
138,210
146,210
169,210
247,210
300,210
329,210
479,210
0,211
57,211
90,211
137,211
147,211
165,211
168,211
168,211
248,211
301,211
331,211
479,211
0,212
57,212
90,212
138,212
148,212
168,212
248,212
301,212
332,212
479,212
0,213
56,213
90,213
138,213
148,213
166,213
249,213
302,213
333,213
479,213
0,214
56,214
90,214
138,214
148,214
148,214
151,214
161,214
249,214
304,214
334,214
479,214
0,215
56,215
90,215
138,215
148,215
156,215
249,215
305,215
335,215
479,215
0,216
56,216
90,216
135,216
147,216
150,216
250,216
306,216
335,216
479,216
0,217
56,217
90,217
135,217
143,217
144,217
250,217
306,217
336,217
479,217
0,218
56,218
90,218
135,218
250,218
307,218
337,218
479,218
0,219
56,219
90,219
129,219
251,219
308,219
338,219
479,219
0,220
56,220
90,220
125,220
251,220
308,220
339,220
479,220
0,221
56,221
90,221
113,221
189,221
191,221
252,221
309,221
340,221
479,221
0,222
56,222
90,222
112,222
184,222
190,222
253,222
311,222
342,222
479,222
0,223
56,223
90,223
112,223
181,223
190,223
256,223
313,223
343,223
479,223
0,224
55,224
91,224
111,224
173,224
190,224
259,224
313,224
345,224
479,224
0,225
55,225
91,225
111,225
168,225
190,225
261,225
315,225
345,225
479,225
0,226
55,226
91,226
112,226
160,226
189,226
265,226
316,226
347,226
479,226
0,227
54,227
91,227
113,227
156,227
189,227
267,227
317,227
347,227
479,227
0,228
54,228
91,228
114,228
147,228
189,228
271,228
317,228
349,228
479,228
0,229
54,229
92,229
116,229
139,229
189,229
274,229
319,229
349,229
479,229
0,230
53,230
92,230
119,230
128,230
131,230
134,230
189,230
277,230
319,230
351,230
351,230
353,230
479,230
0,231
53,231
92,231
130,231
134,231
188,231
281,231
319,231
354,231
479,231
0,232
53,232
93,232
130,232
134,232
188,232
284,232
320,232
354,232
479,232
0,233
51,233
93,233
130,233
134,233
187,233
286,233
321,233
355,233
479,233
0,234
51,234
93,234
131,234
134,234
187,234
257,234
258,234
290,234
323,234
356,234
479,234
0,235
50,235
94,235
131,235
135,235
187,235
258,235
258,235
294,235
295,235
297,235
324,235
357,235
479,235
0,236
50,236
94,236
131,236
135,236
187,236
259,236
263,236
297,236
326,236
358,236
479,236
0,237
50,237
94,237
131,237
135,237
187,237
259,237
266,237
299,237
300,237
302,237
327,237
360,237
479,237
0,238
50,238
95,238
131,238
135,238
186,238
260,238
267,238
303,238
329,238
362,238
479,238
0,239
50,239
95,239
186,239
261,239
272,239
305,239
332,239
363,239
479,239
0,240
50,240
95,240
186,240
261,240
276,240
311,240
333,240
364,240
479,240
0,241
50,241
95,241
185,241
262,241
279,241
312,241
333,241
365,241
479,241
0,242
51,242
83,242
85,242
95,242
185,242
263,242
281,242
313,242
335,242
366,242
479,242
0,243
52,243
84,243
86,243
94,243
185,243
265,243
286,243
313,243
335,243
366,243
479,243
0,244
56,244
58,244
58,244
84,244
184,244
265,244
289,244
312,244
335,244
367,244
479,244
0,245
59,245
85,245
184,245
265,245
293,245
311,245
336,245
368,245
472,245
0,246
57,246
88,246
184,246
266,246
297,246
308,246
337,246
370,246
472,246
0,247
53,247
92,247
184,247
266,247
337,247
370,247
471,247
0,248
41,248
94,248
183,248
268,248
268,248
270,248
338,248
371,248
471,248
0,249
38,249
94,249
183,249
269,249
341,249
372,249
471,249
0,250
19,250
21,250
23,250
95,250
183,250
269,250
341,250
372,250
472,250
0,251
18,251
95,251
183,251
271,251
342,251
373,251
472,251
0,252
16,252
93,252
182,252
272,252
343,252
374,252
475,252
0,253
15,253
90,253
182,253
272,253
345,253
375,253
479,253
0,254
11,254
88,254
182,254
272,254
346,254
375,254
479,254
0,255
8,255
80,255
80,255
84,255
181,255
273,255
346,255
376,255
479,255
0,256
4,256
74,256
181,256
275,256
347,256
378,256
479,256
0,257
3,257
70,257
181,257
276,257
348,257
379,257
479,257
67,258
180,258
277,258
278,258
280,258
348,258
381,258
479,258
0,259
1,259
59,259
180,259
278,259
350,259
382,259
479,259
0,260
1,260
51,260
180,260
279,260
354,260
384,260
479,260
0,261
1,261
48,261
179,261
281,261
354,261
384,261
479,261
0,262
3,262
42,262
179,262
283,262
355,262
385,262
479,262
0,263
10,263
32,263
179,263
284,263
356,263
386,263
479,263
0,264
179,264
285,264
357,264
387,264
479,264
0,265
178,265
287,265
358,265
388,265
479,265
0,266
178,266
288,266
358,266
387,266
479,266
0,267
178,267
288,267
358,267
390,267
479,267
0,268
177,268
288,268
358,268
391,268
479,268
0,269
177,269
288,269
360,269
391,269
479,269
0,270
177,270
288,270
361,270
397,270
479,270
0,271
177,271
288,271
363,271
397,271
479,271
0,272
176,272
288,272
364,272
398,272
479,272
0,273
176,273
287,273
364,273
398,273
479,273
0,274
176,274
286,274
366,274
400,274
479,274
0,275
175,275
286,275
286,275
288,275
367,275
369,275
370,275
400,275
479,275
0,276
176,276
285,276
371,276
400,276
479,276
0,277
175,277
284,277
371,277
373,277
373,277
400,277
479,277
0,278
175,278
284,278
373,278
401,278
479,278
0,279
175,279
284,279
373,279
402,279
479,279
0,280
175,280
284,280
373,280
402,280
479,280
0,281
175,281
283,281
373,281
402,281
479,281
0,282
175,282
282,282
374,282
405,282
479,282
0,283
175,283
281,283
375,283
405,283
479,283
0,284
175,284
281,284
375,284
405,284
479,284
0,285
175,285
280,285
376,285
405,285
479,285
0,286
175,286
279,286
377,286
410,286
479,286
0,287
175,287
278,287
379,287
412,287
479,287
0,288
176,288
277,288
381,288
414,288
479,288
0,289
176,289
275,289
382,289
416,289
479,289
0,290
176,290
275,290
383,290
418,290
479,290
0,291
176,291
274,291
385,291
419,291
479,291
0,292
176,292
272,292
386,292
420,292
479,292
0,293
176,293
267,293
387,293
420,293
479,293
0,294
176,294
267,294
387,294
422,294
479,294
0,295
177,295
266,295
388,295
422,295
479,295
0,296
178,296
265,296
389,296
424,296
479,296
0,297
178,297
264,297
390,297
425,297
479,297
0,298
180,298
182,298
182,298
262,298
391,298
427,298
479,298
0,299
183,299
260,299
393,299
427,299
479,299
0,300
183,300
256,300
394,300
429,300
479,300
0,301
183,301
258,301
395,301
430,301
479,301
0,302
183,302
257,302
396,302
430,302
479,302
0,303
183,303
258,303
396,303
430,303
479,303
0,304
182,304
230,304
230,304
258,304
397,304
431,304
479,304
0,305
182,305
217,305
217,305
230,305
232,305
238,305
239,305
258,305
399,305
431,305
479,305
0,306
181,306
204,306
205,306
217,306
217,306
229,306
239,306
259,306
404,306
432,306
479,306
0,307
181,307
202,307
207,307
216,307
240,307
259,307
404,307
432,307
479,307
0,308
181,308
201,308
225,308
227,308
240,308
259,308
406,308
433,308
479,308
0,309
181,309
199,309
240,309
260,309
406,309
434,309
479,309
0,310
180,310
199,310
240,310
260,310
407,310
435,310
479,310
0,311
180,311
199,311
241,311
260,311
407,311
437,311
479,311
0,312
180,312
199,312
241,312
261,312
409,312
440,312
479,312
0,313
180,313
199,313
241,313
261,313
409,313
440,313
479,313
0,314
180,314
199,314
241,314
261,314
409,314
444,314
479,314
0,315
180,315
199,315
242,315
261,315
410,315
445,315
479,315
0,316
179,316
199,316
242,316
261,316
410,316
445,316
479,316
0,317
179,317
199,317
242,317
262,317
412,317
446,317
479,317
0,318
179,318
198,318
242,318
262,318
413,318
446,318
479,318
0,319
179,319
198,319
242,319
262,319
414,319
447,319
479,319
0,320
179,320
198,320
242,320
262,320
416,320
448,320
479,320
0,321
179,321
198,321
242,321
262,321
417,321
448,321
479,321
0,322
179,322
198,322
242,322
262,322
418,322
448,322
479,322
0,323
179,323
198,323
242,323
262,323
419,323
448,323
479,323
0,324
179,324
198,324
242,324
262,324
420,324
448,324
479,324
0,325
179,325
197,325
243,325
263,325
422,325
448,325
479,325
0,326
179,326
197,326
243,326
263,326
423,326
448,326
449,326
451,326
479,326
0,327
179,327
197,327
244,327
263,327
424,327
453,327
479,327
0,328
179,328
197,328
244,328
263,328
424,328
452,328
452,328
454,328
479,328
0,329
179,329
197,329
244,329
263,329
425,329
454,329
479,329
0,330
179,330
197,330
244,330
263,330
426,330
455,330
479,330
0,331
179,331
196,331
245,331
263,331
428,331
456,331
479,331
0,332
179,332
196,332
245,332
263,332
428,332
457,332
479,332
0,333
179,333
196,333
245,333
263,333
429,333
457,333
479,333
0,334
179,334
196,334
245,334
263,334
433,334
458,334
479,334
0,335
179,335
196,335
245,335
263,335
436,335
460,335
479,335
0,336
179,336
196,336
246,336
263,336
438,336
460,336
479,336
0,337
179,337
195,337
246,337
263,337
439,337
460,337
479,337
0,338
179,338
195,338
246,338
263,338
442,338
460,338
479,338
0,339
179,339
195,339
246,339
263,339
445,339
453,339
455,339
458,339
479,339
0,340
179,340
195,340
246,340
263,340
479,340
0,341
179,341
195,341
247,341
263,341
479,341
0,342
179,342
195,342
247,342
263,342
479,342
0,343
179,343
195,343
247,343
263,343
479,343
0,344
179,344
195,344
247,344
263,344
479,344
0,345
179,345
194,345
247,345
263,345
479,345
0,346
179,346
194,346
248,346
263,346
479,346
0,347
180,347
194,347
248,347
263,347
479,347
0,348
180,348
194,348
248,348
263,348
479,348
0,349
180,349
193,349
248,349
263,349
479,349
0,350
179,350
193,350
249,350
263,350
479,350
0,351
178,351
193,351
249,351
264,351
479,351
0,352
178,352
194,352
248,352
265,352
479,352
0,353
177,353
195,353
248,353
265,353
479,353
0,354
177,354
194,354
248,354
266,354
479,354
0,355
177,355
194,355
248,355
266,355
479,355
0,356
176,356
194,356
248,356
266,356
479,356
0,357
176,357
194,357
248,357
266,357
479,357
0,358
176,358
194,358
248,358
267,358
479,358
0,359
175,359
194,359
248,359
267,359
479,359
