0,0
317,0
378,0
417,0
419,0
479,0
0,1
317,1
378,1
416,1
421,1
479,1
0,2
316,2
379,2
415,2
422,2
479,2
0,3
316,3
379,3
414,3
422,3
479,3
0,4
316,4
380,4
414,4
422,4
479,4
0,5
315,5
381,5
414,5
422,5
479,5
0,6
315,6
381,6
414,6
422,6
479,6
0,7
315,7
382,7
415,7
422,7
479,7
0,8
315,8
382,8
416,8
422,8
479,8
0,9
315,9
382,9
416,9
421,9
479,9
0,10
315,10
382,10
417,10
419,10
479,10
0,11
184,11
190,11
315,11
382,11
479,11
0,12
184,12
191,12
315,12
382,12
479,12
0,13
183,13
191,13
315,13
382,13
479,13
0,14
179,14
183,14
183,14
191,14
315,14
382,14
479,14
0,15
177,15
190,15
315,15
383,15
479,15
0,16
177,16
184,16
315,16
387,16
479,16
0,17
176,17
184,17
315,17
391,17
479,17
0,18
176,18
184,18
315,18
394,18
479,18
0,19
177,19
184,19
315,19
396,19
479,19
0,20
177,20
183,20
315,20
397,20
479,20
0,21
316,21
399,21
479,21
0,22
316,22
400,22
479,22
0,23
316,23
402,23
479,23
0,24
316,24
402,24
479,24
0,25
317,25
402,25
479,25
0,26
317,26
404,26
479,26
0,27
318,27
404,27
479,27
0,28
318,28
405,28
479,28
0,29
319,29
405,29
479,29
0,30
320,30
406,30
479,30
0,31
321,31
406,31
479,31
0,32
227,32
234,32
321,32
406,32
479,32
0,33
227,33
235,33
321,33
406,33
479,33
0,34
225,34
236,34
322,34
406,34
479,34
0,35
225,35
236,35
323,35
406,35
479,35
0,36
225,36
236,36
323,36
406,36
479,36
0,37
225,37
236,37
326,37
406,37
479,37
0,38
225,38
236,38
327,38
404,38
479,38
0,39
226,39
236,39
327,39
404,39
449,39
453,39
453,39
455,39
479,39
0,40
226,40
236,40
328,40
404,40
448,40
456,40
479,40
0,41
227,41
236,41
329,41
403,41
447,41
456,41
479,41
0,42
227,42
236,42
330,42
402,42
447,42
456,42
479,42
0,43
227,43
236,43
333,43
402,43
448,43
456,43
479,43
0,44
228,44
236,44
334,44
398,44
449,44
455,44
479,44
0,45
228,45
235,45
337,45
398,45
479,45
0,46
340,46
343,46
344,46
393,46
479,46
0,47
355,47
389,47
390,47
392,47
479,47
0,48
356,48
382,48
479,48
0,49
359,49
379,49
479,49
0,50
360,50
380,50
479,50
0,51
362,51
375,51
479,51
0,52
365,52
371,52
479,52
0,53
323,53
330,53
479,53
0,54
323,54
330,54
479,54
0,55
323,55
329,55
479,55
0,56
323,56
329,56
479,56
0,57
323,57
328,57
479,57
0,58
479,58
0,59
479,59
0,60
246,60
255,60
479,60
0,61
243,61
256,61
479,61
0,62
240,62
256,62
479,62
0,63
239,63
256,63
479,63
0,64
236,64
256,64
479,64
0,65
235,65
256,65
479,65
0,66
233,66
256,66
479,66
0,67
231,67
256,67
479,67
0,68
230,68
256,68
362,68
370,68
479,68
0,69
229,69
256,69
361,69
370,69
479,69
0,70
212,70
216,70
227,70
256,70
360,70
371,70
479,70
0,71
208,71
219,71
226,71
256,71
360,71
371,71
479,71
0,72
205,72
223,72
225,72
257,72
359,72
371,72
417,72
422,72
479,72
0,73
203,73
257,73
360,73
371,73
417,73
422,73
479,73
0,74
201,74
258,74
359,74
370,74
417,74
422,74
479,74
0,75
199,75
258,75
359,75
370,75
479,75
0,76
198,76
259,76
358,76
370,76
479,76
0,77
197,77
259,77
358,77
368,77
479,77
0,78
196,78
259,78
359,78
368,78
479,78
0,79
194,79
260,79
359,79
367,79
479,79
0,80
194,80
260,80
361,80
365,80
479,80
0,81
193,81
261,81
479,81
0,82
193,82
261,82
479,82
0,83
192,83
260,83
479,83
0,84
191,84
260,84
479,84
0,85
191,85
260,85
479,85
0,86
190,86
260,86
274,86
279,86
479,86
0,87
190,87
259,87
273,87
280,87
479,87
0,88
190,88
259,88
272,88
280,88
479,88
0,89
188,89
258,89
272,89
280,89
479,89
0,90
188,90
257,90
272,90
280,90
479,90
0,91
187,91
257,91
272,91
280,91
479,91
0,92
167,92
169,92
187,92
256,92
273,92
279,92
479,92
0,93
162,93
164,93
166,93
170,93
186,93
256,93
274,93
278,93
479,93
0,94
162,94
164,94
164,94
172,94
186,94
256,94
479,94
0,95
163,95
173,95
186,95
255,95
479,95
0,96
163,96
173,96
185,96
255,96
479,96
0,97
163,97
174,97
185,97
255,97
479,97
0,98
163,98
175,98
185,98
254,98
479,98
0,99
163,99
175,99
185,99
254,99
479,99
0,100
163,100
175,100
185,100
253,100
479,100
0,101
164,101
175,101
185,101
252,101
479,101
0,102
165,102
174,102
185,102
242,102
242,102
251,102
479,102
0,103
166,103
173,103
185,103
242,103
243,103
250,103
479,103
0,104
186,104
242,104
479,104
0,105
186,105
242,105
479,105
0,106
186,106
242,106
479,106
0,107
186,107
242,107
479,107
0,108
187,108
242,108
479,108
0,109
187,109
242,109
479,109
0,110
188,110
242,110
479,110
0,111
188,111
242,111
479,111
0,112
189,112
242,112
479,112
0,113
189,113
242,113
479,113
0,114
189,114
242,114
479,114
0,115
190,115
242,115
479,115
0,116
190,116
242,116
479,116
0,117
190,117
241,117
479,117
0,118
191,118
241,118
479,118
0,119
192,119
237,119
237,119
241,119
479,119
0,120
194,120
224,120
224,120
231,120
231,120
238,120
238,120
241,120
479,120
0,121
194,121
198,121
198,121
224,121
224,121
231,121
232,121
236,121
238,121
241,121
479,121
0,122
195,122
198,122
199,122
201,122
201,122
205,122
205,122
224,122
225,122
230,122
231,122
235,122
479,122
0,123
195,123
197,123
198,123
200,123
206,123
230,123
232,123
235,123
235,123
237,123
479,123
0,124
195,124
197,124
198,124
200,124
206,124
233,124
253,124
256,124
479,124
0,125
204,125
237,125
479,125
0,126
202,126
238,126
241,126
243,126
249,126
254,126
479,126
0,127
68,127
75,127
198,127
240,127
248,127
256,127
479,127
0,128
67,128
75,128
75,128
78,128
198,128
242,128
247,128
259,128
479,128
0,129
64,129
81,129
198,129
244,129
247,129
259,129
479,129
0,130
63,130
82,130
197,130
245,130
245,130
260,130
479,130
0,131
62,131
83,131
195,131
260,131
479,131
0,132
61,132
84,132
194,132
261,132
262,132
264,132
479,132
0,133
60,133
85,133
193,133
261,133
262,133
264,133
479,133
0,134
60,134
85,134
191,134
262,134
479,134
0,135
59,135
85,135
191,135
263,135
479,135
0,136
59,136
86,136
190,136
263,136
479,136
0,137
59,137
88,137
189,137
264,137
479,137
0,138
59,138
89,138
188,138
264,138
479,138
0,139
59,139
89,139
187,139
265,139
265,139
267,139
479,139
0,140
58,140
89,140
186,140
266,140
479,140
0,141
58,141
89,141
185,141
267,141
479,141
0,142
58,142
89,142
184,142
267,142
479,142
0,143
58,143
89,143
183,143
260,143
260,143
269,143
479,143
0,144
58,144
88,144
182,144
269,144
479,144
0,145
59,145
87,145
182,145
270,145
479,145
0,146
59,146
87,146
181,146
262,146
262,146
271,146
479,146
0,147
59,147
87,147
181,147
262,147
263,147
271,147
479,147
0,148
58,148
88,148
181,148
263,148
263,148
272,148
479,148
0,149
58,149
89,149
180,149
272,149
479,149
0,150
58,150
89,150
180,150
274,150
479,150
0,151
58,151
89,151
180,151
274,151
479,151
0,152
59,152
89,152
180,152
275,152
479,152
0,153
59,153
89,153
180,153
276,153
479,153
0,154
59,154
89,154
180,154
276,154
479,154
0,155
59,155
89,155
180,155
277,155
479,155
0,156
59,156
86,156
179,156
278,156
479,156
0,157
58,157
87,157
180,157
242,157
242,157
280,157
479,157
0,158
57,158
87,158
180,158
242,158
245,158
280,158
479,158
0,159
57,159
87,159
179,159
242,159
246,159
248,159
248,159
280,159
479,159
0,160
56,160
87,160
179,160
242,160
246,160
249,160
253,160
281,160
479,160
0,161
56,161
87,161
178,161
242,161
252,161
282,161
479,161
0,162
55,162
87,162
178,162
242,162
248,162
283,162
381,162
387,162
479,162
0,163
54,163
88,163
177,163
242,163
248,163
283,163
378,163
387,163
479,163
0,164
54,164
88,164
177,164
201,164
201,164
242,164
247,164
284,164
378,164
389,164
479,164
0,165
54,165
88,165
177,165
196,165
199,165
201,165
201,165
242,165
247,165
260,165
261,165
285,165
379,165
390,165
479,165
0,166
53,166
88,166
177,166
194,166
199,166
201,166
201,166
242,166
247,166
261,166
262,166
286,166
379,166
390,166
479,166
0,167
53,167
88,167
176,167
194,167
195,167
197,167
198,167
201,167
201,167
242,167
247,167
258,167
258,167
260,167
264,167
287,167
381,167
388,167
479,167
0,168
53,168
88,168
176,168
193,168
199,168
201,168
202,168
241,168
246,168
256,168
265,168
289,168
381,168
387,168
479,168
0,169
53,169
88,169
176,169
193,169
199,169
201,169
202,169
241,169
246,169
256,169
266,169
291,169
384,169
386,169
479,169
0,170
53,170
88,170
176,170
194,170
199,170
201,170
202,170
241,170
245,170
256,170
268,170
292,170
479,170
0,171
52,171
88,171
177,171
194,171
199,171
201,171
202,171
241,171
244,171
255,171
269,171
293,171
479,171
0,172
52,172
89,172
177,172
193,172
199,172
201,172
202,172
241,172
245,172
256,172
270,172
272,172
272,172
293,172
479,172
0,173
50,173
90,173
178,173
194,173
199,173
201,173
201,173
241,173
245,173
254,173
273,173
296,173
479,173
0,174
50,174
92,174
179,174
194,174
201,174
241,174
245,174
252,174
275,174
296,174
479,174
0,175
49,175
93,175
179,175
195,175
200,175
241,175
245,175
251,175
275,175
298,175
479,175
0,176
49,176
93,176
179,176
194,176
194,176
196,176
200,176
242,176
245,176
248,176
278,176
298,176
479,176
0,177
49,177
93,177
179,177
195,177
199,177
242,177
279,177
298,177
479,177
0,178
49,178
93,178
137,178
140,178
180,178
195,178
199,178
243,178
280,178
299,178
479,178
0,179
46,179
94,179
136,179
142,179
180,179
195,179
199,179
243,179
282,179
300,179
479,179
0,180
45,180
95,180
135,180
144,180
180,180
196,180
199,180
242,180
279,180
281,180
281,180
301,180
301,180
303,180
479,180
0,181
45,181
96,181
135,181
146,181
180,181
195,181
198,181
242,181
279,181
281,181
281,181
301,181
301,181
304,181
479,181
0,182
45,182
97,182
134,182
148,182
181,182
195,182
197,182
243,182
282,182
303,182
479,182
0,183
45,183
98,183
134,183
150,183
182,183
195,183
197,183
243,183
284,183
306,183
307,183
309,183
479,183
0,184
45,184
99,184
135,184
152,184
183,184
195,184
196,184
242,184
281,184
285,184
285,184
307,184
307,184
309,184
479,184
0,185
46,185
99,185
135,185
155,185
183,185
195,185
196,185
243,185
278,185
307,185
307,185
309,185
479,185
0,186
46,186
99,186
137,186
157,186
183,186
196,186
196,186
242,186
273,186
309,186
479,186
0,187
47,187
99,187
140,187
159,187
183,187
196,187
196,187
242,187
270,187
312,187
479,187
0,188
47,188
99,188
141,188
161,188
184,188
196,188
197,188
240,188
266,188
288,188
289,188
312,188
479,188
0,189
48,189
99,189
145,189
163,189
184,189
196,189
200,189
239,189
263,189
289,189
289,189
314,189
479,189
0,190
49,190
98,190
147,190
165,190
184,190
196,190
202,190
239,190
259,190
288,190
288,190
314,190
479,190
0,191
50,191
97,191
149,191
169,191
184,191
196,191
202,191
239,191
254,191
315,191
479,191
0,192
49,192
95,192
151,192
171,192
178,192
197,192
202,192
239,192
249,192
304,192
304,192
314,192
479,192
0,193
51,193
95,193
153,193
173,193
179,193
197,193
200,193
239,193
240,193
242,193
247,193
290,193
290,193
314,193
479,193
0,194
53,194
93,194
152,194
154,194
156,194
176,194
178,194
198,194
199,194
240,194
240,194
290,194
291,194
314,194
479,194
0,195
52,195
88,195
157,195
178,195
178,195
199,195
199,195
292,195
292,195
315,195
479,195
0,196
52,196
86,196
160,196
288,196
295,196
317,196
479,196
0,197
52,197
87,197
162,197
199,197
199,197
285,197
293,197
318,197
479,197
0,198
51,198
87,198
165,198
199,198
199,198
281,198
295,198
319,198
479,198
0,199
51,199
87,199
167,199
276,199
296,199
319,199
479,199
0,200
51,200
87,200
169,200
274,200
296,200
319,200
479,200
0,201
51,201
88,201
173,201
268,201
296,201
319,201
479,201
0,202
51,202
88,202
174,202
266,202
296,202
320,202
479,202
0,203
51,203
88,203
175,203
262,203
297,203
322,203
479,203
0,204
51,204
88,204
175,204
256,204
297,204
322,204
479,204
0,205
51,205
88,205
175,205
249,205
298,205
322,205
479,205
0,206
52,206
88,206
175,206
246,206
299,206
323,206
479,206
0,207
52,207
88,207
138,207
144,207
175,207
245,207
300,207
324,207
479,207
0,208
54,208
89,208
136,208
145,208
175,208
246,208
301,208
319,208
319,208
326,208
479,208
0,209
53,209
89,209
135,209
145,209
176,209
246,209
302,209
327,209
479,209
0,210
55,210
89,210
136,210
146,210
173,210
247,210
247,210
249,210
304,210
330,210
479,210
0,211
55,211
89,211
136,211
146,211
169,211
247,211
304,211
330,211
479,211
0,212
55,212
89,212
137,212
146,212
165,212
248,212
304,212
332,212
479,212
0,213
55,213
89,213
135,213
137,213
137,213
147,213
147,213
149,213
158,213
248,213
304,213
332,213
479,213
0,214
54,214
89,214
135,214
141,214
153,214
248,214
305,214
333,214
479,214
0,215
54,215
89,215
135,215
140,215
147,215
249,215
306,215
333,215
479,215
0,216
54,216
89,216
136,216
143,216
143,216
249,216
308,216
333,216
479,216
0,217
54,217
89,217
132,217
134,217
134,217
249,217
308,217
334,217
479,217
0,218
54,218
89,218
127,218
250,218
309,218
335,218
479,218
0,219
54,219
89,219
120,219
190,219
190,219
250,219
251,219
253,219
309,219
336,219
479,219
0,220
54,220
90,220
112,220
187,220
190,220
251,220
310,220
326,220
327,220
336,220
479,220
0,221
54,221
90,221
112,221
182,221
190,221
254,221
310,221
337,221
479,221
0,222
54,222
90,222
112,222
176,222
190,222
256,222
311,222
338,222
479,222
0,223
54,223
90,223
112,223
171,223
189,223
259,223
312,223
339,223
479,223
0,224
53,224
90,224
112,224
165,224
189,224
261,224
313,224
340,224
479,224
0,225
53,225
91,225
113,225
159,225
189,225
265,225
313,225
341,225
479,225
0,226
53,226
91,226
114,226
152,226
189,226
268,226
314,226
342,226
479,226
0,227
52,227
91,227
116,227
144,227
189,227
271,227
316,227
343,227
479,227
0,228
52,228
91,228
118,228
135,228
189,228
274,228
317,228
344,228
479,228
0,229
52,229
92,229
131,229
134,229
188,229
276,229
317,229
344,229
479,229
0,230
51,230
92,230
130,230
134,230
188,230
280,230
317,230
346,230
479,230
0,231
51,231
92,231
131,231
134,231
188,231
283,231
318,231
346,231
479,231
0,232
50,232
93,232
131,232
135,232
188,232
286,232
318,232
346,232
479,232
0,233
49,233
93,233
131,233
135,233
187,233
256,233
256,233
289,233
293,233
295,233
319,233
347,233
479,233
0,234
49,234
94,234
131,234
135,234
187,234
256,234
260,234
294,234
320,234
350,234
479,234
0,235
49,235
94,235
131,235
135,235
187,235
257,235
263,235
297,235
321,235
350,235
479,235
0,236
48,236
94,236
132,236
135,236
187,236
258,236
265,236
300,236
321,236
351,236
479,236
0,237
48,237
95,237
186,237
259,237
269,237
303,237
321,237
353,237
479,237
0,238
48,238
95,238
186,238
260,238
271,238
308,238
322,238
354,238
479,238
0,239
48,239
95,239
186,239
260,239
261,239
263,239
275,239
310,239
324,239
354,239
479,239
0,240
48,240
95,240
186,240
260,240
261,240
263,240
278,240
312,240
324,240
355,240
479,240
0,241
48,241
83,241
85,241
95,241
185,241
260,241
282,241
312,241
325,241
355,241
479,241
0,242
50,242
83,242
85,242
95,242
185,242
261,242
285,242
312,242
325,242
355,242
479,242
0,243
53,243
83,243
87,243
90,243
185,243
261,243
289,243
311,243
326,243
353,243
353,243
355,243
479,243
0,244
56,244
84,244
184,244
262,244
293,244
310,244
327,244
355,244
479,244
0,245
56,245
85,245
184,245
262,245
297,245
300,245
303,245
307,245
328,245
360,245
479,245
0,246
56,246
70,246
71,246
86,246
184,246
263,246
273,246
275,246
330,246
362,246
479,246
0,247
51,247
93,247
183,247
264,247
331,247
333,247
333,247
363,247
479,247
0,248
42,248
93,248
183,248
264,248
333,248
364,248
466,248
0,249
38,249
94,249
183,249
265,249
333,249
365,249
466,249
474,249
479,249
0,250
23,250
94,250
183,250
265,250
333,250
367,250
465,250
474,250
474,250
0,251
18,251
94,251
182,251
266,251
335,251
367,251
465,251
0,252
16,252
93,252
182,252
266,252
335,252
367,252
465,252
475,252
479,252
0,253
15,253
90,253
182,253
266,253
336,253
367,253
465,253
475,253
479,253
0,254
11,254
88,254
182,254
266,254
293,254
295,254
336,254
367,254
465,254
475,254
479,254
0,255
6,255
84,255
181,255
266,255
337,255
368,255
468,255
473,255
479,255
0,256
3,256
74,256
179,256
181,256
181,256
267,256
337,256
369,256
479,256
0,257
0,257
70,257
180,257
268,257
337,257
370,257
479,257
66,258
180,258
268,258
340,258
372,258
479,258
60,259
180,259
268,259
339,259
373,259
479,259
52,260
179,260
269,260
340,260
374,260
479,260
48,261
179,261
269,261
342,261
374,261
479,261
42,262
179,262
269,262
343,262
376,262
479,262
0,263
3,263
34,263
178,263
269,263
343,263
352,263
352,263
377,263
479,263
0,264
178,264
269,264
343,264
378,264
479,264
0,265
178,265
270,265
343,265
379,265
479,265
0,266
177,266
271,266
343,266
380,266
479,266
0,267
177,267
271,267
344,267
381,267
479,267
0,268
177,268
271,268
344,268
381,268
479,268
0,269
176,269
272,269
345,269
383,269
479,269
0,270
176,270
272,270
346,270
384,270
479,270
0,271
175,271
272,271
348,271
384,271
479,271
0,272
175,272
272,272
348,272
385,272
479,272
0,273
174,273
272,273
349,273
386,273
479,273
0,274
174,274
272,274
350,274
387,274
479,274
0,275
174,275
272,275
353,275
388,275
479,275
0,276
174,276
273,276
355,276
389,276
479,276
0,277
173,277
273,277
355,277
357,277
357,277
390,277
479,277
0,278
173,278
273,278
357,278
391,278
479,278
0,279
173,279
272,279
357,279
392,279
479,279
0,280
172,280
272,280
357,280
393,280
479,280
0,281
172,281
271,281
357,281
394,281
479,281
0,282
172,282
270,282
357,282
396,282
479,282
0,283
172,283
270,283
357,283
396,283
479,283
0,284
172,284
268,284
358,284
397,284
479,284
0,285
172,285
268,285
358,285
398,285
398,285
400,285
479,285
0,286
172,286
268,286
359,286
400,286
479,286
0,287
173,287
267,287
360,287
402,287
479,287
0,288
172,288
269,288
360,288
402,288
479,288
0,289
172,289
266,289
361,289
402,289
479,289
0,290
172,290
265,290
362,290
402,290
479,290
0,291
172,291
264,291
364,291
405,291
479,291
0,292
171,292
265,292
365,292
406,292
479,292
0,293
172,293
261,293
365,293
407,293
479,293
0,294
174,294
260,294
366,294
411,294
479,294
0,295
176,295
259,295
368,295
412,295
479,295
0,296
176,296
258,296
368,296
412,296
479,296
0,297
177,297
255,297
368,297
413,297
479,297
0,298
180,298
255,298
369,298
415,298
479,298
0,299
182,299
255,299
369,299
415,299
479,299
0,300
183,300
256,300
370,300
416,300
479,300
0,301
183,301
256,301
371,301
417,301
479,301
0,302
183,302
256,302
371,302
418,302
479,302
0,303
182,303
233,303
234,303
256,303
371,303
419,303
479,303
0,304
182,304
206,304
206,304
218,304
219,304
232,304
237,304
257,304
372,304
421,304
479,304
0,305
181,305
206,305
207,305
218,305
219,305
229,305
239,305
258,305
373,305
422,305
479,305
0,306
181,306
200,306
211,306
217,306
239,306
258,306
373,306
377,306
377,306
424,306
479,306
0,307
181,307
200,307
239,307
258,307
378,307
424,307
479,307
0,308
180,308
199,308
239,308
259,308
378,308
424,308
479,308
0,309
180,309
199,309
239,309
259,309
379,309
425,309
479,309
0,310
180,310
199,310
239,310
259,310
380,310
427,310
479,310
0,311
180,311
199,311
240,311
260,311
381,311
429,311
479,311
0,312
180,312
199,312
240,312
260,312
381,312
431,312
479,312
0,313
180,313
199,313
240,313
260,313
381,313
432,313
479,313
0,314
179,314
199,314
240,314
260,314
382,314
434,314
479,314
0,315
179,315
199,315
241,315
261,315
383,315
435,315
479,315
0,316
179,316
199,316
241,316
261,316
383,316
435,316
479,316
0,317
179,317
198,317
241,317
261,317
384,317
435,317
479,317
0,318
179,318
198,318
241,318
261,318
385,318
436,318
479,318
0,319
179,319
198,319
241,319
261,319
385,319
436,319
479,319
0,320
179,320
198,320
241,320
261,320
385,320
438,320
479,320
0,321
179,321
198,321
241,321
261,321
385,321
438,321
479,321
0,322
179,322
198,322
242,322
262,322
386,322
439,322
479,322
0,323
179,323
198,323
242,323
262,323
387,323
439,323
479,323
0,324
179,324
197,324
241,324
262,324
388,324
440,324
479,324
0,325
179,325
197,325
242,325
262,325
388,325
440,325
479,325
0,326
179,326
197,326
243,326
262,326
390,326
442,326
479,326
0,327
179,327
197,327
243,327
262,327
391,327
442,327
479,327
0,328
179,328
197,328
243,328
262,328
393,328
446,328
479,328
0,329
179,329
197,329
243,329
262,329
394,329
447,329
479,329
0,330
179,330
196,330
244,330
262,330
394,330
448,330
479,330
0,331
179,331
196,331
244,331
262,331
394,331
448,331
479,331
0,332
179,332
196,332
244,332
262,332
396,332
449,332
479,332
0,333
179,333
196,333
244,333
262,333
397,333
450,333
479,333
0,334
179,334
196,334
244,334
262,334
397,334
450,334
479,334
0,335
179,335
196,335
245,335
262,335
398,335
450,335
479,335
0,336
179,336
195,336
245,336
262,336
399,336
451,336
479,336
0,337
179,337
195,337
245,337
262,337
400,337
451,337
479,337
0,338
179,338
195,338
245,338
262,338
400,338
451,338
479,338
0,339
179,339
195,339
246,339
262,339
401,339
445,339
447,339
451,339
479,339
0,340
179,340
195,340
246,340
262,340
402,340
441,340
479,340
0,341
179,341
195,341
246,341
262,341
403,341
406,341
406,341
439,341
479,341
0,342
179,342
195,342
246,342
262,342
407,342
415,342
415,342
434,342
479,342
0,343
179,343
195,343
247,343
262,343
410,343
414,343
414,343
433,343
479,343
0,344
179,344
195,344
247,344
262,344
415,344
431,344
479,344
0,345
179,345
194,345
247,345
262,345
415,345
426,345
426,345
430,345
479,345
0,346
179,346
194,346
247,346
262,346
418,346
420,346
479,346
0,347
180,347
194,347
248,347
262,347
479,347
0,348
180,348
194,348
248,348
262,348
479,348
0,349
180,349
193,349
248,349
262,349
479,349
0,350
179,350
193,350
248,350
263,350
479,350
0,351
178,351
193,351
249,351
264,351
479,351
0,352
178,352
194,352
248,352
265,352
479,352
0,353
177,353
195,353
247,353
265,353
479,353
0,354
177,354
194,354
247,354
265,354
479,354
0,355
177,355
194,355
247,355
265,355
479,355
0,356
176,356
194,356
247,356
266,356
479,356
0,357
176,357
194,357
247,357
266,357
479,357
0,358
176,358
194,358
247,358
266,358
479,358
0,359
175,359
194,359
247,359
267,359
479,359
