0,0
84,0
87,0
115,0
318,0
335,0
348,0
360,0
365,0
365,0
380,0
380,0
390,0
390,0
413,0
416,0
436,0
479,0
0,1
84,1
87,1
115,1
317,1
317,1
320,1
335,1
346,1
355,1
357,1
359,1
363,1
363,1
365,1
366,1
380,1
380,1
390,1
390,1
412,1
415,1
435,1
479,1
0,2
114,2
321,2
330,2
332,2
335,2
345,2
357,2
361,2
363,2
380,2
380,2
390,2
390,2
394,2
394,2
411,2
413,2
435,2
479,2
0,3
113,3
319,3
330,3
345,3
346,3
348,3
355,3
362,3
362,3
367,3
367,3
379,3
380,3
390,3
390,3
392,3
392,3
394,3
394,3
410,3
413,3
436,3
479,3
0,4
112,4
319,4
327,4
329,4
329,4
344,4
351,4
362,4
364,4
367,4
367,4
379,4
381,4
391,4
392,4
410,4
413,4
435,4
479,4
0,5
112,5
319,5
328,5
344,5
350,5
359,5
365,5
379,5
381,5
388,5
388,5
391,5
391,5
408,5
413,5
434,5
479,5
0,6
112,6
319,6
327,6
344,6
348,6
358,6
366,6
378,6
382,6
388,6
388,6
403,6
412,6
432,6
479,6
0,7
112,7
320,7
327,7
342,7
342,7
344,7
347,7
356,7
366,7
378,7
382,7
403,7
411,7
431,7
479,7
0,8
108,8
110,8
111,8
320,8
325,8
341,8
344,8
355,8
363,8
365,8
367,8
378,8
382,8
402,8
402,8
404,8
410,8
431,8
479,8
0,9
108,9
110,9
110,9
320,9
325,9
341,9
342,9
355,9
363,9
366,9
366,9
378,9
382,9
402,9
402,9
405,9
408,9
428,9
428,9
432,9
479,9
0,10
108,10
319,10
323,10
339,10
340,10
354,10
365,10
377,10
377,10
379,10
379,10
381,10
382,10
402,10
406,10
422,10
423,10
428,10
428,10
432,10
479,10
0,11
109,11
319,11
323,11
327,11
327,11
353,11
365,11
377,11
377,11
379,11
381,11
401,11
403,11
428,11
428,11
432,11
479,11
0,12
109,12
320,12
321,12
327,12
327,12
353,12
364,12
378,12
378,12
399,12
400,12
428,12
428,12
432,12
479,12
0,13
108,13
320,13
320,13
327,13
327,13
352,13
363,13
377,13
377,13
398,13
398,13
426,13
428,13
432,13
479,13
0,14
49,14
53,14
108,14
327,14
329,14
348,14
363,14
425,14
428,14
432,14
479,14
0,15
47,15
55,15
108,15
327,15
328,15
348,15
363,15
425,15
428,15
430,15
430,15
432,15
479,15
0,16
47,16
54,16
108,16
327,16
327,16
345,16
355,16
364,16
364,16
411,16
412,16
424,16
430,16
433,16
434,16
436,16
453,16
459,16
479,16
0,17
46,17
54,17
108,17
326,17
327,17
342,17
355,17
413,17
413,17
424,17
430,17
434,17
434,17
436,17
450,17
460,17
479,17
0,18
45,18
54,18
108,18
323,18
323,18
340,18
348,18
353,18
357,18
409,18
409,18
413,18
414,18
425,18
427,18
429,18
430,18
434,18
449,18
456,18
456,18
459,18
479,18
0,19
44,19
53,19
108,19
323,19
324,19
338,19
348,19
354,19
357,19
408,19
411,19
413,19
415,19
425,19
427,19
429,19
431,19
434,19
448,19
456,19
479,19
0,20
43,20
50,20
107,20
324,20
324,20
337,20
347,20
354,20
358,20
409,20
409,20
425,20
427,20
429,20
431,20
434,20
447,20
452,20
452,20
456,20
479,20
0,21
43,21
50,21
107,21
336,21
347,21
353,21
359,21
375,21
375,21
409,21
411,21
413,21
414,21
425,21
427,21
429,21
431,21
435,21
445,21
452,21
452,21
456,21
479,21
0,22
44,22
48,22
107,22
336,22
361,22
405,22
415,22
425,22
431,22
435,22
443,22
445,22
445,22
450,22
450,22
455,22
479,22
0,23
107,23
335,23
361,23
373,23
373,23
403,23
416,23
425,23
428,23
430,23
431,23
435,23
444,23
449,23
449,23
451,23
451,23
455,23
479,23
0,24
107,24
334,24
360,24
400,24
416,24
425,24
428,24
435,24
442,24
448,24
449,24
455,24
474,24
476,24
476,24
0,25
107,25
333,25
360,25
399,25
416,25
425,25
425,25
427,25
428,25
435,25
439,25
441,25
442,25
455,25
471,25
473,25
474,25
0,26
107,26
331,26
359,26
396,26
416,26
428,26
428,26
436,26
441,26
445,26
446,26
451,26
451,26
454,26
472,26
0,27
108,27
332,27
359,27
395,27
415,27
428,27
428,27
432,27
432,27
436,27
439,27
451,27
451,27
454,27
471,27
477,27
479,27
0,28
108,28
331,28
359,28
387,28
388,28
390,28
415,28
428,28
428,28
435,28
435,28
437,28
437,28
443,28
444,28
450,28
451,28
454,28
465,28
468,28
469,28
476,28
479,28
0,29
108,29
330,29
359,29
385,29
399,29
401,29
415,29
425,29
425,29
428,29
428,29
431,29
432,29
436,29
437,29
443,29
443,29
451,29
451,29
454,29
467,29
474,29
479,29
0,30
107,30
330,30
359,30
377,30
377,30
383,30
398,30
403,30
403,30
405,30
415,30
427,30
427,30
435,30
435,30
451,30
451,30
455,30
464,30
473,30
479,30
0,31
107,31
330,31
357,31
376,31
377,31
380,31
397,31
402,31
403,31
405,31
407,31
409,31
409,31
411,31
415,31
422,31
422,31
432,31
432,31
440,31
440,31
454,31
464,31
473,31
479,31
0,32
107,32
329,32
357,32
375,32
377,32
380,32
394,32
401,32
406,32
409,32
409,32
411,32
411,32
432,32
432,32
439,32
439,32
442,32
443,32
451,32
451,32
454,32
459,32
461,32
462,32
470,32
471,32
473,32
474,32
476,32
479,32
0,33
107,33
329,33
357,33
373,33
377,33
380,33
393,33
399,33
399,33
401,33
407,33
422,33
422,33
438,33
438,33
454,33
461,33
468,33
471,33
473,33
479,33
0,34
108,34
329,34
335,34
338,34
357,34
372,34
374,34
380,34
392,34
398,34
398,34
400,34
405,34
414,34
415,34
422,34
422,34
455,34
455,34
457,34
457,34
459,34
460,34
466,34
466,34
473,34
474,34
479,34
479,34
0,35
108,35
329,35
335,35
338,35
357,35
371,35
373,35
380,35
388,35
397,35
400,35
422,35
422,35
457,35
459,35
0,36
108,36
329,36
335,36
338,36
357,36
370,36
371,36
374,36
374,36
380,36
386,36
388,36
388,36
395,36
399,36
409,36
409,36
413,36
413,36
415,36
415,36
0,37
109,37
328,37
335,37
338,37
357,37
370,37
373,37
380,37
388,37
395,37
396,37
409,37
409,37
454,37
454,37
470,37
479,37
0,38
109,38
328,38
335,38
338,38
357,38
368,38
368,38
372,38
372,38
380,38
387,38
400,38
402,38
414,38
414,38
450,38
450,38
454,38
454,38
472,38
473,38
477,38
479,38
0,39
110,39
328,39
333,39
338,39
357,39
368,39
369,39
371,39
371,39
375,39
375,39
379,39
382,39
384,39
386,39
399,39
399,39
401,39
401,39
472,39
472,39
477,39
479,39
0,40
109,40
328,40
329,40
332,40
333,40
338,40
354,40
368,40
369,40
380,40
383,40
395,40
395,40
406,40
407,40
411,40
411,40
415,40
415,40
447,40
447,40
477,40
479,40
0,41
109,41
329,41
333,41
338,41
351,41
367,41
369,41
374,41
374,41
379,41
379,41
381,41
383,41
406,41
407,41
411,41
411,41
447,41
447,41
476,41
479,41
0,42
108,42
330,42
333,42
338,42
347,42
349,42
350,42
355,42
355,42
366,42
366,42
373,42
374,42
379,42
379,42
381,42
382,42
406,42
407,42
458,42
458,42
467,42
467,42
476,42
479,42
0,43
108,43
326,43
326,43
331,43
333,43
338,43
347,43
349,43
349,43
354,43
355,43
365,43
365,43
373,43
374,43
378,43
380,43
407,43
407,43
412,43
412,43
459,43
460,43
467,43
479,43
0,44
108,44
326,44
327,44
333,44
334,44
338,44
348,44
352,44
354,44
364,44
366,44
372,44
372,44
378,44
379,44
407,44
407,44
468,44
479,44
0,45
107,45
338,45
347,45
352,45
353,45
365,45
366,45
371,45
371,45
377,45
377,45
466,45
470,45
473,45
479,45
0,46
107,46
324,46
324,46
337,46
346,46
351,46
352,46
370,46
370,46
377,46
377,46
394,46
397,46
471,46
471,46
473,46
479,46
0,47
107,47
328,47
328,47
337,47
340,47
343,47
345,47
350,47
350,47
370,47
370,47
391,47
399,47
414,47
414,47
473,47
479,47
0,48
106,48
338,48
340,48
388,48
399,48
401,48
402,48
461,48
462,48
464,48
467,48
0,49
104,49
347,49
348,49
384,49
399,49
401,49
402,49
406,49
406,49
410,49
410,49
464,49
473,49
0,50
104,50
330,50
330,50
346,50
346,50
348,50
348,50
366,50
366,50
371,50
371,50
379,50
379,50
383,50
399,50
402,50
403,50
406,50
407,50
410,50
411,50
459,50
460,50
464,50
465,50
472,50
479,50
0,51
104,51
345,51
348,51
365,51
366,51
379,51
399,51
402,51
403,51
406,51
407,51
410,51
411,51
459,51
465,51
476,51
479,51
0,52
104,52
331,52
331,52
346,52
348,52
364,52
364,52
369,52
369,52
379,52
399,52
402,52
403,52
406,52
407,52
410,52
411,52
461,52
463,52
465,52
465,52
467,52
468,52
471,52
471,52
475,52
475,52
0,53
104,53
331,53
331,53
345,53
347,53
374,53
375,53
379,53
399,53
403,53
403,53
407,53
407,53
411,53
411,53
458,53
458,53
467,53
476,53
0,54
104,54
344,54
346,54
373,54
375,54
380,54
400,54
403,54
404,54
407,54
407,54
411,54
411,54
458,54
458,54
465,54
475,54
0,55
104,55
319,55
319,55
344,55
345,55
371,55
371,55
373,55
374,55
380,55
400,55
404,55
404,55
457,55
458,55
464,55
476,55
0,56
103,56
343,56
344,56
370,56
370,56
376,56
401,56
405,56
405,56
411,56
411,56
449,56
449,56
458,56
458,56
464,56
474,56
0,57
103,57
374,57
374,57
376,57
401,57
458,57
458,57
460,57
473,57
0,58
103,58
340,58
340,58
376,58
402,58
412,58
412,58
433,58
433,58
452,58
452,58
459,58
472,58
0,59
103,59
340,59
340,59
366,59
366,59
375,59
403,59
408,59
408,59
440,59
440,59
458,59
471,59
0,60
102,60
373,60
403,60
408,60
408,60
440,60
440,60
460,60
462,60
468,60
470,60
0,61
102,61
371,61
403,61
460,61
469,61
0,62
99,62
101,62
102,62
370,62
370,62
372,62
403,62
459,62
470,62
478,62
479,62
0,63
101,63
369,63
370,63
372,63
403,63
410,63
410,63
457,63
457,63
459,63
474,63
476,63
479,63
0,64
103,64
367,64
367,64
370,64
403,64
410,64
410,64
457,64
479,64
0,65
102,65
366,65
370,65
372,65
404,65
457,65
479,65
0,66
102,66
364,66
368,66
372,66
405,66
457,66
479,66
0,67
102,67
363,67
367,67
372,67
405,67
408,67
408,67
457,67
479,67
0,68
101,68
360,68
360,68
364,68
366,68
371,68
405,68
459,68
479,68
0,69
101,69
361,69
363,69
369,69
405,69
459,69
479,69
0,70
101,70
358,70
360,70
368,70
405,70
459,70
479,70
0,71
100,71
358,71
358,71
366,71
368,71
371,71
404,71
428,71
428,71
459,71
479,71
0,72
84,72
92,72
100,72
314,72
314,72
366,72
404,72
459,72
479,72
0,73
83,73
91,73
100,73
365,73
404,73
422,73
422,73
459,73
479,73
0,74
83,74
92,74
100,74
312,74
312,74
364,74
404,74
421,74
422,74
427,74
428,74
459,74
479,74
0,75
82,75
91,75
99,75
362,75
404,75
421,75
421,75
426,75
429,75
459,75
476,75
0,76
82,76
91,76
99,76
361,76
403,76
419,76
421,76
427,76
430,76
459,76
475,76
0,77
83,77
90,77
98,77
360,77
403,77
418,77
419,77
428,77
431,77
459,77
462,77
464,77
474,77
0,78
83,78
88,78
98,78
357,78
403,78
417,78
418,78
425,78
431,78
458,78
469,78
473,78
473,78
479,78
479,78
0,79
83,79
88,79
98,79
357,79
361,79
363,79
402,79
416,79
417,79
425,79
425,79
427,79
432,79
458,79
468,79
477,79
479,79
0,80
83,80
88,80
98,80
357,80
361,80
363,80
398,80
400,80
401,80
413,80
413,80
426,80
426,80
428,80
431,80
458,80
461,80
464,80
469,80
477,80
479,80
0,81
83,81
88,81
98,81
357,81
399,81
413,81
414,81
427,81
433,81
464,81
469,81
476,81
479,81
0,82
97,82
343,82
343,82
357,82
363,82
365,82
397,82
411,82
411,82
428,82
433,82
463,82
464,82
466,82
467,82
475,82
479,82
0,83
97,83
311,83
313,83
357,83
361,83
365,83
366,83
368,83
396,83
409,83
411,83
423,83
424,83
429,83
432,83
460,83
464,83
466,83
467,83
475,83
479,83
0,84
27,84
29,84
97,84
307,84
308,84
310,84
313,84
358,84
360,84
365,84
387,84
390,84
394,84
410,84
411,84
423,84
423,84
459,84
461,84
475,84
479,84
0,85
27,85
31,85
97,85
307,85
307,85
309,85
313,85
357,85
358,85
364,85
389,85
407,85
408,85
410,85
410,85
461,85
461,85
476,85
479,85
0,86
27,86
32,86
97,86
308,86
311,86
352,86
352,86
357,86
357,86
362,86
387,86
405,86
407,86
461,86
461,86
477,86
479,86
0,87
27,87
32,87
97,87
308,87
311,87
361,87
386,87
404,87
405,87
428,87
428,87
459,87
459,87
477,87
479,87
0,88
27,88
33,88
87,88
89,88
98,88
308,88
310,88
362,88
367,88
371,88
383,88
401,88
402,88
458,88
458,88
478,88
479,88
0,89
26,89
34,89
87,89
89,89
98,89
308,89
311,89
359,89
364,89
371,89
378,89
399,89
399,89
478,89
479,89
0,90
26,90
34,90
97,90
309,90
310,90
358,90
364,90
369,90
375,90
479,90
479,90
0,91
20,91
23,91
25,91
35,91
96,91
308,91
310,91
357,91
358,91
361,91
361,91
368,91
375,91
469,91
470,91
475,91
475,91
0,92
17,92
24,92
25,92
35,92
93,92
308,92
309,92
357,92
357,92
361,92
361,92
367,92
374,92
470,92
471,92
0,93
17,93
23,93
25,93
36,93
92,93
356,93
359,93
365,93
372,93
471,93
471,93
0,94
16,94
23,94
26,94
37,94
91,94
325,94
325,94
356,94
358,94
364,94
370,94
476,94
476,94
0,95
16,95
24,95
28,95
37,95
90,95
324,95
327,95
332,95
335,95
355,95
355,95
363,95
368,95
466,95
467,95
476,95
477,95
0,96
16,96
23,96
30,96
38,96
89,96
323,96
327,96
330,96
337,96
355,96
355,96
362,96
362,96
364,96
367,96
414,96
416,96
421,96
421,96
466,96
466,96
477,96
477,96
0,97
15,97
23,97
31,97
38,97
89,97
323,97
337,97
355,97
355,97
361,97
362,97
364,97
364,97
409,97
416,97
466,97
466,97
0,98
14,98
22,98
33,98
38,98
89,98
322,98
338,98
359,98
362,98
400,98
417,98
423,98
423,98
437,98
437,98
0,99
15,99
18,99
34,99
38,99
89,99
322,99
338,99
358,99
358,99
360,99
360,99
393,99
420,99
438,99
438,99
458,99
458,99
479,99
479,99
0,100
88,100
321,100
338,100
359,100
360,100
379,100
379,100
391,100
420,100
479,100
479,100
0,101
88,101
284,101
284,101
321,101
338,101
378,101
385,101
387,101
421,101
479,101
479,101
0,102
88,102
320,102
338,102
354,102
355,102
376,102
422,102
0,103
88,103
282,103
283,103
320,103
338,103
353,103
354,103
373,103
423,103
0,104
0,104
4,104
85,104
283,104
283,104
320,104
337,104
353,104
353,104
374,104
423,104
4,105
85,105
283,105
283,105
320,105
337,105
352,105
352,105
374,105
424,105
4,106
85,106
283,106
283,106
319,106
338,106
369,106
424,106
4,107
85,107
283,107
283,107
318,107
337,107
368,107
368,107
370,107
425,107
4,108
85,108
318,108
337,108
367,108
368,108
370,108
392,108
396,108
426,108
6,109
85,109
318,109
336,109
366,109
366,109
368,109
391,109
398,109
427,109
6,110
86,110
318,110
336,110
366,110
391,110
399,110
427,110
6,111
85,111
318,111
336,111
366,111
389,111
399,111
428,111
6,112
85,112
318,112
335,112
364,112
388,112
399,112
429,112
6,113
85,113
284,113
284,113
318,113
335,113
363,113
388,113
399,113
430,113
0,114
0,114
6,114
52,114
55,114
85,114
284,114
284,114
318,114
335,114
360,114
387,114
399,114
431,114
0,115
1,115
5,115
51,115
56,115
84,115
284,115
284,115
317,115
335,115
359,115
387,115
399,115
433,115
0,116
50,116
56,116
81,116
284,116
284,116
317,116
335,116
358,116
387,116
398,116
434,116
436,116
436,116
0,117
49,117
55,117
80,117
284,117
284,117
317,117
334,117
358,117
386,117
398,117
430,117
433,117
433,117
436,117
436,117
0,118
48,118
55,118
64,118
68,118
79,118
284,118
284,118
317,118
333,118
358,118
385,118
397,118
429,118
433,118
433,118
0,119
47,119
53,119
64,119
69,119
79,119
284,119
284,119
317,119
327,119
330,119
331,119
349,119
349,119
357,119
385,119
396,119
429,119
433,119
433,119
0,120
47,120
52,120
64,120
69,120
79,120
318,120
330,120
347,120
350,120
356,120
385,120
395,120
429,120
433,120
434,120
0,121
64,121
69,121
79,121
318,121
325,121
327,121
328,121
346,121
350,121
353,121
385,121
395,121
427,121
434,121
434,121
0,122
64,122
68,122
79,122
319,122
325,122
346,122
385,122
394,122
416,122
419,122
423,122
0,123
64,123
67,123
79,123
320,123
324,123
345,123
385,123
393,123
415,123
420,123
423,123
0,124
64,124
67,124
79,124
321,124
323,124
344,124
385,124
392,124
416,124
420,124
423,124
0,125
79,125
321,125
322,125
343,125
385,125
391,125
412,125
414,125
416,125
421,125
421,125
0,126
79,126
341,126
386,126
390,126
412,126
0,127
79,127
340,127
386,127
390,127
411,127
0,128
80,128
339,128
401,128
0,129
80,129
338,129
399,129
0,130
81,130
336,130
394,130
0,131
81,131
336,131
393,131
0,132
82,132
334,132
392,132
479,132
479,132
0,133
82,133
332,133
391,133
0,134
83,134
331,134
332,134
335,134
389,134
0,135
83,135
330,135
386,135
0,136
84,136
330,136
383,136
0,137
84,137
328,137
352,137
354,137
367,137
370,137
383,137
0,138
85,138
328,138
350,138
353,138
367,138
371,138
379,138
0,139
86,139
329,139
350,139
353,139
367,139
371,139
379,139
0,140
87,140
330,140
350,140
354,140
373,140
375,140
377,140
0,141
87,141
330,141
348,141
351,141
351,141
355,141
375,141
391,141
391,141
0,142
87,142
331,142
346,142
356,142
372,142
391,142
391,142
0,143
87,143
331,143
346,143
356,143
367,143
369,143
370,143
390,143
391,143
394,143
396,143
0,144
87,144
333,144
344,144
357,144
369,144
390,144
397,144
0,145
87,145
334,145
343,145
357,145
367,145
384,145
384,145
390,145
399,145
0,146
88,146
334,146
342,146
358,146
363,146
389,146
396,146
479,146
479,146
0,147
88,147
335,147
341,147
350,147
350,147
358,147
360,147
389,147
393,147
478,147
479,147
0,148
89,148
336,148
341,148
358,148
359,148
390,148
391,148
478,148
479,148
0,149
87,149
337,149
340,149
348,149
348,149
475,149
479,149
0,150
86,150
337,150
338,150
355,150
355,150
473,150
479,150
0,151
84,151
338,151
339,151
351,151
351,151
467,151
479,151
0,152
82,152
339,152
339,152
466,152
479,152
0,153
79,153
341,153
342,153
463,153
479,153
0,154
78,154
340,154
342,154
460,154
479,154
0,155
77,155
342,155
343,155
390,155
390,155
460,155
479,155
0,156
76,156
343,156
343,156
390,156
392,156
458,156
479,156
0,157
74,157
390,157
392,157
403,157
403,157
405,157
405,157
457,157
479,157
0,158
73,158
393,158
393,158
457,158
479,158
0,159
72,159
394,159
396,159
452,159
479,159
0,160
71,160
391,160
391,160
393,160
401,160
450,160
479,160
0,161
71,161
392,161
403,161
448,161
479,161
0,162
70,162
393,162
404,162
446,162
479,162
0,163
68,163
393,163
406,163
444,163
446,163
448,163
479,163
0,164
67,164
394,164
406,164
442,164
479,164
0,165
66,165
394,165
406,165
442,165
479,165
0,166
65,166
395,166
407,166
441,166
479,166
0,167
64,167
396,167
407,167
440,167
479,167
0,168
63,168
396,168
405,168
438,168
479,168
0,169
63,169
396,169
405,169
437,169
479,169
0,170
61,170
396,170
403,170
436,170
479,170
0,171
58,171
396,171
403,171
435,171
479,171
0,172
55,172
434,172
479,172
0,173
55,173
434,173
479,173
0,174
55,174
433,174
479,174
0,175
55,175
431,175
479,175
0,176
55,176
430,176
479,176
0,177
55,177
429,177
479,177
0,178
55,178
428,178
479,178
0,179
55,179
427,179
479,179
0,180
55,180
426,180
479,180
0,181
55,181
425,181
479,181
0,182
55,182
424,182
479,182
0,183
55,183
424,183
479,183
0,184
55,184
423,184
479,184
0,185
55,185
422,185
479,185
0,186
55,186
421,186
479,186
0,187
55,187
420,187
479,187
0,188
55,188
419,188
479,188
0,189
55,189
419,189
479,189
0,190
54,190
418,190
479,190
0,191
53,191
418,191
479,191
0,192
52,192
416,192
479,192
0,193
50,193
416,193
479,193
0,194
49,194
415,194
479,194
0,195
47,195
414,195
479,195
0,196
47,196
414,196
479,196
0,197
47,197
413,197
479,197
0,198
47,198
413,198
479,198
0,199
47,199
412,199
479,199
0,200
47,200
413,200
479,200
0,201
47,201
413,201
479,201
0,202
47,202
412,202
479,202
0,203
47,203
412,203
479,203
0,204
47,204
411,204
479,204
0,205
47,205
409,205
479,205
0,206
47,206
407,206
479,206
0,207
47,207
407,207
450,207
456,207
479,207
0,208
47,208
406,208
409,208
412,208
449,208
456,208
479,208
0,209
47,209
406,209
448,209
456,209
479,209
0,210
47,210
406,210
409,210
412,210
448,210
456,210
479,210
0,211
47,211
404,211
405,211
412,211
444,211
448,211
448,211
456,211
479,211
0,212
48,212
412,212
443,212
447,212
479,212
0,213
48,213
410,213
438,213
442,213
479,213
0,214
49,214
401,214
401,214
406,214
438,214
442,214
479,214
0,215
51,215
402,215
479,215
0,216
51,216
400,216
479,216
0,217
51,217
399,217
479,217
0,218
53,218
398,218
479,218
0,219
55,219
393,219
393,219
397,219
479,219
0,220
58,220
391,220
391,220
395,220
479,220
0,221
59,221
391,221
392,221
394,221
479,221
0,222
59,222
394,222
451,222
456,222
479,222
0,223
59,223
394,223
451,223
456,223
479,223
0,224
59,224
394,224
450,224
456,224
479,224
0,225
59,225
396,225
451,225
455,225
479,225
0,226
59,226
396,226
452,226
454,226
479,226
0,227
59,227
397,227
405,227
407,227
479,227
0,228
59,228
397,228
403,228
407,228
423,228
425,228
425,228
428,228
479,228
0,229
59,229
398,229
400,229
407,229
425,229
428,229
479,229
0,230
59,230
399,230
400,230
405,230
405,230
407,230
423,230
427,230
479,230
0,231
59,231
399,231
400,231
404,231
411,231
413,231
423,231
427,231
479,231
0,232
60,232
404,232
404,232
406,232
408,232
414,232
422,232
426,232
479,232
0,233
60,233
307,233
311,233
403,233
406,233
416,233
419,233
421,233
421,233
425,233
479,233
0,234
61,234
305,234
311,234
403,234
404,234
417,234
420,234
424,234
479,234
0,235
61,235
303,235
311,235
417,235
419,235
424,235
479,235
0,236
63,236
300,236
311,236
407,236
407,236
411,236
413,236
415,236
416,236
423,236
435,236
437,236
479,236
0,237
63,237
300,237
312,237
422,237
479,237
0,238
63,238
300,238
313,238
419,238
435,238
438,238
479,238
0,239
63,239
300,239
313,239
420,239
420,239
422,239
435,239
439,239
479,239
0,240
64,240
300,240
313,240
427,240
427,240
435,240
479,240
0,241
64,241
300,241
315,241
415,241
415,241
427,241
427,241
431,241
431,241
434,241
479,241
0,242
65,242
299,242
315,242
432,242
479,242
0,243
65,243
299,243
316,243
435,243
479,243
0,244
67,244
299,244
317,244
426,244
429,244
435,244
435,244
440,244
440,244
443,244
479,244
0,245
67,245
299,245
317,245
426,245
427,245
431,245
433,245
444,245
444,245
448,245
479,245
0,246
67,246
305,246
317,246
425,246
427,246
430,246
433,246
436,246
440,246
448,246
479,246
0,247
68,247
312,247
318,247
415,247
418,247
424,247
427,247
429,247
430,247
432,247
438,247
440,247
440,247
443,247
479,247
0,248
68,248
314,248
317,248
414,248
479,248
0,249
68,249
318,249
318,249
416,249
479,249
0,250
68,250
414,250
479,250
0,251
69,251
415,251
479,251
0,252
71,252
415,252
479,252
0,253
71,253
414,253
479,253
0,254
72,254
414,254
479,254
0,255
72,255
414,255
479,255
0,256
73,256
416,256
417,256
421,256
479,256
0,257
74,257
416,257
418,257
421,257
422,257
424,257
479,257
0,258
75,258
414,258
418,258
422,258
422,258
424,258
479,258
0,259
76,259
291,259
295,259
414,259
479,259
0,260
77,260
290,260
297,260
414,260
479,260
0,261
78,261
282,261
282,261
284,261
299,261
414,261
479,261
0,262
79,262
281,262
301,262
406,262
407,262
413,262
479,262
0,263
80,263
280,263
304,263
406,263
479,263
0,264
81,264
280,264
311,264
404,264
479,264
0,265
82,265
280,265
311,265
404,265
479,265
0,266
83,266
279,266
311,266
404,266
479,266
0,267
83,267
279,267
311,267
404,267
479,267
0,268
85,268
278,268
311,268
404,268
479,268
0,269
86,269
278,269
311,269
404,269
479,269
0,270
90,270
277,270
311,270
404,270
479,270
0,271
92,271
277,271
311,271
404,271
479,271
0,272
97,272
276,272
310,272
404,272
479,272
0,273
104,273
276,273
310,273
404,273
479,273
0,274
106,274
108,274
108,274
120,274
125,274
275,274
309,274
403,274
479,274
0,275
111,275
114,275
125,275
274,275
309,275
403,275
479,275
0,276
125,276
272,276
309,276
403,276
479,276
0,277
131,277
245,277
246,277
265,277
309,277
403,277
479,277
0,278
41,278
46,278
132,278
184,278
184,278
243,278
257,278
262,278
309,278
403,278
479,278
0,279
40,279
46,279
134,279
182,279
185,279
237,279
259,279
261,279
309,279
403,279
479,279
0,280
39,280
44,280
134,280
181,280
191,280
232,280
309,280
402,280
479,280
0,281
39,281
44,281
137,281
180,281
192,281
230,281
309,281
402,281
402,281
404,281
479,281
0,282
136,282
138,282
138,282
179,282
196,282
227,282
309,282
403,282
479,282
0,283
138,283
178,283
179,283
181,283
198,283
223,283
223,283
225,283
309,283
403,283
479,283
0,284
138,284
155,284
160,284
175,284
202,284
219,284
309,284
401,284
479,284
0,285
139,285
149,285
162,285
169,285
309,285
401,285
479,285
0,286
140,286
142,286
163,286
165,286
165,286
167,286
309,286
400,286
479,286
0,287
309,287
400,287
479,287
0,288
309,288
402,288
479,288
0,289
309,289
403,289
479,289
0,290
309,290
403,290
479,290
0,291
309,291
402,291
479,291
0,292
309,292
402,292
479,292
0,293
308,293
402,293
479,293
0,294
308,294
403,294
479,294
0,295
308,295
403,295
479,295
0,296
59,296
66,296
307,296
403,296
479,296
0,297
59,297
68,297
307,297
404,297
479,297
0,298
59,298
68,298
307,298
404,298
479,298
0,299
63,299
66,299
307,299
404,299
479,299
3,300
305,300
404,300
405,300
407,300
479,300
8,301
305,301
405,301
405,301
411,301
411,301
414,301
479,301
8,302
303,302
414,302
414,302
416,302
479,302
8,303
303,303
415,303
479,303
0,304
302,304
416,304
479,304
0,305
302,305
416,305
479,305
0,306
302,306
416,306
479,306
0,307
302,307
416,307
479,307
0,308
299,308
416,308
479,308
0,309
299,309
416,309
479,309
0,310
298,310
414,310
479,310
0,311
299,311
411,311
479,311
0,312
297,312
410,312
479,312
0,313
297,313
410,313
479,313
0,314
297,314
410,314
479,314
0,315
297,315
410,315
479,315
0,316
297,316
409,316
479,316
0,317
297,317
410,317
479,317
0,318
297,318
410,318
479,318
0,319
297,319
410,319
479,319
0,320
296,320
410,320
479,320
0,321
296,321
410,321
479,321
0,322
296,322
410,322
479,322
0,323
296,323
409,323
479,323
0,324
296,324
409,324
479,324
0,325
296,325
405,325
405,325
407,325
479,325
0,326
296,326
405,326
479,326
0,327
296,327
403,327
403,327
405,327
479,327
0,328
295,328
403,328
479,328
0,329
295,329
403,329
479,329
0,330
295,330
403,330
479,330
0,331
295,331
403,331
479,331
0,332
295,332
403,332
479,332
0,333
295,333
404,333
479,333
0,334
295,334
404,334
479,334
0,335
295,335
404,335
479,335
0,336
295,336
405,336
479,336
0,337
295,337
405,337
479,337
0,338
295,338
405,338
479,338
0,339
295,339
405,339
479,339
0,340
79,340
84,340
295,340
405,340
479,340
0,341
79,341
84,341
294,341
406,341
479,341
0,342
79,342
84,342
269,342
271,342
293,342
406,342
479,342
0,343
79,343
84,343
267,343
272,343
293,343
406,343
479,343
0,344
260,344
264,344
267,344
273,344
293,344
406,344
479,344
0,345
259,345
273,345
293,345
406,345
479,345
0,346
259,346
272,346
293,346
407,346
479,346
0,347
260,347
272,347
293,347
407,347
479,347
0,348
266,348
269,348
269,348
272,348
293,348
407,348
479,348
0,349
293,349
407,349
479,349
0,350
293,350
408,350
479,350
0,351
293,351
408,351
479,351
0,352
293,352
408,352
408,352
410,352
479,352
0,353
293,353
408,353
408,353
410,353
479,353
0,354
293,354
408,354
479,354
0,355
293,355
408,355
479,355
0,356
293,356
409,356
409,356
411,356
479,356
0,357
293,357
409,357
479,357
0,358
292,358
409,358
479,358
0,359
292,359
409,359
479,359
