0,0
479,0
0,1
479,1
0,2
479,2
0,3
479,3
0,4
479,4
0,5
479,5
0,6
479,6
0,7
479,7
0,8
479,8
0,9
479,9
0,10
479,10
0,11
479,11
0,12
479,12
0,13
479,13
0,14
479,14
0,15
479,15
0,16
479,16
0,17
479,17
0,18
479,18
0,19
479,19
0,20
479,20
0,21
156,21
162,21
479,21
0,22
155,22
165,22
479,22
0,23
155,23
176,23
210,23
212,23
479,23
0,24
152,24
184,24
191,24
210,24
479,24
0,25
149,25
190,25
190,25
216,25
479,25
0,26
148,26
218,26
479,26
0,27
148,27
217,27
479,27
0,28
148,28
219,28
479,28
0,29
146,29
220,29
479,29
0,30
122,30
125,30
145,30
225,30
479,30
0,31
123,31
126,31
145,31
226,31
479,31
0,32
145,32
230,32
479,32
0,33
144,33
232,33
479,33
0,34
144,34
233,34
423,34
428,34
479,34
0,35
143,35
235,35
423,35
428,35
479,35
0,36
143,36
235,36
374,36
376,36
421,36
428,36
479,36
0,37
143,37
237,37
370,37
377,37
421,37
428,37
479,37
0,38
143,38
238,38
367,38
378,38
421,38
428,38
479,38
0,39
143,39
238,39
239,39
241,39
366,39
379,39
420,39
428,39
479,39
0,40
140,40
245,40
366,40
379,40
420,40
428,40
479,40
0,41
139,41
247,41
247,41
249,41
363,41
379,41
421,41
427,41
479,41
0,42
139,42
250,42
361,42
379,42
479,42
0,43
135,43
251,43
361,43
378,43
479,43
0,44
135,44
252,44
359,44
378,44
479,44
0,45
135,45
252,45
357,45
376,45
479,45
0,46
135,46
253,46
355,46
375,46
479,46
0,47
135,47
253,47
355,47
375,47
479,47
0,48
132,48
255,48
255,48
257,48
257,48
260,48
262,48
264,48
350,48
352,48
352,48
374,48
479,48
0,49
131,49
268,49
350,49
371,49
371,49
373,49
479,49
0,50
131,50
268,50
349,50
371,50
479,50
0,51
131,51
267,51
349,51
368,51
479,51
0,52
128,52
267,52
351,52
365,52
479,52
0,53
128,53
266,53
351,53
365,53
479,53
0,54
128,54
265,54
351,54
364,54
479,54
0,55
127,55
265,55
352,55
363,55
479,55
0,56
127,56
264,56
353,56
362,56
479,56
0,57
127,57
264,57
355,57
361,57
479,57
0,58
127,58
264,58
355,58
357,58
358,58
360,58
479,58
0,59
127,59
264,59
479,59
0,60
127,60
265,60
479,60
0,61
127,61
266,61
479,61
0,62
127,62
266,62
479,62
0,63
127,63
267,63
479,63
0,64
125,64
267,64
272,64
274,64
479,64
0,65
125,65
268,65
479,65
0,66
125,66
269,66
479,66
0,67
125,67
271,67
479,67
0,68
123,68
274,68
362,68
366,68
479,68
0,69
123,69
274,69
283,69
285,69
361,69
367,69
479,69
0,70
43,70
48,70
122,70
273,70
283,70
286,70
361,70
368,70
479,70
0,71
42,71
48,71
121,71
273,71
283,71
287,71
361,71
368,71
479,71
0,72
42,72
48,72
121,72
273,72
282,72
287,72
334,72
339,72
361,72
368,72
479,72
0,73
41,73
49,73
121,73
274,73
281,73
287,73
334,73
340,73
360,73
368,73
479,73
0,74
40,74
49,74
121,74
272,74
281,74
287,74
334,74
340,74
360,74
367,74
479,74
0,75
40,75
50,75
122,75
271,75
282,75
286,75
335,75
339,75
361,75
367,75
479,75
0,76
40,76
50,76
123,76
271,76
479,76
0,77
40,77
50,77
123,77
271,77
479,77
0,78
40,78
50,78
123,78
272,78
272,78
274,78
479,78
0,79
40,79
50,79
123,79
272,79
479,79
0,80
40,80
51,80
123,80
277,80
289,80
291,80
479,80
0,81
40,81
50,81
123,81
277,81
288,81
292,81
479,81
0,82
40,82
51,82
123,82
291,82
479,82
0,83
40,83
52,83
123,83
291,83
479,83
0,84
40,84
51,84
115,84
121,84
123,84
290,84
479,84
0,85
41,85
51,85
111,85
289,85
479,85
0,86
41,86
51,86
103,86
288,86
479,86
0,87
41,87
51,87
103,87
287,87
479,87
0,88
41,88
50,88
98,88
287,88
325,88
327,88
330,88
333,88
335,88
338,88
479,88
0,89
41,89
50,89
97,89
286,89
318,89
320,89
325,89
328,89
329,89
333,89
334,89
338,89
479,89
0,90
42,90
47,90
47,90
49,90
73,90
85,90
91,90
285,90
318,90
320,90
324,90
328,90
329,90
333,90
333,90
337,90
479,90
0,91
43,91
48,91
71,91
85,91
91,91
283,91
318,91
325,91
325,91
333,91
333,91
337,91
345,91
349,91
479,91
0,92
65,92
88,92
91,92
282,92
318,92
333,92
333,92
337,92
337,92
340,92
340,92
342,92
342,92
348,92
479,92
0,93
65,93
282,93
318,93
324,93
324,93
333,93
333,93
337,93
337,93
340,93
341,93
346,93
479,93
0,94
63,94
280,94
319,94
324,94
325,94
329,94
329,94
332,94
332,94
339,94
339,94
345,94
346,94
348,94
479,94
0,95
63,95
280,95
281,95
283,95
319,95
344,95
479,95
0,96
60,96
274,96
274,96
279,96
319,96
335,96
337,96
341,96
386,96
390,96
427,96
432,96
479,96
0,97
60,97
279,97
319,97
335,97
335,97
340,97
385,97
391,97
427,97
432,97
479,97
0,98
59,98
278,98
289,98
292,98
318,98
339,98
340,98
342,98
355,98
358,98
385,98
391,98
427,98
432,98
479,98
0,99
59,99
278,99
289,99
293,99
317,99
338,99
352,99
358,99
386,99
390,99
427,99
432,99
479,99
0,100
57,100
277,100
278,100
280,100
283,100
286,100
286,100
293,100
318,100
337,100
347,100
352,100
353,100
357,100
427,100
432,100
479,100
0,101
56,101
280,101
280,101
292,101
318,101
336,101
346,101
352,101
352,101
356,101
428,101
431,101
479,101
0,102
50,102
289,102
318,102
336,102
344,102
355,102
355,102
358,102
479,102
0,103
49,103
285,103
318,103
336,103
344,103
354,103
479,103
0,104
49,104
283,104
318,104
331,104
331,104
336,104
340,104
344,104
344,104
353,104
479,104
0,105
47,105
278,105
318,105
331,105
331,105
336,105
339,105
352,105
356,105
358,105
364,105
366,105
479,105
0,106
47,106
279,106
317,106
330,106
330,106
336,106
337,106
352,106
362,106
366,106
479,106
0,107
46,107
280,107
317,107
336,107
337,107
351,107
355,107
366,107
479,107
0,108
42,108
281,108
281,108
283,108
291,108
296,108
297,108
300,108
316,108
336,108
336,108
350,108
351,108
363,108
375,108
378,108
479,108
0,109
41,109
281,109
291,109
300,109
312,109
315,109
315,109
358,109
374,109
378,109
479,109
0,110
31,110
36,110
40,110
281,110
291,110
300,110
312,110
356,110
356,110
360,110
368,110
379,110
479,110
0,111
31,111
36,111
39,111
281,111
291,111
300,111
312,111
353,111
354,111
360,111
362,111
365,111
367,111
380,111
479,111
0,112
28,112
281,112
290,112
300,112
311,112
351,112
351,112
355,112
355,112
359,112
362,112
367,112
367,112
370,112
370,112
381,112
479,112
0,113
27,113
281,113
290,113
300,113
309,113
332,113
332,113
349,113
351,113
358,113
359,113
361,113
362,113
366,113
366,113
381,113
479,113
0,114
27,114
281,114
289,114
300,114
308,114
325,114
326,114
345,114
348,114
353,114
353,114
358,114
359,114
361,114
362,114
381,114
479,114
0,115
27,115
280,115
289,115
299,115
308,115
324,115
325,115
343,115
345,115
357,115
359,115
373,115
373,115
376,115
479,115
0,116
25,116
280,116
289,116
299,116
299,116
302,116
304,116
306,116
308,116
324,116
325,116
342,116
345,116
350,116
351,116
370,116
479,116
0,117
24,117
279,117
286,117
288,117
288,117
306,117
308,117
322,117
322,117
324,117
324,117
341,117
345,117
348,117
349,117
372,117
479,117
0,118
18,118
279,118
287,118
293,118
293,118
306,118
307,118
321,118
321,118
339,118
343,118
345,118
346,118
370,118
479,118
0,119
18,119
279,119
287,119
306,119
307,119
339,119
345,119
366,119
479,119
0,120
17,120
277,120
277,120
279,120
287,120
292,120
292,120
305,120
306,120
336,120
338,120
341,120
341,120
361,120
479,120
0,121
16,121
277,121
287,121
292,121
292,121
304,121
305,121
358,121
479,121
0,122
15,122
276,122
286,122
292,122
292,122
303,122
303,122
330,122
330,122
354,122
359,122
361,122
479,122
0,123
15,123
276,123
276,123
278,123
286,123
302,123
302,123
352,123
356,123
359,123
359,123
361,123
479,123
0,124
15,124
275,124
276,124
278,124
286,124
301,124
301,124
351,124
351,124
361,124
479,124
0,125
15,125
275,125
287,125
300,125
300,125
360,125
479,125
0,126
14,126
274,126
286,126
295,126
295,126
300,126
300,126
350,126
367,126
372,126
479,126
0,127
13,127
273,127
279,127
282,127
284,127
287,127
287,127
300,127
300,127
330,127
330,127
332,127
338,127
344,127
344,127
346,127
347,127
349,127
352,127
355,127
367,127
373,127
479,127
0,128
12,128
273,128
273,128
277,128
278,128
283,128
284,128
298,128
298,128
320,128
336,128
338,128
338,128
340,128
341,128
346,128
367,128
374,128
479,128
0,129
11,129
273,129
275,129
277,129
277,129
282,129
285,129
296,129
296,129
317,129
336,129
340,129
340,129
345,129
367,129
374,129
479,129
0,130
11,130
274,130
275,130
280,130
284,130
296,130
296,130
315,130
338,130
350,130
367,130
374,130
479,130
0,131
11,131
280,131
281,131
314,131
332,131
336,131
338,131
350,131
367,131
371,131
371,131
373,131
479,131
0,132
9,132
278,132
280,132
312,132
318,132
321,132
323,132
325,132
325,132
327,132
334,132
337,132
337,132
341,132
341,132
349,132
479,132
0,133
8,133
276,133
282,133
312,133
318,133
320,133
320,133
327,133
335,133
337,133
337,133
341,133
342,133
349,133
479,133
0,134
8,134
274,134
277,134
295,134
295,134
312,134
315,134
318,134
319,134
328,134
335,134
344,134
344,134
349,134
352,134
355,134
358,134
364,134
479,134
0,135
7,135
293,135
293,135
311,135
311,135
313,135
314,135
326,135
326,135
328,135
330,135
333,135
335,135
348,135
351,135
363,135
479,135
0,136
7,136
274,136
278,136
311,136
312,136
324,136
324,136
326,136
328,136
335,136
335,136
360,136
391,136
396,136
479,136
0,137
8,137
274,137
277,137
290,137
291,137
306,137
306,137
358,137
391,137
396,137
479,137
0,138
8,138
273,138
276,138
288,138
288,138
355,138
388,138
396,138
479,138
0,139
9,139
273,139
275,139
303,139
303,139
353,139
362,139
367,139
387,139
396,139
479,139
0,140
8,140
273,140
274,140
351,140
353,140
357,140
358,140
367,140
387,140
395,140
479,140
0,141
8,141
366,141
387,141
394,141
479,141
0,142
8,142
313,142
314,142
316,142
316,142
329,142
329,142
362,142
387,142
393,142
479,142
0,143
8,143
312,143
314,143
359,143
387,143
393,143
479,143
0,144
8,144
310,144
315,144
357,144
479,144
0,145
8,145
309,145
315,145
355,145
479,145
0,146
8,146
308,146
315,146
360,146
479,146
0,147
8,147
305,147
315,147
363,147
365,147
370,147
479,147
0,148
8,148
304,148
305,148
308,148
315,148
366,148
366,148
368,148
479,148
0,149
8,149
302,149
313,149
348,149
349,149
370,149
479,149
0,150
9,150
299,150
302,150
305,150
314,150
346,150
346,150
348,150
350,150
372,150
479,150
0,151
9,151
299,151
299,151
304,151
314,151
350,151
356,151
359,151
359,151
372,151
479,151
0,152
9,152
292,152
292,152
296,152
315,152
352,152
352,152
355,152
356,152
358,152
479,152
0,153
9,153
289,153
312,153
356,153
479,153
0,154
9,154
291,154
291,154
293,154
293,154
297,154
312,154
340,154
341,154
357,154
360,154
363,154
479,154
0,155
9,155
282,155
282,155
298,155
312,155
338,155
342,155
360,155
479,155
0,156
9,156
288,156
288,156
296,156
312,156
337,156
345,156
360,156
404,156
406,156
406,156
408,156
408,156
412,156
479,156
0,157
9,157
295,157
312,157
336,157
352,157
357,157
357,157
364,157
402,157
407,157
408,157
412,157
479,157
0,158
8,158
292,158
312,158
338,158
351,158
367,158
369,158
371,158
397,158
400,158
401,158
412,158
479,158
0,159
8,159
288,159
288,159
290,159
312,159
339,159
339,159
341,159
352,159
357,159
358,159
367,159
397,159
412,159
479,159
0,160
8,160
287,160
312,160
340,160
340,160
343,160
353,160
355,160
360,160
362,160
364,160
367,160
396,160
406,160
407,160
412,160
479,160
0,161
8,161
286,161
312,161
344,161
396,161
407,161
407,161
412,161
479,161
0,162
7,162
279,162
279,162
286,162
311,162
346,162
396,162
412,162
479,162
0,163
7,163
285,163
311,163
350,163
396,163
407,163
407,163
412,163
479,163
0,164
7,164
280,164
280,164
285,164
311,164
329,164
330,164
355,164
396,164
407,164
407,164
412,164
479,164
0,165
7,165
280,165
280,165
286,165
311,165
327,165
333,165
359,165
396,165
407,165
407,165
411,165
479,165
0,166
7,166
286,166
286,166
288,166
311,166
327,166
339,166
356,166
357,166
359,166
396,166
407,166
407,166
411,166
479,166
0,167
7,167
288,167
288,167
291,167
311,167
327,167
332,167
334,167
342,167
355,167
396,167
407,167
407,167
411,167
479,167
0,168
7,168
292,168
308,168
327,168
328,168
330,168
332,168
334,168
355,168
357,168
392,168
396,168
396,168
411,168
450,168
452,168
479,168
0,169
8,169
291,169
306,169
326,169
328,169
330,169
332,169
335,169
386,169
389,169
391,169
396,169
396,169
411,169
448,169
452,169
479,169
0,170
8,170
289,170
289,170
291,170
294,170
297,170
304,170
324,170
331,170
333,170
340,170
344,170
352,170
357,170
385,170
391,170
391,170
410,170
444,170
448,170
449,170
452,170
479,170
0,171
9,171
288,171
289,171
292,171
294,171
297,171
301,171
303,171
304,171
322,171
324,171
326,171
329,171
332,171
337,171
344,171
351,171
357,171
384,171
410,171
444,171
452,171
479,171
0,172
9,172
286,172
287,172
292,172
297,172
320,172
321,172
324,172
324,172
327,172
328,172
344,172
345,172
352,172
353,172
357,172
384,172
410,172
444,172
453,172
454,172
456,172
479,172
0,173
10,173
291,173
292,173
294,173
299,173
334,173
334,173
342,173
344,173
357,173
385,173
410,173
438,173
442,173
443,173
446,173
447,173
450,173
452,173
456,173
479,173
0,174
10,174
290,174
291,174
318,174
318,174
340,174
343,174
349,174
350,174
357,174
385,174
409,174
435,174
446,174
447,174
450,174
451,174
457,174
479,174
0,175
11,175
288,175
289,175
338,175
343,175
355,175
385,175
409,175
435,175
446,175
447,175
450,175
450,175
457,175
479,175
0,176
9,176
287,176
287,176
313,176
313,176
337,176
340,176
354,176
385,176
397,176
397,176
409,176
436,176
438,176
441,176
452,176
453,176
457,176
479,176
0,177
9,177
335,177
337,177
339,177
339,177
347,177
347,177
353,177
366,177
368,177
385,177
409,177
441,177
457,177
479,177
0,178
9,178
337,178
339,178
347,178
347,178
351,178
363,178
366,178
385,178
408,178
437,178
451,178
453,178
456,178
479,178
0,179
8,179
343,179
343,179
345,179
345,179
351,179
362,179
365,179
384,179
408,179
431,179
434,179
437,179
452,179
452,179
456,179
479,179
0,180
4,180
302,180
303,180
345,180
345,180
350,180
360,180
363,180
364,180
367,180
384,180
408,180
412,180
418,180
429,180
434,180
437,180
455,180
479,180
0,181
1,181
300,181
322,181
349,181
358,181
363,181
366,181
368,181
385,181
408,181
411,181
418,181
429,181
433,181
437,181
455,181
479,181
0,182
0,182
299,182
317,182
319,182
328,182
349,182
350,182
365,182
385,182
408,182
411,182
418,182
421,182
423,182
428,182
433,182
434,182
454,182
479,182
298,183
328,183
367,183
374,183
376,183
385,183
408,183
411,183
418,183
420,183
424,183
427,183
431,183
434,183
451,183
479,183
295,184
295,184
297,184
329,184
362,184
367,184
372,184
372,184
379,184
383,184
399,184
399,184
406,184
411,184
418,184
419,184
426,184
426,184
450,184
479,184
296,185
329,185
359,185
363,185
376,185
386,185
406,185
411,185
418,185
419,185
431,185
431,185
446,185
479,185
296,186
299,186
302,186
329,186
357,186
359,186
373,186
375,186
377,186
383,186
386,186
387,186
406,186
415,186
444,186
479,186
296,187
299,187
302,187
329,187
369,187
370,187
373,187
377,187
380,187
383,187
387,187
387,187
406,187
415,187
443,187
443,187
445,187
479,187
302,188
302,188
304,188
329,188
363,188
368,188
372,188
376,188
382,188
383,188
387,188
387,188
405,188
413,188
442,188
451,188
453,188
479,188
302,189
302,189
304,189
329,189
361,189
367,189
372,189
376,189
383,189
383,189
387,189
388,189
405,189
412,189
440,189
445,189
449,189
452,189
456,189
479,189
301,190
329,190
363,190
367,190
372,190
376,190
388,190
388,190
404,190
411,190
439,190
441,190
444,190
444,190
448,190
450,190
456,190
479,190
300,191
329,191
352,191
353,191
355,191
355,191
357,191
357,191
364,191
376,191
388,191
389,191
404,191
411,191
454,191
479,191
300,192
328,192
347,192
347,192
353,192
376,192
403,192
405,192
451,192
451,192
456,192
479,192
299,193
326,193
349,193
349,193
354,193
376,193
404,193
405,193
411,193
411,193
450,193
479,193
299,194
324,194
356,194
377,194
404,194
404,194
446,194
479,194
298,195
322,195
356,195
377,195
444,195
479,195
298,196
319,196
321,196
321,196
359,196
377,196
385,196
385,196
401,196
401,196
441,196
479,196
298,197
318,197
360,197
378,197
439,197
479,197
298,198
312,198
343,198
343,198
360,198
378,198
437,198
479,198
298,199
312,199
342,199
342,199
356,199
379,199
435,199
479,199
298,200
308,200
311,200
312,200
338,200
338,200
353,200
379,200
432,200
443,200
445,200
448,200
451,200
479,200
298,201
308,201
311,201
311,201
352,201
379,201
431,201
445,201
451,201
479,201
299,202
311,202
349,202
379,202
430,202
435,202
440,202
441,202
444,202
444,202
451,202
479,202
299,203
303,203
305,203
306,203
346,203
379,203
400,203
400,203
427,203
434,203
440,203
440,203
448,203
479,203
343,204
379,204
426,204
430,204
445,204
457,204
468,204
479,204
343,205
343,205
347,205
379,205
424,205
426,205
428,205
430,205
436,205
436,205
442,205
457,205
467,205
479,205
346,206
379,206
423,206
424,206
429,206
429,206
439,206
439,206
441,206
457,206
466,206
479,206
346,207
346,207
348,207
379,207
420,207
421,207
437,207
457,207
466,207
479,207
347,208
347,208
349,208
379,208
420,208
420,208
434,208
457,208
464,208
479,208
351,209
379,209
430,209
457,209
463,209
479,209
339,210
339,210
349,210
350,210
352,210
380,210
429,210
457,210
462,210
479,210
329,211
331,211
336,211
339,211
341,211
342,211
344,211
346,211
348,211
380,211
426,211
479,211
314,212
315,212
318,212
318,212
328,212
328,212
330,212
331,212
336,212
336,212
341,212
341,212
345,212
377,212
380,212
380,212
423,212
423,212
426,212
436,212
439,212
479,212
302,213
302,213
310,213
315,213
318,213
318,213
325,213
326,213
328,213
328,213
336,213
338,213
340,213
340,213
346,213
379,213
421,213
435,213
440,213
479,213
312,214
315,214
337,214
338,214
348,214
376,214
379,214
379,214
420,214
420,214
424,214
435,214
440,214
479,214
313,215
315,215
318,215
318,215
343,215
343,215
348,215
376,215
424,215
435,215
440,215
479,215
311,216
311,216
342,216
342,216
358,216
372,216
424,216
429,216
432,216
435,216
440,216
479,216
307,217
307,217
323,217
323,217
340,217
342,217
358,217
371,217
423,217
427,217
432,217
435,217
440,217
479,217
321,218
324,218
339,218
341,218
358,218
371,218
420,218
422,218
431,218
479,218
319,219
323,219
339,219
340,219
359,219
371,219
416,219
419,219
430,219
479,219
316,220
319,220
323,220
323,220
338,220
340,220
359,220
366,220
412,220
416,220
427,220
479,220
316,221
319,221
337,221
341,221
358,221
367,221
411,221
411,221
424,221
425,221
427,221
479,221
316,222
318,222
335,222
335,222
337,222
338,222
340,222
341,222
352,222
365,222
420,222
479,222
334,223
338,223
340,223
342,223
347,223
349,223
352,223
364,223
417,223
418,223
421,223
422,223
424,223
479,223
317,224
317,224
334,224
343,224
345,224
363,224
416,224
479,224
301,225
301,225
303,225
303,225
338,225
361,225
414,225
479,225
303,226
303,226
332,226
332,226
339,226
355,226
413,226
414,226
416,226
479,226
303,227
303,227
331,227
331,227
339,227
353,227
411,227
413,227
416,227
416,227
418,227
479,227
303,228
303,228
308,228
309,228
332,228
341,228
343,228
346,228
411,228
412,228
416,228
464,228
469,228
479,228
308,229
309,229
329,229
341,229
422,229
463,229
469,229
479,229
314,230
314,230
328,230
330,230
332,230
336,230
422,230
463,230
469,230
479,230
327,231
332,231
417,231
464,231
469,231
479,231
304,232
304,232
327,232
327,232
329,232
329,232
401,232
402,232
404,232
404,232
415,232
479,232
304,233
304,233
306,233
307,233
311,233
311,233
350,233
350,233
353,233
356,233
359,233
359,233
394,233
395,233
412,233
415,233
417,233
479,233
305,234
305,234
310,234
311,234
346,234
348,234
351,234
359,234
364,234
364,234
391,234
391,234
411,234
479,234
305,235
305,235
310,235
311,235
344,235
347,235
349,235
349,235
351,235
354,235
356,235
358,235
402,235
406,235
409,235
479,235
304,236
304,236
308,236
312,236
342,236
349,236
351,236
354,236
356,236
356,236
395,236
395,236
403,236
409,236
415,236
479,236
304,237
304,237
308,237
310,237
341,237
355,237
390,237
392,237
403,237
409,237
416,237
479,237
307,238
309,238
340,238
348,238
350,238
350,238
353,238
355,238
382,238
383,238
386,238
396,238
398,238
398,238
402,238
409,238
416,238
479,238
307,239
308,239
339,239
349,239
351,239
354,239
377,239
378,239
380,239
387,239
391,239
396,239
398,239
399,239
401,239
409,239
416,239
479,239
306,240
307,240
338,240
349,240
374,240
411,240
416,240
479,240
305,241
306,241
337,241
347,241
373,241
411,241
415,241
479,241
304,242
305,242
335,242
344,242
347,242
347,242
371,242
479,242
304,243
304,243
334,243
343,243
367,243
479,243
332,244
335,244
338,244
342,244
365,244
479,244
330,245
338,245
363,245
479,245
328,246
336,246
360,246
362,246
364,246
479,246
325,247
335,247
358,247
479,247
321,248
329,248
332,248
332,248
356,248
479,248
318,249
329,249
353,249
479,249
316,250
327,250
349,250
479,250
315,251
317,251
319,251
327,251
348,251
479,251
313,252
326,252
346,252
479,252
310,253
311,253
313,253
325,253
343,253
479,253
308,254
323,254
342,254
479,254
307,255
309,255
311,255
323,255
340,255
479,255
307,256
320,256
339,256
340,256
342,256
479,256
308,257
319,257
337,257
479,257
309,258
316,258
336,258
479,258
309,259
315,259
334,259
336,259
338,259
479,259
310,260
313,260
333,260
387,260
390,260
479,260
311,261
312,261
332,261
385,261
390,261
479,261
311,262
311,262
330,262
385,262
390,262
479,262
329,263
387,263
390,263
479,263
328,264
479,264
326,265
479,265
325,266
479,266
324,267
479,267
322,268
402,268
406,268
479,268
322,269
401,269
407,269
479,269
321,270
401,270
407,270
479,270
320,271
322,271
324,271
401,271
407,271
479,271
319,272
399,272
408,272
479,272
318,273
401,273
408,273
479,273
317,274
401,274
409,274
479,274
317,275
401,275
409,275
479,275
316,276
401,276
408,276
479,276
314,277
402,277
408,277
479,277
312,278
403,278
405,278
479,278
309,279
479,279
307,280
319,280
323,280
479,280
305,281
319,281
324,281
479,281
301,282
319,282
324,282
479,282
300,283
302,283
304,283
320,283
323,283
479,283
301,284
479,284
300,285
479,285
300,286
479,286
298,287
300,287
302,287
479,287
298,288
479,288
297,289
479,289
295,290
479,290
295,291
479,291
294,292
479,292
294,293
479,293
293,294
479,294
292,295
479,295
291,296
479,296
291,297
479,297
286,298
286,298
290,298
479,298
279,299
279,299
284,299
284,299
287,299
287,299
289,299
479,299
279,300
279,300
281,300
281,300
291,300
479,300
274,301
274,301
278,301
279,301
281,301
285,301
292,301
479,301
0,302
3,302
273,302
287,302
289,302
479,302
0,303
4,303
272,303
479,303
0,304
8,304
273,304
479,304
0,305
10,305
271,305
479,305
0,306
15,306
272,306
479,306
0,307
20,307
273,307
479,307
0,308
23,308
274,308
479,308
0,309
26,309
278,309
479,309
0,310
29,310
278,310
479,310
0,311
32,311
268,311
269,311
271,311
479,311
0,312
33,312
268,312
479,312
0,313
33,313
268,313
269,313
271,313
479,313
0,314
35,314
267,314
479,314
0,315
35,315
226,315
235,315
267,315
479,315
0,316
35,316
37,316
37,316
223,316
223,316
225,316
234,316
267,316
479,316
0,317
37,317
95,317
95,317
222,317
234,317
267,317
479,317
0,318
37,318
94,318
97,318
222,318
222,318
224,318
234,318
267,318
479,318
0,319
37,319
92,319
97,319
100,319
102,319
116,319
123,319
221,319
222,319
224,319
233,319
267,319
479,319
0,320
37,320
94,320
124,320
221,320
233,320
268,320
479,320
0,321
37,321
94,321
125,321
178,321
181,321
192,321
199,321
219,321
233,321
268,321
479,321
0,322
37,322
94,322
127,322
170,322
181,322
184,322
197,322
218,322
233,322
268,322
479,322
0,323
37,323
95,323
130,323
132,323
132,323
162,323
195,323
197,323
201,323
214,323
233,323
268,323
479,323
0,324
38,324
95,324
135,324
161,324
203,324
208,324
233,324
268,324
479,324
0,325
39,325
95,325
136,325
157,325
204,325
208,325
233,325
268,325
479,325
0,326
39,326
96,326
138,326
144,326
233,326
268,326
479,326
0,327
39,327
96,327
232,327
268,327
479,327
0,328
40,328
97,328
232,328
268,328
479,328
0,329
41,329
97,329
232,329
269,329
479,329
0,330
41,330
97,330
232,330
269,330
479,330
0,331
41,331
98,331
231,331
269,331
479,331
0,332
42,332
98,332
231,332
270,332
479,332
0,333
42,333
98,333
231,333
270,333
479,333
0,334
41,334
43,334
43,334
98,334
231,334
270,334
479,334
0,335
38,335
41,335
41,335
43,335
43,335
98,335
231,335
270,335
479,335
0,336
41,336
43,336
43,336
98,336
231,336
271,336
479,336
0,337
36,337
38,337
39,337
43,337
43,337
98,337
231,337
271,337
479,337
0,338
35,338
97,338
231,338
271,338
479,338
0,339
34,339
97,339
231,339
271,339
479,339
0,340
33,340
96,340
231,340
271,340
479,340
0,341
32,341
96,341
231,341
271,341
479,341
0,342
29,342
96,342
231,342
271,342
479,342
0,343
25,343
95,343
231,343
271,343
479,343
0,344
21,344
96,344
229,344
271,344
479,344
0,345
18,345
94,345
94,345
96,345
228,345
271,345
479,345
0,346
16,346
93,346
228,346
271,346
479,346
0,347
15,347
93,347
227,347
272,347
479,347
0,348
12,348
92,348
227,348
272,348
479,348
0,349
10,349
92,349
226,349
272,349
479,349
0,350
9,350
91,350
226,350
272,350
479,350
0,351
8,351
91,351
225,351
272,351
479,351
0,352
7,352
91,352
224,352
272,352
479,352
0,353
5,353
90,353
224,353
272,353
479,353
0,354
5,354
90,354
223,354
272,354
479,354
0,355
5,355
92,355
223,355
272,355
479,355
0,356
5,356
92,356
223,356
272,356
479,356
0,357
5,357
92,357
223,357
272,357
479,357
0,358
5,358
93,358
223,358
272,358
479,358
0,359
5,359
94,359
223,359
272,359
479,359
