0,0
479,0
0,1
479,1
0,2
479,2
0,3
479,3
0,4
73,4
77,4
479,4
0,5
73,5
78,5
479,5
0,6
73,6
79,6
479,6
0,7
72,7
80,7
479,7
0,8
72,8
80,8
479,8
0,9
72,9
80,9
479,9
0,10
73,10
80,10
479,10
0,11
73,11
79,11
479,11
0,12
73,12
79,12
479,12
0,13
73,13
78,13
479,13
0,14
146,14
149,14
479,14
0,15
144,15
149,15
479,15
0,16
94,16
96,16
103,16
107,16
142,16
150,16
479,16
0,17
102,17
109,17
140,17
150,17
479,17
0,18
101,18
109,18
138,18
151,18
479,18
0,19
101,19
109,19
137,19
151,19
479,19
0,20
101,20
108,20
135,20
152,20
479,20
0,21
102,21
107,21
130,21
133,21
134,21
152,21
479,21
0,22
133,22
153,22
479,22
0,23
131,23
153,23
479,23
0,24
80,24
111,24
130,24
154,24
479,24
0,25
76,25
115,25
128,25
154,25
479,25
0,26
73,26
121,26
127,26
154,26
154,26
156,26
479,26
0,27
70,27
154,27
479,27
0,28
69,28
155,28
479,28
0,29
66,29
155,29
479,29
0,30
64,30
155,30
479,30
0,31
63,31
156,31
479,31
0,32
61,32
156,32
156,32
158,32
479,32
0,33
60,33
156,33
479,33
0,34
31,34
33,34
59,34
159,34
479,34
0,35
31,35
34,35
58,35
161,35
479,35
0,36
30,36
35,36
56,36
162,36
479,36
0,37
30,37
36,37
38,37
40,37
55,37
164,37
479,37
0,38
30,38
38,38
38,38
40,38
55,38
166,38
479,38
0,39
30,39
40,39
53,39
168,39
479,39
0,40
30,40
41,40
52,40
169,40
479,40
0,41
30,41
42,41
52,41
171,41
479,41
0,42
30,42
42,42
51,42
172,42
479,42
0,43
30,43
43,43
50,43
173,43
479,43
0,44
31,44
44,44
49,44
174,44
479,44
0,45
39,45
43,45
49,45
176,45
479,45
0,46
48,46
176,46
479,46
0,47
32,47
35,47
47,47
177,47
479,47
0,48
46,48
179,48
479,48
0,49
46,49
180,49
479,49
0,50
45,50
181,50
479,50
0,51
44,51
182,51
479,51
0,52
44,52
183,52
479,52
0,53
43,53
183,53
479,53
0,54
43,54
184,54
479,54
0,55
42,55
185,55
446,55
452,55
479,55
0,56
42,56
186,56
282,56
284,56
445,56
454,56
479,56
0,57
41,57
186,57
279,57
288,57
444,57
455,57
479,57
0,58
40,58
187,58
280,58
288,58
444,58
455,58
479,58
0,59
40,59
188,59
280,59
288,59
444,59
456,59
479,59
0,60
40,60
189,60
280,60
288,60
444,60
456,60
479,60
0,61
40,61
189,61
282,61
284,61
447,61
456,61
479,61
0,62
39,62
190,62
479,62
0,63
39,63
190,63
479,63
0,64
38,64
191,64
479,64
0,65
38,65
191,65
479,65
0,66
37,66
192,66
479,66
0,67
37,67
192,67
479,67
0,68
37,68
193,68
479,68
0,69
36,69
193,69
479,69
0,70
36,70
194,70
479,70
0,71
36,71
194,71
479,71
0,72
36,72
195,72
479,72
0,73
35,73
195,73
479,73
0,74
35,74
195,74
479,74
0,75
35,75
196,75
479,75
0,76
35,76
196,76
479,76
0,77
34,77
196,77
479,77
0,78
34,78
196,78
479,78
0,79
34,79
196,79
479,79
0,80
34,80
197,80
479,80
0,81
34,81
197,81
479,81
0,82
33,82
198,82
479,82
0,83
33,83
198,83
479,83
0,84
33,84
198,84
479,84
0,85
33,85
198,85
479,85
0,86
33,86
198,86
479,86
0,87
33,87
198,87
479,87
0,88
34,88
199,88
479,88
0,89
34,89
199,89
479,89
0,90
34,90
199,90
479,90
0,91
34,91
199,91
479,91
0,92
34,92
199,92
479,92
0,93
35,93
199,93
479,93
0,94
34,94
199,94
417,94
421,94
479,94
0,95
32,95
199,95
416,95
421,95
479,95
0,96
25,96
27,96
27,96
199,96
415,96
423,96
479,96
0,97
25,97
199,97
414,97
423,97
479,97
0,98
22,98
199,98
414,98
423,98
479,98
0,99
20,99
199,99
414,99
423,99
479,99
0,100
2,100
14,100
18,100
199,100
413,100
423,100
479,100
0,101
2,101
16,101
16,101
199,101
413,101
422,101
479,101
0,102
2,102
199,102
413,102
422,102
479,102
0,103
2,103
199,103
414,103
421,103
479,103
0,104
2,104
199,104
415,104
420,104
479,104
0,105
2,105
199,105
479,105
0,106
2,106
198,106
479,106
0,107
2,107
198,107
479,107
0,108
2,108
198,108
479,108
0,109
3,109
198,109
479,109
0,110
3,110
197,110
479,110
0,111
4,111
197,111
479,111
0,112
4,112
196,112
479,112
0,113
5,113
196,113
479,113
0,114
5,114
195,114
479,114
0,115
6,115
195,115
479,115
0,116
5,116
194,116
340,116
345,116
479,116
0,117
5,117
195,117
338,117
346,117
479,117
0,118
4,118
195,118
337,118
346,118
479,118
0,119
3,119
195,119
337,119
345,119
479,119
0,120
2,120
196,120
337,120
339,120
340,120
342,120
479,120
0,121
1,121
196,121
479,121
0,122
2,122
197,122
479,122
0,123
2,123
197,123
479,123
0,124
4,124
198,124
479,124
0,125
6,125
198,125
479,125
0,126
8,126
198,126
479,126
0,127
10,127
199,127
479,127
0,128
13,128
200,128
479,128
0,129
14,129
200,129
479,129
0,130
16,130
200,130
479,130
0,131
18,131
201,131
479,131
0,132
21,132
202,132
479,132
0,133
23,133
202,133
307,133
310,133
479,133
0,134
24,134
203,134
306,134
311,134
479,134
0,135
27,135
36,135
36,135
203,135
304,135
312,135
479,135
0,136
29,136
35,136
36,136
204,136
205,136
208,136
210,136
212,136
212,136
218,136
305,136
312,136
479,136
0,137
31,137
33,137
36,137
204,137
206,137
208,137
210,137
219,137
306,137
311,137
479,137
0,138
31,138
34,138
36,138
205,138
210,138
219,138
479,138
0,139
36,139
206,139
210,139
219,139
479,139
0,140
36,140
206,140
210,140
219,140
479,140
0,141
36,141
206,141
212,141
217,141
479,141
0,142
36,142
206,142
479,142
0,143
36,143
206,143
479,143
0,144
36,144
206,144
479,144
0,145
36,145
204,145
479,145
0,146
36,146
203,146
479,146
0,147
35,147
202,147
479,147
0,148
35,148
202,148
479,148
0,149
35,149
196,149
196,149
200,149
479,149
0,150
35,150
195,150
479,150
0,151
35,151
196,151
479,151
0,152
35,152
196,152
197,152
200,152
479,152
0,153
35,153
196,153
197,153
200,153
479,153
0,154
35,154
197,154
479,154
0,155
35,155
197,155
479,155
0,156
35,156
197,156
479,156
0,157
35,157
198,157
198,157
200,157
479,157
0,158
34,158
198,158
479,158
0,159
35,159
198,159
479,159
0,160
34,160
198,160
479,160
0,161
34,161
199,161
479,161
0,162
34,162
199,162
479,162
0,163
34,163
199,163
479,163
0,164
34,164
199,164
479,164
0,165
33,165
200,165
479,165
0,166
33,166
200,166
479,166
0,167
32,167
200,167
479,167
0,168
28,168
30,168
32,168
201,168
479,168
0,169
30,169
201,169
479,169
0,170
29,170
201,170
479,170
0,171
28,171
202,171
479,171
0,172
25,172
203,172
479,172
0,173
24,173
203,173
479,173
0,174
22,174
203,174
479,174
0,175
19,175
204,175
479,175
0,176
20,176
205,176
479,176
0,177
22,177
25,177
28,177
205,177
479,177
0,178
27,178
205,178
479,178
0,179
26,179
206,179
479,179
0,180
26,180
207,180
479,180
0,181
25,181
207,181
208,181
210,181
479,181
0,182
24,182
208,182
479,182
0,183
24,183
208,183
479,183
0,184
23,184
209,184
479,184
0,185
22,185
210,185
479,185
0,186
22,186
211,186
479,186
0,187
22,187
25,187
25,187
34,187
34,187
211,187
479,187
0,188
25,188
33,188
33,188
212,188
479,188
0,189
23,189
32,189
32,189
213,189
479,189
0,190
23,190
31,190
31,190
213,190
479,190
0,191
21,191
23,191
24,191
30,191
30,191
215,191
479,191
0,192
23,192
215,192
479,192
0,193
23,193
28,193
28,193
216,193
479,193
0,194
22,194
27,194
28,194
217,194
479,194
0,195
22,195
25,195
27,195
218,195
219,195
221,195
479,195
0,196
24,196
34,196
36,196
219,196
479,196
0,197
24,197
31,197
36,197
220,197
479,197
0,198
24,198
29,198
36,198
220,198
222,198
224,198
479,198
0,199
36,199
221,199
479,199
0,200
36,200
223,200
479,200
0,201
36,201
224,201
479,201
0,202
36,202
41,202
41,202
225,202
227,202
229,202
479,202
0,203
36,203
41,203
41,203
226,203
479,203
0,204
35,204
41,204
41,204
228,204
479,204
0,205
35,205
40,205
41,205
231,205
479,205
0,206
36,206
40,206
40,206
232,206
479,206
0,207
36,207
39,207
40,207
233,207
479,207
0,208
36,208
38,208
40,208
217,208
223,208
234,208
479,208
0,209
39,209
42,209
42,209
216,209
224,209
236,209
479,209
0,210
38,210
41,210
42,210
216,210
227,210
238,210
479,210
0,211
37,211
41,211
43,211
213,211
231,211
238,211
479,211
0,212
43,212
212,212
233,212
238,212
479,212
0,213
43,213
213,213
235,213
238,213
479,213
0,214
44,214
211,214
479,214
0,215
43,215
51,215
55,215
210,215
479,215
0,216
41,216
52,216
57,216
156,216
160,216
209,216
479,216
0,217
42,217
50,217
61,217
153,217
164,217
207,217
479,217
0,218
42,218
49,218
57,218
158,218
162,218
164,218
167,218
206,218
479,218
0,219
41,219
49,219
55,219
161,219
167,219
208,219
479,219
0,220
39,220
41,220
42,220
49,220
52,220
166,220
167,220
173,220
175,220
177,220
185,220
204,220
479,220
0,221
42,221
49,221
49,221
171,221
178,221
181,221
186,221
188,221
188,221
203,221
479,221
0,222
42,222
48,222
48,222
173,222
191,222
202,222
479,222
0,223
41,223
176,223
479,223
0,224
40,224
42,224
42,224
182,224
182,224
185,224
479,224
0,225
41,225
185,225
479,225
0,226
40,226
186,226
479,226
0,227
35,227
37,227
38,227
186,227
479,227
0,228
36,228
187,228
479,228
0,229
34,229
188,229
479,229
0,230
33,230
189,230
479,230
0,231
31,231
190,231
479,231
0,232
28,232
190,232
479,232
0,233
26,233
191,233
479,233
0,234
24,234
191,234
479,234
0,235
23,235
191,235
479,235
0,236
22,236
191,236
479,236
0,237
21,237
191,237
479,237
0,238
20,238
189,238
479,238
0,239
20,239
187,239
479,239
0,240
19,240
187,240
479,240
0,241
19,241
187,241
479,241
0,242
18,242
188,242
479,242
0,243
18,243
189,243
479,243
0,244
18,244
189,244
479,244
0,245
18,245
190,245
479,245
0,246
18,246
191,246
479,246
0,247
18,247
191,247
479,247
0,248
17,248
20,248
20,248
192,248
479,248
0,249
21,249
192,249
479,249
0,250
21,250
193,250
479,250
0,251
19,251
21,251
21,251
193,251
479,251
0,252
21,252
194,252
479,252
0,253
22,253
194,253
479,253
0,254
20,254
22,254
22,254
194,254
479,254
0,255
22,255
195,255
479,255
0,256
21,256
195,256
479,256
0,257
21,257
196,257
479,257
0,258
21,258
196,258
479,258
0,259
20,259
197,259
479,259
0,260
20,260
197,260
473,260
476,260
476,260
479,260
479,260
0,261
20,261
197,261
470,261
0,262
19,262
198,262
469,262
0,263
19,263
198,263
469,263
0,264
19,264
199,264
472,264
0,265
18,265
199,265
471,265
475,265
475,265
0,266
18,266
199,266
471,266
475,266
475,266
0,267
18,267
199,267
473,267
0,268
18,268
200,268
200,268
210,268
479,268
0,269
17,269
210,269
210,269
212,269
479,269
0,270
17,270
210,270
479,270
0,271
17,271
210,271
479,271
0,272
17,272
211,272
479,272
0,273
17,273
211,273
479,273
0,274
16,274
210,274
479,274
0,275
16,275
210,275
479,275
0,276
16,276
210,276
479,276
0,277
14,277
16,277
16,277
210,277
479,277
0,278
15,278
210,278
479,278
0,279
12,279
209,279
479,279
0,280
11,280
209,280
479,280
0,281
11,281
209,281
479,281
0,282
11,282
208,282
479,282
0,283
11,283
208,283
479,283
0,284
11,284
208,284
479,284
0,285
11,285
208,285
479,285
0,286
11,286
209,286
479,286
0,287
8,287
10,287
11,287
209,287
479,287
0,288
6,288
208,288
479,288
0,289
6,289
210,289
479,289
0,290
8,290
211,290
479,290
0,291
8,291
213,291
479,291
0,292
6,292
8,292
9,292
217,292
479,292
0,293
9,293
218,293
479,293
0,294
9,294
219,294
479,294
0,295
10,295
220,295
479,295
0,296
10,296
220,296
415,296
424,296
479,296
0,297
10,297
220,297
415,297
424,297
479,297
0,298
10,298
220,298
415,298
423,298
479,298
0,299
10,299
221,299
415,299
423,299
479,299
0,300
10,300
221,300
415,300
423,300
479,300
0,301
10,301
220,301
415,301
422,301
479,301
0,302
10,302
220,302
415,302
422,302
479,302
0,303
10,303
218,303
479,303
0,304
10,304
217,304
218,304
220,304
479,304
0,305
10,305
217,305
479,305
0,306
10,306
217,306
479,306
0,307
9,307
217,307
479,307
0,308
9,308
217,308
479,308
0,309
9,309
217,309
479,309
0,310
9,310
217,310
479,310
0,311
8,311
217,311
479,311
0,312
7,312
218,312
479,312
0,313
7,313
218,313
479,313
0,314
6,314
217,314
479,314
0,315
5,315
217,315
479,315
0,316
5,316
217,316
479,316
0,317
3,317
218,317
479,317
0,318
2,318
218,318
479,318
1,319
2,319
218,319
479,319
1,320
2,320
219,320
479,320
0,321
3,321
219,321
479,321
0,322
2,322
220,322
479,322
0,323
2,323
221,323
479,323
0,324
1,324
221,324
479,324
0,325
0,325
222,325
479,325
0,326
0,326
222,326
479,326
0,327
0,327
222,327
479,327
0,328
0,328
223,328
479,328
0,329
1,329
224,329
479,329
0,330
1,330
224,330
479,330
0,331
2,331
225,331
225,331
227,331
479,331
0,332
3,332
178,332
178,332
225,332
479,332
0,333
5,333
178,333
178,333
226,333
479,333
0,334
4,334
6,334
7,334
178,334
178,334
227,334
479,334
0,335
7,335
178,335
178,335
227,335
479,335
0,336
6,336
178,336
178,336
228,336
479,336
0,337
6,337
178,337
178,337
228,337
479,337
0,338
6,338
178,338
178,338
229,338
479,338
0,339
5,339
178,339
178,339
229,339
479,339
0,340
5,340
178,340
178,340
230,340
479,340
0,341
4,341
178,341
178,341
230,341
479,341
0,342
5,342
178,342
178,342
231,342
479,342
0,343
5,343
178,343
178,343
231,343
479,343
0,344
4,344
178,344
178,344
232,344
479,344
0,345
4,345
177,345
178,345
232,345
479,345
0,346
4,346
177,346
177,346
233,346
479,346
0,347
3,347
177,347
177,347
233,347
479,347
0,348
3,348
234,348
479,348
0,349
1,349
3,349
3,349
234,349
479,349
0,350
0,350
2,350
3,350
235,350
479,350
0,351
2,351
236,351
479,351
0,352
2,352
236,352
479,352
0,353
1,353
236,353
479,353
0,354
1,354
175,354
175,354
237,354
479,354
0,355
1,355
175,355
175,355
238,355
479,355
0,356
1,356
175,356
175,356
238,356
479,356
0,357
0,357
174,357
175,357
238,357
479,357
0,358
0,358
174,358
175,358
239,358
479,358
0,359
0,359
174,359
175,359
239,359
479,359
