0,0
127,0
134,0
479,0
0,1
123,1
125,1
126,1
135,1
479,1
0,2
125,2
135,2
479,2
0,3
123,3
136,3
479,3
0,4
84,4
87,4
121,4
136,4
479,4
0,5
83,5
89,5
120,5
137,5
479,5
0,6
83,6
90,6
119,6
137,6
479,6
0,7
83,7
91,7
117,7
137,7
479,7
0,8
83,8
91,8
116,8
138,8
479,8
0,9
83,9
91,9
115,9
138,9
479,9
0,10
83,10
91,10
114,10
139,10
479,10
0,11
84,11
90,11
113,11
139,11
139,11
141,11
479,11
0,12
83,12
90,12
112,12
139,12
479,12
0,13
83,13
89,13
110,13
140,13
479,13
0,14
84,14
88,14
105,14
108,14
109,14
140,14
140,14
142,14
479,14
0,15
108,15
140,15
479,15
0,16
94,16
96,16
107,16
140,16
479,16
0,17
94,17
96,17
106,17
140,17
479,17
0,18
90,18
92,18
104,18
141,18
479,18
0,19
70,19
92,19
94,19
96,19
103,19
141,19
479,19
0,20
66,20
96,20
102,20
141,20
479,20
0,21
62,21
101,21
101,21
142,21
479,21
0,22
59,22
142,22
479,22
0,23
56,23
142,23
479,23
0,24
54,24
142,24
479,24
0,25
52,25
142,25
479,25
0,26
50,26
143,26
479,26
0,27
48,27
143,27
479,27
0,28
47,28
143,28
479,28
0,29
46,29
144,29
479,29
0,30
45,30
146,30
479,30
0,31
43,31
147,31
479,31
0,32
42,32
149,32
479,32
0,33
41,33
152,33
479,33
0,34
38,34
40,34
40,34
154,34
479,34
0,35
39,35
155,35
479,35
0,36
38,36
156,36
479,36
0,37
38,37
158,37
479,37
0,38
37,38
159,38
479,38
0,39
36,39
161,39
479,39
0,40
36,40
162,40
479,40
0,41
35,41
163,41
479,41
0,42
32,42
34,42
34,42
164,42
479,42
0,43
31,43
166,43
479,43
0,44
31,44
166,44
479,44
0,45
31,45
167,45
479,45
0,46
30,46
168,46
479,46
0,47
30,47
169,47
479,47
0,48
30,48
170,48
479,48
0,49
30,49
171,49
479,49
0,50
29,50
172,50
479,50
0,51
29,51
172,51
479,51
0,52
28,52
174,52
479,52
0,53
27,53
174,53
479,53
0,54
27,54
175,54
479,54
0,55
27,55
176,55
479,55
0,56
26,56
176,56
479,56
0,57
26,57
177,57
479,57
0,58
26,58
177,58
479,58
0,59
25,59
178,59
460,59
462,59
479,59
0,60
25,60
179,60
293,60
295,60
458,60
467,60
479,60
0,61
24,61
180,61
291,61
298,61
458,61
467,61
479,61
0,62
24,62
180,62
290,62
299,62
457,62
468,62
479,62
0,63
24,63
181,63
291,63
299,63
456,63
468,63
479,63
0,64
24,64
181,64
291,64
299,64
457,64
469,64
479,64
0,65
23,65
181,65
291,65
299,65
460,65
469,65
479,65
0,66
23,66
182,66
292,66
296,66
479,66
0,67
22,67
182,67
479,67
0,68
22,68
183,68
479,68
0,69
22,69
183,69
479,69
0,70
22,70
184,70
479,70
0,71
21,71
184,71
479,71
0,72
21,72
184,72
479,72
0,73
21,73
185,73
479,73
0,74
21,74
185,74
479,74
0,75
21,75
185,75
479,75
0,76
20,76
185,76
479,76
0,77
20,77
186,77
479,77
0,78
20,78
186,78
479,78
0,79
20,79
187,79
479,79
0,80
20,80
188,80
479,80
0,81
20,81
187,81
479,81
0,82
20,82
187,82
479,82
0,83
20,83
187,83
479,83
0,84
20,84
188,84
479,84
0,85
20,85
188,85
479,85
0,86
20,86
188,86
479,86
0,87
20,87
188,87
479,87
0,88
21,88
188,88
479,88
0,89
20,89
188,89
479,89
0,90
17,90
188,90
479,90
0,91
11,91
188,91
479,91
0,92
9,92
188,92
479,92
0,93
6,93
188,93
479,93
0,94
1,94
3,94
4,94
188,94
434,94
439,94
479,94
0,95
2,95
188,95
432,95
439,95
479,95
188,96
432,96
439,96
479,96
188,97
431,97
439,97
479,97
188,98
430,98
439,98
479,98
187,99
430,99
439,99
479,99
187,100
430,100
439,100
479,100
187,101
430,101
439,101
479,101
187,102
430,102
438,102
479,102
187,103
430,103
438,103
479,103
187,104
431,104
437,104
479,104
187,105
432,105
435,105
479,105
187,106
479,106
186,107
479,107
186,108
479,108
185,109
479,109
186,110
479,110
184,111
479,111
184,112
479,112
183,113
479,113
183,114
479,114
183,115
479,115
183,116
479,116
183,117
479,117
184,118
355,118
361,118
479,118
184,119
355,119
363,119
479,119
184,120
353,120
363,120
479,120
185,121
353,121
361,121
479,121
185,122
354,122
360,122
479,122
185,123
355,123
360,123
479,123
186,124
479,124
0,125
0,125
186,125
479,125
0,126
2,126
186,126
479,126
0,127
4,127
187,127
479,127
0,128
5,128
188,128
479,128
0,129
7,129
189,129
479,129
0,130
9,130
189,130
479,130
0,131
10,131
20,131
20,131
190,131
479,131
0,132
12,132
19,132
19,132
191,132
479,132
0,133
15,133
18,133
19,133
191,133
479,133
0,134
19,134
192,134
479,134
0,135
19,135
192,135
479,135
0,136
19,136
193,136
313,136
320,136
479,136
0,137
19,137
194,137
312,137
320,137
479,137
0,138
19,138
194,138
312,138
320,138
479,138
0,139
19,139
194,139
313,139
320,139
479,139
0,140
18,140
192,140
217,140
226,140
479,140
0,141
17,141
192,141
217,141
226,141
479,141
0,142
18,142
190,142
217,142
226,142
479,142
0,143
18,143
189,143
217,143
226,143
479,143
0,144
18,144
188,144
219,144
224,144
479,144
0,145
18,145
188,145
479,145
0,146
18,146
186,146
479,146
0,147
18,147
183,147
479,147
0,148
17,148
183,148
479,148
0,149
17,149
183,149
183,149
186,149
479,149
0,150
17,150
183,150
184,150
186,150
479,150
0,151
17,151
184,151
479,151
0,152
17,152
184,152
479,152
0,153
17,153
184,153
479,153
0,154
17,154
184,154
184,154
186,154
479,154
0,155
17,155
184,155
184,155
186,155
479,155
0,156
16,156
184,156
479,156
0,157
16,157
184,157
479,157
0,158
16,158
185,158
479,158
0,159
16,159
185,159
479,159
0,160
16,160
185,160
479,160
0,161
16,161
185,161
479,161
0,162
16,162
185,162
479,162
0,163
16,163
186,163
479,163
0,164
16,164
186,164
479,164
0,165
16,165
186,165
479,165
0,166
16,166
186,166
479,166
0,167
15,167
187,167
479,167
0,168
15,168
186,168
479,168
0,169
13,169
187,169
479,169
0,170
12,170
187,170
479,170
0,171
9,171
187,171
479,171
0,172
7,172
187,172
479,172
0,173
5,173
187,173
479,173
0,174
6,174
14,174
16,174
188,174
479,174
0,175
15,175
188,175
479,175
0,176
15,176
188,176
479,176
0,177
14,177
188,177
479,177
0,178
13,178
189,178
479,178
0,179
13,179
189,179
479,179
0,180
12,180
189,180
479,180
0,181
12,181
190,181
479,181
0,182
11,182
190,182
479,182
0,183
10,183
190,183
479,183
0,184
9,184
191,184
479,184
0,185
9,185
191,185
479,185
0,186
11,186
191,186
479,186
0,187
11,187
191,187
479,187
0,188
11,188
192,188
479,188
0,189
8,189
10,189
10,189
192,189
479,189
0,190
10,190
192,190
479,190
0,191
9,191
14,191
15,191
193,191
479,191
0,192
10,192
13,192
15,192
193,192
479,192
0,193
10,193
12,193
15,193
193,193
479,193
0,194
14,194
194,194
479,194
0,195
10,195
12,195
13,195
194,195
479,195
0,196
13,196
194,196
479,196
0,197
15,197
195,197
479,197
0,198
15,198
195,198
479,198
0,199
15,199
196,199
479,199
0,200
15,200
196,200
479,200
0,201
15,201
196,201
479,201
0,202
15,202
197,202
212,202
221,202
479,202
0,203
15,203
198,203
211,203
222,203
479,203
0,204
14,204
198,204
198,204
200,204
212,204
222,204
479,204
0,205
14,205
198,205
211,205
222,205
479,205
0,206
14,206
199,206
211,206
222,206
479,206
0,207
14,207
199,207
211,207
222,207
479,207
0,208
14,208
200,208
213,208
218,208
219,208
221,208
479,208
0,209
14,209
24,209
27,209
200,209
479,209
0,210
13,210
23,210
30,210
201,210
479,210
0,211
13,211
23,211
25,211
29,211
32,211
201,211
479,211
0,212
14,212
22,212
25,212
27,212
32,212
201,212
479,212
0,213
13,213
21,213
25,213
27,213
36,213
202,213
479,213
0,214
13,214
20,214
24,214
26,214
38,214
52,214
53,214
203,214
479,214
0,215
13,215
20,215
23,215
25,215
41,215
43,215
43,215
50,215
54,215
204,215
479,215
0,216
13,216
19,216
50,216
149,216
151,216
206,216
479,216
0,217
13,217
19,217
35,217
38,217
45,217
152,217
153,217
195,217
195,217
206,217
479,217
0,218
13,218
18,218
18,218
20,218
43,218
193,218
197,218
207,218
479,218
0,219
13,219
18,219
18,219
20,219
41,219
191,219
197,219
208,219
479,219
0,220
12,220
17,220
18,220
20,220
39,220
162,220
162,220
191,220
199,220
209,220
479,220
0,221
13,221
17,221
18,221
20,221
36,221
188,221
201,221
210,221
479,221
0,222
14,222
16,222
17,222
19,222
33,222
187,222
199,222
201,222
202,222
210,222
479,222
0,223
13,223
15,223
31,223
186,223
199,223
201,223
203,223
211,223
479,223
0,224
30,224
183,224
204,224
210,224
479,224
0,225
28,225
182,225
204,225
210,225
479,225
0,226
27,226
176,226
176,226
180,226
205,226
210,226
479,226
0,227
25,227
177,227
207,227
210,227
479,227
0,228
22,228
178,228
479,228
0,229
22,229
179,229
479,229
0,230
19,230
179,230
479,230
0,231
17,231
180,231
479,231
0,232
15,232
180,232
479,232
0,233
13,233
180,233
479,233
0,234
11,234
179,234
479,234
0,235
9,235
178,235
479,235
0,236
9,236
175,236
479,236
0,237
8,237
175,237
479,237
0,238
7,238
176,238
479,238
0,239
7,239
177,239
479,239
0,240
6,240
178,240
479,240
0,241
6,241
178,241
479,241
0,242
5,242
179,242
479,242
0,243
5,243
180,243
479,243
0,244
5,244
180,244
479,244
0,245
5,245
181,245
479,245
0,246
4,246
181,246
479,246
0,247
4,247
182,247
479,247
0,248
5,248
182,248
479,248
0,249
6,249
183,249
479,249
0,250
6,250
183,250
479,250
0,251
7,251
184,251
479,251
0,252
7,252
184,252
479,252
0,253
7,253
185,253
479,253
0,254
8,254
185,254
479,254
0,255
8,255
185,255
479,255
0,256
9,256
186,256
479,256
0,257
8,257
187,257
479,257
0,258
8,258
187,258
479,258
0,259
8,259
188,259
479,259
0,260
7,260
188,260
188,260
191,260
197,260
203,260
479,260
0,261
7,261
188,261
197,261
204,261
479,261
0,262
7,262
189,262
194,262
204,262
479,262
0,263
7,263
204,263
479,263
0,264
6,264
204,264
479,264
0,265
6,265
204,265
479,265
0,266
6,266
201,266
201,266
203,266
479,266
0,267
6,267
201,267
201,267
203,267
479,267
0,268
6,268
201,268
201,268
203,268
479,268
0,269
5,269
201,269
479,269
0,270
5,270
201,270
479,270
0,271
5,271
200,271
479,271
0,272
5,272
200,272
479,272
0,273
4,273
200,273
479,273
0,274
4,274
200,274
479,274
0,275
4,275
199,275
479,275
0,276
4,276
199,276
479,276
0,277
4,277
199,277
479,277
0,278
3,278
199,278
479,278
0,279
0,279
199,279
479,279
0,280
1,280
199,280
479,280
0,281
0,281
199,281
479,281
0,282
0,282
200,282
479,282
0,283
0,283
201,283
479,283
0,284
0,284
204,284
479,284
0,285
0,285
206,285
479,285
0,286
0,286
210,286
479,286
0,287
0,287
211,287
479,287
213,288
479,288
213,289
479,289
214,290
479,290
214,291
479,291
214,292
479,292
214,293
479,293
214,294
479,294
213,295
479,295
212,296
479,296
211,297
479,297
210,298
211,298
213,298
426,298
433,298
479,298
210,299
210,299
212,299
425,299
433,299
479,299
209,300
425,300
433,300
479,300
209,301
424,301
433,301
479,301
209,302
425,302
433,302
479,302
209,303
425,303
433,303
479,303
210,304
425,304
432,304
479,304
211,305
427,305
430,305
479,305
210,306
479,306
210,307
479,307
210,308
479,308
211,309
479,309
211,310
479,310
212,311
479,311
213,312
479,312
213,313
479,313
214,314
479,314
215,315
479,315
216,316
479,316
216,317
479,317
217,318
479,318
217,319
479,319
218,320
479,320
219,321
479,321
220,322
479,322
220,323
479,323
221,324
479,324
221,325
222,325
224,325
479,325
222,326
222,326
224,326
479,326
222,327
479,327
172,328
172,328
223,328
479,328
172,329
172,329
224,329
224,329
226,329
479,329
172,330
173,330
224,330
479,330
172,331
173,331
225,331
479,331
172,332
173,332
226,332
479,332
172,333
173,333
226,333
479,333
172,334
173,334
227,334
479,334
172,335
173,335
227,335
479,335
172,336
174,336
228,336
479,336
172,337
174,337
228,337
479,337
172,338
174,338
229,338
479,338
172,339
174,339
229,339
479,339
172,340
174,340
230,340
479,340
172,341
174,341
231,341
479,341
172,342
174,342
231,342
479,342
172,343
174,343
232,343
479,343
172,344
174,344
232,344
479,344
172,345
173,345
233,345
479,345
171,346
172,346
233,346
479,346
171,347
172,347
234,347
479,347
171,348
172,348
235,348
479,348
171,349
171,349
235,349
479,349
170,350
172,350
236,350
479,350
170,351
171,351
236,351
479,351
170,352
171,352
236,352
479,352
170,353
172,353
237,353
479,353
170,354
172,354
238,354
479,354
169,355
172,355
238,355
479,355
169,356
169,356
172,356
172,356
239,356
479,356
169,357
172,357
240,357
479,357
168,358
172,358
240,358
479,358
168,359
170,359
172,359
172,359
240,359
479,359
