0,0
114,0
116,0
121,0
131,0
399,0
401,0
479,0
0,1
114,1
116,1
118,1
132,1
399,1
401,1
408,1
413,1
479,1
0,2
119,2
133,2
399,2
401,2
408,2
415,2
479,2
0,3
62,3
70,3
115,3
117,3
118,3
134,3
407,3
416,3
479,3
0,4
62,4
71,4
117,4
134,4
407,4
417,4
479,4
0,5
62,5
71,5
116,5
135,5
407,5
417,5
479,5
0,6
62,6
71,6
115,6
136,6
407,6
417,6
479,6
0,7
63,7
71,7
111,7
113,7
114,7
136,7
407,7
417,7
479,7
0,8
64,8
70,8
111,8
113,8
113,8
137,8
407,8
417,8
479,8
0,9
65,9
69,9
113,9
137,9
408,9
417,9
479,9
0,10
112,10
138,10
408,10
417,10
479,10
0,11
111,11
138,11
408,11
417,11
479,11
0,12
111,12
139,12
412,12
417,12
479,12
0,13
110,13
139,13
413,13
416,13
479,13
0,14
109,14
140,14
479,14
0,15
108,15
140,15
479,15
0,16
107,16
141,16
479,16
0,17
107,17
142,17
479,17
0,18
106,18
142,18
479,18
0,19
105,19
143,19
479,19
0,20
104,20
143,20
479,20
0,21
104,21
143,21
479,21
0,22
97,22
144,22
479,22
0,23
88,23
149,23
479,23
0,24
85,24
152,24
479,24
0,25
81,25
156,25
479,25
0,26
78,26
161,26
479,26
0,27
75,27
163,27
479,27
0,28
74,28
165,28
479,28
0,29
73,29
167,29
479,29
0,30
70,30
169,30
479,30
0,31
69,31
170,31
479,31
0,32
68,32
172,32
479,32
0,33
66,33
174,33
479,33
0,34
65,34
176,34
479,34
0,35
64,35
177,35
479,35
0,36
63,36
178,36
479,36
0,37
62,37
180,37
479,37
0,38
61,38
181,38
479,38
0,39
60,39
182,39
479,39
0,40
59,40
183,40
479,40
0,41
59,41
184,41
479,41
0,42
58,42
185,42
479,42
0,43
57,43
186,43
479,43
0,44
57,44
187,44
479,44
0,45
56,45
188,45
479,45
0,46
55,46
189,46
479,46
0,47
55,47
189,47
479,47
0,48
54,48
191,48
479,48
0,49
53,49
191,49
479,49
0,50
53,50
193,50
479,50
0,51
52,51
193,51
479,51
0,52
52,52
194,52
479,52
0,53
51,53
195,53
479,53
0,54
51,54
195,54
479,54
0,55
50,55
196,55
479,55
0,56
50,56
197,56
479,56
0,57
50,57
198,57
479,57
0,58
50,58
198,58
479,58
0,59
49,59
198,59
479,59
0,60
49,60
199,60
479,60
0,61
49,61
199,61
479,61
0,62
48,62
200,62
479,62
0,63
48,63
200,63
479,63
0,64
48,64
201,64
479,64
0,65
48,65
201,65
479,65
0,66
48,66
202,66
479,66
0,67
47,67
202,67
479,67
0,68
47,68
203,68
479,68
0,69
47,69
203,69
479,69
0,70
46,70
203,70
479,70
0,71
46,71
204,71
479,71
0,72
46,72
204,72
340,72
342,72
479,72
0,73
46,73
204,73
339,73
349,73
479,73
0,74
46,74
205,74
339,74
350,74
479,74
0,75
45,75
205,75
338,75
350,75
479,75
0,76
45,76
206,76
338,76
350,76
479,76
0,77
45,77
205,77
339,77
350,77
479,77
0,78
45,78
205,78
342,78
350,78
479,78
0,79
45,79
206,79
344,79
348,79
479,79
0,80
45,80
206,80
479,80
0,81
45,81
206,81
479,81
0,82
45,82
206,82
479,82
0,83
45,83
206,83
479,83
0,84
45,84
206,84
479,84
0,85
45,85
206,85
479,85
0,86
45,86
206,86
479,86
0,87
45,87
206,87
479,87
0,88
45,88
206,88
479,88
0,89
45,89
206,89
479,89
0,90
45,90
206,90
479,90
0,91
45,91
206,91
479,91
0,92
44,92
206,92
479,92
0,93
45,93
206,93
479,93
0,94
45,94
206,94
479,94
0,95
43,95
206,95
479,95
0,96
39,96
205,96
479,96
0,97
36,97
205,97
479,97
0,98
33,98
205,98
479,98
0,99
32,99
205,99
479,99
0,100
31,100
204,100
479,100
0,101
29,101
204,101
479,101
0,102
15,102
17,102
28,102
204,102
479,102
0,103
26,103
204,103
479,103
0,104
15,104
22,104
25,104
203,104
479,104
0,105
13,105
203,105
479,105
0,106
14,106
204,106
479,106
0,107
13,107
204,107
479,107
0,108
13,108
205,108
443,108
448,108
479,108
0,109
14,109
206,109
440,109
450,109
479,109
0,110
14,110
206,110
439,110
451,110
479,110
0,111
14,111
206,111
206,111
208,111
440,111
451,111
479,111
0,112
15,112
207,112
210,112
213,112
440,112
451,112
479,112
0,113
15,113
217,113
439,113
450,113
479,113
0,114
16,114
220,114
439,114
449,114
479,114
0,115
16,115
221,115
438,115
447,115
479,115
0,116
17,116
222,116
438,116
445,116
479,116
0,117
17,117
223,117
479,117
0,118
17,118
222,118
479,118
0,119
18,119
221,119
222,119
224,119
479,119
0,120
15,120
17,120
17,120
218,120
479,120
0,121
17,121
217,121
479,121
0,122
16,122
215,122
479,122
0,123
15,123
215,123
479,123
0,124
15,124
215,124
479,124
0,125
15,125
214,125
479,125
0,126
16,126
213,126
479,126
0,127
17,127
212,127
479,127
0,128
19,128
210,128
479,128
0,129
19,129
21,129
21,129
209,129
479,129
0,130
23,130
207,130
479,130
0,131
25,131
207,131
479,131
0,132
26,132
207,132
479,132
0,133
28,133
208,133
479,133
0,134
30,134
208,134
479,134
0,135
31,135
208,135
479,135
0,136
34,136
209,136
209,136
211,136
479,136
0,137
36,137
209,137
209,137
211,137
479,137
0,138
37,138
50,138
52,138
210,138
479,138
0,139
39,139
50,139
51,139
210,139
479,139
0,140
41,140
49,140
51,140
210,140
479,140
0,141
42,141
47,141
47,141
49,141
50,141
210,141
479,141
0,142
50,142
210,142
479,142
0,143
50,143
210,143
479,143
0,144
49,144
210,144
479,144
0,145
49,145
211,145
479,145
0,146
49,146
211,146
479,146
0,147
47,147
49,147
49,147
211,147
479,147
0,148
51,148
211,148
479,148
0,149
51,149
211,149
479,149
0,150
51,150
211,150
479,150
0,151
51,151
212,151
479,151
0,152
51,152
212,152
336,152
342,152
479,152
0,153
51,153
212,153
248,153
250,153
335,153
343,153
479,153
0,154
50,154
214,154
246,154
254,154
335,154
343,154
479,154
0,155
49,155
213,155
245,155
254,155
335,155
343,155
479,155
0,156
50,156
213,156
245,156
255,156
335,156
343,156
479,156
0,157
50,157
213,157
245,157
254,157
336,157
341,157
479,157
0,158
50,158
213,158
246,158
253,158
479,158
0,159
49,159
214,159
249,159
251,159
479,159
0,160
49,160
214,160
479,160
0,161
49,161
214,161
479,161
0,162
49,162
214,162
479,162
0,163
49,163
214,163
479,163
0,164
49,164
215,164
479,164
0,165
49,165
215,165
479,165
0,166
48,166
215,166
479,166
0,167
48,167
215,167
479,167
0,168
48,168
215,168
479,168
0,169
48,169
215,169
479,169
0,170
48,170
215,170
479,170
0,171
47,171
216,171
479,171
0,172
47,172
216,172
479,172
0,173
47,173
217,173
479,173
0,174
47,174
217,174
479,174
0,175
46,175
218,175
479,175
0,176
46,176
219,176
479,176
0,177
46,177
219,177
479,177
0,178
46,178
220,178
479,178
0,179
45,179
218,179
479,179
0,180
45,180
218,180
479,180
0,181
45,181
218,181
218,181
220,181
479,181
0,182
45,182
218,182
479,182
0,183
45,183
218,183
479,183
0,184
43,184
219,184
479,184
0,185
44,185
220,185
479,185
0,186
44,186
220,186
479,186
0,187
44,187
220,187
479,187
0,188
43,188
220,188
479,188
0,189
43,189
220,189
479,189
0,190
42,190
220,190
479,190
0,191
42,191
220,191
479,191
0,192
42,192
220,192
222,192
224,192
479,192
0,193
41,193
220,193
479,193
0,194
41,194
220,194
479,194
0,195
41,195
220,195
479,195
0,196
40,196
220,196
479,196
0,197
40,197
220,197
479,197
0,198
40,198
220,198
479,198
0,199
40,199
221,199
479,199
0,200
38,200
221,200
479,200
0,201
38,201
221,201
479,201
0,202
38,202
222,202
479,202
0,203
38,203
222,203
479,203
0,204
37,204
222,204
479,204
0,205
37,205
222,205
479,205
0,206
37,206
223,206
479,206
0,207
36,207
223,207
479,207
0,208
36,208
223,208
479,208
0,209
36,209
223,209
479,209
0,210
35,210
223,210
479,210
0,211
35,211
46,211
47,211
224,211
479,211
0,212
33,212
47,212
49,212
216,212
217,212
225,212
479,212
0,213
33,213
44,213
50,213
215,213
218,213
226,213
479,213
0,214
33,214
42,214
52,214
212,214
218,214
227,214
479,214
0,215
33,215
41,215
54,215
210,215
211,215
213,215
215,215
217,215
219,215
228,215
479,215
0,216
32,216
41,216
55,216
79,216
80,216
207,216
220,216
228,216
479,216
0,217
31,217
38,217
56,217
205,217
219,217
221,217
221,217
228,217
479,217
0,218
27,218
29,218
30,218
37,218
38,218
40,218
58,218
202,218
206,218
208,218
221,218
228,218
479,218
0,219
29,219
36,219
37,219
39,219
60,219
203,219
221,219
228,219
258,219
263,219
479,219
0,220
30,220
35,220
63,220
205,220
223,220
228,220
256,220
262,220
479,220
0,221
29,221
34,221
66,221
207,221
223,221
228,221
254,221
265,221
479,221
0,222
29,222
32,222
34,222
36,222
65,222
208,222
224,222
228,222
254,222
265,222
479,222
0,223
30,223
32,223
63,223
209,223
223,223
228,223
253,223
265,223
479,223
0,224
62,224
211,224
214,224
216,224
225,224
228,224
253,224
265,224
479,224
0,225
59,225
214,225
253,225
264,225
479,225
0,226
58,226
215,226
253,226
264,226
479,226
0,227
57,227
216,227
255,227
262,227
479,227
0,228
55,228
216,228
479,228
0,229
53,229
218,229
479,229
0,230
51,230
218,230
479,230
0,231
49,231
218,231
479,231
0,232
48,232
217,232
479,232
0,233
46,233
216,233
479,233
0,234
46,234
216,234
479,234
0,235
46,235
216,235
479,235
0,236
45,236
216,236
479,236
0,237
44,237
216,237
479,237
0,238
44,238
216,238
479,238
0,239
44,239
215,239
479,239
0,240
43,240
216,240
479,240
0,241
43,241
217,241
479,241
0,242
44,242
217,242
479,242
0,243
43,243
218,243
479,243
0,244
43,244
218,244
479,244
0,245
42,245
219,245
479,245
0,246
42,246
219,246
479,246
0,247
43,247
220,247
479,247
0,248
47,248
220,248
479,248
0,249
48,249
220,249
479,249
0,250
47,250
221,250
479,250
0,251
47,251
221,251
479,251
0,252
46,252
222,252
479,252
0,253
46,253
222,253
479,253
0,254
45,254
222,254
479,254
0,255
45,255
223,255
479,255
0,256
45,256
223,256
479,256
0,257
44,257
223,257
479,257
0,258
44,258
224,258
479,258
0,259
44,259
224,259
479,259
0,260
43,260
224,260
479,260
0,261
43,261
224,261
479,261
0,262
43,262
224,262
479,262
0,263
43,263
225,263
479,263
0,264
42,264
225,264
479,264
0,265
42,265
225,265
479,265
0,266
42,266
226,266
227,266
229,266
234,266
236,266
479,266
0,267
42,267
227,267
234,267
237,267
479,267
0,268
41,268
226,268
227,268
229,268
231,268
233,268
233,268
240,268
479,268
0,269
41,269
226,269
227,269
229,269
231,269
240,269
479,269
0,270
41,270
227,270
229,270
240,270
479,270
0,271
41,271
227,271
228,271
240,271
479,271
0,272
40,272
240,272
479,272
0,273
41,273
237,273
237,273
240,273
479,273
0,274
37,274
39,274
40,274
236,274
479,274
0,275
38,275
236,275
479,275
0,276
38,276
236,276
479,276
0,277
37,277
235,277
479,277
0,278
37,278
235,278
479,278
0,279
37,279
234,279
479,279
0,280
37,280
234,280
479,280
0,281
37,281
233,281
479,281
0,282
36,282
233,282
479,282
0,283
36,283
233,283
479,283
0,284
31,284
35,284
36,284
233,284
479,284
0,285
31,285
233,285
479,285
0,286
31,286
232,286
479,286
0,287
32,287
232,287
479,287
0,288
33,288
232,288
479,288
0,289
33,289
232,289
479,289
0,290
33,290
232,290
479,290
0,291
32,291
231,291
479,291
0,292
34,292
232,292
479,292
0,293
36,293
232,293
479,293
0,294
37,294
233,294
479,294
0,295
35,295
233,295
479,295
0,296
36,296
235,296
479,296
0,297
36,297
235,297
236,297
238,297
479,297
0,298
36,298
236,298
479,298
0,299
36,299
237,299
238,299
240,299
479,299
0,300
36,300
238,300
238,300
240,300
479,300
0,301
36,301
240,301
479,301
0,302
36,302
241,302
479,302
0,303
36,303
243,303
479,303
0,304
36,304
245,304
479,304
0,305
35,305
247,305
479,305
0,306
35,306
247,306
479,306
0,307
35,307
247,307
471,307
477,307
479,307
0,308
35,308
247,308
470,308
477,308
479,308
0,309
34,309
247,309
469,309
477,309
479,309
0,310
33,310
245,310
469,310
477,310
479,310
0,311
33,311
244,311
469,311
477,311
479,311
0,312
33,312
241,312
469,312
477,312
479,312
0,313
32,313
241,313
469,313
477,313
479,313
0,314
32,314
241,314
471,314
475,314
479,314
0,315
32,315
241,315
479,315
0,316
31,316
241,316
479,316
0,317
31,317
240,317
479,317
0,318
31,318
240,318
479,318
0,319
30,319
239,319
479,319
0,320
27,320
29,320
29,320
239,320
479,320
0,321
29,321
240,321
240,321
242,321
479,321
0,322
29,322
240,322
240,322
242,322
479,322
0,323
28,323
241,323
479,323
0,324
29,324
241,324
479,324
0,325
28,325
30,325
30,325
241,325
479,325
0,326
30,326
242,326
479,326
0,327
29,327
31,327
31,327
242,327
479,327
0,328
32,328
35,328
36,328
242,328
479,328
0,329
36,329
243,329
479,329
0,330
31,330
33,330
34,330
36,330
37,330
243,330
479,330
0,331
37,331
244,331
479,331
0,332
36,332
244,332
479,332
0,333
36,333
244,333
479,333
0,334
36,334
245,334
479,334
0,335
35,335
245,335
479,335
0,336
36,336
245,336
479,336
0,337
35,337
246,337
479,337
0,338
35,338
246,338
479,338
0,339
35,339
246,339
479,339
0,340
35,340
247,340
479,340
0,341
35,341
247,341
479,341
0,342
34,342
248,342
479,342
0,343
34,343
248,343
479,343
0,344
33,344
248,344
479,344
0,345
33,345
249,345
479,345
0,346
33,346
82,346
82,346
249,346
479,346
0,347
33,347
82,347
82,347
250,347
479,347
0,348
33,348
82,348
82,348
250,348
479,348
0,349
33,349
82,349
82,349
251,349
479,349
0,350
33,350
82,350
83,350
251,350
479,350
0,351
32,351
82,351
83,351
252,351
479,351
0,352
33,352
82,352
83,352
252,352
479,352
0,353
32,353
82,353
83,353
252,353
479,353
0,354
32,354
82,354
84,354
253,354
479,354
0,355
32,355
83,355
84,355
253,355
479,355
0,356
32,356
83,356
84,356
254,356
479,356
0,357
31,357
83,357
84,357
254,357
479,357
0,358
31,358
83,358
85,358
255,358
479,358
0,359
31,359
83,359
85,359
255,359
479,359
