0,0
89,0
96,0
479,0
0,1
88,1
97,1
479,1
0,2
88,2
97,2
479,2
0,3
88,3
97,3
479,3
0,4
89,4
97,4
479,4
0,5
90,5
96,5
479,5
0,6
91,6
95,6
479,6
0,7
479,7
0,8
479,8
0,9
479,9
0,10
479,10
0,11
479,11
0,12
479,12
0,13
142,13
146,13
479,13
0,14
139,14
141,14
141,14
147,14
479,14
0,15
140,15
148,15
479,15
0,16
137,16
139,16
139,16
149,16
479,16
0,17
138,17
150,17
479,17
0,18
138,18
151,18
479,18
0,19
137,19
151,19
479,19
0,20
133,20
135,20
136,20
153,20
479,20
0,21
132,21
134,21
135,21
153,21
441,21
445,21
479,21
0,22
134,22
154,22
438,22
445,22
479,22
0,23
133,23
154,23
437,23
446,23
479,23
0,24
130,24
132,24
132,24
155,24
436,24
447,24
479,24
0,25
131,25
156,25
435,25
447,25
479,25
0,26
131,26
157,26
436,26
448,26
479,26
0,27
130,27
157,27
437,27
448,27
479,27
0,28
130,28
158,28
437,28
448,28
479,28
0,29
129,29
158,29
438,29
448,29
479,29
0,30
128,30
159,30
438,30
448,30
479,30
0,31
128,31
159,31
439,31
448,31
479,31
0,32
127,32
160,32
438,32
447,32
479,32
0,33
126,33
163,33
441,33
447,33
479,33
0,34
118,34
174,34
443,34
446,34
479,34
0,35
111,35
178,35
479,35
0,36
107,36
181,36
479,36
0,37
104,37
183,37
479,37
0,38
100,38
187,38
479,38
0,39
97,39
189,39
479,39
0,40
95,40
190,40
479,40
0,41
94,41
192,41
479,41
0,42
93,42
194,42
479,42
0,43
91,43
196,43
479,43
0,44
90,44
197,44
479,44
0,45
89,45
199,45
479,45
0,46
88,46
200,46
479,46
0,47
87,47
202,47
479,47
0,48
85,48
203,48
479,48
0,49
85,49
204,49
479,49
0,50
83,50
205,50
479,50
0,51
83,51
206,51
479,51
0,52
82,52
207,52
479,52
0,53
81,53
208,53
479,53
0,54
80,54
209,54
479,54
0,55
79,55
210,55
479,55
0,56
79,56
211,56
479,56
0,57
78,57
212,57
479,57
0,58
78,58
213,58
479,58
0,59
77,59
214,59
479,59
0,60
76,60
214,60
479,60
0,61
76,61
215,61
479,61
0,62
76,62
216,62
479,62
0,63
75,63
217,63
479,63
0,64
74,64
217,64
479,64
0,65
74,65
218,65
479,65
0,66
73,66
219,66
479,66
0,67
73,67
220,67
479,67
0,68
73,68
220,68
479,68
0,69
72,69
220,69
479,69
0,70
72,70
221,70
479,70
0,71
72,71
221,71
479,71
0,72
71,72
222,72
479,72
0,73
71,73
222,73
479,73
0,74
71,74
223,74
479,74
0,75
71,75
223,75
479,75
0,76
70,76
224,76
479,76
0,77
70,77
224,77
479,77
0,78
70,78
225,78
479,78
0,79
69,79
225,79
479,79
0,80
69,80
225,80
225,80
227,80
479,80
0,81
69,81
225,81
479,81
0,82
69,82
226,82
226,82
228,82
479,82
0,83
69,83
226,83
226,83
228,83
372,83
380,83
479,83
0,84
68,84
227,84
371,84
381,84
479,84
0,85
68,85
227,85
369,85
381,85
479,85
0,86
68,86
227,86
227,86
229,86
369,86
381,86
479,86
0,87
68,87
227,87
227,87
229,87
369,87
381,87
479,87
0,88
68,88
227,88
370,88
381,88
479,88
0,89
68,89
228,89
371,89
381,89
479,89
0,90
68,90
228,90
373,90
378,90
479,90
0,91
67,91
228,91
479,91
0,92
67,92
228,92
479,92
0,93
67,93
228,93
479,93
0,94
67,94
228,94
479,94
0,95
67,95
228,95
479,95
0,96
67,96
228,96
479,96
0,97
67,97
228,97
479,97
0,98
67,98
228,98
479,98
0,99
67,99
228,99
479,99
0,100
67,100
228,100
479,100
0,101
67,101
228,101
479,101
0,102
67,102
228,102
479,102
0,103
67,103
228,103
479,103
0,104
68,104
228,104
479,104
0,105
68,105
228,105
479,105
0,106
68,106
227,106
479,106
0,107
68,107
227,107
479,107
0,108
68,108
227,108
479,108
0,109
69,109
227,109
479,109
0,110
68,110
226,110
479,110
0,111
67,111
226,111
479,111
0,112
65,112
225,112
479,112
0,113
63,113
225,113
479,113
0,114
59,114
225,114
479,114
0,115
57,115
224,115
479,115
0,116
52,116
224,116
479,116
0,117
51,117
224,117
479,117
0,118
50,118
225,118
479,118
0,119
48,119
225,119
479,119
0,120
47,120
226,120
479,120
0,121
39,121
43,121
46,121
226,121
479,121
0,122
35,122
227,122
479,122
0,123
34,123
227,123
479,123
2,124
33,124
228,124
479,124
2,125
34,125
228,125
479,125
4,126
34,126
228,126
479,126
4,127
35,127
229,127
479,127
4,128
35,128
230,128
479,128
3,129
36,129
230,129
479,129
2,130
36,130
231,130
479,130
0,131
35,131
37,131
37,131
232,131
479,131
0,132
38,132
232,132
479,132
0,133
36,133
38,133
38,133
233,133
479,133
0,134
36,134
39,134
39,134
233,134
479,134
0,135
40,135
234,135
479,135
0,136
40,136
234,136
479,136
0,137
41,137
234,137
479,137
0,138
41,138
233,138
260,138
263,138
479,138
0,139
41,139
232,139
258,139
270,139
479,139
0,140
42,140
231,140
257,140
269,140
479,140
0,141
41,141
229,141
257,141
271,141
479,141
0,142
41,142
228,142
256,142
270,142
479,142
0,143
41,143
227,143
256,143
268,143
479,143
0,144
42,144
227,144
258,144
270,144
479,144
0,145
43,145
228,145
258,145
264,145
479,145
0,146
50,146
228,146
479,146
0,147
54,147
228,147
479,147
0,148
47,148
50,148
57,148
228,148
479,148
0,149
55,149
57,149
60,149
228,149
479,149
0,150
63,150
229,150
479,150
0,151
58,151
62,151
64,151
229,151
479,151
0,152
68,152
229,152
479,152
0,153
72,153
229,153
479,153
0,154
71,154
229,154
479,154
0,155
71,155
73,155
73,155
230,155
479,155
0,156
73,156
229,156
479,156
0,157
73,157
229,157
479,157
0,158
70,158
72,158
73,158
230,158
479,158
0,159
70,159
73,159
73,159
230,159
479,159
0,160
70,160
72,160
72,160
230,160
479,160
0,161
72,161
230,161
479,161
0,162
72,162
231,162
479,162
0,163
72,163
231,163
265,163
273,163
350,163
357,163
479,163
0,164
72,164
231,164
264,164
273,164
350,164
358,164
479,164
0,165
72,165
231,165
264,165
274,165
349,165
358,165
479,165
0,166
72,166
231,166
264,166
274,166
350,166
358,166
479,166
0,167
72,167
231,167
264,167
274,167
350,167
358,167
479,167
0,168
71,168
231,168
265,168
272,168
351,168
358,168
479,168
0,169
71,169
232,169
351,169
357,169
479,169
0,170
71,170
232,170
479,170
0,171
71,171
232,171
479,171
0,172
71,172
232,172
479,172
0,173
71,173
233,173
479,173
0,174
71,174
233,174
479,174
0,175
71,175
233,175
479,175
0,176
70,176
234,176
479,176
0,177
70,177
235,177
479,177
0,178
70,178
236,178
479,178
0,179
70,179
236,179
479,179
0,180
70,180
237,180
479,180
0,181
69,181
238,181
479,181
0,182
69,182
239,182
479,182
0,183
69,183
240,183
479,183
0,184
69,184
240,184
479,184
0,185
69,185
241,185
479,185
0,186
68,186
237,186
237,186
242,186
479,186
0,187
68,187
238,187
239,187
243,187
479,187
0,188
68,188
239,188
240,188
243,188
479,188
0,189
68,189
239,189
479,189
0,190
68,190
240,190
479,190
0,191
68,191
240,191
479,191
0,192
67,192
242,192
479,192
0,193
67,193
242,193
242,193
244,193
479,193
0,194
67,194
242,194
242,194
244,194
479,194
0,195
67,195
243,195
479,195
0,196
67,196
238,196
239,196
244,196
479,196
0,197
66,197
239,197
240,197
244,197
479,197
0,198
66,198
239,198
479,198
0,199
66,199
241,199
479,199
0,200
66,200
239,200
479,200
0,201
66,201
240,201
479,201
0,202
65,202
240,202
479,202
0,203
65,203
240,203
479,203
0,204
65,204
241,204
479,204
0,205
65,205
241,205
479,205
0,206
64,206
242,206
479,206
0,207
64,207
242,207
479,207
0,208
64,208
242,208
479,208
0,209
64,209
243,209
479,209
0,210
63,210
243,210
479,210
0,211
63,211
243,211
479,211
0,212
62,212
243,212
479,212
0,213
62,213
244,213
479,213
0,214
62,214
244,214
479,214
0,215
62,215
245,215
479,215
0,216
61,216
245,216
479,216
0,217
61,217
248,217
249,217
252,217
479,217
0,218
61,218
249,218
250,218
252,218
479,218
0,219
61,219
240,219
240,219
250,219
479,219
0,220
61,220
238,220
240,220
251,220
479,220
0,221
60,221
236,221
242,221
252,221
479,221
0,222
60,222
70,222
72,222
235,222
236,222
238,222
243,222
252,222
479,222
0,223
60,223
70,223
75,223
214,223
214,223
233,223
244,223
252,223
479,223
0,224
59,224
68,224
69,224
72,224
75,224
77,224
77,224
214,224
215,224
231,224
244,224
253,224
479,224
0,225
58,225
67,225
78,225
103,225
103,225
105,225
106,225
108,225
108,225
216,225
217,225
230,225
246,225
253,225
479,225
0,226
58,226
66,226
80,226
101,226
102,226
104,226
104,226
218,226
219,226
229,226
230,226
232,226
247,226
254,226
479,226
0,227
58,227
65,227
82,227
101,227
101,227
220,227
247,227
254,227
479,227
0,228
57,228
64,228
85,228
222,228
248,228
254,228
479,228
0,229
54,229
56,229
57,229
63,229
86,229
224,229
248,229
253,229
479,229
0,230
56,230
62,230
88,230
226,230
249,230
253,230
479,230
0,231
56,231
61,231
87,231
227,231
253,231
255,231
479,231
0,232
56,232
61,232
83,232
85,232
86,232
230,232
251,232
253,232
479,232
0,233
56,233
60,233
85,233
231,233
284,233
288,233
479,233
0,234
55,234
59,234
84,234
233,234
283,234
292,234
479,234
0,235
56,235
58,235
80,235
82,235
83,235
234,235
282,235
292,235
479,235
0,236
82,236
236,236
282,236
292,236
479,236
0,237
81,237
237,237
281,237
292,237
479,237
0,238
80,238
238,238
281,238
292,238
479,238
0,239
79,239
238,239
281,239
292,239
479,239
0,240
79,240
238,240
283,240
290,240
479,240
0,241
78,241
238,241
284,241
289,241
479,241
0,242
78,242
238,242
479,242
0,243
77,243
238,243
479,243
0,244
78,244
238,244
479,244
0,245
78,245
238,245
479,245
0,246
78,246
238,246
479,246
0,247
78,247
238,247
479,247
0,248
78,248
238,248
479,248
0,249
77,249
236,249
479,249
0,250
77,250
236,250
479,250
0,251
77,251
236,251
479,251
0,252
77,252
238,252
479,252
0,253
77,253
238,253
479,253
0,254
77,254
238,254
479,254
0,255
77,255
239,255
479,255
0,256
77,256
239,256
479,256
0,257
77,257
240,257
479,257
0,258
77,258
240,258
479,258
0,259
77,259
241,259
479,259
0,260
77,260
241,260
479,260
0,261
77,261
241,261
242,261
244,261
479,261
0,262
76,262
241,262
479,262
0,263
76,263
242,263
479,263
0,264
76,264
243,264
479,264
0,265
76,265
243,265
479,265
0,266
76,266
243,266
479,266
0,267
76,267
244,267
479,267
0,268
76,268
244,268
479,268
0,269
75,269
244,269
479,269
0,270
75,270
245,270
479,270
0,271
75,271
245,271
479,271
0,272
75,272
245,272
479,272
0,273
74,273
245,273
479,273
0,274
74,274
246,274
479,274
0,275
74,275
246,275
479,275
0,276
74,276
246,276
252,276
254,276
479,276
0,277
72,277
247,277
252,277
259,277
479,277
0,278
68,278
70,278
70,278
247,278
251,278
259,278
479,278
0,279
69,279
247,279
251,279
259,279
479,279
0,280
69,280
247,280
247,280
250,280
253,280
259,280
479,280
0,281
69,281
247,281
252,281
259,281
479,281
0,282
69,282
248,282
249,282
258,282
479,282
0,283
69,283
248,283
248,283
257,283
479,283
0,284
69,284
257,284
479,284
0,285
69,285
257,285
479,285
0,286
68,286
256,286
479,286
0,287
68,287
255,287
479,287
0,288
68,288
255,288
479,288
0,289
68,289
254,289
479,289
0,290
68,290
254,290
479,290
0,291
68,291
254,291
479,291
0,292
68,292
253,292
479,292
0,293
65,293
253,293
479,293
0,294
63,294
253,294
479,294
0,295
64,295
253,295
479,295
0,296
65,296
253,296
479,296
0,297
65,297
253,297
479,297
0,298
66,298
252,298
479,298
0,299
66,299
252,299
479,299
0,300
66,300
251,300
479,300
0,301
67,301
251,301
479,301
0,302
67,302
252,302
479,302
0,303
67,303
253,303
479,303
0,304
67,304
253,304
479,304
0,305
68,305
253,305
479,305
0,306
70,306
253,306
479,306
0,307
70,307
254,307
479,307
0,308
70,308
254,308
479,308
0,309
69,309
255,309
479,309
0,310
68,310
257,310
479,310
0,311
68,311
257,311
479,311
0,312
68,312
258,312
479,312
0,313
68,313
259,313
260,313
262,313
479,313
0,314
68,314
260,314
479,314
0,315
69,315
261,315
479,315
0,316
68,316
262,316
479,316
0,317
68,317
264,317
479,317
0,318
68,318
267,318
479,318
0,319
68,319
268,319
479,319
0,320
67,320
269,320
479,320
0,321
67,321
268,321
479,321
0,322
66,322
267,322
479,322
0,323
66,323
265,323
479,323
0,324
66,324
262,324
479,324
0,325
66,325
261,325
479,325
0,326
66,326
261,326
479,326
0,327
66,327
261,327
479,327
0,328
67,328
260,328
479,328
0,329
67,329
259,329
479,329
0,330
68,330
260,330
260,330
262,330
479,330
0,331
68,331
260,331
260,331
263,331
479,331
0,332
68,332
260,332
479,332
0,333
68,333
261,333
479,333
0,334
69,334
73,334
74,334
261,334
479,334
0,335
74,335
262,335
262,335
264,335
479,335
0,336
74,336
262,336
262,336
264,336
479,336
0,337
74,337
262,337
479,337
0,338
74,338
263,338
479,338
0,339
74,339
263,339
479,339
0,340
71,340
73,340
73,340
263,340
479,340
0,341
73,341
264,341
479,341
0,342
73,342
264,342
479,342
0,343
73,343
264,343
479,343
0,344
73,344
265,344
479,344
0,345
72,345
265,345
479,345
0,346
72,346
265,346
479,346
0,347
72,347
266,347
479,347
0,348
72,348
266,348
479,348
0,349
71,349
267,349
479,349
0,350
71,350
267,350
479,350
0,351
71,351
267,351
479,351
0,352
69,352
267,352
479,352
0,353
68,353
268,353
479,353
0,354
67,354
268,354
479,354
0,355
67,355
269,355
479,355
0,356
66,356
269,356
479,356
0,357
65,357
270,357
479,357
0,358
64,358
270,358
479,358
0,359
64,359
270,359
479,359
