0,0
120,0
127,0
479,0
0,1
119,1
128,1
479,1
0,2
118,2
128,2
479,2
0,3
117,3
129,3
479,3
0,4
115,4
130,4
479,4
0,5
114,5
130,5
479,5
0,6
113,6
131,6
479,6
0,7
112,7
131,7
479,7
0,8
111,8
132,8
479,8
0,9
111,9
133,9
479,9
0,10
110,10
133,10
479,10
0,11
109,11
134,11
479,11
0,12
108,12
134,12
479,12
0,13
107,13
134,13
479,13
0,14
107,14
135,14
479,14
0,15
103,15
105,15
106,15
135,15
415,15
420,15
479,15
0,16
105,16
136,16
413,16
420,16
479,16
0,17
104,17
136,17
413,17
422,17
479,17
0,18
104,18
137,18
412,18
422,18
479,18
0,19
102,19
137,19
412,19
422,19
479,19
0,20
102,20
138,20
413,20
422,20
479,20
0,21
101,21
138,21
414,21
422,21
479,21
0,22
100,22
139,22
414,22
422,22
479,22
0,23
99,23
139,23
415,23
420,23
479,23
0,24
75,24
78,24
91,24
140,24
479,24
0,25
81,25
140,25
142,25
144,25
479,25
0,26
75,26
141,26
479,26
0,27
73,27
144,27
479,27
0,28
71,28
148,28
479,28
0,29
69,29
151,29
479,29
0,30
66,30
155,30
479,30
0,31
64,31
157,31
479,31
0,32
63,32
159,32
479,32
0,33
61,33
162,33
479,33
0,34
60,34
164,34
479,34
0,35
59,35
165,35
479,35
0,36
58,36
167,36
479,36
0,37
57,37
169,37
170,37
172,37
479,37
0,38
56,38
170,38
479,38
0,39
55,39
172,39
479,39
0,40
54,40
172,40
479,40
0,41
53,41
175,41
479,41
0,42
52,42
176,42
479,42
0,43
51,43
176,43
479,43
0,44
51,44
177,44
479,44
0,45
49,45
178,45
479,45
0,46
49,46
179,46
479,46
0,47
48,47
180,47
479,47
0,48
48,48
181,48
479,48
0,49
47,49
182,49
479,49
0,50
47,50
183,50
184,50
186,50
479,50
0,51
46,51
184,51
479,51
0,52
45,52
185,52
479,52
0,53
45,53
186,53
479,53
0,54
44,54
187,54
479,54
0,55
44,55
187,55
340,55
349,55
479,55
0,56
43,56
188,56
339,56
350,56
479,56
0,57
43,57
189,57
339,57
351,57
479,57
0,58
43,58
190,58
339,58
351,58
479,58
0,59
42,59
190,59
340,59
349,59
479,59
0,60
42,60
191,60
344,60
348,60
479,60
0,61
42,61
191,61
479,61
0,62
41,62
191,62
479,62
0,63
41,63
192,63
479,63
0,64
41,64
193,64
479,64
0,65
40,65
194,65
479,65
0,66
38,66
40,66
40,66
194,66
479,66
0,67
38,67
40,67
40,67
194,67
479,67
0,68
39,68
195,68
479,68
0,69
39,69
195,69
479,69
0,70
39,70
196,70
294,70
303,70
479,70
0,71
39,71
196,71
294,71
303,71
479,71
0,72
38,72
196,72
293,72
303,72
479,72
0,73
38,73
197,73
293,73
303,73
479,73
0,74
38,74
197,74
296,74
303,74
479,74
0,75
38,75
197,75
297,75
300,75
479,75
0,76
38,76
198,76
479,76
0,77
37,77
198,77
479,77
0,78
37,78
198,78
479,78
0,79
37,79
198,79
479,79
0,80
37,80
198,80
479,80
0,81
37,81
199,81
479,81
0,82
37,82
199,82
479,82
0,83
37,83
199,83
479,83
0,84
37,84
199,84
479,84
0,85
37,85
199,85
479,85
0,86
37,86
199,86
479,86
0,87
37,87
199,87
479,87
0,88
37,88
200,88
253,88
255,88
479,88
0,89
37,89
200,89
252,89
258,89
479,89
0,90
36,90
200,90
251,90
259,90
479,90
0,91
37,91
200,91
251,91
259,91
479,91
0,92
37,92
200,92
251,92
259,92
479,92
0,93
37,93
200,93
252,93
259,93
479,93
0,94
35,94
37,94
37,94
200,94
253,94
259,94
479,94
0,95
37,95
200,95
255,95
257,95
479,95
0,96
36,96
200,96
479,96
0,97
34,97
200,97
479,97
0,98
31,98
200,98
479,98
0,99
28,99
200,99
479,99
0,100
24,100
199,100
479,100
0,101
21,101
199,101
479,101
0,102
19,102
199,102
479,102
0,103
9,103
11,103
18,103
199,103
479,103
0,104
3,104
5,104
6,104
9,104
17,104
199,104
479,104
0,105
3,105
14,105
15,105
198,105
271,105
276,105
479,105
0,106
3,106
198,106
271,106
277,106
479,106
0,107
3,107
197,107
271,107
278,107
479,107
0,108
3,108
197,108
269,108
277,108
479,108
0,109
3,109
196,109
269,109
277,109
479,109
0,110
3,110
196,110
270,110
276,110
479,110
0,111
3,111
195,111
479,111
195,112
479,112
0,113
3,113
195,113
479,113
0,114
5,114
195,114
276,114
279,114
479,114
0,115
5,115
195,115
278,115
280,115
479,115
0,116
5,116
196,116
277,116
280,116
479,116
0,117
6,117
196,117
276,117
281,117
479,117
0,118
7,118
196,118
275,118
282,118
479,118
0,119
3,119
5,119
7,119
197,119
274,119
283,119
479,119
0,120
7,120
197,120
274,120
284,120
479,120
0,121
8,121
198,121
273,121
285,121
479,121
0,122
4,122
6,122
7,122
198,122
272,122
286,122
479,122
0,123
7,123
199,123
272,123
286,123
479,123
0,124
6,124
199,124
271,124
287,124
479,124
0,125
6,125
200,125
271,125
287,125
479,125
0,126
6,126
200,126
238,126
241,126
271,126
287,126
479,126
201,127
236,127
243,127
271,127
288,127
479,127
0,128
7,128
202,128
236,128
244,128
270,128
287,128
479,128
0,129
9,129
202,129
236,129
244,129
270,129
287,129
479,129
0,130
12,130
203,130
236,130
244,130
271,130
287,130
479,130
0,131
14,131
203,131
237,131
243,131
271,131
287,131
479,131
0,132
17,132
203,132
271,132
287,132
479,132
0,133
18,133
204,133
272,133
287,133
479,133
0,134
21,134
204,134
274,134
287,134
479,134
0,135
23,135
204,135
275,135
287,135
479,135
0,136
25,136
201,136
277,136
287,136
479,136
0,137
26,137
200,137
279,137
286,137
479,137
0,138
29,138
198,138
281,138
285,138
479,138
0,139
31,139
197,139
479,139
0,140
33,140
197,140
479,140
0,141
35,141
197,141
479,141
0,142
38,142
195,142
336,142
344,142
479,142
0,143
38,143
196,143
336,143
346,143
479,143
0,144
37,144
195,144
333,144
346,144
479,144
0,145
37,145
195,145
332,145
346,145
479,145
0,146
37,146
195,146
331,146
346,146
479,146
0,147
36,147
195,147
329,147
346,147
479,147
0,148
36,148
195,148
328,148
345,148
479,148
0,149
36,149
195,149
327,149
345,149
479,149
0,150
36,150
195,150
326,150
345,150
479,150
0,151
35,151
195,151
326,151
345,151
479,151
0,152
35,152
195,152
325,152
344,152
479,152
0,153
35,153
195,153
325,153
343,153
479,153
0,154
34,154
195,154
324,154
343,154
479,154
0,155
34,155
195,155
324,155
342,155
479,155
0,156
33,156
195,156
324,156
342,156
479,156
0,157
33,157
195,157
323,157
341,157
479,157
0,158
33,158
195,158
323,158
340,158
479,158
0,159
32,159
195,159
322,159
339,159
479,159
0,160
32,160
196,160
323,160
339,160
479,160
0,161
32,161
196,161
323,161
338,161
479,161
0,162
32,162
196,162
323,162
338,162
479,162
0,163
31,163
196,163
323,163
337,163
479,163
0,164
31,164
197,164
199,164
201,164
323,164
335,164
479,164
0,165
30,165
198,165
323,165
331,165
331,165
334,165
479,165
0,166
30,166
201,166
325,166
329,166
331,166
333,166
479,166
0,167
29,167
201,167
479,167
0,168
29,168
201,168
479,168
0,169
28,169
199,169
199,169
201,169
479,169
0,170
28,170
199,170
479,170
0,171
27,171
200,171
479,171
0,172
27,172
201,172
479,172
0,173
26,173
201,173
479,173
0,174
25,174
202,174
479,174
0,175
25,175
203,175
479,175
0,176
25,176
204,176
479,176
0,177
24,177
204,177
479,177
0,178
23,178
205,178
479,178
0,179
22,179
205,179
479,179
0,180
22,180
206,180
479,180
0,181
21,181
206,181
479,181
0,182
21,182
207,182
479,182
0,183
20,183
208,183
479,183
0,184
19,184
204,184
204,184
209,184
479,184
0,185
19,185
204,185
204,185
210,185
479,185
0,186
18,186
205,186
206,186
210,186
479,186
0,187
17,187
206,187
207,187
209,187
479,187
0,188
17,188
206,188
479,188
0,189
16,189
207,189
479,189
0,190
15,190
207,190
479,190
0,191
15,191
200,191
200,191
208,191
479,191
0,192
14,192
201,192
201,192
208,192
479,192
0,193
13,193
201,193
203,193
210,193
479,193
0,194
12,194
201,194
201,194
203,194
205,194
210,194
479,194
0,195
12,195
201,195
201,195
203,195
206,195
210,195
479,195
0,196
8,196
10,196
11,196
201,196
479,196
0,197
10,197
201,197
320,197
323,197
479,197
0,198
7,198
9,198
9,198
196,198
196,198
201,198
319,198
325,198
479,198
0,199
6,199
196,199
196,199
201,199
319,199
327,199
479,199
0,200
7,200
197,200
197,200
201,200
318,200
327,200
479,200
0,201
5,201
197,201
197,201
201,201
318,201
327,201
479,201
0,202
3,202
197,202
197,202
201,202
319,202
327,202
479,202
17,203
18,203
197,203
198,203
201,203
321,203
327,203
453,203
456,203
479,203
0,204
0,204
15,204
19,204
197,204
197,204
203,204
322,204
326,204
451,204
457,204
479,204
12,205
20,205
198,205
198,205
203,205
451,205
458,205
479,205
10,206
21,206
199,206
199,206
202,206
450,206
458,206
479,206
8,207
23,207
196,207
196,207
198,207
199,207
201,207
451,207
458,207
479,207
6,208
14,208
16,208
24,208
195,208
451,208
458,208
479,208
4,209
25,209
70,209
70,209
195,209
195,209
197,209
451,209
457,209
479,209
2,210
26,210
61,210
63,210
67,210
67,210
69,210
73,210
77,210
77,210
195,210
195,210
197,210
479,210
0,211
27,211
54,211
55,211
61,211
72,211
77,211
78,211
193,211
194,211
197,211
479,211
0,212
28,212
51,212
55,212
60,212
72,212
77,212
81,212
193,212
479,212
0,213
29,213
49,213
55,213
59,213
59,213
61,213
73,213
76,213
84,213
193,213
363,213
368,213
479,213
0,214
30,214
46,214
55,214
58,214
59,214
61,214
73,214
76,214
79,214
82,214
84,214
193,214
362,214
368,214
479,214
0,215
31,215
45,215
72,215
75,215
76,215
79,215
84,215
193,215
362,215
369,215
479,215
0,216
34,216
41,216
80,216
193,216
362,216
368,216
479,216
0,217
77,217
193,217
479,217
0,218
36,218
38,218
72,218
193,218
479,218
0,219
68,219
192,219
479,219
0,220
67,220
192,220
479,220
0,221
64,221
192,221
479,221
0,222
60,222
194,222
479,222
0,223
59,223
194,223
479,223
0,224
57,224
196,224
479,224
0,225
55,225
196,225
479,225
0,226
53,226
197,226
479,226
0,227
50,227
199,227
479,227
0,228
49,228
201,228
479,228
0,229
47,229
201,229
479,229
0,230
45,230
203,230
479,230
0,231
43,231
204,231
479,231
0,232
41,232
205,232
479,232
0,233
40,233
206,233
206,233
208,233
479,233
0,234
37,234
208,234
479,234
0,235
35,235
207,235
479,235
0,236
33,236
35,236
35,236
203,236
479,236
0,237
33,237
202,237
479,237
0,238
32,238
202,238
479,238
0,239
32,239
202,239
479,239
0,240
31,240
202,240
479,240
0,241
31,241
202,241
479,241
0,242
31,242
203,242
479,242
0,243
30,243
203,243
203,243
205,243
479,243
0,244
30,244
204,244
479,244
0,245
29,245
205,245
479,245
0,246
29,246
206,246
479,246
0,247
29,247
206,247
479,247
0,248
29,248
206,248
479,248
0,249
29,249
207,249
377,249
383,249
479,249
0,250
30,250
32,250
32,250
207,250
376,250
384,250
479,250
0,251
33,251
208,251
375,251
385,251
479,251
0,252
30,252
32,252
33,252
208,252
375,252
385,252
479,252
0,253
34,253
209,253
375,253
385,253
479,253
0,254
31,254
33,254
34,254
209,254
321,254
327,254
375,254
385,254
479,254
0,255
33,255
209,255
321,255
329,255
376,255
382,255
479,255
0,256
33,256
210,256
321,256
329,256
479,256
0,257
32,257
210,257
321,257
329,257
479,257
0,258
32,258
210,258
321,258
329,258
479,258
0,259
31,259
211,259
322,259
329,259
479,259
0,260
31,260
211,260
479,260
0,261
31,261
212,261
479,261
0,262
30,262
212,262
479,262
0,263
30,263
212,263
479,263
0,264
30,264
212,264
479,264
0,265
29,265
212,265
479,265
0,266
29,266
213,266
479,266
0,267
28,267
213,267
479,267
0,268
28,268
213,268
219,268
221,268
479,268
0,269
28,269
214,269
216,269
221,269
281,269
283,269
479,269
0,270
28,270
224,270
280,270
284,270
479,270
0,271
28,271
224,271
279,271
285,271
479,271
0,272
28,272
224,272
279,272
284,272
479,272
0,273
28,273
224,273
279,273
284,273
479,273
0,274
27,274
224,274
271,274
273,274
279,274
284,274
479,274
0,275
27,275
224,275
270,275
273,275
273,275
275,275
280,275
286,275
479,275
0,276
27,276
223,276
269,276
281,276
479,276
0,277
26,277
223,277
242,277
257,277
257,277
262,277
262,277
264,277
269,277
286,277
293,277
295,277
295,277
301,277
479,277
0,278
25,278
223,278
244,278
292,278
293,278
304,278
479,278
0,279
24,279
222,279
244,279
309,279
479,279
0,280
23,280
222,280
237,280
312,280
318,280
322,280
479,280
0,281
23,281
315,281
319,281
323,281
479,281
0,282
23,282
317,282
318,282
326,282
479,282
0,283
22,283
329,283
479,283
0,284
23,284
220,284
220,284
331,284
479,284
0,285
22,285
333,285
479,285
0,286
22,286
336,286
479,286
0,287
18,287
22,287
22,287
338,287
341,287
343,287
479,287
0,288
17,288
339,288
479,288
0,289
18,289
348,289
479,289
0,290
18,290
350,290
479,290
0,291
19,291
351,291
479,291
0,292
19,292
353,292
479,292
0,293
20,293
355,293
479,293
0,294
20,294
356,294
479,294
0,295
21,295
358,295
479,295
0,296
21,296
360,296
364,296
367,296
479,296
0,297
21,297
361,297
363,297
365,297
366,297
368,297
479,297
0,298
21,298
363,298
365,298
367,298
479,298
0,299
22,299
368,299
479,299
0,300
22,300
370,300
479,300
0,301
21,301
372,301
479,301
0,302
21,302
372,302
479,302
0,303
19,303
21,303
21,303
374,303
479,303
0,304
21,304
375,304
479,304
0,305
20,305
377,305
479,305
0,306
21,306
377,306
479,306
0,307
20,307
379,307
479,307
0,308
20,308
382,308
479,308
0,309
20,309
381,309
479,309
0,310
20,310
385,310
479,310
0,311
19,311
386,311
479,311
0,312
18,312
388,312
479,312
0,313
18,313
388,313
479,313
0,314
17,314
389,314
479,314
0,315
17,315
390,315
479,315
0,316
16,316
391,316
479,316
0,317
16,317
392,317
394,317
396,317
479,317
0,318
16,318
393,318
394,318
396,318
479,318
0,319
15,319
394,319
479,319
0,320
15,320
395,320
479,320
0,321
15,321
396,321
479,321
0,322
14,322
397,322
479,322
0,323
14,323
398,323
479,323
0,324
13,324
399,324
479,324
0,325
12,325
401,325
479,325
0,326
12,326
402,326
479,326
0,327
13,327
403,327
479,327
0,328
13,328
404,328
479,328
0,329
13,329
405,329
479,329
0,330
13,330
405,330
479,330
0,331
12,331
14,331
14,331
406,331
479,331
0,332
20,332
407,332
479,332
0,333
19,333
407,333
479,333
0,334
19,334
408,334
479,334
0,335
19,335
409,335
479,335
0,336
19,336
410,336
479,336
0,337
19,337
69,337
69,337
411,337
479,337
0,338
19,338
69,338
69,338
411,338
479,338
0,339
18,339
68,339
69,339
412,339
479,339
0,340
18,340
66,340
67,340
69,340
70,340
413,340
479,340
0,341
18,341
64,341
67,341
70,341
70,341
413,341
479,341
0,342
18,342
64,342
70,342
414,342
479,342
0,343
15,343
17,343
17,343
64,343
70,343
415,343
479,343
0,344
17,344
64,344
71,344
416,344
479,344
0,345
17,345
64,345
70,345
416,345
479,345
0,346
17,346
64,346
70,346
417,346
479,346
0,347
16,347
64,347
70,347
418,347
479,347
0,348
16,348
64,348
71,348
418,348
479,348
0,349
16,349
64,349
71,349
419,349
479,349
0,350
16,350
64,350
72,350
419,350
479,350
0,351
15,351
64,351
72,351
419,351
479,351
0,352
15,352
64,352
72,352
420,352
479,352
0,353
15,353
64,353
72,353
421,353
479,353
0,354
15,354
64,354
72,354
421,354
479,354
0,355
14,355
64,355
73,355
422,355
479,355
0,356
14,356
64,356
73,356
422,356
479,356
0,357
14,357
64,357
73,357
423,357
479,357
0,358
14,358
64,358
73,358
423,358
479,358
0,359
13,359
64,359
73,359
424,359
479,359
