0,0
479,0
0,1
479,1
0,2
479,2
0,3
479,3
0,4
479,4
0,5
479,5
0,6
479,6
0,7
479,7
0,8
479,8
0,9
479,9
0,10
479,10
0,11
479,11
0,12
479,12
0,13
479,13
0,14
479,14
0,15
479,15
0,16
133,16
136,16
479,16
0,17
130,17
132,17
132,17
137,17
479,17
0,18
129,18
131,18
132,18
138,18
138,18
140,18
479,18
0,19
131,19
139,19
479,19
0,20
127,20
129,20
130,20
139,20
479,20
0,21
129,21
140,21
457,21
462,21
479,21
0,22
128,22
141,22
456,22
463,22
479,22
0,23
127,23
142,23
455,23
463,23
479,23
0,24
127,24
143,24
455,24
463,24
479,24
0,25
126,25
144,25
456,25
463,25
479,25
0,26
125,26
144,26
456,26
463,26
479,26
0,27
124,27
145,27
456,27
461,27
479,27
0,28
123,28
146,28
479,28
0,29
123,29
146,29
479,29
0,30
122,30
147,30
479,30
0,31
121,31
147,31
479,31
0,32
121,32
148,32
479,32
0,33
120,33
148,33
479,33
0,34
120,34
149,34
479,34
0,35
119,35
150,35
479,35
0,36
118,36
150,36
479,36
0,37
118,37
151,37
479,37
0,38
117,38
151,38
479,38
0,39
116,39
152,39
479,39
0,40
116,40
152,40
479,40
0,41
115,41
153,41
479,41
0,42
114,42
154,42
479,42
0,43
113,43
155,43
479,43
0,44
110,44
112,44
112,44
160,44
479,44
0,45
107,45
167,45
479,45
0,46
103,46
171,46
479,46
0,47
98,47
174,47
479,47
0,48
95,48
177,48
479,48
0,49
92,49
179,49
479,49
0,50
90,50
182,50
182,50
184,50
479,50
0,51
88,51
185,51
479,51
0,52
87,52
186,52
479,52
0,53
85,53
187,53
479,53
0,54
84,54
189,54
479,54
0,55
82,55
191,55
479,55
0,56
80,56
192,56
479,56
0,57
80,57
193,57
479,57
0,58
78,58
194,58
479,58
0,59
77,59
195,59
479,59
0,60
77,60
197,60
479,60
0,61
76,61
198,61
479,61
0,62
75,62
199,62
479,62
0,63
74,63
200,63
479,63
0,64
73,64
201,64
377,64
381,64
479,64
0,65
72,65
202,65
375,65
384,65
479,65
0,66
72,66
203,66
204,66
206,66
375,66
385,66
479,66
0,67
71,67
204,67
375,67
386,67
479,67
0,68
71,68
205,68
376,68
387,68
479,68
0,69
70,69
206,69
377,69
386,69
479,69
0,70
70,70
206,70
479,70
0,71
69,71
207,71
479,71
0,72
68,72
208,72
479,72
0,73
68,73
209,73
479,73
0,74
67,74
209,74
479,74
0,75
67,75
210,75
319,75
324,75
479,75
0,76
67,76
210,76
318,76
325,76
479,76
0,77
66,77
211,77
319,77
325,77
479,77
0,78
66,78
212,78
319,78
325,78
479,78
0,79
66,79
212,79
320,79
325,79
479,79
0,80
65,80
213,80
479,80
0,81
65,81
213,81
479,81
0,82
65,82
214,82
479,82
0,83
64,83
215,83
479,83
0,84
64,84
215,84
479,84
0,85
63,85
215,85
479,85
0,86
64,86
216,86
479,86
0,87
63,87
216,87
479,87
0,88
63,88
217,88
479,88
0,89
63,89
217,89
479,89
0,90
63,90
217,90
479,90
0,91
63,91
218,91
479,91
0,92
62,92
218,92
479,92
0,93
62,93
218,93
479,93
0,94
62,94
219,94
280,94
283,94
479,94
0,95
62,95
219,95
280,95
285,95
479,95
0,96
61,96
219,96
280,96
286,96
479,96
0,97
61,97
219,97
279,97
286,97
479,97
0,98
61,98
219,98
279,98
286,98
479,98
0,99
61,99
220,99
281,99
286,99
479,99
0,100
61,100
220,100
479,100
0,101
61,101
220,101
479,101
0,102
60,102
220,102
479,102
0,103
61,103
220,103
479,103
0,104
61,104
220,104
479,104
0,105
61,105
220,105
479,105
0,106
61,106
220,106
479,106
0,107
61,107
220,107
479,107
0,108
61,108
220,108
479,108
0,109
61,109
220,109
479,109
0,110
61,110
220,110
479,110
0,111
61,111
220,111
479,111
0,112
61,112
220,112
479,112
0,113
61,113
220,113
479,113
0,114
61,114
220,114
479,114
0,115
61,115
219,115
479,115
0,116
62,116
219,116
479,116
0,117
62,117
219,117
479,117
0,118
61,118
219,118
479,118
0,119
59,119
218,119
290,119
295,119
479,119
0,120
57,120
218,120
290,120
296,120
479,120
0,121
55,121
218,121
290,121
295,121
479,121
0,122
52,122
217,122
290,122
293,122
479,122
0,123
49,123
216,123
217,123
219,123
479,123
0,124
47,124
217,124
217,124
219,124
479,124
0,125
45,125
217,125
217,125
219,125
479,125
0,126
44,126
217,126
479,126
0,127
43,127
218,127
479,127
0,128
30,128
38,128
41,128
218,128
479,128
0,129
29,129
219,129
479,129
0,130
28,130
219,130
479,130
0,131
28,131
220,131
479,131
0,132
28,132
220,132
479,132
0,133
29,133
221,133
479,133
0,134
30,134
221,134
479,134
0,135
30,135
222,135
479,135
0,136
30,136
223,136
479,136
0,137
31,137
223,137
315,137
317,137
320,137
323,137
479,137
0,138
31,138
225,138
225,138
227,138
313,138
318,138
319,138
325,138
479,138
0,139
32,139
225,139
312,139
325,139
479,139
0,140
32,140
226,140
312,140
325,140
479,140
0,141
32,141
227,141
251,141
256,141
311,141
326,141
479,141
0,142
33,142
228,142
250,142
256,142
310,142
326,142
479,142
0,143
33,143
228,143
250,143
256,143
310,143
326,143
479,143
0,144
31,144
228,144
250,144
256,144
311,144
326,144
479,144
0,145
32,145
227,145
251,145
255,145
311,145
326,145
479,145
0,146
32,146
226,146
311,146
325,146
479,146
0,147
32,147
225,147
311,147
325,147
479,147
0,148
32,148
224,148
311,148
325,148
479,148
0,149
32,149
223,149
311,149
325,149
479,149
0,150
33,150
38,150
39,150
222,150
311,150
325,150
479,150
0,151
35,151
38,151
42,151
221,151
312,151
324,151
479,151
0,152
40,152
42,152
43,152
221,152
221,152
223,152
312,152
325,152
479,152
0,153
45,153
221,153
312,153
325,153
479,153
0,154
48,154
221,154
312,154
324,154
479,154
0,155
50,155
222,155
312,155
323,155
479,155
0,156
51,156
222,156
313,156
323,156
479,156
0,157
53,157
222,157
313,157
323,157
479,157
0,158
55,158
222,158
313,158
322,158
479,158
0,159
57,159
223,159
313,159
321,159
479,159
0,160
60,160
66,160
66,160
223,160
313,160
320,160
479,160
0,161
62,161
66,161
66,161
223,161
314,161
320,161
479,161
0,162
66,162
223,162
314,162
320,162
479,162
0,163
66,163
224,163
314,163
319,163
479,163
0,164
63,164
65,164
66,164
224,164
479,164
0,165
63,165
65,165
65,165
224,165
479,165
0,166
65,166
225,166
479,166
0,167
65,167
225,167
479,167
0,168
65,168
225,168
479,168
0,169
65,169
225,169
479,169
0,170
65,170
226,170
475,170
0,171
65,171
226,171
475,171
0,172
65,172
227,172
471,172
0,173
65,173
227,173
468,173
0,174
64,174
227,174
468,174
0,175
64,175
227,175
467,175
0,176
64,176
228,176
460,176
478,176
479,176
0,177
64,177
228,177
459,177
476,177
479,177
0,178
64,178
228,178
454,178
474,178
479,178
0,179
64,179
228,179
454,179
474,179
479,179
0,180
64,180
229,180
454,180
474,180
479,180
0,181
64,181
229,181
453,181
472,181
479,181
0,182
64,182
230,182
452,182
470,182
479,182
0,183
63,183
230,183
449,183
451,183
452,183
469,183
479,183
0,184
63,184
231,184
449,184
467,184
479,184
0,185
63,185
231,185
449,185
465,185
479,185
0,186
63,186
231,186
449,186
464,186
479,186
0,187
63,187
232,187
449,187
462,187
479,187
0,188
63,188
232,188
449,188
462,188
479,188
0,189
63,189
232,189
449,189
461,189
479,189
0,190
63,190
233,190
450,190
460,190
479,190
0,191
63,191
234,191
450,191
458,191
479,191
0,192
63,192
234,192
479,192
0,193
62,193
235,193
479,193
0,194
62,194
235,194
479,194
0,195
62,195
235,195
479,195
0,196
62,196
236,196
479,196
0,197
62,197
237,197
479,197
0,198
62,198
237,198
479,198
0,199
62,199
237,199
479,199
0,200
61,200
238,200
479,200
0,201
61,201
239,201
479,201
0,202
61,202
239,202
479,202
0,203
61,203
240,203
479,203
0,204
61,204
240,204
479,204
0,205
61,205
241,205
479,205
0,206
61,206
241,206
343,206
348,206
479,206
0,207
60,207
242,207
343,207
349,207
479,207
0,208
61,208
243,208
343,208
349,208
479,208
0,209
61,209
243,209
343,209
349,209
479,209
0,210
60,210
244,210
344,210
349,210
479,210
0,211
60,211
244,211
479,211
0,212
60,212
245,212
479,212
0,213
60,213
246,213
479,213
0,214
60,214
246,214
246,214
249,214
479,214
0,215
60,215
247,215
479,215
0,216
60,216
251,216
465,216
471,216
479,216
0,217
59,217
253,217
465,217
471,217
479,217
0,218
59,218
255,218
465,218
471,218
479,218
0,219
59,219
256,219
465,219
470,219
479,219
0,220
59,220
243,220
244,220
256,220
466,220
469,220
479,220
0,221
59,221
242,221
245,221
257,221
479,221
0,222
58,222
241,222
246,222
258,222
383,222
388,222
479,222
0,223
58,223
240,223
249,223
258,223
383,223
389,223
479,223
0,224
59,224
239,224
249,224
259,224
383,224
389,224
479,224
0,225
58,225
238,225
249,225
259,225
383,225
388,225
479,225
0,226
58,226
196,226
198,226
236,226
251,226
259,226
479,226
0,227
58,227
195,227
198,227
200,227
204,227
215,227
215,227
235,227
250,227
253,227
253,227
259,227
479,227
0,228
58,228
198,228
200,228
205,228
209,228
214,228
219,228
234,228
251,228
253,228
254,228
259,228
479,228
0,229
56,229
58,229
58,229
202,229
209,229
213,229
218,229
220,229
221,229
233,229
256,229
259,229
479,229
0,230
56,230
58,230
58,230
205,230
222,230
232,230
252,230
255,230
479,230
0,231
57,231
207,231
208,231
210,231
224,231
229,231
479,231
0,232
57,232
210,232
479,232
0,233
57,233
212,233
479,233
0,234
57,234
70,234
72,234
214,234
215,234
217,234
479,234
0,235
57,235
69,235
74,235
215,235
216,235
218,235
479,235
0,236
57,236
67,236
76,236
216,236
479,236
0,237
57,237
67,237
81,237
219,237
479,237
0,238
56,238
65,238
82,238
221,238
479,238
0,239
56,239
64,239
81,239
223,239
479,239
0,240
57,240
63,240
75,240
77,240
79,240
224,240
479,240
0,241
56,241
62,241
78,241
226,241
479,241
0,242
56,242
62,242
77,242
227,242
228,242
230,242
479,242
0,243
56,243
61,243
76,243
228,243
228,243
230,243
479,243
0,244
55,244
60,244
75,244
230,244
479,244
0,245
55,245
59,245
74,245
231,245
479,245
0,246
56,246
59,246
72,246
231,246
479,246
0,247
72,247
232,247
479,247
0,248
71,248
232,248
479,248
0,249
70,249
231,249
479,249
0,250
70,250
231,250
479,250
0,251
70,251
231,251
479,251
0,252
69,252
231,252
479,252
0,253
69,253
231,253
479,253
0,254
69,254
231,254
479,254
0,255
69,255
231,255
479,255
0,256
68,256
230,256
479,256
0,257
68,257
230,257
479,257
0,258
68,258
231,258
479,258
0,259
68,259
231,259
479,259
0,260
68,260
232,260
479,260
0,261
67,261
232,261
479,261
0,262
67,262
233,262
271,262
274,262
479,262
0,263
67,263
233,263
271,263
274,263
479,263
0,264
67,264
234,264
479,264
0,265
67,265
234,265
260,265
264,265
267,265
283,265
479,265
0,266
67,266
235,266
251,266
290,266
479,266
0,267
67,267
235,267
243,267
295,267
401,267
407,267
479,267
0,268
67,268
235,268
237,268
240,268
240,268
302,268
400,268
408,268
479,268
0,269
67,269
307,269
400,269
408,269
479,269
0,270
68,270
310,270
400,270
408,270
479,270
0,271
68,271
313,271
400,271
409,271
479,271
0,272
68,272
317,272
335,272
340,272
401,272
409,272
479,272
0,273
68,273
321,273
335,273
340,273
400,273
409,273
479,273
0,274
67,274
324,274
335,274
341,274
401,274
404,274
479,274
0,275
67,275
327,275
334,275
341,275
479,275
0,276
67,276
329,276
334,276
341,276
479,276
0,277
67,277
333,277
334,277
340,277
479,277
0,278
66,278
335,278
479,278
0,279
66,279
336,279
479,279
0,280
66,280
337,280
341,280
344,280
479,280
0,281
66,281
341,281
342,281
344,281
479,281
0,282
66,282
343,282
479,282
0,283
66,283
345,283
479,283
0,284
66,284
347,284
479,284
0,285
65,285
348,285
479,285
0,286
65,286
350,286
479,286
0,287
65,287
352,287
479,287
0,288
60,288
63,288
64,288
354,288
479,288
0,289
62,289
355,289
479,289
0,290
61,290
356,290
479,290
0,291
60,291
357,291
479,291
0,292
60,292
359,292
361,292
364,292
479,292
0,293
60,293
361,293
479,293
0,294
60,294
362,294
479,294
0,295
60,295
364,295
479,295
0,296
61,296
365,296
479,296
0,297
60,297
367,297
479,297
0,298
61,298
368,298
479,298
0,299
61,299
369,299
479,299
0,300
60,300
371,300
479,300
0,301
60,301
372,301
479,301
0,302
56,302
60,302
60,302
373,302
479,302
0,303
56,303
374,303
479,303
0,304
56,304
375,304
479,304
0,305
56,305
377,305
479,305
0,306
57,306
379,306
479,306
0,307
57,307
380,307
479,307
0,308
58,308
380,308
479,308
0,309
58,309
381,309
479,309
0,310
58,310
383,310
479,310
0,311
58,311
384,311
479,311
0,312
59,312
384,312
479,312
0,313
60,313
387,313
479,313
0,314
62,314
387,314
479,314
0,315
62,315
387,315
479,315
0,316
62,316
388,316
479,316
0,317
62,317
389,317
479,317
0,318
62,318
390,318
479,318
0,319
62,319
390,319
479,319
0,320
62,320
392,320
479,320
0,321
59,321
61,321
62,321
393,321
479,321
0,322
59,322
61,322
61,322
393,322
479,322
0,323
59,323
394,323
479,323
0,324
59,324
396,324
479,324
0,325
59,325
396,325
479,325
0,326
59,326
397,326
479,326
0,327
59,327
398,327
479,327
0,328
60,328
398,328
479,328
0,329
60,329
400,329
479,329
0,330
60,330
401,330
479,330
0,331
59,331
401,331
479,331
0,332
58,332
401,332
479,332
0,333
57,333
402,333
479,333
0,334
57,334
403,334
479,334
0,335
57,335
404,335
479,335
0,336
57,336
404,336
479,336
0,337
57,337
405,337
405,337
407,337
479,337
0,338
58,338
406,338
479,338
0,339
58,339
407,339
479,339
0,340
59,340
407,340
479,340
0,341
59,341
408,341
479,341
0,342
59,342
409,342
479,342
0,343
59,343
409,343
479,343
0,344
63,344
410,344
479,344
0,345
63,345
65,345
65,345
411,345
479,345
0,346
65,346
411,346
479,346
0,347
65,347
412,347
479,347
0,348
65,348
412,348
479,348
0,349
65,349
414,349
479,349
0,350
65,350
414,350
479,350
0,351
65,351
414,351
479,351
0,352
65,352
414,352
479,352
0,353
65,353
415,353
479,353
0,354
64,354
415,354
479,354
0,355
64,355
416,355
479,355
0,356
64,356
417,356
479,356
0,357
64,357
417,357
479,357
0,358
64,358
417,358
479,358
0,359
64,359
418,359
479,359
