0,0
479,0
0,1
479,1
0,2
479,2
0,3
479,3
0,4
479,4
0,5
479,5
0,6
479,6
0,7
479,7
0,8
479,8
0,9
479,9
0,10
150,10
152,10
479,10
0,11
149,11
154,11
479,11
0,12
146,12
148,12
149,12
154,12
479,12
0,13
145,13
147,13
148,13
155,13
479,13
0,14
147,14
156,14
479,14
0,15
146,15
157,15
479,15
0,16
145,16
158,16
479,16
0,17
144,17
159,17
479,17
0,18
143,18
160,18
479,18
0,19
142,19
160,19
479,19
0,20
142,20
161,20
479,20
0,21
141,21
162,21
479,21
0,22
140,22
163,22
479,22
0,23
139,23
163,23
479,23
0,24
138,24
164,24
479,24
0,25
138,25
165,25
479,25
0,26
137,26
165,26
479,26
0,27
134,27
136,27
137,27
166,27
479,27
0,28
132,28
135,28
136,28
167,28
479,28
0,29
135,29
167,29
479,29
0,30
134,30
169,30
479,30
0,31
127,31
176,31
479,31
0,32
119,32
182,32
479,32
0,33
115,33
187,33
479,33
0,34
109,34
190,34
479,34
0,35
107,35
193,35
479,35
0,36
104,36
195,36
479,36
0,37
102,37
198,37
200,37
202,37
479,37
0,38
101,38
200,38
479,38
0,39
99,39
201,39
479,39
0,40
97,40
203,40
479,40
0,41
96,41
204,41
479,41
0,42
94,42
206,42
479,42
0,43
94,43
207,43
479,43
0,44
87,44
89,44
92,44
208,44
479,44
0,45
89,45
91,45
92,45
210,45
479,45
0,46
91,46
211,46
479,46
0,47
90,47
212,47
479,47
0,48
89,48
213,48
214,48
216,48
479,48
0,49
88,49
214,49
479,49
0,50
87,50
215,50
479,50
0,51
86,51
216,51
479,51
0,52
85,52
217,52
479,52
0,53
85,53
218,53
479,53
0,54
84,54
219,54
479,54
0,55
84,55
220,55
479,55
0,56
83,56
221,56
479,56
0,57
82,57
221,57
479,57
0,58
82,58
222,58
479,58
0,59
81,59
223,59
479,59
0,60
81,60
224,60
479,60
0,61
80,61
224,61
479,61
0,62
80,62
225,62
479,62
0,63
79,63
226,63
479,63
0,64
79,64
226,64
479,64
0,65
79,65
227,65
479,65
0,66
78,66
227,66
479,66
0,67
78,67
228,67
479,67
0,68
78,68
228,68
479,68
0,69
77,69
229,69
479,69
0,70
75,70
77,70
77,70
230,70
479,70
0,71
75,71
77,71
77,71
230,71
398,71
400,71
479,71
0,72
76,72
230,72
398,72
404,72
479,72
0,73
76,73
231,73
396,73
405,73
479,73
0,74
76,74
231,74
396,74
405,74
479,74
0,75
76,75
231,75
397,75
407,75
479,75
0,76
76,76
232,76
398,76
407,76
479,76
0,77
75,77
232,77
399,77
407,77
479,77
0,78
75,78
232,78
402,78
406,78
479,78
0,79
75,79
233,79
479,79
0,80
74,80
233,80
333,80
336,80
479,80
0,81
74,81
233,81
333,81
336,81
479,81
0,82
74,82
234,82
333,82
336,82
479,82
0,83
74,83
234,83
333,83
337,83
479,83
0,84
74,84
234,84
479,84
0,85
74,85
234,85
479,85
0,86
73,86
234,86
479,86
0,87
73,87
235,87
479,87
0,88
74,88
235,88
479,88
0,89
74,89
235,89
479,89
0,90
74,90
235,90
479,90
0,91
74,91
235,91
479,91
0,92
74,92
235,92
479,92
0,93
74,93
235,93
479,93
0,94
74,94
236,94
479,94
0,95
74,95
236,95
479,95
0,96
74,96
236,96
479,96
0,97
74,97
236,97
479,97
0,98
74,98
236,98
479,98
0,99
74,99
236,99
479,99
0,100
74,100
236,100
294,100
298,100
479,100
0,101
73,101
235,101
293,101
298,101
479,101
0,102
74,102
235,102
293,102
299,102
479,102
0,103
74,103
235,103
294,103
299,103
479,103
0,104
74,104
235,104
295,104
300,104
479,104
0,105
74,105
234,105
295,105
300,105
479,105
0,106
75,106
234,106
479,106
0,107
72,107
75,107
75,107
234,107
479,107
0,108
73,108
233,108
479,108
0,109
72,109
233,109
479,109
0,110
70,110
232,110
479,110
0,111
68,111
232,111
479,111
0,112
66,112
232,112
479,112
0,113
62,113
232,113
479,113
0,114
59,114
233,114
479,114
0,115
58,115
233,115
479,115
0,116
57,116
233,116
479,116
0,117
55,117
234,117
479,117
0,118
47,118
51,118
54,118
234,118
479,118
0,119
41,119
235,119
479,119
0,120
40,120
235,120
479,120
0,121
40,121
235,121
309,121
316,121
479,121
0,122
41,122
236,122
479,122
0,123
41,123
236,123
479,123
0,124
41,124
237,124
479,124
0,125
42,125
238,125
479,125
0,126
42,126
238,126
479,126
0,127
43,127
239,127
479,127
0,128
44,128
239,128
479,128
0,129
44,129
240,129
479,129
0,130
44,130
241,130
241,130
243,130
479,130
0,131
45,131
241,131
479,131
0,132
45,132
242,132
243,132
245,132
479,132
0,133
46,133
243,133
479,133
0,134
46,134
243,134
479,134
0,135
46,135
243,135
479,135
0,136
46,136
242,136
479,136
0,137
45,137
241,137
479,137
0,138
45,138
240,138
479,138
0,139
45,139
239,139
479,139
0,140
46,140
237,140
479,140
0,141
47,141
236,141
332,141
334,141
479,141
0,142
48,142
50,142
52,142
235,142
332,142
336,142
479,142
0,143
56,143
234,143
326,143
331,143
332,143
337,143
479,143
0,144
58,144
235,144
326,144
337,144
338,144
340,144
479,144
0,145
60,145
235,145
326,145
338,145
479,145
0,146
60,146
62,146
63,146
235,146
325,146
339,146
479,146
0,147
65,147
235,147
262,147
266,147
325,147
339,147
479,147
0,148
68,148
235,148
261,148
267,148
325,148
339,148
479,148
0,149
70,149
235,149
260,149
267,149
326,149
340,149
479,149
0,150
73,150
235,150
260,150
268,150
326,150
340,150
479,150
0,151
76,151
235,151
261,151
267,151
326,151
340,151
479,151
0,152
79,152
236,152
261,152
266,152
327,152
341,152
479,152
0,153
79,153
236,153
328,153
341,153
479,153
0,154
78,154
236,154
329,154
341,154
479,154
0,155
78,155
236,155
330,155
341,155
479,155
0,156
78,156
236,156
331,156
341,156
479,156
0,157
78,157
236,157
331,157
341,157
479,157
0,158
77,158
236,158
332,158
341,158
479,158
0,159
77,159
236,159
332,159
341,159
479,159
0,160
77,160
236,160
333,160
341,160
479,160
0,161
77,161
236,161
334,161
340,161
479,161
0,162
77,162
236,162
334,162
341,162
479,162
0,163
77,163
237,163
334,163
340,163
479,163
0,164
77,164
237,164
335,164
340,164
479,164
0,165
77,165
237,165
335,165
340,165
479,165
0,166
76,166
237,166
336,166
340,166
479,166
0,167
76,167
237,167
336,167
339,167
479,167
0,168
76,168
237,168
479,168
0,169
76,169
238,169
479,169
0,170
76,170
238,170
479,170
0,171
75,171
239,171
479,171
0,172
75,172
240,172
479,172
0,173
75,173
240,173
479,173
0,174
75,174
241,174
479,174
0,175
75,175
242,175
479,175
0,176
75,176
242,176
479,176
0,177
75,177
243,177
479,177
0,178
74,178
244,178
479,178
0,179
74,179
244,179
479,179
0,180
74,180
245,180
479,180
0,181
73,181
246,181
479,181
0,182
73,182
247,182
479,182
0,183
73,183
248,183
479,183
0,184
73,184
243,184
243,184
249,184
479,184
0,185
73,185
244,185
244,185
250,185
479,185
0,186
72,186
245,186
246,186
250,186
479,186
0,187
73,187
246,187
479,187
0,188
72,188
246,188
479,188
0,189
72,189
246,189
479,189
0,190
72,190
247,190
479,190
0,191
72,191
248,191
479,191
0,192
71,192
241,192
241,192
248,192
479,192
0,193
71,193
241,193
243,193
250,193
479,193
0,194
71,194
242,194
244,194
250,194
479,194
0,195
71,195
242,195
246,195
250,195
479,195
0,196
71,196
242,196
479,196
0,197
70,197
242,197
479,197
0,198
70,198
242,198
479,198
0,199
69,199
242,199
479,199
0,200
69,200
242,200
479,200
0,201
69,201
242,201
479,201
0,202
69,202
243,202
479,202
0,203
68,203
243,203
479,203
0,204
68,204
243,204
479,204
0,205
68,205
243,205
479,205
0,206
67,206
243,206
479,206
0,207
67,207
243,207
479,207
0,208
67,208
243,208
479,208
0,209
66,209
244,209
479,209
0,210
66,210
243,210
479,210
0,211
66,211
243,211
479,211
0,212
65,212
244,212
357,212
360,212
479,212
0,213
65,213
244,213
356,213
361,213
479,213
0,214
65,214
244,214
244,214
246,214
356,214
362,214
479,214
0,215
64,215
244,215
356,215
362,215
479,215
0,216
64,216
245,216
356,216
361,216
479,216
0,217
63,217
245,217
357,217
361,217
479,217
0,218
63,218
245,218
246,218
248,218
479,218
0,219
63,219
74,219
76,219
124,219
125,219
130,219
131,219
246,219
479,219
0,220
62,220
73,220
77,220
120,220
125,220
247,220
479,220
0,221
61,221
72,221
79,221
118,221
123,221
238,221
239,221
249,221
477,221
0,222
61,222
70,222
81,222
114,222
115,222
117,222
119,222
235,222
240,222
249,222
475,222
0,223
60,223
68,223
82,223
105,223
114,223
233,223
241,223
250,223
475,223
0,224
60,224
67,224
83,224
103,224
111,224
231,224
242,224
251,224
475,224
0,225
59,225
66,225
85,225
101,225
105,225
228,225
243,225
251,225
474,225
0,226
59,226
65,226
86,226
100,226
102,226
225,226
227,226
229,226
230,226
233,226
243,226
251,226
474,226
0,227
58,227
64,227
93,227
226,227
230,227
233,227
244,227
251,227
479,227
0,228
58,228
64,228
64,228
67,228
95,228
228,228
244,228
251,228
394,228
400,228
479,228
0,229
58,229
63,229
93,229
229,229
231,229
234,229
245,229
251,229
394,229
400,229
479,229
0,230
55,230
57,230
58,230
62,230
89,230
91,230
92,230
232,230
244,230
251,230
394,230
400,230
479,230
0,231
57,231
61,231
92,231
234,231
244,231
251,231
394,231
400,231
479,231
0,232
58,232
60,232
91,232
236,232
244,232
247,232
247,232
251,232
479,232
0,233
90,233
237,233
248,233
250,233
479,233
0,234
89,234
239,234
240,234
242,234
479,234
0,235
88,235
241,235
479,235
0,236
87,236
242,236
479,236
0,237
86,237
243,237
479,237
0,238
85,238
244,238
479,238
0,239
85,239
244,239
479,239
0,240
85,240
244,240
479,240
0,241
85,241
244,241
479,241
0,242
83,242
85,242
85,242
244,242
479,242
0,243
83,243
85,243
85,243
244,243
479,243
0,244
83,244
85,244
85,244
244,244
479,244
0,245
83,245
85,245
85,245
244,245
479,245
0,246
83,246
85,246
85,246
244,246
479,246
0,247
83,247
85,247
85,247
244,247
479,247
0,248
83,248
85,248
85,248
244,248
479,248
0,249
0,249
2,249
83,249
85,249
85,249
244,249
479,249
0,250
1,250
3,250
83,250
85,250
85,250
242,250
479,250
2,251
2,251
4,251
83,251
85,251
85,251
242,251
479,251
2,252
83,252
85,252
85,252
243,252
479,252
2,253
85,253
244,253
479,253
0,254
0,254
3,254
83,254
85,254
85,254
244,254
479,254
0,255
1,255
3,255
84,255
245,255
479,255
0,256
83,256
245,256
479,256
0,257
83,257
246,257
479,257
0,258
83,258
246,258
267,258
270,258
479,258
0,259
83,259
247,259
266,259
270,259
479,259
0,260
84,260
247,260
479,260
0,261
83,261
248,261
268,261
283,261
479,261
0,262
83,262
248,262
253,262
293,262
479,262
0,263
82,263
248,263
250,263
301,263
479,263
0,264
82,264
304,264
479,264
0,265
82,265
309,265
479,265
0,266
81,266
312,266
479,266
0,267
81,267
316,267
479,267
0,268
81,268
320,268
479,268
0,269
81,269
323,269
479,269
0,270
81,270
326,270
479,270
0,271
80,271
329,271
479,271
0,272
80,272
331,272
479,272
0,273
77,273
334,273
339,273
342,273
479,273
0,274
76,274
336,274
339,274
342,274
479,274
0,275
75,275
338,275
340,275
342,275
479,275
0,276
75,276
341,276
479,276
0,277
75,277
344,277
479,277
0,278
75,278
344,278
479,278
0,279
75,279
345,279
415,279
418,279
479,279
0,280
75,280
348,280
414,280
419,280
479,280
0,281
75,281
349,281
413,281
421,281
479,281
0,282
75,282
350,282
414,282
421,282
479,282
0,283
75,283
353,283
354,283
356,283
413,283
421,283
479,283
0,284
75,284
354,284
355,284
357,284
413,284
421,284
479,284
0,285
75,285
356,285
414,285
421,285
479,285
0,286
74,286
358,286
414,286
421,286
479,286
0,287
74,287
359,287
415,287
419,287
479,287
0,288
74,288
361,288
479,288
0,289
74,289
362,289
479,289
0,290
70,290
363,290
479,290
0,291
70,291
365,291
366,291
368,291
479,291
0,292
70,292
367,292
479,292
0,293
71,293
368,293
479,293
0,294
71,294
369,294
479,294
0,295
71,295
370,295
479,295
0,296
72,296
371,296
479,296
0,297
72,297
372,297
479,297
0,298
72,298
374,298
479,298
0,299
73,299
375,299
479,299
0,300
72,300
377,300
479,300
0,301
72,301
377,301
479,301
0,302
73,302
379,302
479,302
0,303
74,303
380,303
479,303
0,304
74,304
382,304
479,304
0,305
73,305
382,305
479,305
0,306
73,306
383,306
479,306
0,307
73,307
384,307
479,307
0,308
74,308
385,308
479,308
0,309
74,309
386,309
479,309
0,310
74,310
387,310
479,310
0,311
74,311
388,311
479,311
0,312
73,312
389,312
479,312
0,313
73,313
390,313
479,313
0,314
73,314
391,314
479,314
0,315
72,315
392,315
479,315
0,316
72,316
393,316
479,316
0,317
71,317
393,317
479,317
0,318
71,318
394,318
479,318
0,319
71,319
395,319
395,319
397,319
479,319
0,320
71,320
396,320
479,320
0,321
70,321
396,321
479,321
0,322
71,322
397,322
479,322
0,323
72,323
398,323
479,323
0,324
72,324
399,324
479,324
0,325
72,325
400,325
479,325
0,326
73,326
402,326
479,326
0,327
73,327
402,327
479,327
0,328
73,328
402,328
479,328
0,329
74,329
403,329
479,329
0,330
75,330
404,330
479,330
0,331
77,331
404,331
479,331
0,332
77,332
405,332
405,332
407,332
479,332
0,333
77,333
406,333
479,333
0,334
77,334
407,334
479,334
0,335
76,335
407,335
479,335
0,336
76,336
408,336
479,336
0,337
78,337
408,337
479,337
0,338
77,338
409,338
479,338
0,339
77,339
410,339
479,339
0,340
77,340
410,340
479,340
0,341
73,341
76,341
76,341
411,341
479,341
0,342
73,342
75,342
75,342
411,342
479,342
0,343
71,343
73,343
74,343
412,343
479,343
0,344
73,344
413,344
479,344
0,345
73,345
413,345
479,345
0,346
72,346
414,346
479,346
0,347
71,347
415,347
479,347
0,348
70,348
415,348
479,348
0,349
69,349
416,349
479,349
0,350
69,350
416,350
479,350
0,351
65,351
67,351
68,351
416,351
479,351
0,352
67,352
417,352
479,352
0,353
66,353
418,353
479,353
0,354
65,354
419,354
479,354
0,355
65,355
419,355
479,355
0,356
63,356
419,356
479,356
0,357
63,357
420,357
479,357
0,358
62,358
420,358
479,358
0,359
62,359
420,359
479,359
