0,0
148,0
157,0
479,0
0,1
149,1
157,1
479,1
0,2
149,2
157,2
479,2
0,3
149,3
157,3
479,3
0,4
149,4
157,4
479,4
0,5
149,5
157,5
479,5
0,6
150,6
157,6
479,6
0,7
151,7
155,7
479,7
0,8
120,8
124,8
479,8
0,9
120,9
124,9
479,9
0,10
119,10
126,10
479,10
0,11
119,11
126,11
479,11
0,12
117,12
119,12
119,12
127,12
479,12
0,13
119,13
128,13
479,13
0,14
119,14
128,14
479,14
0,15
118,15
129,15
152,15
156,15
479,15
0,16
118,16
130,16
479,16
0,17
117,17
130,17
148,17
155,17
479,17
0,18
115,18
117,18
118,18
131,18
147,18
156,18
479,18
0,19
117,19
131,19
147,19
156,19
479,19
0,20
117,20
132,20
147,20
156,20
479,20
0,21
117,21
133,21
147,21
156,21
479,21
0,22
116,22
134,22
147,22
156,22
479,22
0,23
116,23
134,23
149,23
155,23
479,23
0,24
116,24
134,24
479,24
0,25
116,25
135,25
479,25
0,26
116,26
136,26
479,26
0,27
34,27
39,27
115,27
136,27
479,27
0,28
33,28
41,28
115,28
136,28
479,28
0,29
33,29
41,29
73,29
76,29
114,29
138,29
479,29
0,30
33,30
41,30
67,30
138,30
479,30
0,31
33,31
41,31
63,31
139,31
479,31
0,32
59,32
139,32
479,32
0,33
56,33
140,33
479,33
0,34
54,34
140,34
479,34
0,35
48,35
50,35
51,35
141,35
366,35
369,35
479,35
0,36
49,36
142,36
363,36
371,36
479,36
0,37
46,37
143,37
362,37
371,37
479,37
0,38
43,38
143,38
361,38
371,38
479,38
0,39
42,39
144,39
361,39
371,39
479,39
0,40
40,40
145,40
361,40
371,40
479,40
0,41
39,41
147,41
362,41
369,41
479,41
0,42
35,42
148,42
362,42
368,42
479,42
0,43
35,43
148,43
479,43
0,44
33,44
149,44
479,44
0,45
31,45
151,45
479,45
0,46
29,46
152,46
479,46
0,47
28,47
153,47
479,47
0,48
27,48
153,48
479,48
0,49
25,49
154,49
479,49
0,50
21,50
23,50
24,50
155,50
479,50
0,51
19,51
22,51
22,51
156,51
479,51
0,52
18,52
20,52
21,52
156,52
479,52
0,53
19,53
157,53
479,53
0,54
18,54
158,54
479,54
0,55
17,55
158,55
479,55
0,56
16,56
159,56
479,56
0,57
15,57
160,57
479,57
0,58
14,58
160,58
479,58
0,59
13,59
160,59
479,59
0,60
12,60
161,60
479,60
0,61
12,61
161,61
479,61
0,62
11,62
162,62
479,62
0,63
10,63
162,63
479,63
0,64
9,64
163,64
479,64
0,65
9,65
163,65
479,65
0,66
8,66
163,66
479,66
0,67
7,67
164,67
479,67
0,68
7,68
164,68
479,68
0,69
6,69
164,69
479,69
0,70
6,70
164,70
479,70
0,71
6,71
165,71
479,71
0,72
3,72
5,72
6,72
165,72
479,72
0,73
3,73
5,73
5,73
165,73
479,73
0,74
5,74
166,74
479,74
0,75
5,75
166,75
479,75
0,76
4,76
166,76
479,76
0,77
4,77
167,77
479,77
0,78
4,78
167,78
479,78
0,79
3,79
167,79
479,79
0,80
3,80
167,80
479,80
0,81
3,81
167,81
479,81
0,82
3,82
168,82
479,82
0,83
2,83
168,83
479,83
0,84
2,84
168,84
479,84
0,85
2,85
169,85
479,85
0,86
2,86
170,86
479,86
0,87
2,87
170,87
479,87
0,88
2,88
170,88
479,88
0,89
2,89
171,89
479,89
0,90
2,90
172,90
479,90
0,91
2,91
172,91
479,91
0,92
2,92
172,92
479,92
0,93
2,93
172,93
479,93
0,94
2,94
172,94
479,94
0,95
2,95
174,95
479,95
0,96
2,96
176,96
479,96
0,97
2,97
178,97
479,97
0,98
2,98
182,98
479,98
0,99
2,99
184,99
479,99
0,100
2,100
186,100
191,100
196,100
479,100
0,101
2,101
197,101
479,101
0,102
2,102
198,102
479,102
0,103
2,103
198,103
479,103
0,104
2,104
199,104
199,104
203,104
479,104
0,105
2,105
203,105
479,105
0,106
2,106
204,106
479,106
0,107
3,107
203,107
479,107
0,108
3,108
202,108
479,108
0,109
1,109
3,109
3,109
202,109
479,109
0,110
2,110
201,110
479,110
0,111
1,111
3,111
3,111
200,111
479,111
0,112
1,112
3,112
3,112
199,112
479,112
0,113
3,113
199,113
479,113
0,114
3,114
199,114
479,114
0,115
4,115
198,115
479,115
0,116
4,116
197,116
479,116
0,117
4,117
197,117
479,117
0,118
5,118
197,118
479,118
0,119
5,119
196,119
479,119
0,120
5,120
195,120
479,120
0,121
6,121
195,121
479,121
0,122
6,122
184,122
186,122
194,122
401,122
403,122
479,122
0,123
7,123
184,123
187,123
193,123
396,123
404,123
479,123
0,124
7,124
184,124
395,124
403,124
479,124
0,125
8,125
184,125
395,125
404,125
479,125
0,126
9,126
184,126
395,126
404,126
479,126
0,127
9,127
184,127
395,127
403,127
479,127
0,128
10,128
184,128
397,128
402,128
479,128
0,129
11,129
184,129
479,129
0,130
12,130
184,130
479,130
0,131
12,131
184,131
479,131
0,132
13,132
184,132
479,132
0,133
11,133
13,133
13,133
184,133
479,133
0,134
11,134
13,134
14,134
184,134
479,134
0,135
13,135
184,135
479,135
0,136
13,136
184,136
479,136
0,137
12,137
184,137
479,137
0,138
12,138
184,138
479,138
0,139
12,139
184,139
479,139
0,140
11,140
184,140
479,140
0,141
11,141
183,141
479,141
0,142
11,142
182,142
479,142
0,143
10,143
182,143
479,143
0,144
10,144
182,144
479,144
0,145
9,145
181,145
479,145
0,146
9,146
181,146
479,146
0,147
8,147
181,147
479,147
0,148
8,148
180,148
479,148
0,149
7,149
180,149
479,149
0,150
7,150
180,150
402,150
408,150
479,150
0,151
7,151
179,151
402,151
410,151
479,151
0,152
6,152
179,152
400,152
410,152
479,152
0,153
5,153
176,153
176,153
179,153
400,153
410,153
479,153
0,154
4,154
176,154
333,154
336,154
400,154
410,154
479,154
0,155
4,155
173,155
173,155
176,155
329,155
341,155
400,155
408,155
479,155
0,156
3,156
171,156
326,156
344,156
402,156
406,156
479,156
0,157
3,157
170,157
324,157
347,157
479,157
0,158
4,158
170,158
324,158
348,158
479,158
0,159
4,159
170,159
324,159
350,159
354,159
357,159
479,159
0,160
4,160
167,160
167,160
169,160
324,160
351,160
353,160
355,160
355,160
360,160
479,160
0,161
5,161
162,161
162,161
166,161
325,161
353,161
353,161
361,161
479,161
0,162
5,162
161,162
162,162
165,162
166,162
168,162
324,162
361,162
479,162
0,163
6,163
161,163
162,163
165,163
327,163
360,163
479,163
0,164
4,164
161,164
161,164
163,164
328,164
360,164
479,164
0,165
5,165
165,165
329,165
359,165
479,165
0,166
5,166
10,166
13,166
160,166
161,166
163,166
330,166
351,166
351,166
353,166
353,166
358,166
479,166
0,167
13,167
162,167
162,167
164,167
332,167
352,167
352,167
358,167
479,167
0,168
15,168
161,168
334,168
352,168
352,168
355,168
479,168
0,169
15,169
160,169
335,169
356,169
479,169
0,170
15,170
161,170
338,170
356,170
479,170
0,171
15,171
161,171
339,171
356,171
479,171
0,172
15,172
161,172
348,172
356,172
479,172
0,173
15,173
160,173
348,173
356,173
479,173
0,174
15,174
160,174
349,174
354,174
479,174
0,175
15,175
160,175
479,175
0,176
15,176
160,176
479,176
0,177
16,177
160,177
479,177
0,178
16,178
160,178
479,178
0,179
16,179
160,179
479,179
0,180
15,180
160,180
479,180
0,181
15,181
160,181
479,181
0,182
15,182
160,182
479,182
0,183
15,183
160,183
479,183
0,184
15,184
160,184
479,184
0,185
15,185
161,185
479,185
0,186
15,186
161,186
479,186
0,187
15,187
162,187
479,187
0,188
15,188
162,188
479,188
0,189
15,189
162,189
479,189
0,190
15,190
163,190
479,190
0,191
15,191
163,191
479,191
0,192
14,192
164,192
479,192
0,193
14,193
164,193
479,193
0,194
12,194
14,194
14,194
165,194
479,194
0,195
12,195
14,195
14,195
166,195
479,195
0,196
12,196
14,196
14,196
166,196
479,196
0,197
12,197
14,197
14,197
166,197
479,197
0,198
12,198
14,198
14,198
167,198
479,198
0,199
12,199
14,199
14,199
150,199
150,199
167,199
479,199
0,200
12,200
14,200
14,200
149,200
152,200
168,200
479,200
0,201
12,201
14,201
14,201
149,201
154,201
168,201
479,201
0,202
12,202
14,202
14,202
145,202
145,202
149,202
152,202
154,202
156,202
169,202
479,202
0,203
12,203
14,203
14,203
145,203
145,203
149,203
159,203
170,203
479,203
0,204
12,204
14,204
14,204
144,204
145,204
150,204
162,204
170,204
479,204
0,205
12,205
14,205
14,205
143,205
145,205
150,205
163,205
170,205
479,205
0,206
12,206
14,206
14,206
142,206
147,206
150,206
165,206
170,206
479,206
0,207
13,207
141,207
167,207
170,207
479,207
0,208
12,208
141,208
479,208
0,209
14,209
140,209
479,209
0,210
14,210
139,210
479,210
0,211
13,211
137,211
138,211
141,211
479,211
0,212
13,212
118,212
118,212
137,212
479,212
0,213
12,213
118,213
120,213
136,213
479,213
0,214
12,214
118,214
125,214
131,214
479,214
0,215
11,215
121,215
294,215
298,215
479,215
0,216
11,216
122,216
293,216
301,216
479,216
0,217
10,217
126,217
293,217
302,217
479,217
0,218
9,218
131,218
293,218
302,218
479,218
0,219
9,219
137,219
293,219
302,219
479,219
0,220
10,220
12,220
12,220
141,220
293,220
301,220
479,220
0,221
13,221
144,221
293,221
301,221
479,221
0,222
14,222
149,222
479,222
0,223
13,223
153,223
479,223
0,224
13,224
156,224
194,224
199,224
479,224
0,225
13,225
159,225
193,225
200,225
479,225
0,226
13,226
161,226
193,226
201,226
479,226
0,227
12,227
165,227
193,227
201,227
479,227
0,228
12,228
168,228
194,228
201,228
479,228
0,229
12,229
172,229
195,229
199,229
479,229
0,230
11,230
175,230
196,230
199,230
479,230
0,231
11,231
176,231
479,231
0,232
11,232
177,232
479,232
0,233
11,233
178,233
479,233
0,234
12,234
179,234
479,234
0,235
11,235
180,235
479,235
0,236
11,236
14,236
14,236
181,236
479,236
0,237
12,237
181,237
479,237
0,238
12,238
182,238
479,238
0,239
11,239
182,239
479,239
0,240
11,240
181,240
479,240
0,241
9,241
181,241
479,241
0,242
9,242
179,242
479,242
0,243
7,243
177,243
479,243
0,244
7,244
177,244
479,244
0,245
7,245
178,245
479,245
0,246
7,246
178,246
479,246
0,247
5,247
179,247
479,247
0,248
3,248
180,248
479,248
0,249
3,249
181,249
479,249
0,250
1,250
181,250
479,250
0,251
1,251
182,251
479,251
0,252
0,252
183,252
479,252
0,253
1,253
184,253
479,253
0,254
0,254
184,254
479,254
185,255
479,255
0,256
0,256
185,256
479,256
0,257
1,257
186,257
479,257
0,258
1,258
186,258
479,258
0,259
2,259
186,259
479,259
0,260
2,260
187,260
479,260
0,261
3,261
187,261
479,261
0,262
4,262
188,262
479,262
0,263
5,263
188,263
411,263
416,263
479,263
0,264
6,264
188,264
410,264
416,264
464,264
471,264
479,264
0,265
7,265
189,265
409,265
416,265
464,265
471,265
479,265
0,266
7,266
189,266
409,266
416,266
464,266
471,266
479,266
0,267
6,267
190,267
409,267
416,267
464,267
471,267
479,267
0,268
6,268
190,268
196,268
198,268
409,268
417,268
465,268
469,268
479,268
0,269
6,269
191,269
192,269
201,269
410,269
415,269
415,269
417,269
479,269
0,270
6,270
202,270
410,270
415,270
479,270
0,271
5,271
202,271
479,271
0,272
5,272
202,272
479,272
0,273
5,273
202,273
202,273
204,273
479,273
0,274
4,274
202,274
202,274
204,274
479,274
0,275
4,275
202,275
479,275
0,276
4,276
202,276
479,276
0,277
4,277
202,277
479,277
0,278
4,278
202,278
205,278
207,278
479,278
0,279
3,279
201,279
479,279
0,280
4,280
201,280
479,280
0,281
3,281
201,281
479,281
0,282
3,282
201,282
479,282
0,283
3,283
201,283
479,283
0,284
3,284
201,284
479,284
0,285
1,285
200,285
200,285
202,285
479,285
0,286
0,286
199,286
200,286
202,286
203,286
206,286
479,286
201,287
479,287
0,288
0,288
200,288
479,288
0,289
0,289
202,289
479,289
0,290
0,290
205,290
479,290
0,291
0,291
208,291
479,291
211,292
479,292
212,293
479,293
213,294
479,294
215,295
479,295
214,296
479,296
214,297
479,297
214,298
479,298
214,299
224,299
226,299
249,299
252,299
479,299
214,300
248,300
257,300
479,300
214,301
224,301
234,301
239,301
241,301
248,301
264,301
275,301
281,301
281,301
285,301
479,301
212,302
223,302
244,302
247,302
268,302
272,302
285,302
479,302
212,303
223,303
272,303
273,303
288,303
479,303
216,304
223,304
291,304
479,304
294,305
300,305
306,305
479,305
298,306
299,306
308,306
311,306
313,306
479,306
311,307
479,307
314,308
479,308
315,309
315,309
317,309
479,309
318,310
479,310
321,311
322,311
324,311
324,311
331,311
479,311
323,312
324,312
333,312
479,312
333,313
479,313
336,314
433,314
439,314
479,314
337,315
432,315
439,315
479,315
338,316
432,316
440,316
479,316
341,317
432,317
440,317
479,317
344,318
432,318
440,318
479,318
344,319
432,319
440,319
479,319
345,320
345,320
353,320
432,320
439,320
479,320
354,321
377,321
382,321
432,321
439,321
479,321
355,322
376,322
384,322
479,322
357,323
376,323
384,323
479,323
358,324
376,324
384,324
479,324
360,325
377,325
384,325
479,325
361,326
378,326
382,326
479,326
362,327
479,327
364,328
479,328
365,329
366,329
369,329
479,329
371,330
479,330
372,331
479,331
373,332
479,332
376,333
479,333
376,334
479,334
378,335
479,335
377,336
479,336
380,337
479,337
381,338
479,338
381,339
479,339
383,340
479,340
383,341
383,341
385,341
479,341
388,342
479,342
388,343
479,343
390,344
479,344
391,345
479,345
391,346
479,346
393,347
479,347
392,348
479,348
393,349
479,349
394,350
479,350
395,351
479,351
396,352
479,352
397,353
479,353
400,354
479,354
401,355
479,355
402,356
479,356
402,357
479,357
403,358
479,358
403,359
479,359
