0,0
475,0
0,1
475,1
0,2
475,2
0,3
95,3
98,3
479,3
0,4
95,4
99,4
479,4
0,5
95,5
100,5
479,5
0,6
95,6
101,6
479,6
0,7
95,7
102,7
479,7
0,8
95,8
102,8
479,8
0,9
95,9
103,9
479,9
0,10
95,10
104,10
479,10
0,11
94,11
105,11
479,11
0,12
94,12
106,12
479,12
0,13
94,13
106,13
418,13
421,13
479,13
0,14
94,14
107,14
418,14
422,14
479,14
0,15
94,15
107,15
417,15
423,15
479,15
0,16
94,16
108,16
416,16
423,16
479,16
0,17
94,17
109,17
415,17
424,17
479,17
0,18
94,18
109,18
414,18
424,18
479,18
0,19
93,19
110,19
413,19
423,19
479,19
0,20
93,20
111,20
413,20
423,20
466,20
469,20
479,20
0,21
93,21
111,21
413,21
422,21
466,21
471,21
479,21
0,22
93,22
112,22
414,22
421,22
465,22
471,22
479,22
0,23
93,23
112,23
417,23
419,23
464,23
472,23
479,23
0,24
93,24
113,24
464,24
472,24
479,24
0,25
93,25
114,25
464,25
472,25
479,25
0,26
93,26
114,26
464,26
472,26
479,26
0,27
93,27
115,27
464,27
472,27
479,27
0,28
51,28
116,28
465,28
471,28
479,28
0,29
44,29
116,29
466,29
468,29
479,29
0,30
39,30
117,30
479,30
0,31
37,31
117,31
479,31
0,32
33,32
118,32
479,32
0,33
29,33
119,33
479,33
0,34
26,34
119,34
479,34
0,35
25,35
120,35
479,35
0,36
24,36
121,36
479,36
0,37
22,37
121,37
479,37
0,38
20,38
122,38
479,38
0,39
18,39
122,39
479,39
0,40
16,40
124,40
479,40
0,41
14,41
124,41
479,41
0,42
12,42
125,42
479,42
0,43
10,43
126,43
479,43
0,44
8,44
127,44
128,44
130,44
479,44
0,45
7,45
128,45
128,45
130,45
479,45
0,46
6,46
129,46
479,46
0,47
4,47
130,47
130,47
132,47
479,47
0,48
2,48
130,48
479,48
0,49
1,49
131,49
131,49
133,49
479,49
132,50
479,50
133,51
479,51
133,52
479,52
134,53
479,53
135,54
479,54
136,55
479,55
136,56
479,56
137,57
479,57
137,58
479,58
138,59
479,59
139,60
479,60
139,61
479,61
139,62
479,62
140,63
479,63
140,64
479,64
141,65
479,65
141,66
479,66
142,67
479,67
142,68
479,68
142,69
479,69
143,70
479,70
143,71
479,71
143,72
479,72
143,73
479,73
144,74
278,74
280,74
479,74
144,75
277,75
282,75
479,75
144,76
276,76
283,76
479,76
145,77
275,77
284,77
479,77
145,78
274,78
284,78
479,78
145,79
275,79
283,79
479,79
146,80
275,80
282,80
479,80
146,81
276,81
282,81
479,81
147,82
277,82
279,82
479,82
147,83
151,83
158,83
479,83
148,84
151,84
159,84
479,84
149,85
151,85
159,85
479,85
149,86
151,86
160,86
479,86
149,87
151,87
159,87
479,87
150,88
479,88
151,89
479,89
153,90
479,90
156,91
479,91
158,92
479,92
161,93
171,93
173,93
479,93
166,94
479,94
168,95
172,95
179,95
479,95
180,96
479,96
181,97
184,97
188,97
479,97
189,98
479,98
189,99
479,99
188,100
479,100
188,101
479,101
188,102
479,102
188,103
479,103
187,104
479,104
187,105
279,105
282,105
479,105
187,106
284,106
286,106
479,106
186,107
282,107
284,107
479,107
186,108
278,108
285,108
479,108
185,109
278,109
287,109
479,109
185,110
278,110
289,110
479,110
185,111
277,111
290,111
479,111
184,112
277,112
291,112
479,112
184,113
277,113
292,113
479,113
173,114
173,114
183,114
277,114
292,114
479,114
169,115
169,115
172,115
175,115
183,115
277,115
293,115
479,115
168,116
169,116
171,116
172,116
174,116
177,116
181,116
276,116
293,116
479,116
167,117
276,117
294,117
479,117
167,118
276,118
295,118
479,118
168,119
276,119
295,119
479,119
168,120
276,120
296,120
479,120
169,121
276,121
296,121
479,121
169,122
276,122
296,122
479,122
169,123
277,123
296,123
479,123
169,124
277,124
296,124
479,124
170,125
277,125
296,125
479,125
170,126
277,126
296,126
479,126
170,127
277,127
296,127
479,127
170,128
278,128
296,128
479,128
170,129
278,129
296,129
479,129
171,130
279,130
296,130
479,130
171,131
279,131
295,131
479,131
171,132
280,132
295,132
479,132
171,133
280,133
295,133
479,133
169,134
281,134
291,134
291,134
293,134
479,134
169,135
282,135
291,135
291,135
293,135
479,135
168,136
283,136
290,136
291,136
293,136
479,136
168,137
284,137
290,137
479,137
168,138
285,138
290,138
479,138
168,139
479,139
168,140
479,140
167,141
479,141
167,142
479,142
167,143
479,143
166,144
479,144
166,145
479,145
165,146
479,146
165,147
479,147
165,148
479,148
164,149
479,149
160,150
160,150
165,150
479,150
160,151
160,151
164,151
479,151
160,152
479,152
160,153
160,153
162,153
479,153
160,154
479,154
155,155
155,155
160,155
479,155
155,156
155,156
159,156
479,156
154,157
154,157
156,157
156,157
159,157
479,157
153,158
479,158
151,159
479,159
151,160
479,160
150,161
479,161
146,162
146,162
150,162
479,162
144,163
144,163
146,163
146,163
149,163
479,163
144,164
146,164
150,164
479,164
144,165
146,165
149,165
479,165
145,166
479,166
145,167
479,167
145,168
479,168
145,169
479,169
145,170
479,170
146,171
479,171
146,172
479,172
146,173
479,173
145,174
479,174
145,175
479,175
145,176
479,176
145,177
479,177
145,178
479,178
146,179
479,179
146,180
479,180
146,181
479,181
146,182
479,182
145,183
479,183
145,184
479,184
144,185
479,185
145,186
479,186
145,187
479,187
145,188
479,188
146,189
479,189
146,190
479,190
146,191
479,191
147,192
479,192
147,193
479,193
147,194
479,194
148,195
479,195
140,196
141,196
148,196
479,196
140,197
142,197
149,197
479,197
139,198
142,198
149,198
479,198
139,199
143,199
150,199
479,199
138,200
144,200
150,200
479,200
138,201
145,201
151,201
294,201
300,201
479,201
138,202
146,202
151,202
292,202
302,202
479,202
139,203
147,203
152,203
292,203
303,203
479,203
139,204
148,204
152,204
291,204
303,204
479,204
140,205
149,205
152,205
291,205
302,205
479,205
140,206
292,206
302,206
479,206
141,207
296,207
299,207
479,207
141,208
479,208
141,209
479,209
142,210
479,210
142,211
479,211
143,212
479,212
143,213
479,213
131,214
131,214
143,214
479,214
130,215
130,215
132,215
133,215
143,215
479,215
128,216
137,216
143,216
479,216
127,217
139,217
143,217
479,217
126,218
479,218
112,219
118,219
122,219
479,219
112,220
479,220
111,221
479,221
109,222
479,222
108,223
479,223
106,224
479,224
104,225
479,225
107,226
479,226
112,227
479,227
117,228
479,228
121,229
479,229
128,230
479,230
132,231
475,231
136,232
474,232
139,233
474,233
143,234
475,234
146,235
475,235
150,236
475,236
152,237
476,237
478,237
479,237
157,238
479,238
160,239
479,239
162,240
479,240
163,241
479,241
164,242
479,242
166,243
479,243
167,244
479,244
167,245
479,245
167,246
479,246
168,247
479,247
169,248
479,248
169,249
479,249
169,250
479,250
168,251
479,251
168,252
479,252
165,253
479,253
164,254
479,254
165,255
479,255
165,256
479,256
166,257
479,257
167,258
479,258
168,259
479,259
168,260
479,260
169,261
479,261
170,262
479,262
170,263
479,263
171,264
479,264
171,265
172,265
174,265
479,265
172,266
172,266
174,266
479,266
172,267
479,267
173,268
479,268
173,269
479,269
174,270
479,270
175,271
479,271
175,272
479,272
175,273
479,273
176,274
479,274
176,275
479,275
177,276
479,276
177,277
479,277
178,278
178,278
180,278
479,278
178,279
479,279
179,280
479,280
180,281
182,281
190,281
479,281
192,282
479,282
192,283
479,283
192,284
479,284
192,285
479,285
192,286
479,286
192,287
479,287
191,288
479,288
191,289
479,289
191,290
479,290
191,291
252,291
259,291
307,291
313,291
479,291
191,292
251,292
261,292
306,292
314,292
479,292
190,293
250,293
261,293
306,293
314,293
479,293
190,294
249,294
262,294
306,294
314,294
479,294
190,295
247,295
249,295
249,295
263,295
306,295
314,295
479,295
190,296
247,296
264,296
307,296
313,296
479,296
190,297
247,297
264,297
308,297
311,297
479,297
190,298
247,298
264,298
479,298
190,299
247,299
265,299
479,299
191,300
247,300
266,300
479,300
192,301
247,301
266,301
479,301
193,302
248,302
267,302
479,302
195,303
248,303
267,303
479,303
198,304
251,304
270,304
479,304
202,305
251,305
267,305
289,305
292,305
479,305
203,306
227,306
235,306
251,306
268,306
283,306
287,306
479,306
204,307
227,307
244,307
251,307
274,307
279,307
282,307
282,307
292,307
479,307
204,308
206,308
208,308
223,308
225,308
226,308
253,308
253,308
278,308
281,308
294,308
479,308
206,309
226,309
281,309
281,309
298,309
479,309
207,310
225,310
301,310
309,310
313,310
479,310
303,311
310,311
317,311
479,311
308,312
308,312
319,312
479,312
323,313
479,313
324,314
479,314
327,315
479,315
329,316
336,316
339,316
479,316
331,317
335,317
340,317
479,317
333,318
335,318
342,318
479,318
343,319
343,319
345,319
479,319
346,320
479,320
348,321
479,321
349,322
479,322
351,323
479,323
352,324
479,324
355,325
359,325
361,325
479,325
356,326
358,326
362,326
479,326
364,327
479,327
365,328
479,328
367,329
479,329
368,330
479,330
369,331
479,331
370,332
479,332
372,333
479,333
373,334
479,334
375,335
479,335
376,336
377,336
379,336
479,336
377,337
379,337
381,337
479,337
383,338
479,338
384,339
479,339
386,340
479,340
386,341
479,341
387,342
479,342
388,343
479,343
389,344
479,344
391,345
479,345
391,346
479,346
392,347
479,347
394,348
479,348
395,349
479,349
397,350
479,350
399,351
479,351
400,352
479,352
401,353
479,353
402,354
479,354
402,355
479,355
403,356
479,356
404,357
479,357
404,358
479,358
404,359
479,359
