0,0
479,0
0,1
479,1
0,2
479,2
0,3
479,3
0,4
479,4
0,5
479,5
0,6
479,6
0,7
479,7
0,8
479,8
0,9
479,9
0,10
479,10
0,11
479,11
0,12
479,12
0,13
479,13
0,14
479,14
0,15
479,15
0,16
479,16
0,17
479,17
0,18
479,18
0,19
479,19
0,20
479,20
0,21
479,21
0,22
479,22
0,23
479,23
0,24
479,24
0,25
479,25
0,26
479,26
0,27
479,27
0,28
479,28
0,29
479,29
0,30
479,30
0,31
479,31
0,32
479,32
0,33
479,33
0,34
479,34
0,35
479,35
0,36
479,36
0,37
479,37
0,38
479,38
0,39
479,39
0,40
479,40
0,41
479,41
0,42
479,42
0,43
479,43
0,44
479,44
0,45
479,45
0,46
479,46
0,47
479,47
0,48
479,48
0,49
479,49
0,50
479,50
0,51
479,51
0,52
479,52
0,53
479,53
0,54
479,54
0,55
479,55
0,56
479,56
0,57
479,57
0,58
479,58
0,59
479,59
0,60
479,60
0,61
479,61
0,62
479,62
0,63
479,63
0,64
479,64
0,65
479,65
0,66
479,66
0,67
479,67
0,68
479,68
0,69
479,69
0,70
479,70
0,71
479,71
0,72
479,72
0,73
479,73
0,74
479,74
0,75
479,75
0,76
479,76
0,77
479,77
0,78
479,78
0,79
479,79
0,80
479,80
0,81
479,81
0,82
281,82
283,82
284,82
286,82
479,82
0,83
287,83
295,83
479,83
0,84
257,84
262,84
277,84
284,84
286,84
298,84
299,84
301,84
479,84
0,85
256,85
263,85
276,85
299,85
479,85
0,86
256,86
263,86
275,86
300,86
479,86
0,87
256,87
265,87
274,87
301,87
479,87
0,88
257,88
266,88
270,88
272,88
274,88
302,88
479,88
0,89
257,89
266,89
273,89
302,89
479,89
0,90
257,90
267,90
273,90
303,90
479,90
0,91
256,91
268,91
273,91
303,91
479,91
0,92
256,92
268,92
269,92
271,92
273,92
304,92
479,92
0,93
256,93
269,93
273,93
305,93
479,93
0,94
256,94
269,94
269,94
271,94
271,94
305,94
479,94
0,95
255,95
270,95
272,95
305,95
479,95
0,96
255,96
271,96
272,96
305,96
479,96
0,97
255,97
265,97
265,97
305,97
479,97
0,98
255,98
265,98
266,98
304,98
479,98
0,99
255,99
265,99
267,99
303,99
479,99
0,100
255,100
264,100
268,100
303,100
479,100
0,101
254,101
264,101
268,101
301,101
479,101
0,102
254,102
264,102
269,102
300,102
479,102
0,103
254,103
264,103
271,103
300,103
479,103
0,104
254,104
263,104
269,104
300,104
479,104
0,105
254,105
263,105
269,105
272,105
272,105
300,105
479,105
0,106
253,106
263,106
270,106
272,106
272,106
300,106
479,106
0,107
253,107
262,107
272,107
299,107
479,107
0,108
253,108
262,108
272,108
298,108
479,108
0,109
253,109
262,109
271,109
302,109
479,109
0,110
252,110
262,110
271,110
303,110
479,110
0,111
252,111
262,111
277,111
303,111
479,111
0,112
252,112
262,112
278,112
303,112
479,112
0,113
252,113
262,113
278,113
304,113
479,113
0,114
252,114
261,114
278,114
304,114
479,114
0,115
252,115
261,115
278,115
303,115
479,115
0,116
252,116
261,116
278,116
303,116
479,116
0,117
252,117
261,117
277,117
303,117
479,117
0,118
252,118
261,118
277,118
304,118
479,118
0,119
251,119
260,119
277,119
304,119
479,119
0,120
251,120
260,120
277,120
305,120
479,120
0,121
251,121
260,121
277,121
305,121
479,121
0,122
251,122
260,122
275,122
278,122
278,122
307,122
479,122
0,123
251,123
260,123
277,123
307,123
479,123
0,124
251,124
260,124
279,124
308,124
479,124
0,125
251,125
260,125
279,125
309,125
479,125
0,126
251,126
259,126
279,126
311,126
479,126
0,127
251,127
259,127
278,127
312,127
479,127
0,128
251,128
259,128
278,128
312,128
479,128
0,129
251,129
259,129
278,129
312,129
479,129
0,130
251,130
259,130
278,130
312,130
479,130
0,131
251,131
259,131
278,131
303,131
303,131
311,131
479,131
0,132
251,132
259,132
279,132
303,132
304,132
311,132
479,132
0,133
251,133
259,133
280,133
304,133
306,133
310,133
479,133
0,134
251,134
259,134
281,134
304,134
479,134
0,135
251,135
259,135
281,135
304,135
479,135
0,136
251,136
259,136
281,136
304,136
479,136
0,137
251,137
259,137
281,137
303,137
479,137
0,138
251,138
258,138
282,138
303,138
479,138
0,139
251,139
258,139
282,139
304,139
479,139
0,140
251,140
258,140
281,140
304,140
479,140
0,141
251,141
258,141
281,141
304,141
479,141
0,142
251,142
258,142
281,142
305,142
479,142
0,143
251,143
259,143
281,143
306,143
479,143
0,144
251,144
259,144
281,144
306,144
479,144
0,145
251,145
259,145
280,145
306,145
479,145
0,146
251,146
259,146
279,146
307,146
479,146
0,147
251,147
259,147
278,147
307,147
479,147
0,148
251,148
259,148
278,148
308,148
479,148
0,149
251,149
259,149
277,149
308,149
479,149
0,150
251,150
259,150
276,150
309,150
479,150
0,151
251,151
259,151
276,151
309,151
479,151
0,152
252,152
259,152
275,152
310,152
479,152
0,153
252,153
259,153
274,153
310,153
479,153
0,154
252,154
259,154
274,154
311,154
479,154
0,155
252,155
259,155
273,155
311,155
479,155
0,156
252,156
259,156
272,156
311,156
479,156
0,157
251,157
258,157
271,157
312,157
479,157
0,158
251,158
258,158
271,158
312,158
479,158
0,159
251,159
258,159
270,159
312,159
383,159
387,159
479,159
0,160
251,160
258,160
269,160
312,160
380,160
388,160
479,160
0,161
251,161
257,161
268,161
312,161
379,161
389,161
479,161
0,162
251,162
257,162
267,162
313,162
378,162
390,162
390,162
392,162
479,162
0,163
251,163
257,163
267,163
313,163
377,163
392,163
479,163
0,164
251,164
257,164
266,164
313,164
377,164
391,164
479,164
0,165
251,165
257,165
265,165
313,165
376,165
391,165
479,165
0,166
250,166
256,166
265,166
313,166
375,166
391,166
479,166
0,167
250,167
256,167
257,167
259,167
264,167
314,167
375,167
391,167
479,167
0,168
250,168
256,168
263,168
314,168
374,168
391,168
479,168
0,169
250,169
256,169
261,169
314,169
374,169
391,169
479,169
0,170
250,170
256,170
261,170
314,170
373,170
391,170
479,170
0,171
250,171
256,171
259,171
314,171
373,171
391,171
479,171
0,172
250,172
256,172
259,172
314,172
373,172
391,172
479,172
0,173
251,173
256,173
259,173
315,173
372,173
391,173
479,173
0,174
251,174
256,174
259,174
315,174
372,174
390,174
479,174
0,175
251,175
256,175
258,175
315,175
371,175
390,175
479,175
0,176
251,176
257,176
258,176
316,176
370,176
389,176
479,176
0,177
251,177
257,177
257,177
316,177
369,177
389,177
479,177
0,178
251,178
257,178
258,178
316,178
369,178
388,178
479,178
0,179
252,179
258,179
258,179
316,179
369,179
388,179
479,179
0,180
253,180
258,180
259,180
316,180
368,180
387,180
479,180
0,181
254,181
258,181
259,181
311,181
311,181
316,181
368,181
387,181
479,181
0,182
258,182
311,182
311,182
316,182
367,182
386,182
479,182
0,183
257,183
315,183
367,183
386,183
479,183
0,184
256,184
314,184
363,184
385,184
385,184
387,184
479,184
0,185
256,185
311,185
357,185
385,185
479,185
0,186
142,186
157,186
255,186
311,186
350,186
386,186
479,186
0,187
129,187
163,187
255,187
311,187
342,187
387,187
479,187
0,188
119,188
169,188
254,188
311,188
338,188
387,188
479,188
0,189
112,189
174,189
254,189
312,189
335,189
388,189
479,189
0,190
106,190
179,190
254,190
312,190
331,190
388,190
479,190
0,191
95,191
184,191
254,191
312,191
328,191
388,191
479,191
0,192
89,192
191,192
255,192
312,192
323,192
388,192
479,192
0,193
87,193
195,193
255,193
312,193
320,193
388,193
479,193
0,194
85,194
202,194
203,194
206,194
256,194
312,194
319,194
387,194
479,194
0,195
85,195
207,195
207,195
209,195
258,195
312,195
314,195
386,195
479,195
0,196
84,196
214,196
260,196
384,196
479,196
0,197
84,197
223,197
261,197
382,197
479,197
0,198
84,198
229,198
264,198
380,198
479,198
0,199
84,199
236,199
268,199
380,199
479,199
0,200
85,200
243,200
271,200
379,200
379,200
381,200
479,200
0,201
85,201
248,201
248,201
251,201
273,201
379,201
379,201
381,201
479,201
0,202
86,202
260,202
260,202
263,202
276,202
378,202
479,202
0,203
86,203
287,203
289,203
377,203
479,203
0,204
87,204
377,204
479,204
0,205
87,205
377,205
479,205
0,206
88,206
376,206
479,206
0,207
88,207
376,207
479,207
0,208
89,208
375,208
376,208
378,208
479,208
0,209
89,209
375,209
479,209
0,210
90,210
374,210
479,210
0,211
89,211
91,211
91,211
374,211
479,211
0,212
91,212
374,212
479,212
0,213
93,213
373,213
479,213
0,214
94,214
373,214
479,214
0,215
94,215
372,215
479,215
0,216
95,216
372,216
479,216
0,217
97,217
371,217
479,217
0,218
99,218
371,218
479,218
0,219
100,219
370,219
479,219
0,220
101,220
370,220
479,220
0,221
99,221
101,221
102,221
369,221
479,221
0,222
103,222
369,222
479,222
0,223
103,223
368,223
479,223
0,224
104,224
368,224
479,224
0,225
104,225
367,225
479,225
0,226
105,226
367,226
479,226
0,227
106,227
366,227
479,227
0,228
106,228
366,228
479,228
0,229
108,229
365,229
479,229
0,230
109,230
364,230
479,230
0,231
110,231
364,231
479,231
0,232
110,232
116,232
124,232
363,232
363,232
365,232
479,232
0,233
126,233
362,233
479,233
0,234
129,234
362,234
479,234
0,235
132,235
361,235
479,235
0,236
135,236
360,236
479,236
0,237
144,237
359,237
479,237
0,238
150,238
359,238
479,238
0,239
152,239
358,239
479,239
0,240
153,240
357,240
479,240
0,241
155,241
356,241
479,241
0,242
156,242
356,242
479,242
0,243
157,243
355,243
479,243
0,244
158,244
354,244
479,244
0,245
159,245
353,245
479,245
0,246
160,246
353,246
479,246
0,247
162,247
352,247
479,247
0,248
163,248
352,248
479,248
0,249
165,249
351,249
479,249
0,250
166,250
351,250
479,250
0,251
167,251
350,251
479,251
0,252
169,252
349,252
479,252
0,253
171,253
348,253
479,253
0,254
173,254
347,254
479,254
0,255
174,255
347,255
479,255
0,256
176,256
346,256
479,256
0,257
177,257
345,257
479,257
0,258
178,258
344,258
479,258
0,259
181,259
342,259
479,259
0,260
182,260
248,260
251,260
339,260
479,260
0,261
184,261
245,261
254,261
319,261
326,261
335,261
479,261
0,262
186,262
239,262
256,262
315,262
479,262
0,263
188,263
233,263
261,263
311,263
479,263
0,264
190,264
229,264
267,264
305,264
314,264
318,264
479,264
0,265
191,265
223,265
271,265
300,265
479,265
0,266
194,266
220,266
479,266
0,267
198,267
215,267
479,267
0,268
200,268
212,268
479,268
0,269
202,269
208,269
479,269
0,270
479,270
0,271
479,271
0,272
479,272
0,273
479,273
0,274
479,274
0,275
479,275
0,276
479,276
0,277
479,277
0,278
479,278
0,279
479,279
0,280
479,280
0,281
479,281
0,282
479,282
0,283
479,283
0,284
479,284
0,285
479,285
0,286
479,286
0,287
479,287
0,288
479,288
0,289
479,289
0,290
479,290
0,291
479,291
0,292
479,292
0,293
479,293
0,294
479,294
0,295
479,295
0,296
479,296
0,297
479,297
0,298
479,298
0,299
479,299
0,300
479,300
0,301
479,301
0,302
479,302
0,303
479,303
0,304
479,304
0,305
479,305
0,306
479,306
0,307
479,307
0,308
479,308
0,309
479,309
0,310
479,310
0,311
479,311
0,312
479,312
0,313
479,313
0,314
479,314
0,315
479,315
0,316
479,316
0,317
479,317
0,318
479,318
0,319
479,319
0,320
479,320
0,321
479,321
0,322
479,322
0,323
479,323
0,324
479,324
0,325
479,325
0,326
479,326
0,327
479,327
0,328
479,328
0,329
479,329
0,330
479,330
0,331
479,331
0,332
479,332
0,333
479,333
0,334
479,334
0,335
479,335
0,336
479,336
0,337
479,337
0,338
479,338
0,339
479,339
0,340
479,340
0,341
479,341
0,342
479,342
0,343
479,343
0,344
479,344
0,345
479,345
0,346
479,346
0,347
479,347
0,348
479,348
0,349
479,349
0,350
479,350
0,351
479,351
0,352
479,352
0,353
479,353
0,354
479,354
0,355
479,355
0,356
479,356
0,357
479,357
0,358
479,358
0,359
479,359
