0,0
479,0
0,1
479,1
0,2
479,2
0,3
479,3
0,4
479,4
0,5
479,5
0,6
479,6
0,7
479,7
0,8
479,8
0,9
479,9
0,10
479,10
0,11
479,11
0,12
479,12
0,13
479,13
0,14
479,14
0,15
479,15
0,16
479,16
0,17
479,17
0,18
479,18
0,19
479,19
0,20
479,20
0,21
479,21
0,22
479,22
0,23
479,23
0,24
479,24
0,25
479,25
0,26
479,26
0,27
479,27
0,28
479,28
0,29
479,29
0,30
479,30
0,31
479,31
0,32
479,32
0,33
479,33
0,34
479,34
0,35
479,35
0,36
479,36
0,37
479,37
0,38
479,38
0,39
479,39
0,40
479,40
0,41
479,41
0,42
479,42
0,43
479,43
0,44
479,44
0,45
479,45
0,46
479,46
0,47
479,47
0,48
479,48
0,49
479,49
0,50
479,50
0,51
479,51
0,52
479,52
0,53
479,53
0,54
479,54
0,55
479,55
0,56
479,56
0,57
290,57
292,57
479,57
0,58
479,58
0,59
246,59
249,59
288,59
295,59
479,59
0,60
276,60
284,60
285,60
298,60
479,60
0,61
241,61
243,61
244,61
248,61
272,61
274,61
275,61
300,61
300,61
302,61
479,61
0,62
241,62
243,62
243,62
249,62
274,62
301,62
479,62
0,63
242,63
251,63
273,63
301,63
479,63
0,64
242,64
252,64
272,64
302,64
479,64
0,65
243,65
254,65
272,65
303,65
479,65
0,66
243,66
255,66
271,66
304,66
479,66
0,67
243,67
255,67
271,67
304,67
479,67
0,68
243,68
256,68
270,68
305,68
479,68
0,69
242,69
257,69
270,69
305,69
479,69
0,70
242,70
258,70
269,70
306,70
479,70
0,71
242,71
259,71
269,71
306,71
479,71
0,72
241,72
260,72
269,72
307,72
479,72
0,73
241,73
261,73
269,73
307,73
479,73
0,74
241,74
263,74
268,74
307,74
479,74
0,75
241,75
265,75
268,75
307,75
479,75
0,76
240,76
255,76
256,76
266,76
266,76
307,76
479,76
0,77
240,77
255,77
257,77
306,77
479,77
0,78
240,78
254,78
258,78
305,78
479,78
0,79
240,79
254,79
258,79
260,79
260,79
305,79
479,79
0,80
239,80
253,80
261,80
303,80
479,80
0,81
239,81
253,81
263,81
301,81
479,81
0,82
239,82
253,82
264,82
301,82
479,82
0,83
239,83
253,83
265,83
300,83
479,83
0,84
239,84
252,84
267,84
299,84
479,84
0,85
239,85
252,85
265,85
267,85
268,85
299,85
479,85
0,86
238,86
251,86
269,86
299,86
479,86
0,87
238,87
251,87
269,87
299,87
479,87
0,88
238,88
251,88
269,88
299,88
479,88
0,89
238,89
251,89
269,89
298,89
298,89
300,89
479,89
0,90
238,90
250,90
268,90
301,90
479,90
0,91
238,91
251,91
269,91
302,91
479,91
0,92
237,92
250,92
269,92
272,92
272,92
303,92
479,92
0,93
237,93
250,93
273,93
275,93
277,93
304,93
479,93
0,94
237,94
249,94
277,94
304,94
479,94
0,95
237,95
249,95
278,95
304,95
479,95
0,96
237,96
249,96
278,96
304,96
479,96
0,97
237,97
249,97
278,97
306,97
479,97
0,98
237,98
249,98
275,98
277,98
278,98
308,98
479,98
0,99
237,99
249,99
278,99
309,99
479,99
0,100
237,100
249,100
278,100
310,100
479,100
0,101
237,101
248,101
277,101
311,101
479,101
0,102
236,102
248,102
277,102
314,102
479,102
0,103
236,103
248,103
277,103
317,103
479,103
0,104
236,104
248,104
277,104
320,104
479,104
0,105
236,105
248,105
278,105
322,105
479,105
0,106
236,106
248,106
279,106
325,106
479,106
0,107
236,107
248,107
279,107
328,107
479,107
0,108
236,108
247,108
280,108
309,108
309,108
329,108
479,108
0,109
236,109
247,109
280,109
309,109
311,109
331,109
479,109
0,110
236,110
247,110
280,110
309,110
312,110
331,110
479,110
0,111
236,111
247,111
280,111
308,111
313,111
331,111
479,111
0,112
236,112
247,112
281,112
308,112
315,112
330,112
479,112
0,113
236,113
247,113
281,113
307,113
317,113
330,113
479,113
0,114
236,114
247,114
281,114
306,114
319,114
329,114
479,114
0,115
236,115
247,115
281,115
305,115
320,115
328,115
479,115
0,116
236,116
247,116
281,116
305,116
305,116
307,116
322,116
327,116
479,116
0,117
236,117
247,117
281,117
305,117
479,117
0,118
236,118
246,118
281,118
306,118
479,118
0,119
236,119
247,119
281,119
305,119
479,119
0,120
236,120
247,120
281,120
305,120
479,120
0,121
236,121
247,121
281,121
306,121
479,121
0,122
236,122
246,122
281,122
304,122
479,122
0,123
236,123
246,123
281,123
304,123
479,123
0,124
236,124
246,124
280,124
304,124
479,124
0,125
236,125
247,125
281,125
305,125
479,125
0,126
236,126
247,126
281,126
306,126
479,126
0,127
236,127
247,127
280,127
306,127
479,127
0,128
237,128
247,128
280,128
307,128
479,128
0,129
237,129
247,129
280,129
308,129
479,129
0,130
237,130
247,130
280,130
308,130
479,130
0,131
237,131
247,131
279,131
308,131
479,131
0,132
237,132
248,132
279,132
308,132
479,132
0,133
237,133
248,133
278,133
309,133
479,133
0,134
237,134
248,134
277,134
309,134
479,134
0,135
237,135
248,135
276,135
310,135
479,135
0,136
237,136
248,136
276,136
310,136
479,136
0,137
235,137
237,137
238,137
248,137
275,137
311,137
479,137
0,138
235,138
238,138
238,138
248,138
275,138
311,138
479,138
0,139
238,139
248,139
274,139
312,139
479,139
0,140
238,140
248,140
273,140
312,140
479,140
0,141
238,141
248,141
272,141
313,141
479,141
0,142
238,142
248,142
272,142
313,142
479,142
0,143
238,143
248,143
271,143
314,143
479,143
0,144
238,144
247,144
247,144
249,144
270,144
315,144
417,144
420,144
479,144
0,145
238,145
247,145
247,145
249,145
270,145
315,145
415,145
422,145
479,145
0,146
238,146
247,146
269,146
315,146
413,146
423,146
479,146
0,147
238,147
246,147
268,147
315,147
315,147
317,147
412,147
424,147
479,147
0,148
237,148
246,148
267,148
315,148
411,148
424,148
479,148
0,149
237,149
246,149
267,149
315,149
410,149
424,149
479,149
0,150
237,150
246,150
266,150
315,150
409,150
424,150
479,150
0,151
237,151
245,151
265,151
316,151
409,151
424,151
479,151
0,152
237,152
245,152
264,152
316,152
408,152
424,152
479,152
0,153
237,153
245,153
263,153
316,153
407,153
424,153
479,153
0,154
237,154
245,154
263,154
316,154
407,154
424,154
479,154
0,155
237,155
245,155
262,155
317,155
406,155
424,155
479,155
0,156
237,156
245,156
261,156
317,156
405,156
424,156
479,156
0,157
237,157
245,157
260,157
317,157
405,157
424,157
479,157
0,158
237,158
245,158
259,158
317,158
404,158
424,158
479,158
0,159
237,159
245,159
258,159
317,159
404,159
424,159
479,159
0,160
237,160
245,160
257,160
318,160
403,160
424,160
479,160
0,161
237,161
245,161
256,161
318,161
402,161
423,161
479,161
0,162
237,162
245,162
255,162
318,162
402,162
423,162
479,162
0,163
238,163
245,163
254,163
318,163
401,163
422,163
479,163
0,164
238,164
245,164
253,164
319,164
401,164
422,164
479,164
0,165
238,165
245,165
252,165
319,165
400,165
421,165
479,165
0,166
238,166
245,166
252,166
319,166
399,166
421,166
479,166
0,167
239,167
246,167
249,167
251,167
251,167
319,167
399,167
420,167
479,167
0,168
239,168
246,168
251,168
319,168
398,168
419,168
479,168
0,169
239,169
246,169
250,169
319,169
398,169
419,169
479,169
0,170
240,170
247,170
250,170
319,170
397,170
418,170
479,170
0,171
241,171
249,171
254,171
319,171
396,171
417,171
479,171
0,172
242,172
249,172
255,172
314,172
315,172
319,172
396,172
417,172
479,172
0,173
243,173
248,173
254,173
314,173
314,173
319,173
395,173
416,173
479,173
0,174
253,174
314,174
314,174
319,174
386,174
416,174
479,174
0,175
252,175
314,175
314,175
317,175
379,175
415,175
479,175
0,176
251,176
315,176
370,176
415,176
479,176
0,177
249,177
314,177
364,177
414,177
479,177
0,178
248,178
314,178
360,178
414,178
479,178
0,179
248,179
314,179
357,179
413,179
479,179
0,180
247,180
314,180
354,180
412,180
479,180
0,181
246,181
314,181
351,181
412,181
479,181
0,182
246,182
314,182
348,182
411,182
479,182
0,183
108,183
110,183
245,183
315,183
343,183
411,183
479,183
0,184
82,184
85,184
86,184
102,184
245,184
315,184
341,184
411,184
479,184
0,185
69,185
109,185
246,185
315,185
337,185
411,185
479,185
0,186
52,186
115,186
247,186
315,186
334,186
410,186
479,186
0,187
39,187
121,187
248,187
314,187
330,187
408,187
479,187
0,188
32,188
127,188
249,188
314,188
327,188
407,188
479,188
0,189
27,189
133,189
254,189
314,189
324,189
407,189
479,189
0,190
24,190
137,190
255,190
314,190
320,190
406,190
479,190
0,191
23,191
145,191
256,191
313,191
316,191
406,191
406,191
408,191
479,191
0,192
23,192
152,192
263,192
311,192
313,192
405,192
479,192
0,193
23,193
157,193
270,193
310,193
311,193
405,193
479,193
0,194
23,194
168,194
169,194
171,194
272,194
404,194
479,194
0,195
24,195
174,195
275,195
404,195
479,195
0,196
24,196
183,196
276,196
402,196
403,196
405,196
479,196
0,197
25,197
188,197
276,197
402,197
403,197
405,197
479,197
0,198
25,198
202,198
275,198
288,198
288,198
401,198
479,198
0,199
25,199
209,199
275,199
401,199
479,199
0,200
26,200
223,200
275,200
400,200
479,200
0,201
26,201
235,201
275,201
400,201
479,201
0,202
27,202
258,202
259,202
262,202
262,202
265,202
265,202
269,202
269,202
399,202
399,202
401,202
479,202
0,203
27,203
398,203
479,203
0,204
28,204
398,204
479,204
0,205
29,205
397,205
479,205
0,206
30,206
397,206
479,206
0,207
31,207
396,207
479,207
0,208
32,208
395,208
479,208
0,209
33,209
395,209
479,209
0,210
34,210
394,210
479,210
0,211
35,211
393,211
479,211
0,212
37,212
393,212
479,212
0,213
38,213
392,213
479,213
0,214
39,214
392,214
479,214
0,215
37,215
39,215
40,215
391,215
479,215
0,216
40,216
390,216
479,216
0,217
41,217
390,217
390,217
392,217
479,217
0,218
41,218
389,218
479,218
0,219
42,219
388,219
389,219
391,219
479,219
0,220
43,220
388,220
479,220
0,221
44,221
387,221
479,221
0,222
44,222
386,222
479,222
0,223
45,223
386,223
479,223
0,224
47,224
385,224
479,224
0,225
47,225
384,225
479,225
0,226
48,226
384,226
479,226
0,227
49,227
384,227
479,227
0,228
50,228
383,228
479,228
0,229
51,229
382,229
479,229
0,230
52,230
59,230
60,230
381,230
479,230
0,231
62,231
380,231
479,231
0,232
64,232
380,232
479,232
0,233
61,233
63,233
66,233
379,233
479,233
0,234
68,234
378,234
479,234
0,235
72,235
378,235
479,235
0,236
75,236
377,236
479,236
0,237
86,237
89,237
89,237
376,237
479,237
0,238
90,238
376,238
479,238
0,239
92,239
375,239
479,239
0,240
93,240
374,240
479,240
0,241
94,241
374,241
479,241
0,242
95,242
373,242
479,242
0,243
96,243
372,243
479,243
0,244
98,244
371,244
479,244
0,245
99,245
370,245
479,245
0,246
100,246
370,246
479,246
0,247
102,247
369,247
479,247
0,248
103,248
368,248
479,248
0,249
105,249
367,249
479,249
0,250
106,250
366,250
479,250
0,251
107,251
366,251
479,251
0,252
109,252
365,252
479,252
0,253
111,253
364,253
479,253
0,254
113,254
363,254
479,254
0,255
114,255
362,255
479,255
0,256
115,256
361,256
479,256
0,257
117,257
360,257
479,257
0,258
118,258
359,258
479,258
0,259
121,259
358,259
479,259
0,260
122,260
357,260
479,260
0,261
124,261
356,261
479,261
0,262
126,262
198,262
206,262
356,262
479,262
0,263
128,263
194,263
210,263
354,263
479,263
0,264
129,264
191,264
214,264
353,264
479,264
0,265
131,265
186,265
217,265
353,265
479,265
0,266
134,266
184,266
223,266
351,266
479,266
0,267
136,267
179,267
229,267
350,267
479,267
0,268
138,268
177,268
236,268
272,268
272,268
349,268
479,268
0,269
142,269
172,269
246,269
248,269
273,269
349,269
479,269
0,270
144,270
170,270
275,270
347,270
479,270
0,271
148,271
167,271
277,271
346,271
346,271
348,271
479,271
0,272
151,272
163,272
279,272
345,272
346,272
348,272
479,272
0,273
281,273
344,273
479,273
0,274
282,274
343,274
479,274
0,275
285,275
342,275
342,275
344,275
479,275
0,276
287,276
341,276
342,276
344,276
479,276
0,277
290,277
340,277
479,277
0,278
293,278
340,278
479,278
0,279
296,279
300,279
300,279
311,279
313,279
338,279
479,279
0,280
296,280
298,280
314,280
337,280
479,280
0,281
315,281
336,281
479,281
0,282
315,282
335,282
479,282
0,283
316,283
334,283
479,283
0,284
317,284
329,284
479,284
0,285
318,285
327,285
479,285
0,286
479,286
0,287
479,287
0,288
479,288
0,289
479,289
0,290
479,290
0,291
479,291
0,292
479,292
0,293
479,293
0,294
479,294
0,295
479,295
0,296
479,296
0,297
479,297
0,298
479,298
0,299
479,299
0,300
479,300
0,301
479,301
0,302
479,302
0,303
479,303
0,304
479,304
0,305
479,305
0,306
479,306
0,307
479,307
0,308
479,308
0,309
479,309
0,310
479,310
0,311
479,311
0,312
479,312
0,313
479,313
0,314
479,314
0,315
479,315
0,316
479,316
0,317
479,317
0,318
479,318
0,319
479,319
0,320
479,320
0,321
479,321
0,322
479,322
0,323
479,323
0,324
479,324
0,325
479,325
0,326
479,326
0,327
479,327
0,328
479,328
0,329
479,329
0,330
479,330
0,331
479,331
0,332
479,332
0,333
479,333
0,334
479,334
0,335
479,335
0,336
479,336
0,337
479,337
0,338
479,338
0,339
479,339
0,340
479,340
0,341
479,341
0,342
479,342
0,343
479,343
0,344
479,344
0,345
479,345
0,346
479,346
0,347
479,347
0,348
479,348
0,349
479,349
0,350
479,350
0,351
479,351
0,352
479,352
0,353
479,353
0,354
479,354
0,355
479,355
0,356
479,356
0,357
479,357
0,358
479,358
0,359
479,359
