0,0
105,0
138,0
243,0
299,0
479,0
0,1
105,1
138,1
242,1
300,1
479,1
0,2
105,2
138,2
239,2
241,2
241,2
301,2
479,2
0,3
106,3
139,3
240,3
302,3
479,3
0,4
106,4
139,4
240,4
302,4
479,4
0,5
106,5
140,5
240,5
303,5
479,5
0,6
107,6
140,6
238,6
304,6
304,6
306,6
479,6
0,7
107,7
140,7
237,7
304,7
479,7
0,8
108,8
140,8
236,8
305,8
479,8
0,9
108,9
141,9
234,9
306,9
479,9
0,10
108,10
141,10
233,10
307,10
479,10
0,11
109,11
141,11
232,11
308,11
479,11
0,12
109,12
142,12
231,12
308,12
479,12
0,13
109,13
142,13
224,13
226,13
230,13
309,13
479,13
0,14
110,14
142,14
229,14
310,14
479,14
0,15
110,15
142,15
227,15
310,15
479,15
0,16
111,16
143,16
225,16
311,16
479,16
0,17
111,17
143,17
225,17
312,17
479,17
0,18
112,18
143,18
223,18
313,18
479,18
0,19
112,19
143,19
222,19
313,19
479,19
0,20
113,20
144,20
220,20
314,20
479,20
0,21
113,21
144,21
219,21
314,21
479,21
0,22
113,22
145,22
218,22
315,22
479,22
0,23
114,23
145,23
216,23
316,23
479,23
0,24
114,24
145,24
215,24
316,24
479,24
0,25
115,25
145,25
214,25
317,25
479,25
0,26
115,26
145,26
212,26
318,26
479,26
0,27
115,27
145,27
212,27
318,27
479,27
0,28
115,28
145,28
211,28
318,28
479,28
0,29
116,29
145,29
207,29
209,29
209,29
318,29
479,29
0,30
116,30
145,30
207,30
318,30
479,30
0,31
116,31
145,31
207,31
318,31
479,31
0,32
116,32
144,32
205,32
318,32
479,32
0,33
116,33
144,33
204,33
318,33
479,33
0,34
113,34
115,34
116,34
143,34
203,34
318,34
479,34
0,35
113,35
115,35
116,35
143,35
201,35
318,35
479,35
0,36
113,36
115,36
116,36
143,36
200,36
308,36
479,36
0,37
116,37
143,37
199,37
308,37
479,37
0,38
115,38
142,38
198,38
308,38
479,38
0,39
115,39
141,39
196,39
308,39
479,39
0,40
115,40
140,40
196,40
308,40
479,40
0,41
115,41
140,41
195,41
309,41
479,41
0,42
114,42
139,42
193,42
309,42
479,42
0,43
114,43
139,43
192,43
309,43
479,43
0,44
114,44
138,44
191,44
309,44
479,44
0,45
114,45
138,45
190,45
309,45
479,45
0,46
114,46
138,46
189,46
309,46
479,46
0,47
114,47
137,47
188,47
309,47
479,47
0,48
114,48
136,48
187,48
309,48
479,48
0,49
114,49
136,49
186,49
309,49
479,49
0,50
114,50
136,50
186,50
309,50
479,50
0,51
114,51
135,51
185,51
309,51
479,51
0,52
114,52
135,52
184,52
309,52
479,52
0,53
114,53
136,53
183,53
309,53
479,53
0,54
114,54
135,54
182,54
309,54
479,54
0,55
114,55
135,55
181,55
309,55
479,55
0,56
114,56
135,56
180,56
309,56
479,56
0,57
114,57
135,57
180,57
309,57
479,57
0,58
114,58
135,58
178,58
309,58
479,58
0,59
115,59
135,59
176,59
178,59
178,59
309,59
479,59
0,60
115,60
135,60
177,60
309,60
479,60
0,61
115,61
135,61
177,61
309,61
479,61
0,62
115,62
135,62
176,62
309,62
479,62
0,63
115,63
135,63
175,63
309,63
479,63
0,64
115,64
135,64
175,64
309,64
479,64
0,65
115,65
135,65
174,65
309,65
479,65
0,66
116,66
135,66
174,66
309,66
479,66
0,67
117,67
135,67
173,67
309,67
479,67
0,68
117,68
135,68
172,68
309,68
479,68
0,69
117,69
136,69
172,69
309,69
479,69
0,70
117,70
136,70
172,70
309,70
479,70
0,71
118,71
136,71
172,71
309,71
479,71
0,72
118,72
136,72
172,72
309,72
479,72
0,73
119,73
136,73
172,73
310,73
479,73
0,74
119,74
137,74
171,74
310,74
479,74
0,75
120,75
137,75
170,75
310,75
479,75
0,76
120,76
137,76
170,76
310,76
479,76
0,77
121,77
137,77
171,77
310,77
479,77
0,78
121,78
137,78
167,78
169,78
171,78
309,78
479,78
0,79
122,79
138,79
171,79
309,79
479,79
0,80
123,80
138,80
171,80
309,80
479,80
0,81
121,81
123,81
123,81
140,81
171,81
309,81
479,81
0,82
122,82
124,82
124,82
140,82
171,82
307,82
479,82
0,83
125,83
140,83
140,83
142,83
174,83
307,83
479,83
0,84
126,84
142,84
174,84
176,84
176,84
305,84
479,84
0,85
126,85
142,85
175,85
304,85
479,85
0,86
129,86
143,86
175,86
304,86
479,86
0,87
130,87
145,87
174,87
306,87
479,87
0,88
127,88
129,88
131,88
149,88
172,88
304,88
479,88
0,89
132,89
152,89
172,89
304,89
479,89
0,90
133,90
152,90
171,90
303,90
479,90
0,91
135,91
154,91
170,91
303,91
478,91
0,92
137,92
155,92
169,92
299,92
474,92
0,93
141,93
154,93
169,93
297,93
470,93
0,94
150,94
152,94
168,94
297,94
467,94
0,95
167,95
296,95
464,95
0,96
166,96
293,96
459,96
0,97
166,97
293,97
457,97
0,98
165,98
293,98
453,98
0,99
162,99
164,99
165,99
293,99
450,99
0,100
164,100
293,100
445,100
0,101
164,101
292,101
442,101
0,102
164,102
292,102
437,102
0,103
163,103
292,103
434,103
0,104
163,104
292,104
429,104
0,105
162,105
292,105
426,105
0,106
162,106
292,106
421,106
0,107
162,107
292,107
418,107
0,108
162,108
291,108
415,108
0,109
161,109
291,109
409,109
0,110
161,110
291,110
405,110
0,111
161,111
291,111
402,111
0,112
162,112
291,112
395,112
0,113
162,113
291,113
392,113
0,114
162,114
291,114
387,114
0,115
162,115
180,115
182,115
187,115
189,115
291,115
383,115
0,116
163,116
177,116
178,116
180,116
192,116
194,116
194,116
207,116
207,116
209,116
209,116
292,116
376,116
379,116
379,116
0,117
163,117
176,117
185,117
187,117
199,117
206,117
210,117
292,117
374,117
0,118
163,118
176,118
213,118
292,118
369,118
0,119
164,119
174,119
216,119
292,119
366,119
0,120
164,120
174,120
219,120
232,120
232,120
292,120
361,120
0,121
165,121
173,121
235,121
292,121
357,121
0,122
237,122
292,122
352,122
0,123
239,123
293,123
348,123
0,124
242,124
293,124
344,124
0,125
245,125
294,125
340,125
0,126
250,126
294,126
335,126
0,127
247,127
249,127
250,127
294,127
331,127
0,128
249,128
288,128
326,128
0,129
249,129
288,129
322,129
0,130
249,130
288,130
316,130
0,131
249,131
288,131
311,131
0,132
249,132
288,132
303,132
307,132
307,132
0,133
248,133
287,133
301,133
0,134
248,134
282,134
282,134
286,134
295,134
0,135
248,135
281,135
288,135
0,136
248,136
279,136
285,136
0,137
248,137
0,138
248,138
0,139
247,139
0,140
248,140
0,141
247,141
0,142
242,142
0,143
235,143
0,144
229,144
0,145
215,145
0,146
204,146
0,147
198,147
0,148
192,148
0,149
180,149
0,150
172,150
0,151
159,151
0,152
150,152
0,153
140,153
0,154
126,154
0,155
116,155
0,156
100,156
0,157
88,157
0,158
76,158
0,159
63,159
0,160
46,160
48,160
49,160
0,161
25,161
27,161
33,161
0,162
18,162
0,163
4,163
479,210
479,210
478,211
479,211
477,212
479,212
477,213
479,213
476,214
479,214
475,215
479,215
474,216
479,216
473,217
479,217
472,218
479,218
472,219
479,219
471,220
479,220
470,221
479,221
469,222
479,222
468,223
479,223
467,224
479,224
466,225
479,225
465,226
479,226
465,227
479,227
464,228
479,228
463,229
479,229
462,230
479,230
461,231
479,231
460,232
479,232
459,233
479,233
458,234
479,234
458,235
479,235
456,236
479,236
456,237
479,237
455,238
479,238
454,239
479,239
453,240
479,240
451,241
479,241
451,242
479,242
450,243
450,243
452,243
479,243
449,244
479,244
448,245
479,245
447,246
479,246
446,247
479,247
445,248
479,248
444,249
479,249
443,250
479,250
442,251
479,251
441,252
479,252
440,253
479,253
439,254
479,254
438,255
479,255
437,256
438,256
440,256
479,256
436,257
479,257
435,258
436,258
438,258
479,258
434,259
479,259
433,260
479,260
432,261
479,261
431,262
479,262
430,263
479,263
429,264
479,264
428,265
479,265
427,266
479,266
426,267
479,267
425,268
479,268
424,269
479,269
423,270
479,270
421,271
479,271
420,272
479,272
419,273
479,273
418,274
479,274
417,275
417,275
419,275
479,275
416,276
416,276
419,276
479,276
0,277
0,277
415,277
479,277
0,278
3,278
414,278
479,278
0,279
0,279
3,279
5,279
412,279
479,279
0,280
6,280
412,280
479,280
0,281
9,281
411,281
411,281
413,281
479,281
0,282
11,282
409,282
410,282
413,282
479,282
0,283
10,283
408,283
479,283
0,284
15,284
407,284
479,284
0,285
17,285
406,285
479,285
0,286
18,286
405,286
479,286
0,287
20,287
403,287
479,287
0,288
23,288
402,288
479,288
0,289
25,289
400,289
479,289
0,290
27,290
400,290
479,290
0,291
28,291
400,291
479,291
0,292
30,292
398,292
479,292
0,293
32,293
394,293
479,293
0,294
35,294
393,294
479,294
0,295
36,295
392,295
479,295
0,296
39,296
386,296
386,296
391,296
479,296
0,297
41,297
383,297
479,297
0,298
43,298
379,298
479,298
0,299
45,299
377,299
479,299
0,300
47,300
375,300
479,300
0,301
51,301
372,301
479,301
0,302
52,302
369,302
479,302
0,303
55,303
365,303
479,303
0,304
56,304
359,304
362,304
364,304
479,304
0,305
59,305
356,305
479,305
0,306
62,306
354,306
479,306
0,307
64,307
354,307
479,307
0,308
65,308
347,308
479,308
0,309
70,309
343,309
479,309
0,310
72,310
341,310
479,310
0,311
76,311
339,311
479,311
0,312
79,312
336,312
479,312
0,313
79,313
334,313
479,313
0,314
84,314
332,314
479,314
0,315
88,315
329,315
479,315
0,316
92,316
325,316
479,316
0,317
95,317
322,317
479,317
0,318
98,318
317,318
479,318
0,319
102,319
313,319
479,319
0,320
105,320
307,320
479,320
0,321
108,321
301,321
479,321
0,322
112,322
296,322
479,322
0,323
113,323
115,323
116,323
293,323
479,323
0,324
120,324
288,324
479,324
0,325
125,325
284,325
479,325
0,326
130,326
280,326
479,326
0,327
134,327
276,327
479,327
0,328
138,328
271,328
479,328
0,329
132,329
134,329
144,329
266,329
266,329
269,329
479,329
0,330
154,330
200,330
204,330
262,330
479,330
0,331
159,331
163,331
173,331
180,331
185,331
190,331
208,331
257,331
479,331
0,332
211,332
249,332
249,332
251,332
479,332
0,333
163,333
165,333
222,333
243,333
246,333
248,333
479,333
0,334
230,334
239,334
479,334
0,335
479,335
0,336
479,336
0,337
479,337
0,338
479,338
0,339
479,339
0,340
479,340
0,341
479,341
0,342
479,342
0,343
479,343
0,344
479,344
0,345
479,345
0,346
479,346
0,347
479,347
0,348
479,348
0,349
479,349
0,350
479,350
0,351
479,351
0,352
479,352
0,353
479,353
0,354
479,354
0,355
479,355
0,356
479,356
0,357
479,357
0,358
479,358
0,359
479,359
