0,0
479,0
0,1
479,1
0,2
479,2
0,3
479,3
0,4
479,4
0,5
479,5
0,6
479,6
0,7
479,7
0,8
479,8
0,9
479,9
0,10
479,10
0,11
479,11
0,12
479,12
0,13
479,13
0,14
479,14
0,15
479,15
0,16
479,16
0,17
479,17
0,18
479,18
0,19
479,19
0,20
479,20
0,21
479,21
0,22
479,22
0,23
479,23
0,24
479,24
0,25
479,25
0,26
479,26
0,27
479,27
0,28
479,28
0,29
479,29
0,30
479,30
0,31
479,31
0,32
479,32
0,33
240,33
242,33
479,33
0,34
235,34
247,34
479,34
0,35
234,35
249,35
479,35
0,36
233,36
251,36
479,36
0,37
229,37
255,37
479,37
0,38
228,38
255,38
255,38
257,38
479,38
0,39
227,39
258,39
479,39
0,40
224,40
261,40
479,40
0,41
224,41
262,41
479,41
0,42
221,42
265,42
479,42
0,43
26,43
33,43
220,43
271,43
479,43
0,44
26,44
36,44
218,44
272,44
479,44
0,45
22,45
42,45
216,45
275,45
479,45
0,46
22,46
44,46
215,46
277,46
479,46
0,47
21,47
46,47
215,47
278,47
479,47
0,48
21,48
49,48
211,48
213,48
213,48
280,48
479,48
0,49
21,49
51,49
212,49
281,49
479,49
0,50
21,50
54,50
212,50
283,50
479,50
0,51
21,51
56,51
210,51
284,51
479,51
0,52
21,52
58,52
207,52
209,52
209,52
286,52
479,52
0,53
22,53
61,53
208,53
286,53
479,53
0,54
23,54
63,54
207,54
287,54
479,54
0,55
23,55
65,55
206,55
288,55
479,55
0,56
24,56
67,56
205,56
289,56
479,56
0,57
25,57
70,57
204,57
290,57
290,57
292,57
479,57
0,58
26,58
72,58
204,58
291,58
479,58
0,59
27,59
73,59
203,59
291,59
479,59
0,60
26,60
75,60
202,60
292,60
479,60
0,61
26,61
78,61
201,61
292,61
479,61
0,62
26,62
80,62
200,62
293,62
293,62
295,62
479,62
0,63
25,63
82,63
199,63
293,63
479,63
0,64
24,64
84,64
199,64
294,64
479,64
0,65
24,65
85,65
197,65
295,65
479,65
0,66
24,66
88,66
197,66
295,66
479,66
0,67
23,67
88,67
196,67
295,67
479,67
0,68
23,68
90,68
195,68
295,68
479,68
0,69
23,69
90,69
193,69
296,69
479,69
0,70
22,70
91,70
193,70
296,70
479,70
0,71
22,71
91,71
192,71
296,71
479,71
0,72
22,72
95,72
191,72
297,72
479,72
0,73
21,73
98,73
184,73
186,73
190,73
297,73
479,73
0,74
21,74
101,74
184,74
186,74
189,74
297,74
479,74
0,75
20,75
103,75
187,75
297,75
479,75
0,76
20,76
106,76
187,76
298,76
479,76
0,77
20,77
108,77
185,77
298,77
479,77
0,78
19,78
110,78
183,78
298,78
479,78
0,79
19,79
113,79
183,79
298,79
479,79
0,80
19,80
117,80
117,80
119,80
180,80
298,80
479,80
0,81
18,81
119,81
180,81
298,81
479,81
0,82
18,82
77,82
78,82
122,82
179,82
298,82
479,82
0,83
18,83
77,83
88,83
126,83
179,83
299,83
479,83
0,84
17,84
77,84
91,84
125,84
175,84
299,84
479,84
0,85
17,85
76,85
94,85
129,85
175,85
299,85
479,85
0,86
17,86
76,86
96,86
131,86
176,86
299,86
479,86
0,87
16,87
75,87
98,87
134,87
176,87
300,87
479,87
0,88
16,88
75,88
102,88
136,88
176,88
300,88
479,88
0,89
15,89
74,89
103,89
139,89
177,89
180,89
181,89
300,89
479,89
0,90
15,90
74,90
106,90
142,90
183,90
300,90
479,90
0,91
15,91
74,91
108,91
144,91
185,91
300,91
479,91
0,92
15,92
73,92
111,92
148,92
191,92
301,92
479,92
0,93
14,93
73,93
114,93
150,93
196,93
300,93
479,93
0,94
14,94
72,94
110,94
113,94
117,94
153,94
194,94
196,94
196,94
295,94
479,94
0,95
14,95
72,95
119,95
155,95
195,95
295,95
296,95
298,95
479,95
0,96
14,96
71,96
121,96
159,96
195,96
295,96
479,96
0,97
13,97
71,97
124,97
161,97
194,97
294,97
479,97
0,98
13,98
71,98
127,98
164,98
193,98
293,98
479,98
0,99
13,99
70,99
129,99
166,99
193,99
293,99
479,99
0,100
12,100
70,100
132,100
169,100
192,100
292,100
479,100
0,101
12,101
69,101
135,101
172,101
193,101
292,101
479,101
0,102
12,102
69,102
137,102
176,102
192,102
289,102
479,102
0,103
11,103
68,103
134,103
136,103
140,103
177,103
191,103
285,103
285,103
290,103
479,103
0,104
11,104
68,104
143,104
181,104
191,104
283,104
285,104
288,104
479,104
0,105
11,105
68,105
146,105
184,105
192,105
279,105
280,105
282,105
285,105
287,105
479,105
0,106
11,106
67,106
148,106
186,106
191,106
279,106
282,106
284,106
285,106
287,106
288,106
290,106
479,106
0,107
10,107
67,107
151,107
280,107
282,107
284,107
479,107
0,108
10,108
66,108
149,108
152,108
153,108
280,108
479,108
0,109
10,109
66,109
156,109
281,109
479,109
0,110
9,110
65,110
158,110
281,110
479,110
0,111
9,111
65,111
161,111
281,111
479,111
0,112
9,112
64,112
164,112
281,112
479,112
0,113
9,113
64,113
166,113
279,113
479,113
0,114
9,114
64,114
170,114
276,114
479,114
0,115
8,115
63,115
172,115
276,115
479,115
0,116
8,116
63,116
175,116
276,116
479,116
0,117
6,117
8,117
8,117
63,117
178,117
275,117
479,117
0,118
8,118
62,118
180,118
273,118
479,118
0,119
7,119
62,119
183,119
272,119
479,119
0,120
7,120
61,120
185,120
270,120
479,120
0,121
7,121
61,121
184,121
189,121
190,121
268,121
479,121
0,122
7,122
61,122
183,122
188,122
190,122
267,122
479,122
0,123
7,123
60,123
185,123
187,123
189,123
267,123
479,123
0,124
7,124
60,124
190,124
266,124
266,124
268,124
479,124
0,125
6,125
60,125
190,125
265,125
270,125
272,125
479,125
0,126
6,126
59,126
189,126
191,126
191,126
264,126
479,126
0,127
6,127
59,127
189,127
191,127
191,127
195,127
195,127
265,127
267,127
269,127
479,127
0,128
6,128
59,128
190,128
268,128
479,128
0,129
5,129
58,129
190,129
194,129
194,129
271,129
479,129
0,130
5,130
58,130
189,130
193,130
194,130
274,130
479,130
0,131
5,131
58,131
189,131
192,131
193,131
276,131
479,131
0,132
5,132
57,132
189,132
276,132
479,132
0,133
5,133
57,133
193,133
195,133
195,133
198,133
198,133
278,133
479,133
0,134
5,134
57,134
194,134
197,134
198,134
200,134
200,134
223,134
223,134
279,134
479,134
0,135
5,135
57,135
200,135
215,135
215,135
222,135
223,135
282,135
479,135
0,136
4,136
56,136
198,136
209,136
209,136
215,136
215,136
221,136
222,136
283,136
479,136
0,137
4,137
56,137
198,137
209,137
210,137
213,137
215,137
221,137
222,137
285,137
479,137
0,138
4,138
56,138
199,138
202,138
202,138
206,138
206,138
208,138
214,138
220,138
221,138
288,138
479,138
0,139
4,139
56,139
198,139
200,139
202,139
205,139
212,139
214,139
214,139
219,139
221,139
290,139
479,139
0,140
4,140
55,140
198,140
201,140
202,140
204,140
214,140
219,140
221,140
294,140
479,140
0,141
4,141
55,141
214,141
218,141
220,141
298,141
479,141
0,142
4,142
55,142
215,142
217,142
220,142
302,142
479,142
0,143
3,143
54,143
220,143
305,143
479,143
0,144
3,144
54,144
220,144
308,144
479,144
0,145
3,145
54,145
220,145
313,145
479,145
0,146
3,146
54,146
220,146
317,146
479,146
0,147
3,147
54,147
220,147
319,147
319,147
321,147
479,147
0,148
3,148
53,148
220,148
325,148
479,148
0,149
3,149
53,149
217,149
219,149
220,149
327,149
479,149
0,150
3,150
53,150
217,150
219,150
220,150
331,150
479,150
0,151
3,151
53,151
217,151
219,151
220,151
336,151
479,151
0,152
2,152
53,152
217,152
219,152
220,152
338,152
479,152
0,153
2,153
52,153
217,153
219,153
220,153
287,153
289,153
345,153
368,153
371,153
479,153
0,154
2,154
52,154
220,154
286,154
287,154
289,154
292,154
346,154
366,154
372,154
479,154
0,155
2,155
52,155
220,155
286,155
296,155
351,155
357,155
362,155
366,155
373,155
479,155
0,156
2,156
52,156
220,156
286,156
299,156
353,156
355,156
362,156
363,156
373,156
375,156
379,156
479,156
0,157
2,157
52,157
220,157
287,157
303,157
363,157
364,157
374,157
374,157
379,157
479,157
0,158
2,158
52,158
219,158
288,158
306,158
364,158
364,158
382,158
479,158
0,159
2,159
52,159
218,159
289,159
310,159
384,159
479,159
0,160
2,160
51,160
218,160
290,160
314,160
385,160
479,160
0,161
2,161
51,161
217,161
290,161
318,161
385,161
386,161
391,161
479,161
0,162
2,162
51,162
216,162
290,162
321,162
385,162
386,162
392,162
479,162
0,163
2,163
51,163
216,163
291,163
324,163
393,163
479,163
0,164
1,164
51,164
215,164
292,164
328,164
393,164
393,164
395,164
479,164
0,165
1,165
51,165
214,165
292,165
331,165
393,165
479,165
0,166
1,166
51,166
214,166
292,166
335,166
394,166
479,166
0,167
1,167
50,167
214,167
292,167
339,167
399,167
479,167
0,168
1,168
50,168
214,168
292,168
294,168
296,168
342,168
403,168
479,168
0,169
1,169
50,169
214,169
292,169
346,169
407,169
479,169
0,170
1,170
50,170
214,170
293,170
349,170
410,170
479,170
0,171
1,171
50,171
214,171
294,171
353,171
414,171
479,171
0,172
1,172
50,172
212,172
214,172
214,172
295,172
351,172
353,172
354,172
418,172
479,172
0,173
1,173
49,173
212,173
214,173
214,173
295,173
354,173
423,173
479,173
0,174
1,174
49,174
212,174
214,174
215,174
296,174
354,174
429,174
479,174
0,175
1,175
49,175
216,175
297,175
354,175
432,175
479,175
0,176
1,176
49,176
216,176
298,176
354,176
438,176
446,176
448,176
479,176
0,177
1,177
49,177
214,177
298,177
354,177
442,177
479,177
0,178
1,178
49,178
214,178
299,178
354,178
446,178
447,178
449,178
479,178
0,179
1,179
49,179
213,179
298,179
355,179
452,179
479,179
0,180
1,180
49,180
213,180
299,180
355,180
458,180
479,180
0,181
1,181
49,181
212,181
299,181
355,181
390,181
391,181
462,181
479,181
0,182
1,182
48,182
211,182
299,182
353,182
390,182
394,182
467,182
479,182
0,183
1,183
48,183
210,183
300,183
348,183
389,183
398,183
471,183
479,183
0,184
1,184
48,184
210,184
300,184
348,184
388,184
389,184
391,184
401,184
476,184
479,184
0,185
1,185
48,185
209,185
300,185
345,185
388,185
405,185
0,186
1,186
48,186
209,186
300,186
337,186
387,186
409,186
0,187
1,187
48,187
208,187
300,187
335,187
386,187
387,187
389,187
413,187
0,188
1,188
48,188
207,188
300,188
331,188
385,188
386,188
388,188
416,188
0,189
1,189
48,189
207,189
300,189
328,189
385,189
419,189
0,190
1,190
48,190
206,190
300,190
302,190
304,190
322,190
384,190
422,190
0,191
1,191
48,191
206,191
301,191
302,191
304,191
319,191
383,191
427,191
0,192
1,192
47,192
204,192
301,192
307,192
310,192
314,192
382,192
430,192
0,193
1,193
47,193
204,193
302,193
311,193
381,193
433,193
0,194
1,194
47,194
204,194
302,194
309,194
380,194
436,194
0,195
1,195
47,195
203,195
302,195
305,195
307,195
307,195
379,195
440,195
0,196
1,196
47,196
203,196
303,196
303,196
378,196
443,196
0,197
1,197
47,197
203,197
377,197
446,197
0,198
1,198
47,198
202,198
375,198
449,198
0,199
1,199
47,199
202,199
374,199
453,199
0,200
2,200
47,200
202,200
228,200
228,200
373,200
456,200
0,201
2,201
47,201
201,201
227,201
228,201
371,201
458,201
0,202
2,202
47,202
201,202
226,202
227,202
370,202
463,202
0,203
2,203
47,203
201,203
225,203
228,203
368,203
465,203
0,204
2,204
47,204
201,204
224,204
228,204
366,204
468,204
0,205
2,205
47,205
201,205
224,205
228,205
364,205
471,205
0,206
2,206
47,206
201,206
225,206
228,206
361,206
475,206
0,207
2,207
47,207
201,207
227,207
228,207
359,207
478,207
0,208
2,208
47,208
201,208
228,208
228,208
356,208
479,208
0,209
2,209
47,209
201,209
352,209
479,209
0,210
2,210
47,210
201,210
350,210
479,210
0,211
2,211
47,211
201,211
347,211
479,211
0,212
2,212
47,212
202,212
345,212
479,212
0,213
3,213
47,213
202,213
342,213
479,213
0,214
3,214
47,214
202,214
339,214
479,214
0,215
3,215
48,215
203,215
336,215
479,215
0,216
3,216
47,216
203,216
333,216
479,216
0,217
3,217
47,217
204,217
329,217
479,217
0,218
3,218
48,218
203,218
205,218
205,218
327,218
479,218
0,219
3,219
48,219
206,219
290,219
290,219
324,219
479,219
0,220
3,220
48,220
207,220
291,220
292,220
320,220
479,220
0,221
4,221
48,221
208,221
291,221
294,221
318,221
479,221
0,222
4,222
48,222
209,222
291,222
296,222
314,222
479,222
0,223
4,223
48,223
211,223
291,223
299,223
310,223
479,223
0,224
4,224
48,224
212,224
291,224
479,224
0,225
4,225
48,225
213,225
290,225
479,225
0,226
4,226
48,226
214,226
290,226
479,226
0,227
4,227
49,227
215,227
289,227
479,227
0,228
5,228
49,228
213,228
216,228
216,228
289,228
479,228
0,229
5,229
49,229
215,229
217,229
218,229
289,229
479,229
0,230
5,230
49,230
216,230
218,230
219,230
289,230
479,230
0,231
5,231
50,231
217,231
219,231
220,231
289,231
479,231
0,232
5,232
49,232
222,232
289,232
479,232
0,233
6,233
49,233
223,233
289,233
479,233
0,234
6,234
50,234
224,234
289,234
479,234
0,235
6,235
50,235
225,235
289,235
479,235
0,236
6,236
50,236
226,236
289,236
479,236
0,237
7,237
50,237
228,237
289,237
479,237
0,238
7,238
51,238
229,238
289,238
479,238
0,239
7,239
51,239
230,239
289,239
289,239
291,239
479,239
0,240
7,240
51,240
229,240
289,240
479,240
0,241
8,241
51,241
230,241
290,241
479,241
0,242
8,242
52,242
230,242
290,242
479,242
0,243
8,243
53,243
229,243
292,243
479,243
0,244
9,244
52,244
230,244
293,244
479,244
0,245
9,245
52,245
230,245
294,245
479,245
0,246
9,246
53,246
231,246
295,246
479,246
0,247
9,247
53,247
228,247
230,247
231,247
296,247
479,247
0,248
10,248
53,248
230,248
296,248
479,248
0,249
10,249
53,249
225,249
227,249
229,249
297,249
479,249
0,250
10,250
54,250
228,250
297,250
479,250
0,251
11,251
54,251
227,251
298,251
479,251
0,252
11,252
54,252
226,252
298,252
479,252
0,253
11,253
54,253
225,253
298,253
479,253
0,254
11,254
55,254
225,254
298,254
479,254
0,255
12,255
55,255
225,255
298,255
479,255
0,256
12,256
55,256
224,256
298,256
479,256
0,257
13,257
56,257
219,257
221,257
222,257
297,257
479,257
0,258
13,258
56,258
219,258
221,258
222,258
297,258
479,258
0,259
14,259
57,259
221,259
298,259
479,259
0,260
14,260
57,260
221,260
297,260
479,260
0,261
14,261
57,261
220,261
298,261
479,261
0,262
14,262
57,262
220,262
298,262
479,262
0,263
15,263
58,263
219,263
299,263
479,263
0,264
15,264
58,264
218,264
299,264
479,264
0,265
15,265
58,265
217,265
300,265
479,265
0,266
16,266
58,266
216,266
300,266
479,266
0,267
16,267
59,267
215,267
301,267
302,267
304,267
479,267
0,268
17,268
59,268
215,268
301,268
302,268
304,268
479,268
0,269
17,269
59,269
215,269
302,269
302,269
304,269
479,269
0,270
18,270
59,270
213,270
302,270
479,270
0,271
18,271
60,271
213,271
303,271
479,271
0,272
18,272
60,272
212,272
304,272
479,272
0,273
19,273
60,273
211,273
305,273
479,273
0,274
19,274
61,274
210,274
305,274
479,274
0,275
20,275
61,275
210,275
307,275
479,275
0,276
20,276
61,276
209,276
306,276
479,276
0,277
21,277
62,277
208,277
309,277
479,277
0,278
21,278
62,278
207,278
309,278
479,278
0,279
21,279
62,279
206,279
310,279
479,279
0,280
22,280
62,280
203,280
205,280
206,280
310,280
479,280
0,281
22,281
63,281
204,281
311,281
479,281
0,282
23,282
63,282
204,282
313,282
479,282
0,283
23,283
63,283
202,283
314,283
479,283
0,284
24,284
63,284
199,284
201,284
202,284
314,284
479,284
0,285
24,285
64,285
201,285
314,285
479,285
0,286
24,286
64,286
200,286
315,286
479,286
0,287
24,287
64,287
199,287
317,287
479,287
0,288
25,288
65,288
197,288
316,288
479,288
0,289
26,289
65,289
196,289
317,289
318,289
320,289
479,289
0,290
26,290
66,290
195,290
317,290
479,290
0,291
27,291
66,291
193,291
318,291
479,291
0,292
27,292
66,292
191,292
193,292
193,292
319,292
479,292
0,293
27,293
66,293
192,293
319,293
479,293
0,294
27,294
66,294
191,294
320,294
479,294
0,295
28,295
67,295
191,295
320,295
479,295
0,296
27,296
67,296
189,296
321,296
479,296
0,297
28,297
67,297
188,297
322,297
479,297
0,298
28,298
67,298
187,298
322,298
479,298
0,299
29,299
67,299
186,299
323,299
479,299
0,300
29,300
66,300
183,300
185,300
185,300
323,300
479,300
0,301
29,301
66,301
184,301
324,301
479,301
0,302
29,302
66,302
182,302
324,302
479,302
0,303
29,303
66,303
181,303
325,303
479,303
0,304
29,304
65,304
180,304
325,304
326,304
328,304
479,304
0,305
29,305
65,305
176,305
178,305
179,305
326,305
479,305
0,306
29,306
64,306
178,306
326,306
479,306
0,307
29,307
64,307
175,307
177,307
177,307
314,307
314,307
326,307
479,307
0,308
29,308
64,308
176,308
314,308
316,308
325,308
479,308
0,309
29,309
64,309
175,309
314,309
320,309
323,309
479,309
0,310
29,310
63,310
174,310
314,310
315,310
318,310
479,310
0,311
29,311
63,311
173,311
315,311
322,311
324,311
479,311
0,312
29,312
62,312
168,312
170,312
172,312
315,312
479,312
0,313
29,313
62,313
171,313
315,313
479,313
0,314
29,314
61,314
169,314
315,314
315,314
317,314
479,314
0,315
29,315
61,315
169,315
315,315
479,315
0,316
29,316
60,316
167,316
315,316
479,316
0,317
29,317
60,317
166,317
317,317
479,317
0,318
29,318
60,318
165,318
317,318
479,318
0,319
28,319
59,319
162,319
164,319
164,319
317,319
479,319
0,320
28,320
59,320
163,320
316,320
479,320
0,321
28,321
58,321
162,321
316,321
479,321
0,322
28,322
58,322
160,322
317,322
479,322
0,323
28,323
57,323
159,323
317,323
479,323
0,324
28,324
57,324
159,324
317,324
479,324
0,325
28,325
56,325
157,325
317,325
479,325
0,326
27,326
56,326
155,326
318,326
479,326
0,327
27,327
55,327
155,327
318,327
479,327
0,328
27,328
55,328
153,328
318,328
479,328
0,329
27,329
55,329
152,329
318,329
479,329
0,330
27,330
54,330
151,330
319,330
479,330
0,331
27,331
54,331
151,331
319,331
479,331
0,332
27,332
54,332
149,332
319,332
479,332
0,333
27,333
53,333
147,333
319,333
479,333
0,334
27,334
53,334
143,334
145,334
145,334
319,334
479,334
0,335
27,335
53,335
145,335
319,335
479,335
0,336
27,336
53,336
143,336
320,336
479,336
0,337
27,337
53,337
141,337
320,337
479,337
0,338
27,338
52,338
139,338
320,338
479,338
0,339
27,339
52,339
135,339
320,339
479,339
0,340
27,340
52,340
137,340
320,340
479,340
0,341
27,341
52,341
131,341
133,341
135,341
320,341
479,341
0,342
27,342
52,342
133,342
320,342
479,342
0,343
27,343
52,343
130,343
320,343
479,343
0,344
27,344
52,344
131,344
321,344
479,344
0,345
27,345
52,345
128,345
321,345
479,345
0,346
27,346
52,346
128,346
321,346
479,346
0,347
28,347
52,347
127,347
321,347
479,347
0,348
28,348
52,348
127,348
321,348
479,348
0,349
26,349
28,349
28,349
52,349
126,349
321,349
479,349
0,350
28,350
52,350
125,350
322,350
479,350
0,351
29,351
52,351
125,351
322,351
479,351
0,352
29,352
52,352
124,352
322,352
479,352
0,353
29,353
52,353
122,353
322,353
479,353
0,354
29,354
52,354
122,354
322,354
479,354
0,355
29,355
52,355
120,355
322,355
479,355
0,356
30,356
52,356
119,356
322,356
479,356
0,357
30,357
52,357
118,357
322,357
479,357
0,358
30,358
52,358
117,358
322,358
479,358
0,359
30,359
52,359
117,359
322,359
479,359
