0,0
479,0
0,1
479,1
0,2
479,2
0,3
479,3
0,4
479,4
0,5
479,5
0,6
479,6
0,7
479,7
0,8
479,8
0,9
479,9
0,10
479,10
0,11
479,11
0,12
479,12
0,13
479,13
0,14
479,14
0,15
479,15
0,16
479,16
0,17
479,17
0,18
479,18
0,19
479,19
0,20
479,20
0,21
479,21
0,22
479,22
0,23
479,23
0,24
479,24
0,25
479,25
0,26
479,26
0,27
479,27
0,28
479,28
0,29
479,29
0,30
479,30
0,31
479,31
0,32
479,32
0,33
479,33
0,34
479,34
0,35
479,35
0,36
479,36
0,37
479,37
0,38
479,38
0,39
479,39
0,40
479,40
0,41
479,41
0,42
479,42
0,43
479,43
0,44
479,44
0,45
479,45
0,46
479,46
0,47
479,47
0,48
479,48
0,49
479,49
0,50
479,50
0,51
479,51
0,52
479,52
0,53
479,53
0,54
479,54
0,55
479,55
0,56
479,56
0,57
479,57
0,58
479,58
0,59
479,59
0,60
479,60
0,61
244,61
264,61
479,61
0,62
225,62
230,62
230,62
232,62
239,62
267,62
479,62
0,63
224,63
271,63
479,63
0,64
222,64
273,64
479,64
0,65
221,65
275,65
479,65
0,66
220,66
276,66
479,66
0,67
219,67
278,67
479,67
0,68
217,68
279,68
479,68
0,69
217,69
280,69
479,69
0,70
216,70
280,70
479,70
0,71
215,71
281,71
479,71
0,72
213,72
283,72
479,72
0,73
213,73
283,73
479,73
0,74
212,74
284,74
479,74
0,75
211,75
285,75
479,75
0,76
210,76
286,76
479,76
0,77
209,77
287,77
479,77
0,78
21,78
34,78
208,78
287,78
479,78
0,79
19,79
39,79
207,79
288,79
479,79
0,80
18,80
41,80
206,80
289,80
479,80
0,81
18,81
43,81
206,81
289,81
479,81
0,82
17,82
46,82
205,82
290,82
479,82
0,83
15,83
17,83
17,83
49,83
204,83
291,83
479,83
0,84
15,84
17,84
17,84
52,84
203,84
291,84
479,84
0,85
15,85
17,85
17,85
53,85
203,85
292,85
479,85
0,86
17,86
59,86
202,86
293,86
479,86
0,87
19,87
59,87
202,87
293,87
479,87
0,88
19,88
62,88
199,88
201,88
201,88
294,88
479,88
0,89
20,89
65,89
201,89
294,89
479,89
0,90
21,90
69,90
200,90
295,90
479,90
0,91
22,91
70,91
200,91
295,91
479,91
0,92
23,92
72,92
199,92
296,92
479,92
0,93
23,93
74,93
74,93
76,93
198,93
297,93
479,93
0,94
23,94
78,94
198,94
299,94
479,94
0,95
23,95
80,95
197,95
299,95
479,95
0,96
23,96
82,96
197,96
293,96
293,96
299,96
479,96
0,97
22,97
84,97
196,97
294,97
294,97
298,97
479,97
0,98
22,98
86,98
196,98
294,98
479,98
0,99
21,99
87,99
195,99
294,99
297,99
300,99
479,99
0,100
21,100
88,100
195,100
294,100
479,100
0,101
21,101
88,101
194,101
294,101
479,101
0,102
20,102
89,102
194,102
294,102
479,102
0,103
20,103
90,103
193,103
294,103
479,103
0,104
20,104
93,104
193,104
293,104
479,104
0,105
19,105
97,105
192,105
292,105
479,105
0,106
19,106
100,106
192,106
292,106
479,106
0,107
19,107
103,107
191,107
291,107
479,107
0,108
18,108
106,108
191,108
291,108
479,108
0,109
18,109
108,109
190,109
290,109
479,109
0,110
18,110
111,110
189,110
289,110
479,110
0,111
18,111
114,111
188,111
286,111
479,111
0,112
17,112
119,112
187,112
287,112
479,112
0,113
17,113
77,113
77,113
121,113
187,113
281,113
281,113
284,113
479,113
0,114
17,114
76,114
83,114
85,114
88,114
124,114
186,114
284,114
284,114
286,114
479,114
0,115
16,115
76,115
91,115
127,115
185,115
282,115
479,115
0,116
16,116
76,116
76,116
78,116
93,116
129,116
185,116
283,116
284,116
286,116
479,116
0,117
16,117
75,117
97,117
132,117
184,117
284,117
479,117
0,118
15,118
75,118
100,118
135,118
183,118
285,118
286,118
288,118
479,118
0,119
15,119
74,119
103,119
140,119
183,119
286,119
479,119
0,120
15,120
74,120
106,120
143,120
181,120
286,120
479,120
0,121
15,121
74,121
109,121
145,121
181,121
287,121
479,121
0,122
15,122
73,122
112,122
148,122
176,122
178,122
180,122
285,122
285,122
287,122
479,122
0,123
14,123
73,123
114,123
151,123
178,123
285,123
479,123
0,124
14,124
72,124
118,124
154,124
176,124
282,124
479,124
0,125
14,125
72,125
120,125
157,125
176,125
282,125
479,125
0,126
13,126
72,126
123,126
160,126
175,126
282,126
479,126
0,127
13,127
71,127
127,127
164,127
176,127
282,127
479,127
0,128
13,128
71,128
130,128
169,128
175,128
282,128
479,128
0,129
13,129
71,129
133,129
171,129
175,129
281,129
282,129
284,129
479,129
0,130
12,130
70,130
136,130
174,130
177,130
280,130
282,130
284,130
479,130
0,131
12,131
70,131
138,131
280,131
479,131
0,132
12,132
69,132
142,132
184,132
184,132
198,132
198,132
279,132
479,132
0,133
12,133
69,133
145,133
183,133
183,133
194,133
198,133
278,133
479,133
0,134
11,134
69,134
148,134
186,134
187,134
191,134
198,134
277,134
479,134
0,135
11,135
68,135
151,135
190,135
197,135
277,135
479,135
0,136
11,136
68,136
154,136
194,136
197,136
277,136
479,136
0,137
11,137
68,137
157,137
196,137
197,137
277,137
479,137
0,138
11,138
67,138
160,138
277,138
479,138
0,139
10,139
67,139
164,139
275,139
479,139
0,140
10,140
67,140
166,140
275,140
479,140
0,141
10,141
66,141
170,141
267,141
267,141
270,141
271,141
273,141
479,141
0,142
10,142
66,142
173,142
240,142
240,142
264,142
264,142
266,142
267,142
270,142
479,142
0,143
10,143
66,143
176,143
265,143
267,143
270,143
274,143
276,143
479,143
0,144
10,144
65,144
180,144
266,144
266,144
269,144
273,144
275,144
479,144
0,145
9,145
65,145
183,145
268,145
268,145
270,145
479,145
0,146
9,146
64,146
186,146
270,146
479,146
0,147
9,147
64,147
189,147
270,147
479,147
0,148
9,148
64,148
193,148
271,148
479,148
0,149
8,149
64,149
194,149
273,149
479,149
0,150
8,150
63,150
192,150
276,150
479,150
0,151
8,151
63,151
193,151
200,151
200,151
279,151
479,151
0,152
8,152
63,152
191,152
199,152
199,152
283,152
479,152
0,153
8,153
62,153
190,153
198,153
199,153
286,153
479,153
0,154
8,154
62,154
191,154
199,154
199,154
288,154
479,154
0,155
7,155
62,155
190,155
196,155
198,155
289,155
479,155
0,156
7,156
61,156
190,156
195,156
195,156
198,156
198,156
291,156
479,156
0,157
7,157
61,157
190,157
195,157
195,157
197,157
198,157
292,157
479,157
0,158
7,158
61,158
189,158
195,158
197,158
293,158
479,158
0,159
7,159
61,159
188,159
193,159
195,159
294,159
479,159
0,160
7,160
61,160
185,160
187,160
188,160
192,160
195,160
295,160
479,160
0,161
7,161
60,161
188,161
191,161
195,161
201,161
201,161
296,161
479,161
0,162
7,162
60,162
195,162
200,162
200,162
296,162
479,162
0,163
6,163
60,163
196,163
200,163
200,163
297,163
479,163
0,164
6,164
59,164
196,164
200,164
200,164
300,164
479,164
0,165
6,165
59,165
195,165
199,165
199,165
221,165
221,165
303,165
303,165
306,165
479,165
0,166
6,166
58,166
193,166
195,166
195,166
199,166
199,166
204,166
204,166
221,166
221,166
308,166
479,166
0,167
6,167
58,167
194,167
197,167
198,167
204,167
204,167
215,167
216,167
220,167
221,167
313,167
479,167
0,168
6,168
58,168
195,168
197,168
199,168
203,168
204,168
215,168
216,168
219,168
221,168
316,168
479,168
0,169
6,169
58,169
199,169
202,169
205,169
215,169
221,169
321,169
479,169
0,170
6,170
58,170
205,170
210,170
210,170
214,170
214,170
216,170
216,170
219,170
222,170
324,170
479,170
0,171
5,171
57,171
204,171
209,171
209,171
214,171
214,171
216,171
222,171
330,171
479,171
0,172
5,172
57,172
209,172
213,172
222,172
334,172
479,172
0,173
5,173
57,173
210,173
212,173
222,173
338,173
479,173
0,174
5,174
57,174
223,174
342,174
479,174
0,175
5,175
57,175
223,175
346,175
479,175
0,176
5,176
57,176
223,176
352,176
362,176
364,176
370,176
372,176
376,176
382,176
479,176
0,177
5,177
56,177
224,177
298,177
300,177
357,177
365,177
370,177
374,177
383,177
479,177
0,178
5,178
56,178
224,178
298,178
298,178
301,178
304,178
360,178
364,178
372,178
374,178
390,178
479,178
0,179
5,179
56,179
224,179
298,179
298,179
303,179
309,179
363,179
363,179
373,179
373,179
390,179
479,179
0,180
5,180
56,180
224,180
298,180
312,180
394,180
479,180
0,181
5,181
56,181
222,181
298,181
316,181
395,181
398,181
401,181
479,181
0,182
5,182
56,182
222,182
299,182
320,182
396,182
396,182
402,182
479,182
0,183
4,183
56,183
221,183
299,183
325,183
396,183
396,183
403,183
479,183
0,184
4,184
56,184
218,184
220,184
221,184
300,184
328,184
404,184
479,184
0,185
4,185
55,185
220,185
301,185
333,185
404,185
479,185
0,186
4,186
55,186
220,186
301,186
338,186
404,186
405,186
407,186
479,186
0,187
4,187
55,187
219,187
302,187
342,187
406,187
479,187
0,188
4,188
55,188
219,188
302,188
347,188
411,188
479,188
0,189
4,189
55,189
219,189
302,189
350,189
417,189
479,189
0,190
4,190
55,190
219,190
303,190
356,190
421,190
479,190
0,191
4,191
54,191
219,191
304,191
362,191
427,191
479,191
0,192
4,192
54,192
219,192
305,192
363,192
432,192
479,192
0,193
4,193
54,193
219,193
306,193
364,193
438,193
479,193
0,194
4,194
54,194
217,194
219,194
220,194
306,194
364,194
442,194
479,194
0,195
4,195
54,195
217,195
219,195
220,195
307,195
364,195
447,195
447,195
449,195
479,195
0,196
4,196
54,196
221,196
308,196
364,196
455,196
479,196
0,197
4,197
54,197
220,197
308,197
364,197
461,197
479,197
0,198
4,198
54,198
219,198
309,198
364,198
468,198
479,198
0,199
4,199
54,199
219,199
309,199
365,199
474,199
479,199
0,200
4,200
54,200
218,200
310,200
365,200
0,201
4,201
54,201
217,201
310,201
365,201
402,201
404,201
0,202
4,202
54,202
214,202
216,202
217,202
310,202
365,202
403,202
409,202
0,203
4,203
54,203
216,203
311,203
366,203
401,203
414,203
0,204
4,204
53,204
215,204
311,204
363,204
365,204
365,204
400,204
418,204
0,205
4,205
53,205
215,205
311,205
365,205
400,205
421,205
0,206
4,206
53,206
214,206
312,206
364,206
399,206
426,206
0,207
4,207
53,207
213,207
312,207
361,207
398,207
430,207
0,208
4,208
53,208
213,208
312,208
356,208
398,208
436,208
0,209
4,209
53,209
212,209
312,209
354,209
397,209
438,209
0,210
4,210
53,210
212,210
312,210
347,210
396,210
397,210
399,210
442,210
0,211
4,211
53,211
211,211
312,211
345,211
395,211
396,211
398,211
446,211
0,212
4,212
53,212
53,212
55,212
210,212
312,212
341,212
395,212
450,212
0,213
4,213
53,213
53,213
55,213
210,213
312,213
337,213
394,213
454,213
0,214
4,214
53,214
53,214
55,214
209,214
311,214
323,214
325,214
335,214
393,214
458,214
0,215
4,215
52,215
53,215
55,215
209,215
311,215
323,215
325,215
332,215
392,215
461,215
0,216
4,216
53,216
208,216
311,216
319,216
321,216
327,216
391,216
466,216
0,217
4,217
53,217
208,217
312,217
315,217
319,217
324,217
390,217
470,217
0,218
5,218
53,218
207,218
312,218
320,218
389,218
473,218
0,219
5,219
53,219
207,219
234,219
234,219
313,219
317,219
388,219
477,219
0,220
5,220
53,220
207,220
233,220
235,220
313,220
314,220
387,220
479,220
0,221
5,221
53,221
206,221
233,221
235,221
385,221
479,221
0,222
5,222
53,222
206,222
232,222
232,222
234,222
235,222
384,222
479,222
0,223
5,223
53,223
206,223
231,223
232,223
234,223
235,223
382,223
479,223
0,224
5,224
53,224
206,224
230,224
235,224
381,224
479,224
0,225
5,225
53,225
206,225
229,225
236,225
380,225
479,225
0,226
5,226
53,226
206,226
229,226
236,226
378,226
479,226
0,227
5,227
53,227
206,227
230,227
236,227
375,227
479,227
0,228
5,228
53,228
206,228
231,228
236,228
372,228
479,228
0,229
5,229
53,229
206,229
233,229
237,229
369,229
479,229
0,230
6,230
53,230
206,230
233,230
237,230
368,230
479,230
0,231
6,231
53,231
206,231
234,231
237,231
365,231
479,231
0,232
6,232
53,232
206,232
236,232
236,232
363,232
479,232
0,233
6,233
53,233
207,233
236,233
236,233
360,233
479,233
0,234
6,234
53,234
207,234
357,234
479,234
0,235
6,235
53,235
208,235
355,235
479,235
0,236
6,236
53,236
208,236
352,236
479,236
0,237
6,237
53,237
209,237
349,237
479,237
0,238
6,238
53,238
210,238
347,238
479,238
0,239
6,239
53,239
210,239
344,239
479,239
0,240
6,240
52,240
211,240
341,240
479,240
0,241
7,241
52,241
212,241
338,241
479,241
0,242
7,242
52,242
213,242
336,242
479,242
0,243
7,243
52,243
215,243
301,243
301,243
332,243
479,243
0,244
7,244
53,244
213,244
215,244
216,244
301,244
303,244
329,244
479,244
0,245
7,245
53,245
217,245
301,245
302,245
304,245
304,245
326,245
479,245
0,246
7,246
53,246
219,246
301,246
307,246
324,246
479,246
0,247
7,247
53,247
220,247
301,247
311,247
320,247
479,247
0,248
8,248
53,248
218,248
220,248
221,248
301,248
479,248
0,249
8,249
53,249
219,249
221,249
222,249
301,249
479,249
0,250
8,250
54,250
220,250
222,250
223,250
300,250
479,250
0,251
8,251
54,251
221,251
224,251
224,251
300,251
479,251
0,252
8,252
54,252
222,252
224,252
226,252
299,252
479,252
0,253
8,253
54,253
227,253
299,253
479,253
0,254
9,254
54,254
228,254
299,254
479,254
0,255
9,255
54,255
229,255
299,255
479,255
0,256
9,256
54,256
231,256
299,256
479,256
0,257
9,257
54,257
232,257
299,257
479,257
0,258
10,258
55,258
233,258
299,258
479,258
0,259
10,259
55,259
231,259
233,259
235,259
299,259
479,259
0,260
10,260
55,260
236,260
299,260
479,260
0,261
10,261
55,261
237,261
299,261
479,261
0,262
10,262
55,262
238,262
299,262
479,262
0,263
10,263
56,263
236,263
238,263
239,263
299,263
479,263
0,264
11,264
56,264
239,264
299,264
299,264
301,264
479,264
0,265
11,265
56,265
239,265
300,265
479,265
0,266
11,266
56,266
239,266
300,266
479,266
0,267
11,267
57,267
239,267
302,267
479,267
0,268
12,268
57,268
239,268
303,268
479,268
0,269
12,269
57,269
239,269
304,269
479,269
0,270
12,270
57,270
240,270
305,270
479,270
0,271
13,271
57,271
240,271
306,271
479,271
0,272
13,272
58,272
238,272
307,272
479,272
0,273
13,273
58,273
238,273
308,273
479,273
0,274
14,274
58,274
237,274
308,274
479,274
0,275
14,275
58,275
234,275
236,275
237,275
308,275
479,275
0,276
14,276
59,276
234,276
236,276
236,276
308,276
479,276
0,277
14,277
59,277
235,277
308,277
479,277
0,278
15,278
59,278
234,278
308,278
479,278
0,279
15,279
60,279
234,279
308,279
479,279
0,280
15,280
60,280
233,280
308,280
479,280
0,281
15,281
60,281
232,281
307,281
479,281
0,282
16,282
60,282
232,282
307,282
479,282
0,283
16,283
61,283
231,283
308,283
479,283
0,284
16,284
61,284
230,284
308,284
479,284
0,285
17,285
62,285
230,285
308,285
479,285
0,286
17,286
62,286
229,286
309,286
479,286
0,287
18,287
62,287
228,287
309,287
479,287
0,288
18,288
63,288
228,288
309,288
479,288
0,289
18,289
63,289
227,289
310,289
479,289
0,290
19,290
63,290
227,290
310,290
479,290
0,291
19,291
63,291
226,291
311,291
479,291
0,292
19,292
64,292
225,292
311,292
313,292
315,292
479,292
0,293
20,293
64,293
225,293
312,293
313,293
315,293
479,293
0,294
20,294
64,294
224,294
312,294
313,294
315,294
479,294
0,295
21,295
64,295
224,295
313,295
479,295
0,296
21,296
65,296
223,296
314,296
479,296
0,297
22,297
65,297
222,297
315,297
479,297
0,298
22,298
66,298
221,298
315,298
479,298
0,299
23,299
66,299
220,299
316,299
479,299
0,300
23,300
67,300
220,300
317,300
479,300
0,301
23,301
67,301
219,301
318,301
479,301
0,302
24,302
67,302
218,302
318,302
479,302
0,303
24,303
68,303
217,303
319,303
479,303
0,304
25,304
68,304
217,304
320,304
479,304
0,305
23,305
25,305
25,305
68,305
216,305
321,305
479,305
0,306
23,306
25,306
26,306
68,306
215,306
322,306
479,306
0,307
26,307
69,307
214,307
323,307
479,307
0,308
27,308
69,308
213,308
323,308
479,308
0,309
27,309
70,309
213,309
325,309
479,309
0,310
28,310
70,310
212,310
325,310
479,310
0,311
28,311
70,311
211,311
326,311
479,311
0,312
29,312
71,312
210,312
327,312
479,312
0,313
29,313
71,313
209,313
327,313
479,313
0,314
30,314
72,314
208,314
328,314
479,314
0,315
30,315
72,315
208,315
328,315
479,315
0,316
30,316
72,316
207,316
329,316
479,316
0,317
30,317
73,317
206,317
330,317
479,317
0,318
32,318
73,318
205,318
330,318
479,318
0,319
32,319
73,319
202,319
204,319
204,319
331,319
479,319
0,320
32,320
74,320
204,320
331,320
479,320
0,321
33,321
74,321
202,321
332,321
479,321
0,322
33,322
75,322
202,322
333,322
479,322
0,323
34,323
75,323
201,323
333,323
479,323
0,324
34,324
75,324
200,324
334,324
479,324
0,325
35,325
76,325
199,325
334,325
479,325
0,326
35,326
76,326
196,326
198,326
198,326
335,326
479,326
0,327
36,327
76,327
197,327
335,327
479,327
0,328
36,328
76,328
196,328
336,328
479,328
0,329
36,329
77,329
195,329
336,329
479,329
0,330
37,330
77,330
195,330
337,330
479,330
0,331
37,331
78,331
194,331
337,331
479,331
0,332
38,332
78,332
193,332
336,332
479,332
0,333
38,333
78,333
192,333
326,333
326,333
336,333
479,333
0,334
38,334
78,334
191,334
326,334
479,334
0,335
39,335
78,335
191,335
327,335
479,335
0,336
39,336
78,336
189,336
327,336
479,336
0,337
39,337
78,337
189,337
328,337
479,337
0,338
39,338
78,338
188,338
328,338
479,338
0,339
40,339
78,339
185,339
328,339
479,339
0,340
40,340
77,340
186,340
329,340
479,340
0,341
40,341
77,341
184,341
329,341
479,341
0,342
40,342
77,342
184,342
329,342
479,342
0,343
40,343
76,343
183,343
329,343
479,343
0,344
40,344
76,344
183,344
330,344
479,344
0,345
40,345
76,345
182,345
330,345
479,345
0,346
40,346
75,346
181,346
330,346
479,346
0,347
41,347
75,347
180,347
330,347
479,347
0,348
40,348
75,348
179,348
330,348
479,348
0,349
40,349
74,349
178,349
331,349
479,349
0,350
40,350
74,350
178,350
331,350
479,350
0,351
40,351
73,351
177,351
331,351
479,351
0,352
41,352
73,352
176,352
332,352
479,352
0,353
41,353
73,353
175,353
332,353
479,353
0,354
41,354
72,354
174,354
332,354
479,354
0,355
40,355
72,355
173,355
333,355
479,355
0,356
40,356
72,356
172,356
333,356
479,356
0,357
40,357
71,357
172,357
333,357
479,357
0,358
40,358
71,358
170,358
334,358
479,358
0,359
40,359
70,359
170,359
334,359
479,359
