0,0
457,0
0,1
456,1
0,2
455,2
0,3
453,3
0,4
452,4
0,5
451,5
0,6
450,6
0,7
450,7
0,8
449,8
0,9
448,9
0,10
447,10
0,11
447,11
0,12
445,12
0,13
445,13
0,14
444,14
0,15
443,15
0,16
442,16
0,17
442,17
0,18
441,18
0,19
440,19
0,20
440,20
0,21
440,21
0,22
438,22
0,23
435,23
0,24
150,24
152,24
431,24
0,25
142,25
152,25
428,25
0,26
140,26
159,26
425,26
0,27
136,27
164,27
422,27
0,28
135,28
168,28
421,28
0,29
134,29
172,29
420,29
0,30
131,30
133,30
133,30
177,30
418,30
0,31
131,31
180,31
417,31
0,32
131,32
184,32
416,32
0,33
132,33
188,33
415,33
0,34
131,34
190,34
414,34
0,35
131,35
195,35
413,35
0,36
131,36
199,36
412,36
0,37
131,37
202,37
411,37
0,38
131,38
206,38
409,38
0,39
131,39
208,39
409,39
0,40
132,40
213,40
408,40
0,41
134,41
216,41
407,41
0,42
135,42
219,42
407,42
0,43
136,43
223,43
407,43
0,44
137,44
225,44
406,44
0,45
138,45
229,45
405,45
0,46
139,46
232,46
404,46
0,47
141,47
234,47
403,47
0,48
142,48
237,48
404,48
0,49
142,49
239,49
403,49
0,50
141,50
241,50
402,50
0,51
141,51
243,51
401,51
0,52
141,52
245,52
401,52
0,53
141,53
246,53
401,53
0,54
140,54
247,54
401,54
0,55
140,55
247,55
400,55
0,56
140,56
248,56
399,56
0,57
140,57
252,57
399,57
0,58
139,58
255,58
399,58
0,59
139,59
260,59
398,59
0,60
138,60
263,60
398,60
0,61
138,61
268,61
397,61
0,62
138,62
272,62
397,62
0,63
138,63
276,63
396,63
0,64
137,64
281,64
397,64
0,65
137,65
285,65
396,65
0,66
137,66
289,66
396,66
0,67
136,67
293,67
395,67
0,68
136,68
297,68
395,68
0,69
136,69
301,69
395,69
0,70
136,70
304,70
395,70
0,71
135,71
310,71
394,71
0,72
135,72
313,72
393,72
0,73
135,73
243,73
243,73
319,73
393,73
0,74
134,74
228,74
230,74
240,74
246,74
323,74
393,74
0,75
134,75
228,75
251,75
327,75
393,75
0,76
134,76
228,76
228,76
234,76
255,76
331,76
393,76
0,77
134,77
227,77
230,77
233,77
260,77
336,77
393,77
0,78
133,78
227,78
264,78
339,78
393,78
0,79
133,79
227,79
267,79
344,79
392,79
0,80
133,80
226,80
271,80
348,80
394,80
0,81
133,81
225,81
274,81
354,81
389,81
392,81
392,81
0,82
132,82
225,82
278,82
360,82
388,82
0,83
132,83
225,83
283,83
362,83
388,83
0,84
132,84
225,84
286,84
366,84
387,84
0,85
131,85
224,85
286,85
288,85
291,85
371,85
383,85
0,86
131,86
224,86
293,86
375,86
383,86
0,87
131,87
223,87
298,87
379,87
389,87
0,88
131,88
223,88
302,88
385,88
388,88
0,89
131,89
223,89
307,89
0,90
130,90
222,90
308,90
310,90
310,90
0,91
130,91
222,91
315,91
0,92
130,92
222,92
318,92
0,93
130,93
221,93
323,93
0,94
129,94
221,94
327,94
0,95
129,95
221,95
332,95
0,96
129,96
220,96
337,96
0,97
129,97
220,97
340,97
0,98
129,98
220,98
344,98
0,99
128,99
220,99
348,99
0,100
128,100
219,100
353,100
0,101
128,101
219,101
357,101
0,102
128,102
218,102
360,102
0,103
127,103
218,103
365,103
0,104
127,104
217,104
369,104
0,105
127,105
217,105
374,105
0,106
127,106
217,106
379,106
0,107
126,107
217,107
381,107
0,108
126,108
216,108
387,108
0,109
126,109
216,109
387,109
0,110
126,110
216,110
388,110
0,111
126,111
215,111
388,111
0,112
125,112
215,112
388,112
0,113
125,113
214,113
387,113
0,114
125,114
214,114
387,114
0,115
125,115
214,115
387,115
0,116
125,116
214,116
387,116
424,116
426,116
0,117
124,117
213,117
386,117
424,117
427,117
0,118
124,118
213,118
386,118
423,118
427,118
0,119
124,119
213,119
385,119
421,119
421,119
423,119
428,119
0,120
124,120
212,120
384,120
420,120
427,120
0,121
124,121
212,121
384,121
419,121
426,121
0,122
123,122
212,122
384,122
418,122
426,122
0,123
123,123
211,123
384,123
417,123
418,123
420,123
424,123
0,124
123,124
211,124
384,124
415,124
423,124
0,125
123,125
211,125
384,125
414,125
423,125
0,126
123,126
210,126
384,126
412,126
421,126
0,127
122,127
210,127
385,127
411,127
420,127
0,128
122,128
210,128
385,128
408,128
419,128
0,129
122,129
209,129
385,129
402,129
402,129
407,129
419,129
0,130
122,130
209,130
384,130
400,130
400,130
402,130
402,130
406,130
417,130
0,131
122,131
209,131
384,131
399,131
399,131
405,131
415,131
0,132
122,132
209,132
384,132
387,132
388,132
390,132
390,132
397,132
415,132
0,133
122,133
208,133
390,133
395,133
416,133
0,134
122,134
208,134
390,134
394,134
418,134
0,135
122,135
208,135
393,135
395,135
418,135
0,136
121,136
208,136
417,136
0,137
121,137
207,137
416,137
0,138
121,138
207,138
415,138
0,139
121,139
207,139
415,139
0,140
121,140
207,140
414,140
0,141
121,141
206,141
413,141
0,142
120,142
206,142
411,142
0,143
120,143
206,143
411,143
0,144
120,144
206,144
410,144
415,144
415,144
0,145
120,145
205,145
409,145
416,145
416,145
0,146
120,146
205,146
409,146
415,146
416,146
0,147
120,147
205,147
409,147
412,147
416,147
0,148
120,148
205,148
416,148
0,149
120,149
205,149
415,149
0,150
120,150
204,150
415,150
0,151
120,151
204,151
415,151
0,152
120,152
204,152
415,152
0,153
120,153
203,153
415,153
0,154
119,154
203,154
415,154
0,155
120,155
203,155
415,155
0,156
120,156
203,156
421,156
0,157
120,157
203,157
421,157
0,158
119,158
202,158
421,158
0,159
119,159
202,159
421,159
0,160
119,160
202,160
420,160
0,161
119,161
202,161
420,161
0,162
119,162
202,162
419,162
438,162
438,162
0,163
119,163
202,163
419,163
438,163
439,163
0,164
119,164
201,164
418,164
437,164
438,164
0,165
119,165
201,165
418,165
435,165
435,165
437,165
437,165
0,166
119,166
201,166
417,166
434,166
434,166
436,166
436,166
0,167
119,167
201,167
417,167
436,167
436,167
0,168
119,168
201,168
418,168
430,168
430,168
433,168
433,168
436,168
439,168
0,169
119,169
201,169
418,169
429,169
431,169
433,169
434,169
436,169
439,169
0,170
119,170
201,170
419,170
428,170
440,170
443,170
447,170
0,171
119,171
200,171
433,171
436,171
441,171
443,171
448,171
0,172
119,172
200,172
448,172
0,173
119,173
200,173
448,173
0,174
119,174
200,174
448,174
0,175
118,175
200,175
448,175
0,176
119,176
200,176
448,176
0,177
119,177
200,177
450,177
0,178
119,178
200,178
450,178
0,179
119,179
200,179
448,179
0,180
119,180
200,180
448,180
0,181
119,181
200,181
446,181
0,182
119,182
199,182
446,182
0,183
119,183
199,183
445,183
0,184
119,184
199,184
444,184
0,185
119,185
199,185
443,185
0,186
119,186
199,186
442,186
0,187
119,187
199,187
442,187
0,188
119,188
199,188
440,188
0,189
119,189
199,189
439,189
0,190
119,190
199,190
439,190
0,191
119,191
199,191
438,191
0,192
119,192
199,192
436,192
0,193
119,193
199,193
435,193
0,194
119,194
199,194
435,194
0,195
119,195
199,195
434,195
0,196
119,196
199,196
433,196
0,197
119,197
199,197
432,197
0,198
119,198
199,198
432,198
0,199
119,199
199,199
430,199
0,200
119,200
199,200
429,200
0,201
119,201
198,201
429,201
0,202
119,202
198,202
428,202
0,203
119,203
198,203
427,203
0,204
119,204
198,204
426,204
0,205
119,205
198,205
426,205
0,206
119,206
198,206
425,206
0,207
119,207
198,207
424,207
0,208
119,208
198,208
424,208
0,209
119,209
198,209
422,209
477,209
479,209
0,210
119,210
198,210
422,210
476,210
479,210
0,211
119,211
198,211
421,211
475,211
479,211
0,212
119,212
198,212
421,212
474,212
479,212
0,213
119,213
198,213
419,213
473,213
474,213
476,213
479,213
0,214
119,214
198,214
419,214
472,214
473,214
475,214
479,214
0,215
119,215
198,215
418,215
471,215
479,215
0,216
120,216
198,216
418,216
469,216
479,216
0,217
120,217
197,217
418,217
468,217
479,217
0,218
120,218
197,218
418,218
467,218
479,218
0,219
120,219
197,219
418,219
466,219
479,219
0,220
120,220
197,220
417,220
465,220
479,220
0,221
120,221
197,221
416,221
464,221
479,221
0,222
120,222
197,222
416,222
462,222
479,222
0,223
120,223
197,223
197,223
199,223
416,223
461,223
479,223
0,224
120,224
197,224
416,224
460,224
479,224
0,225
120,225
197,225
416,225
458,225
479,225
0,226
120,226
197,226
415,226
456,226
479,226
0,227
120,227
197,227
416,227
455,227
456,227
458,227
479,227
0,228
120,228
197,228
415,228
455,228
456,228
458,228
479,228
0,229
121,229
197,229
415,229
456,229
479,229
0,230
120,230
197,230
415,230
457,230
479,230
0,231
121,231
197,231
415,231
458,231
479,231
0,232
121,232
197,232
415,232
459,232
479,232
0,233
121,233
197,233
416,233
459,233
479,233
0,234
121,234
197,234
416,234
460,234
479,234
0,235
121,235
197,235
416,235
462,235
479,235
0,236
121,236
197,236
416,236
462,236
479,236
0,237
121,237
197,237
417,237
463,237
479,237
0,238
121,238
198,238
417,238
464,238
479,238
0,239
122,239
198,239
418,239
465,239
479,239
0,240
122,240
198,240
417,240
466,240
479,240
0,241
122,241
198,241
418,241
467,241
479,241
0,242
122,242
198,242
419,242
467,242
479,242
0,243
122,243
198,243
419,243
469,243
479,243
0,244
122,244
198,244
419,244
469,244
479,244
0,245
122,245
198,245
421,245
470,245
471,245
473,245
479,245
0,246
122,246
198,246
422,246
471,246
478,246
0,247
122,247
198,247
423,247
472,247
478,247
0,248
123,248
198,248
424,248
473,248
478,248
0,249
123,249
198,249
199,249
201,249
425,249
474,249
478,249
0,250
123,250
198,250
426,250
475,250
478,250
0,251
123,251
198,251
427,251
475,251
476,251
478,251
478,251
0,252
123,252
199,252
429,252
476,252
478,252
0,253
124,253
198,253
429,253
478,253
478,253
0,254
124,254
198,254
430,254
478,254
478,254
0,255
124,255
199,255
431,255
0,256
124,256
199,256
432,256
0,257
124,257
199,257
433,257
0,258
124,258
199,258
435,258
0,259
125,259
199,259
436,259
0,260
125,260
199,260
437,260
0,261
125,261
199,261
438,261
0,262
125,262
199,262
439,262
0,263
125,263
199,263
440,263
0,264
125,264
199,264
441,264
0,265
125,265
199,265
442,265
0,266
126,266
199,266
442,266
0,267
126,267
200,267
443,267
0,268
126,268
200,268
445,268
0,269
126,269
200,269
446,269
0,270
127,270
200,270
447,270
0,271
127,271
200,271
448,271
0,272
127,272
200,272
449,272
0,273
127,273
200,273
450,273
0,274
127,274
201,274
451,274
0,275
128,275
201,275
452,275
0,276
128,276
201,276
453,276
0,277
128,277
201,277
455,277
0,278
128,278
201,278
456,278
0,279
128,279
201,279
457,279
0,280
128,280
202,280
458,280
0,281
129,281
202,281
459,281
0,282
129,282
202,282
460,282
0,283
130,283
202,283
460,283
0,284
129,284
202,284
461,284
0,285
130,285
202,285
462,285
0,286
130,286
202,286
464,286
0,287
130,287
202,287
464,287
0,288
130,288
203,288
466,288
0,289
131,289
203,289
467,289
0,290
131,290
203,290
468,290
0,291
131,291
204,291
469,291
0,292
131,292
204,292
470,292
0,293
132,293
204,293
471,293
0,294
132,294
204,294
472,294
0,295
132,295
205,295
473,295
0,296
133,296
205,296
474,296
0,297
133,297
205,297
475,297
0,298
133,298
206,298
476,298
0,299
134,299
206,299
476,299
0,300
134,300
206,300
477,300
0,301
134,301
206,301
478,301
0,302
135,302
206,302
479,302
0,303
135,303
207,303
478,303
0,304
135,304
207,304
477,304
0,305
135,305
207,305
476,305
0,306
135,306
208,306
476,306
0,307
136,307
208,307
476,307
0,308
136,308
208,308
474,308
0,309
137,309
209,309
474,309
0,310
137,310
209,310
473,310
0,311
137,311
209,311
472,311
0,312
137,312
210,312
472,312
0,313
138,313
210,313
472,313
0,314
138,314
210,314
470,314
0,315
138,315
211,315
469,315
0,316
139,316
211,316
469,316
0,317
139,317
212,317
468,317
0,318
140,318
212,318
467,318
0,319
140,319
212,319
466,319
0,320
141,320
212,320
465,320
0,321
141,321
213,321
464,321
0,322
142,322
213,322
463,322
0,323
142,323
213,323
463,323
0,324
142,324
214,324
461,324
0,325
142,325
214,325
461,325
0,326
143,326
215,326
461,326
0,327
143,327
215,327
460,327
0,328
144,328
216,328
459,328
0,329
144,329
216,329
458,329
0,330
145,330
216,330
457,330
0,331
145,331
217,331
456,331
0,332
146,332
217,332
456,332
0,333
146,333
218,333
456,333
0,334
146,334
218,334
455,334
0,335
146,335
218,335
453,335
0,336
147,336
219,336
453,336
0,337
148,337
219,337
452,337
0,338
148,338
219,338
452,338
0,339
149,339
220,339
451,339
0,340
150,340
220,340
451,340
0,341
150,341
221,341
449,341
0,342
150,342
221,342
448,342
0,343
151,343
222,343
447,343
0,344
151,344
222,344
447,344
0,345
152,345
223,345
445,345
0,346
152,346
223,346
445,346
0,347
153,347
223,347
444,347
0,348
154,348
224,348
444,348
0,349
154,349
224,349
441,349
0,350
154,350
225,350
442,350
0,351
155,351
225,351
441,351
0,352
155,352
226,352
440,352
0,353
156,353
226,353
439,353
0,354
156,354
226,354
439,354
0,355
157,355
227,355
439,355
0,356
157,356
227,356
436,356
0,357
158,357
228,357
435,357
0,358
158,358
228,358
435,358
0,359
159,359
229,359
435,359
