0,0
164,0
327,0
331,0
0,1
163,1
326,1
331,1
0,2
162,2
325,2
343,2
0,3
163,3
305,3
310,3
312,3
344,3
0,4
162,4
304,4
350,4
0,5
162,5
304,5
353,5
0,6
162,6
304,6
365,6
0,7
161,7
304,7
370,7
0,8
161,8
303,8
375,8
0,9
160,9
303,9
377,9
0,10
160,10
303,10
386,10
0,11
160,11
302,11
388,11
0,12
159,12
302,12
394,12
0,13
160,13
301,13
400,13
0,14
160,14
301,14
405,14
0,15
159,15
300,15
410,15
0,16
159,16
300,16
415,16
0,17
159,17
300,17
418,17
421,17
422,17
0,18
159,18
300,18
422,18
0,19
158,19
299,19
423,19
0,20
158,20
299,20
433,20
435,20
436,20
0,21
158,21
298,21
439,21
0,22
157,22
298,22
442,22
0,23
157,23
298,23
448,23
0,24
156,24
297,24
453,24
0,25
156,25
297,25
462,25
0,26
156,26
296,26
470,26
0,27
156,27
296,27
472,27
0,28
156,28
296,28
474,28
0,29
156,29
296,29
479,29
0,30
156,30
295,30
479,30
0,31
156,31
295,31
479,31
0,32
155,32
294,32
295,32
297,32
479,32
0,33
155,33
294,33
479,33
0,34
154,34
294,34
479,34
0,35
154,35
293,35
479,35
0,36
154,36
293,36
479,36
0,37
154,37
293,37
479,37
0,38
153,38
292,38
479,38
0,39
153,39
292,39
479,39
0,40
153,40
292,40
479,40
0,41
153,41
291,41
479,41
0,42
153,42
291,42
479,42
0,43
152,43
291,43
479,43
0,44
152,44
290,44
479,44
0,45
152,45
290,45
479,45
0,46
152,46
289,46
479,46
0,47
152,47
289,47
479,47
0,48
152,48
289,48
479,48
0,49
151,49
288,49
479,49
0,50
151,50
288,50
479,50
0,51
151,51
288,51
479,51
0,52
151,52
287,52
479,52
0,53
150,53
287,53
479,53
0,54
150,54
287,54
479,54
0,55
150,55
286,55
479,55
0,56
149,56
286,56
479,56
0,57
149,57
286,57
479,57
0,58
149,58
285,58
479,58
0,59
149,59
285,59
479,59
0,60
148,60
285,60
479,60
0,61
148,61
285,61
479,61
0,62
148,62
284,62
479,62
0,63
147,63
284,63
479,63
0,64
148,64
283,64
479,64
0,65
148,65
283,65
479,65
0,66
148,66
283,66
479,66
0,67
147,67
283,67
479,67
0,68
147,68
282,68
479,68
0,69
147,69
282,69
479,69
0,70
147,70
282,70
479,70
0,71
147,71
281,71
479,71
0,72
147,72
281,72
479,72
0,73
146,73
281,73
479,73
0,74
146,74
280,74
479,74
0,75
146,75
280,75
479,75
0,76
145,76
280,76
479,76
0,77
145,77
279,77
479,77
0,78
145,78
279,78
479,78
0,79
145,79
279,79
479,79
0,80
145,80
278,80
479,80
0,81
145,81
278,81
479,81
0,82
145,82
278,82
479,82
0,83
145,83
277,83
479,83
0,84
145,84
277,84
479,84
0,85
145,85
277,85
479,85
0,86
145,86
277,86
479,86
0,87
145,87
277,87
479,87
0,88
144,88
276,88
479,88
0,89
144,89
276,89
479,89
0,90
144,90
276,90
479,90
0,91
144,91
276,91
479,91
0,92
144,92
275,92
479,92
0,93
144,93
275,93
479,93
0,94
143,94
275,94
479,94
0,95
143,95
274,95
479,95
0,96
143,96
274,96
479,96
0,97
143,97
274,97
479,97
0,98
143,98
274,98
479,98
0,99
143,99
273,99
479,99
0,100
143,100
273,100
479,100
0,101
142,101
273,101
479,101
0,102
142,102
272,102
479,102
0,103
142,103
272,103
479,103
0,104
142,104
272,104
479,104
0,105
142,105
272,105
479,105
0,106
142,106
271,106
479,106
0,107
142,107
271,107
479,107
0,108
142,108
271,108
479,108
0,109
141,109
271,109
479,109
0,110
141,110
270,110
479,110
0,111
141,111
270,111
479,111
0,112
141,112
270,112
479,112
0,113
141,113
270,113
479,113
0,114
141,114
270,114
479,114
0,115
141,115
269,115
479,115
0,116
141,116
269,116
479,116
0,117
141,117
269,117
479,117
0,118
141,118
269,118
479,118
0,119
141,119
268,119
479,119
0,120
140,120
268,120
479,120
0,121
140,121
268,121
479,121
0,122
140,122
268,122
479,122
0,123
140,123
267,123
479,123
0,124
140,124
267,124
479,124
0,125
140,125
267,125
479,125
0,126
140,126
267,126
479,126
0,127
140,127
267,127
479,127
0,128
140,128
267,128
479,128
0,129
140,129
266,129
479,129
0,130
140,130
266,130
479,130
0,131
140,131
266,131
479,131
0,132
140,132
266,132
479,132
0,133
139,133
266,133
479,133
0,134
139,134
266,134
479,134
0,135
139,135
266,135
479,135
0,136
139,136
265,136
479,136
0,137
139,137
265,137
479,137
0,138
139,138
265,138
479,138
0,139
139,139
265,139
479,139
0,140
139,140
265,140
479,140
0,141
139,141
265,141
479,141
0,142
139,142
264,142
479,142
0,143
139,143
264,143
479,143
0,144
139,144
264,144
479,144
0,145
139,145
264,145
479,145
0,146
139,146
264,146
479,146
0,147
139,147
263,147
479,147
0,148
139,148
263,148
479,148
0,149
139,149
263,149
479,149
0,150
138,150
263,150
479,150
0,151
138,151
263,151
479,151
0,152
138,152
263,152
479,152
0,153
138,153
263,153
479,153
0,154
138,154
263,154
479,154
0,155
138,155
263,155
479,155
0,156
139,156
263,156
479,156
0,157
138,157
263,157
479,157
0,158
138,158
263,158
479,158
0,159
138,159
263,159
479,159
0,160
138,160
263,160
479,160
0,161
138,161
262,161
479,161
0,162
138,162
262,162
479,162
0,163
138,163
262,163
479,163
0,164
138,164
262,164
479,164
0,165
138,165
262,165
479,165
0,166
138,166
262,166
479,166
0,167
138,167
262,167
479,167
0,168
138,168
261,168
479,168
0,169
138,169
261,169
479,169
0,170
138,170
261,170
479,170
0,171
138,171
261,171
479,171
0,172
138,172
262,172
479,172
0,173
138,173
261,173
479,173
0,174
138,174
261,174
479,174
0,175
138,175
261,175
479,175
0,176
138,176
261,176
479,176
0,177
138,177
261,177
479,177
0,178
138,178
261,178
479,178
0,179
138,179
261,179
479,179
0,180
138,180
261,180
479,180
0,181
138,181
261,181
479,181
0,182
138,182
261,182
479,182
0,183
138,183
261,183
479,183
0,184
138,184
261,184
479,184
0,185
138,185
261,185
479,185
0,186
138,186
261,186
479,186
0,187
138,187
261,187
479,187
0,188
138,188
261,188
479,188
0,189
138,189
261,189
479,189
0,190
139,190
261,190
479,190
0,191
139,191
261,191
479,191
0,192
139,192
260,192
479,192
0,193
138,193
260,193
479,193
0,194
138,194
260,194
479,194
0,195
139,195
260,195
479,195
0,196
139,196
260,196
479,196
0,197
139,197
260,197
479,197
0,198
139,198
260,198
479,198
0,199
139,199
260,199
479,199
0,200
139,200
260,200
479,200
0,201
139,201
260,201
479,201
0,202
139,202
260,202
479,202
0,203
139,203
260,203
479,203
0,204
139,204
260,204
479,204
0,205
139,205
260,205
479,205
0,206
139,206
260,206
479,206
0,207
139,207
260,207
479,207
0,208
139,208
259,208
479,208
0,209
139,209
259,209
479,209
0,210
139,210
259,210
479,210
0,211
139,211
259,211
479,211
0,212
140,212
259,212
479,212
0,213
140,213
259,213
479,213
0,214
140,214
259,214
479,214
0,215
140,215
259,215
479,215
0,216
140,216
259,216
479,216
0,217
140,217
259,217
479,217
0,218
140,218
259,218
479,218
0,219
140,219
259,219
479,219
0,220
140,220
259,220
479,220
0,221
140,221
259,221
479,221
0,222
140,222
259,222
479,222
0,223
140,223
259,223
479,223
0,224
140,224
259,224
479,224
0,225
140,225
259,225
479,225
0,226
141,226
259,226
479,226
0,227
141,227
259,227
479,227
0,228
141,228
259,228
479,228
0,229
141,229
259,229
479,229
0,230
141,230
259,230
479,230
0,231
141,231
259,231
479,231
0,232
141,232
259,232
479,232
0,233
141,233
259,233
479,233
0,234
141,234
259,234
479,234
0,235
141,235
259,235
479,235
0,236
142,236
259,236
479,236
0,237
142,237
259,237
479,237
0,238
142,238
259,238
479,238
0,239
142,239
259,239
479,239
0,240
142,240
259,240
479,240
0,241
142,241
259,241
479,241
0,242
142,242
259,242
479,242
0,243
142,243
259,243
479,243
0,244
142,244
259,244
479,244
0,245
142,245
259,245
479,245
0,246
143,246
259,246
479,246
0,247
143,247
259,247
479,247
0,248
143,248
259,248
479,248
0,249
143,249
259,249
479,249
0,250
143,250
259,250
479,250
0,251
143,251
259,251
479,251
0,252
143,252
259,252
479,252
0,253
143,253
260,253
479,253
0,254
144,254
260,254
479,254
0,255
144,255
260,255
479,255
0,256
144,256
260,256
479,256
0,257
144,257
260,257
479,257
0,258
143,258
260,258
479,258
0,259
144,259
260,259
479,259
0,260
144,260
260,260
479,260
0,261
144,261
260,261
479,261
0,262
144,262
260,262
479,262
0,263
145,263
260,263
479,263
0,264
145,264
261,264
479,264
0,265
145,265
261,265
479,265
0,266
145,266
261,266
479,266
0,267
145,267
261,267
479,267
0,268
146,268
261,268
479,268
0,269
146,269
261,269
479,269
0,270
146,270
261,270
479,270
0,271
146,271
261,271
479,271
0,272
146,272
261,272
479,272
0,273
146,273
261,273
479,273
0,274
147,274
261,274
479,274
0,275
147,275
261,275
479,275
0,276
147,276
262,276
479,276
0,277
147,277
262,277
479,277
0,278
147,278
262,278
479,278
0,279
147,279
262,279
479,279
0,280
147,280
262,280
479,280
0,281
148,281
262,281
479,281
0,282
148,282
262,282
479,282
0,283
148,283
262,283
479,283
0,284
147,284
262,284
479,284
0,285
148,285
262,285
479,285
0,286
148,286
262,286
479,286
0,287
148,287
262,287
479,287
0,288
148,288
263,288
479,288
0,289
149,289
263,289
479,289
0,290
149,290
263,290
479,290
0,291
149,291
263,291
479,291
0,292
149,292
263,292
479,292
0,293
149,293
263,293
479,293
0,294
150,294
263,294
479,294
0,295
150,295
263,295
479,295
0,296
150,296
264,296
479,296
0,297
150,297
264,297
479,297
0,298
150,298
263,298
479,298
0,299
151,299
264,299
479,299
0,300
151,300
264,300
479,300
0,301
151,301
264,301
479,301
0,302
151,302
264,302
479,302
0,303
152,303
264,303
479,303
0,304
152,304
265,304
479,304
0,305
152,305
265,305
479,305
0,306
152,306
265,306
479,306
0,307
152,307
265,307
479,307
0,308
152,308
265,308
479,308
0,309
153,309
265,309
479,309
0,310
153,310
265,310
479,310
0,311
153,311
265,311
479,311
0,312
154,312
266,312
479,312
0,313
154,313
266,313
479,313
0,314
154,314
266,314
479,314
0,315
154,315
266,315
479,315
0,316
155,316
266,316
479,316
0,317
155,317
266,317
479,317
0,318
155,318
266,318
479,318
0,319
155,319
266,319
479,319
0,320
156,320
266,320
479,320
0,321
155,321
267,321
479,321
0,322
156,322
267,322
479,322
0,323
156,323
267,323
479,323
0,324
156,324
267,324
479,324
0,325
156,325
268,325
479,325
0,326
157,326
268,326
479,326
0,327
157,327
268,327
479,327
0,328
157,328
268,328
479,328
0,329
158,329
269,329
479,329
0,330
158,330
269,330
479,330
0,331
158,331
269,331
479,331
0,332
158,332
269,332
479,332
0,333
159,333
269,333
479,333
0,334
159,334
270,334
479,334
0,335
159,335
270,335
479,335
0,336
160,336
270,336
479,336
0,337
160,337
271,337
479,337
0,338
160,338
271,338
479,338
0,339
160,339
271,339
479,339
0,340
161,340
271,340
479,340
0,341
161,341
272,341
479,341
0,342
161,342
272,342
479,342
0,343
162,343
272,343
479,343
0,344
162,344
272,344
479,344
0,345
162,345
273,345
479,345
0,346
163,346
273,346
479,346
0,347
163,347
273,347
479,347
0,348
163,348
274,348
479,348
0,349
164,349
274,349
479,349
0,350
164,350
274,350
479,350
0,351
164,351
274,351
479,351
0,352
165,352
274,352
479,352
0,353
165,353
275,353
479,353
0,354
165,354
275,354
479,354
0,355
165,355
275,355
479,355
0,356
165,356
276,356
479,356
0,357
166,357
276,357
479,357
0,358
166,358
276,358
479,358
0,359
166,359
277,359
479,359
