0,0
239,0
0,1
239,1
0,2
239,2
0,3
239,3
0,4
239,4
0,5
239,5
0,6
239,6
0,7
239,7
0,8
239,8
0,9
239,9
0,10
239,10
0,11
239,11
0,12
239,12
0,13
239,13
0,14
239,14
0,15
239,15
0,16
239,16
0,17
239,17
0,18
239,18
0,19
239,19
0,20
239,20
0,21
239,21
0,22
239,22
0,23
239,23
0,24
239,24
0,25
239,25
0,26
239,26
0,27
239,27
0,28
239,28
0,29
239,29
0,30
239,30
0,31
239,31
0,32
239,32
0,33
239,33
0,34
239,34
0,35
239,35
0,36
239,36
0,37
239,37
0,38
239,38
0,39
239,39
0,40
239,40
0,41
239,41
0,42
239,42
0,43
239,43
0,44
239,44
0,45
239,45
0,46
239,46
0,47
239,47
0,48
239,48
0,49
239,49
0,50
239,50
0,51
239,51
0,52
239,52
0,53
239,53
0,54
239,54
0,55
239,55
0,56
239,56
0,57
239,57
0,58
239,58
0,59
239,59
0,60
239,60
0,61
239,61
0,62
239,62
0,63
239,63
0,64
239,64
0,65
239,65
0,66
239,66
0,67
239,67
0,68
239,68
0,69
239,69
0,70
239,70
0,71
239,71
0,72
239,72
0,73
239,73
0,74
239,74
0,75
239,75
0,76
239,76
0,77
239,77
0,78
239,78
0,79
239,79
0,80
239,80
0,81
239,81
0,82
239,82
0,83
239,83
0,84
239,84
0,85
239,85
0,86
239,86
0,87
239,87
0,88
239,88
0,89
239,89
0,90
239,90
0,91
239,91
0,92
239,92
0,93
239,93
0,94
239,94
0,95
239,95
0,96
239,96
0,97
239,97
0,98
239,98
0,99
239,99
0,100
239,100
0,101
239,101
0,102
239,102
0,103
239,103
0,104
239,104
0,105
239,105
0,106
239,106
0,107
239,107
0,108
239,108
0,109
239,109
0,110
239,110
0,111
239,111
0,112
239,112
0,113
239,113
0,114
239,114
0,115
239,115
0,116
239,116
0,117
239,117
0,118
239,118
0,119
239,119
0,120
239,120
0,121
239,121
0,122
239,122
0,123
239,123
0,124
239,124
0,125
239,125
0,126
239,126
0,127
239,127
0,128
239,128
0,129
239,129
0,130
239,130
0,131
239,131
0,132
239,132
0,133
239,133
0,134
239,134
0,135
239,135
0,136
239,136
0,137
239,137
0,138
239,138
0,139
239,139
0,140
239,140
0,141
239,141
0,142
239,142
0,143
239,143
0,144
239,144
0,145
239,145
0,146
239,146
0,147
239,147
0,148
239,148
0,149
239,149
0,150
239,150
0,151
239,151
0,152
239,152
0,153
239,153
0,154
239,154
0,155
239,155
0,156
239,156
0,157
239,157
0,158
239,158
0,159
239,159
0,160
239,160
0,161
227,161
238,161
239,161
0,162
223,162
239,162
239,162
0,163
219,163
0,164
216,164
0,165
215,165
240,165
241,165
0,166
212,166
240,166
243,166
252,166
252,166
254,166
255,166
0,167
210,167
240,167
258,167
0,168
209,168
240,168
261,168
0,169
207,169
240,169
263,169
0,170
203,170
205,170
206,170
240,170
264,170
0,171
205,171
240,171
265,171
0,172
204,172
240,172
267,172
0,173
203,173
240,173
267,173
0,174
202,174
240,174
269,174
0,175
202,175
240,175
270,175
0,176
201,176
240,176
271,176
0,177
201,177
240,177
272,177
0,178
200,178
240,178
274,178
0,179
199,179
240,179
274,179
0,180
198,180
240,180
277,180
0,181
197,181
240,181
278,181
0,182
197,182
240,182
278,182
0,183
196,183
240,183
279,183
0,184
195,184
240,184
280,184
0,185
194,185
240,185
280,185
0,186
194,186
240,186
281,186
0,187
193,187
240,187
279,187
281,187
281,187
0,188
192,188
240,188
282,188
0,189
190,189
240,189
284,189
0,190
189,190
240,190
285,190
0,191
186,191
188,191
188,191
240,191
287,191
0,192
185,192
240,192
289,192
0,193
184,193
240,193
290,193
0,194
183,194
240,194
288,194
290,194
291,194
0,195
182,195
240,195
293,195
0,196
180,196
240,196
287,196
289,196
294,196
0,197
180,197
240,197
286,197
289,197
295,197
0,198
178,198
240,198
287,198
291,198
297,198
0,199
178,199
240,199
287,199
292,199
297,199
0,200
177,200
240,200
287,200
294,200
299,200
0,201
176,201
240,201
287,201
294,201
300,201
0,202
174,202
240,202
287,202
295,202
300,202
0,203
174,203
240,203
287,203
297,203
301,203
0,204
173,204
240,204
287,204
297,204
297,204
299,204
302,204
0,205
172,205
240,205
287,205
299,205
303,205
0,206
171,206
240,206
287,206
300,206
304,206
0,207
171,207
186,207
186,207
240,207
287,207
300,207
304,207
0,208
170,208
186,208
186,208
240,208
287,208
301,208
305,208
0,209
169,209
183,209
186,209
240,209
287,209
302,209
303,209
305,209
306,209
0,210
169,210
183,210
183,210
185,210
186,210
240,210
287,210
302,210
303,210
305,210
306,210
0,211
168,211
181,211
186,211
240,211
289,211
302,211
307,211
0,212
168,212
180,212
185,212
240,212
290,212
303,212
307,212
0,213
167,213
182,213
184,213
240,213
291,213
304,213
308,213
0,214
167,214
178,214
181,214
240,214
292,214
304,214
308,214
0,215
167,215
240,215
293,215
304,215
308,215
0,216
167,216
240,216
295,216
304,216
309,216
0,217
167,217
240,217
296,217
304,217
309,217
0,218
167,218
240,218
309,218
0,219
167,219
240,219
300,219
303,219
309,219
0,220
167,220
240,220
309,220
0,221
167,221
240,221
294,221
296,221
308,221
0,222
167,222
240,222
294,222
296,222
307,222
0,223
168,223
240,223
294,223
297,223
298,223
300,223
306,223
0,224
168,224
240,224
294,224
299,224
305,224
0,225
168,225
240,225
294,225
0,226
169,226
240,226
294,226
0,227
169,227
240,227
294,227
0,228
170,228
179,228
182,228
240,228
294,228
0,229
182,229
240,229
293,229
0,230
182,230
240,230
293,230
0,231
182,231
240,231
293,231
0,232
182,232
240,232
292,232
0,233
183,233
240,233
292,233
0,234
183,234
240,234
290,234
0,235
183,235
240,235
290,235
0,236
183,236
240,236
290,236
0,237
183,237
240,237
289,237
0,238
184,238
240,238
288,238
0,239
184,239
240,239
287,239
0,240
184,240
240,240
286,240
0,241
184,241
240,241
286,241
0,242
184,242
240,242
286,242
0,243
185,243
240,243
284,243
286,243
286,243
0,244
185,244
240,244
287,244
0,245
186,245
240,245
287,245
0,246
186,246
240,246
287,246
0,247
187,247
240,247
287,247
0,248
188,248
240,248
287,248
0,249
189,249
240,249
288,249
0,250
190,250
240,250
288,250
0,251
189,251
240,251
289,251
0,252
189,252
240,252
289,252
0,253
189,253
240,253
290,253
0,254
186,254
188,254
188,254
240,254
290,254
0,255
188,255
240,255
291,255
0,256
187,256
240,256
291,256
0,257
187,257
240,257
292,257
0,258
187,258
240,258
292,258
0,259
187,259
240,259
292,259
0,260
184,260
186,260
186,260
240,260
293,260
0,261
186,261
240,261
293,261
0,262
186,262
240,262
293,262
0,263
185,263
240,263
294,263
0,264
185,264
240,264
294,264
0,265
185,265
240,265
294,265
0,266
185,266
240,266
294,266
0,267
185,267
240,267
295,267
0,268
184,268
240,268
295,268
0,269
184,269
240,269
295,269
0,270
184,270
240,270
295,270
0,271
184,271
240,271
295,271
0,272
185,272
240,272
295,272
0,273
185,273
240,273
295,273
0,274
185,274
240,274
296,274
0,275
185,275
240,275
296,275
0,276
186,276
240,276
296,276
0,277
186,277
240,277
296,277
0,278
187,278
240,278
296,278
0,279
187,279
240,279
296,279
0,280
187,280
240,280
288,280
291,280
296,280
0,281
187,281
240,281
287,281
292,281
296,281
0,282
187,282
240,282
287,282
294,282
295,282
0,283
187,283
240,283
288,283
0,284
187,284
240,284
287,284
0,285
187,285
240,285
288,285
0,286
187,286
240,286
288,286
0,287
187,287
240,287
288,287
0,288
188,288
240,288
288,288
0,289
188,289
240,289
288,289
0,290
188,290
240,290
288,290
0,291
189,291
240,291
288,291
0,292
189,292
240,292
288,292
0,293
189,293
240,293
288,293
0,294
189,294
240,294
288,294
0,295
189,295
240,295
288,295
0,296
189,296
240,296
288,296
0,297
189,297
240,297
288,297
0,298
189,298
240,298
288,298
0,299
190,299
240,299
288,299
0,300
190,300
240,300
288,300
0,301
190,301
240,301
288,301
0,302
191,302
240,302
287,302
0,303
192,303
240,303
287,303
0,304
192,304
240,304
287,304
0,305
194,305
240,305
287,305
0,306
194,306
240,306
287,306
0,307
194,307
240,307
287,307
0,308
195,308
240,308
287,308
0,309
193,309
195,309
195,309
240,309
287,309
0,310
195,310
240,310
287,310
0,311
195,311
240,311
287,311
0,312
195,312
240,312
287,312
0,313
195,313
240,313
287,313
0,314
195,314
240,314
287,314
0,315
195,315
240,315
287,315
0,316
195,316
240,316
287,316
0,317
195,317
240,317
287,317
0,318
196,318
240,318
287,318
0,319
195,319
240,319
287,319
0,320
196,320
240,320
287,320
0,321
195,321
240,321
287,321
0,322
196,322
240,322
287,322
0,323
196,323
240,323
287,323
0,324
195,324
240,324
287,324
0,325
195,325
240,325
287,325
0,326
195,326
240,326
287,326
0,327
195,327
240,327
287,327
0,328
196,328
240,328
287,328
0,329
196,329
240,329
287,329
0,330
195,330
240,330
282,330
284,330
287,330
0,331
195,331
240,331
282,331
284,331
287,331
0,332
195,332
240,332
282,332
285,332
287,332
0,333
194,333
240,333
282,333
285,333
287,333
0,334
194,334
240,334
282,334
285,334
287,334
0,335
193,335
240,335
283,335
285,335
287,335
0,336
193,336
240,336
287,336
0,337
193,337
240,337
287,337
0,338
192,338
240,338
287,338
0,339
192,339
240,339
287,339
0,340
192,340
240,340
287,340
0,341
191,341
240,341
287,341
0,342
191,342
240,342
287,342
0,343
190,343
240,343
287,343
0,344
190,344
240,344
287,344
0,345
189,345
240,345
287,345
0,346
189,346
240,346
288,346
0,347
188,347
240,347
288,347
0,348
188,348
240,348
288,348
0,349
188,349
240,349
288,349
0,350
187,350
240,350
289,350
0,351
187,351
240,351
289,351
0,352
187,352
240,352
290,352
0,353
186,353
240,353
290,353
0,354
185,354
240,354
290,354
0,355
185,355
240,355
290,355
0,356
185,356
240,356
291,356
0,357
184,357
240,357
292,357
0,358
184,358
240,358
292,358
0,359
184,359
240,359
292,359
