0,0
239,0
0,1
239,1
0,2
239,2
0,3
239,3
0,4
239,4
0,5
239,5
0,6
239,6
0,7
239,7
0,8
239,8
0,9
239,9
0,10
239,10
0,11
239,11
0,12
239,12
0,13
239,13
0,14
239,14
0,15
239,15
0,16
239,16
0,17
239,17
0,18
239,18
0,19
239,19
0,20
239,20
0,21
239,21
0,22
239,22
0,23
239,23
0,24
239,24
0,25
239,25
0,26
239,26
0,27
239,27
0,28
239,28
0,29
239,29
0,30
239,30
0,31
239,31
0,32
239,32
0,33
239,33
0,34
239,34
0,35
239,35
0,36
239,36
0,37
239,37
0,38
239,38
0,39
239,39
0,40
239,40
0,41
239,41
0,42
239,42
0,43
239,43
0,44
239,44
0,45
239,45
0,46
239,46
0,47
239,47
0,48
239,48
0,49
239,49
0,50
239,50
0,51
239,51
0,52
239,52
0,53
239,53
0,54
239,54
0,55
239,55
0,56
239,56
0,57
239,57
0,58
239,58
0,59
239,59
0,60
239,60
0,61
239,61
0,62
239,62
0,63
239,63
0,64
239,64
0,65
239,65
0,66
239,66
0,67
239,67
0,68
239,68
0,69
239,69
0,70
239,70
0,71
239,71
0,72
239,72
0,73
239,73
0,74
239,74
0,75
239,75
0,76
239,76
0,77
239,77
0,78
239,78
0,79
239,79
0,80
239,80
0,81
239,81
0,82
239,82
0,83
239,83
0,84
239,84
0,85
239,85
0,86
239,86
0,87
239,87
0,88
239,88
0,89
239,89
0,90
239,90
0,91
239,91
0,92
239,92
0,93
239,93
0,94
239,94
0,95
239,95
0,96
239,96
0,97
239,97
0,98
239,98
0,99
239,99
0,100
239,100
0,101
239,101
0,102
239,102
0,103
239,103
0,104
239,104
0,105
239,105
0,106
239,106
0,107
239,107
0,108
239,108
0,109
239,109
0,110
239,110
0,111
239,111
0,112
239,112
0,113
239,113
0,114
239,114
0,115
239,115
0,116
239,116
0,117
239,117
0,118
239,118
0,119
239,119
0,120
239,120
0,121
239,121
0,122
239,122
0,123
239,123
0,124
239,124
0,125
239,125
0,126
239,126
0,127
239,127
0,128
239,128
0,129
239,129
0,130
239,130
0,131
239,131
0,132
239,132
0,133
239,133
0,134
239,134
0,135
239,135
0,136
239,136
0,137
239,137
0,138
239,138
0,139
239,139
0,140
239,140
0,141
239,141
0,142
239,142
0,143
239,143
0,144
239,144
0,145
239,145
0,146
239,146
0,147
239,147
0,148
239,148
0,149
239,149
0,150
239,150
0,151
239,151
0,152
239,152
0,153
225,153
238,153
239,153
0,154
221,154
0,155
218,155
0,156
216,156
0,157
214,157
240,157
242,157
0,158
211,158
240,158
243,158
245,158
253,158
255,158
256,158
0,159
210,159
240,159
260,159
0,160
208,160
240,160
261,160
0,161
207,161
240,161
263,161
0,162
203,162
205,162
206,162
240,162
264,162
0,163
205,163
240,163
265,163
0,164
204,164
240,164
264,164
266,164
267,164
0,165
203,165
240,165
266,165
268,165
268,165
0,166
202,166
240,166
269,166
0,167
202,167
240,167
270,167
0,168
201,168
240,168
271,168
0,169
201,169
240,169
273,169
0,170
200,170
240,170
274,170
0,171
199,171
240,171
276,171
0,172
198,172
240,172
277,172
0,173
197,173
240,173
278,173
0,174
197,174
240,174
278,174
0,175
196,175
240,175
279,175
0,176
195,176
240,176
280,176
0,177
194,177
240,177
280,177
0,178
193,178
240,178
281,178
0,179
191,179
240,179
282,179
0,180
190,180
240,180
285,180
0,181
187,181
189,181
189,181
240,181
287,181
0,182
186,182
240,182
284,182
286,182
288,182
0,183
185,183
240,183
290,183
0,184
183,184
240,184
288,184
290,184
291,184
0,185
182,185
240,185
292,185
0,186
181,186
240,186
294,186
0,187
179,187
240,187
286,187
289,187
294,187
0,188
179,188
240,188
286,188
290,188
296,188
0,189
177,189
240,189
286,189
292,189
297,189
0,190
177,190
240,190
286,190
293,190
298,190
0,191
176,191
240,191
286,191
294,191
299,191
0,192
174,192
240,192
287,192
296,192
300,192
0,193
173,193
240,193
287,193
297,193
301,193
0,194
172,194
240,194
287,194
297,194
297,194
299,194
302,194
0,195
171,195
240,195
287,195
299,195
303,195
0,196
171,196
240,196
287,196
300,196
304,196
0,197
170,197
186,197
186,197
240,197
287,197
300,197
305,197
0,198
170,198
184,198
186,198
240,198
287,198
301,198
305,198
0,199
169,199
182,199
186,199
240,199
287,199
302,199
303,199
305,199
306,199
0,200
169,200
182,200
186,200
240,200
287,200
302,200
307,200
0,201
168,201
182,201
186,201
240,201
289,201
303,201
307,201
0,202
168,202
180,202
186,202
240,202
290,202
303,202
307,202
0,203
167,203
180,203
186,203
240,203
290,203
304,203
308,203
0,204
167,204
179,204
183,204
240,204
291,204
304,204
308,204
0,205
167,205
177,205
182,205
240,205
292,205
304,205
308,205
0,206
167,206
240,206
293,206
304,206
309,206
0,207
167,207
240,207
294,207
304,207
309,207
0,208
167,208
240,208
297,208
299,208
301,208
303,208
309,208
0,209
167,209
240,209
299,209
301,209
309,209
0,210
167,210
240,210
299,210
301,210
309,210
0,211
167,211
240,211
309,211
0,212
168,212
240,212
306,212
308,212
308,212
0,213
168,213
240,213
305,213
0,214
169,214
240,214
293,214
297,214
304,214
0,215
169,215
240,215
293,215
0,216
169,216
240,216
293,216
0,217
170,217
240,217
293,217
0,218
171,218
240,218
292,218
0,219
181,219
240,219
292,219
0,220
179,220
181,220
181,220
240,220
292,220
0,221
179,221
181,221
182,221
240,221
291,221
0,222
182,222
240,222
291,222
0,223
182,223
240,223
291,223
0,224
183,224
240,224
289,224
0,225
183,225
240,225
288,225
0,226
183,226
240,226
287,226
0,227
184,227
240,227
287,227
0,228
184,228
240,228
287,228
0,229
184,229
240,229
286,229
0,230
184,230
240,230
285,230
0,231
185,231
240,231
284,231
0,232
185,232
240,232
284,232
0,233
185,233
240,233
285,233
0,234
185,234
240,234
285,234
0,235
186,235
240,235
285,235
0,236
186,236
240,236
286,236
0,237
187,237
240,237
286,237
0,238
188,238
240,238
286,238
0,239
190,239
240,239
287,239
0,240
190,240
240,240
287,240
0,241
190,241
240,241
287,241
0,242
190,242
240,242
288,242
0,243
189,243
240,243
288,243
0,244
189,244
240,244
289,244
0,245
186,245
188,245
189,245
240,245
289,245
0,246
186,246
188,246
189,246
240,246
289,246
0,247
188,247
240,247
290,247
0,248
188,248
240,248
291,248
0,249
188,249
240,249
291,249
0,250
187,250
240,250
292,250
0,251
184,251
186,251
187,251
240,251
292,251
0,252
186,252
240,252
292,252
0,253
186,253
240,253
293,253
0,254
186,254
240,254
293,254
0,255
185,255
240,255
293,255
0,256
185,256
240,256
294,256
0,257
185,257
240,257
294,257
0,258
184,258
240,258
294,258
0,259
184,259
240,259
294,259
0,260
184,260
240,260
294,260
0,261
184,261
240,261
295,261
0,262
184,262
240,262
295,262
0,263
184,263
240,263
295,263
0,264
184,264
240,264
295,264
0,265
184,265
240,265
295,265
0,266
185,266
240,266
295,266
0,267
185,267
240,267
295,267
0,268
185,268
240,268
295,268
0,269
186,269
240,269
296,269
0,270
186,270
240,270
296,270
0,271
188,271
240,271
296,271
0,272
187,272
240,272
296,272
0,273
187,273
240,273
296,273
0,274
187,274
240,274
288,274
291,274
296,274
0,275
186,275
240,275
288,275
291,275
296,275
0,276
186,276
240,276
288,276
293,276
296,276
0,277
186,277
240,277
288,277
293,277
295,277
0,278
187,278
240,278
288,278
294,278
295,278
0,279
186,279
240,279
288,279
294,279
294,279
0,280
186,280
240,280
288,280
0,281
187,281
240,281
288,281
0,282
187,282
240,282
288,282
0,283
187,283
240,283
288,283
0,284
188,284
240,284
288,284
0,285
188,285
240,285
288,285
0,286
189,286
240,286
288,286
0,287
189,287
240,287
288,287
0,288
189,288
240,288
288,288
0,289
189,289
240,289
288,289
0,290
189,290
240,290
288,290
0,291
190,291
240,291
288,291
0,292
190,292
240,292
288,292
0,293
190,293
240,293
288,293
0,294
191,294
240,294
288,294
0,295
191,295
240,295
287,295
0,296
192,296
240,296
287,296
0,297
194,297
240,297
287,297
0,298
194,298
240,298
287,298
0,299
194,299
240,299
287,299
0,300
194,300
240,300
287,300
0,301
192,301
194,301
194,301
240,301
287,301
0,302
194,302
240,302
287,302
0,303
195,303
240,303
287,303
0,304
194,304
240,304
287,304
0,305
195,305
240,305
287,305
0,306
193,306
195,306
195,306
240,306
287,306
0,307
195,307
240,307
287,307
0,308
195,308
240,308
287,308
0,309
195,309
240,309
287,309
0,310
195,310
240,310
287,310
0,311
195,311
240,311
287,311
0,312
195,312
240,312
287,312
0,313
195,313
240,313
287,313
0,314
195,314
240,314
287,314
0,315
195,315
240,315
287,315
0,316
196,316
240,316
287,316
0,317
196,317
240,317
287,317
0,318
195,318
240,318
287,318
0,319
196,319
240,319
287,319
0,320
196,320
240,320
287,320
0,321
195,321
240,321
287,321
0,322
195,322
240,322
287,322
0,323
195,323
240,323
287,323
0,324
195,324
240,324
282,324
284,324
287,324
0,325
195,325
240,325
282,325
284,325
287,325
0,326
196,326
240,326
282,326
285,326
287,326
0,327
195,327
240,327
282,327
285,327
287,327
0,328
195,328
240,328
280,328
285,328
287,328
0,329
195,329
240,329
281,329
285,329
287,329
0,330
194,330
240,330
282,330
285,330
287,330
0,331
193,331
240,331
283,331
285,331
287,331
0,332
194,332
240,332
287,332
0,333
193,333
240,333
287,333
0,334
193,334
240,334
287,334
0,335
192,335
240,335
287,335
0,336
192,336
240,336
287,336
0,337
192,337
240,337
287,337
0,338
191,338
240,338
287,338
0,339
191,339
240,339
287,339
0,340
190,340
240,340
287,340
0,341
190,341
240,341
287,341
0,342
189,342
240,342
287,342
0,343
189,343
240,343
287,343
0,344
188,344
240,344
288,344
0,345
188,345
240,345
288,345
0,346
188,346
240,346
289,346
0,347
187,347
240,347
289,347
0,348
187,348
240,348
289,348
0,349
186,349
240,349
290,349
0,350
186,350
240,350
290,350
0,351
185,351
240,351
291,351
0,352
185,352
240,352
291,352
0,353
185,353
240,353
291,353
0,354
185,354
240,354
291,354
0,355
184,355
240,355
292,355
0,356
184,356
240,356
292,356
0,357
183,357
240,357
293,357
0,358
183,358
240,358
293,358
0,359
182,359
240,359
293,359
