0,0
239,0
0,1
239,1
0,2
239,2
0,3
239,3
0,4
239,4
0,5
239,5
0,6
239,6
0,7
239,7
0,8
239,8
0,9
239,9
0,10
239,10
0,11
239,11
0,12
239,12
0,13
239,13
0,14
239,14
0,15
239,15
0,16
239,16
0,17
239,17
0,18
239,18
0,19
239,19
0,20
239,20
0,21
239,21
0,22
239,22
0,23
239,23
0,24
239,24
0,25
239,25
0,26
239,26
0,27
239,27
0,28
239,28
0,29
239,29
0,30
239,30
0,31
239,31
0,32
239,32
0,33
239,33
0,34
239,34
0,35
239,35
0,36
239,36
0,37
239,37
0,38
239,38
0,39
239,39
0,40
239,40
0,41
239,41
0,42
239,42
0,43
239,43
0,44
239,44
0,45
239,45
0,46
239,46
0,47
239,47
0,48
239,48
0,49
239,49
0,50
239,50
0,51
239,51
0,52
239,52
0,53
239,53
0,54
239,54
0,55
239,55
0,56
239,56
0,57
239,57
0,58
239,58
0,59
239,59
0,60
239,60
0,61
239,61
0,62
239,62
0,63
239,63
0,64
239,64
0,65
239,65
0,66
239,66
0,67
239,67
0,68
239,68
0,69
239,69
0,70
239,70
0,71
239,71
0,72
239,72
0,73
239,73
0,74
239,74
0,75
239,75
0,76
239,76
0,77
239,77
0,78
239,78
0,79
239,79
0,80
239,80
0,81
239,81
0,82
237,82
0,83
236,83
0,84
235,84
240,84
242,84
0,85
233,85
240,85
245,85
0,86
232,86
240,86
245,86
0,87
232,87
240,87
247,87
0,88
230,88
240,88
247,88
0,89
230,89
240,89
248,89
0,90
230,90
240,90
249,90
0,91
229,91
240,91
249,91
0,92
196,92
201,92
221,92
240,92
250,92
0,93
195,93
202,93
218,93
240,93
252,93
0,94
195,94
204,94
216,94
240,94
256,94
0,95
195,95
205,95
215,95
240,95
259,95
282,95
284,95
0,96
194,96
205,96
213,96
240,96
261,96
280,96
280,96
284,96
285,96
0,97
194,97
207,97
212,97
240,97
263,97
279,97
280,97
283,97
285,97
0,98
194,98
208,98
211,98
240,98
265,98
278,98
279,98
281,98
285,98
0,99
194,99
209,99
210,99
240,99
264,99
266,99
267,99
277,99
285,99
0,100
194,100
240,100
267,100
276,100
285,100
0,101
194,101
240,101
268,101
275,101
285,101
0,102
194,102
240,102
269,102
274,102
285,102
0,103
194,103
240,103
286,103
0,104
194,104
240,104
285,104
0,105
192,105
194,105
194,105
240,105
285,105
0,106
194,106
240,106
285,106
0,107
194,107
240,107
284,107
0,108
194,108
240,108
284,108
0,109
194,109
240,109
284,109
0,110
194,110
240,110
284,110
0,111
195,111
240,111
284,111
0,112
195,112
240,112
284,112
0,113
195,113
240,113
284,113
0,114
195,114
240,114
284,114
0,115
195,115
240,115
284,115
0,116
195,116
240,116
283,116
0,117
195,117
240,117
283,117
0,118
195,118
240,118
283,118
0,119
196,119
240,119
283,119
0,120
196,120
240,120
282,120
0,121
187,121
192,121
196,121
240,121
282,121
0,122
187,122
193,122
196,122
240,122
282,122
0,123
183,123
185,123
186,123
194,123
197,123
240,123
282,123
0,124
186,124
195,124
197,124
240,124
282,124
0,125
186,125
240,125
281,125
0,126
183,126
240,126
281,126
0,127
183,127
240,127
281,127
0,128
183,128
240,128
280,128
288,128
290,128
0,129
184,129
240,129
281,129
286,129
289,129
0,130
186,130
240,130
289,130
0,131
186,131
240,131
289,131
0,132
187,132
189,132
189,132
240,132
283,132
285,132
289,132
0,133
187,133
189,133
190,133
240,133
283,133
285,133
289,133
0,134
195,134
240,134
283,134
286,134
288,134
0,135
197,135
240,135
279,135
281,135
282,135
0,136
195,136
240,136
277,136
282,136
282,136
0,137
190,137
240,137
278,137
0,138
189,138
240,138
279,138
0,139
189,139
240,139
281,139
0,140
188,140
240,140
283,140
0,141
187,141
240,141
287,141
0,142
186,142
240,142
288,142
0,143
183,143
185,143
185,143
240,143
290,143
0,144
185,144
240,144
292,144
0,145
185,145
240,145
292,145
0,146
184,146
240,146
293,146
0,147
184,147
240,147
287,147
289,147
294,147
0,148
183,148
191,148
191,148
199,148
199,148
240,148
287,148
291,148
292,148
294,148
295,148
0,149
183,149
191,149
192,149
199,149
199,149
240,149
280,149
282,149
286,149
292,149
292,149
294,149
296,149
0,150
183,150
191,150
193,150
198,150
198,150
240,150
279,150
283,150
286,150
293,150
296,150
0,151
183,151
190,151
190,151
192,151
198,151
240,151
279,151
284,151
285,151
294,151
294,151
296,151
296,151
0,152
183,152
190,152
190,152
192,152
195,152
198,152
198,152
240,152
279,152
294,152
296,152
0,153
183,153
190,153
191,153
193,153
196,153
198,153
198,153
240,153
279,153
295,153
296,153
0,154
183,154
190,154
196,154
240,154
279,154
295,154
296,154
0,155
184,155
190,155
198,155
240,155
279,155
295,155
296,155
0,156
184,156
191,156
198,156
240,156
280,156
295,156
296,156
0,157
184,157
191,157
197,157
240,157
280,157
295,157
296,157
0,158
185,158
191,158
192,158
194,158
197,158
240,158
281,158
295,158
296,158
0,159
185,159
192,159
196,159
240,159
281,159
294,159
295,159
0,160
185,160
193,160
196,160
240,160
282,160
293,160
294,160
0,161
186,161
194,161
195,161
240,161
279,161
292,161
294,161
0,162
186,162
194,162
195,162
240,162
280,162
292,162
294,162
0,163
187,163
195,163
198,163
240,163
272,163
275,163
280,163
291,163
293,163
0,164
187,164
195,164
197,164
203,164
203,164
240,164
272,164
275,164
277,164
279,164
280,164
291,164
293,164
0,165
185,165
187,165
188,165
196,165
197,165
203,165
204,165
240,165
272,165
276,165
276,165
280,165
280,165
290,165
292,165
0,166
189,166
197,166
198,166
202,166
205,166
240,166
271,166
276,166
276,166
289,166
291,166
0,167
189,167
198,167
198,167
202,167
205,167
240,167
271,167
288,167
291,167
0,168
187,168
189,168
190,168
201,168
203,168
205,168
205,168
240,168
270,168
287,168
290,168
0,169
191,169
200,169
203,169
205,169
206,169
240,169
270,169
286,169
289,169
0,170
191,170
200,170
207,170
240,170
269,170
285,170
289,170
0,171
192,171
202,171
207,171
240,171
269,171
284,171
288,171
0,172
193,172
203,172
206,172
209,172
209,172
240,172
269,172
283,172
286,172
0,173
191,173
193,173
194,173
204,173
210,173
240,173
268,173
282,173
286,173
0,174
194,174
205,174
209,174
240,174
268,174
281,174
285,174
0,175
195,175
206,175
209,175
240,175
256,175
260,175
267,175
281,175
283,175
0,176
196,176
240,176
251,176
255,176
255,176
260,176
268,176
279,176
283,176
0,177
197,177
240,177
251,177
255,177
255,177
261,177
268,177
278,177
282,177
0,178
198,178
223,178
223,178
240,178
254,178
261,178
270,178
277,178
281,178
0,179
199,179
223,179
223,179
240,179
253,179
262,179
262,179
264,179
271,179
275,179
277,179
279,179
280,179
0,180
200,180
220,180
220,180
223,180
223,180
240,180
253,180
264,180
279,180
0,181
201,181
220,181
222,181
240,181
253,181
264,181
278,181
0,182
202,182
221,182
222,182
240,182
254,182
265,182
276,182
0,183
203,183
216,183
217,183
219,183
219,183
221,183
221,183
240,183
254,183
266,183
276,183
0,184
204,184
215,184
215,184
217,184
221,184
240,184
254,184
267,184
275,184
0,185
205,185
217,185
217,185
240,185
254,185
267,185
273,185
0,186
203,186
240,186
255,186
267,186
272,186
0,187
200,187
240,187
255,187
262,187
272,187
0,188
200,188
240,188
259,188
262,188
276,188
0,189
200,189
240,189
259,189
261,189
277,189
0,190
199,190
240,190
275,190
277,190
277,190
0,191
199,191
240,191
277,191
0,192
199,192
240,192
275,192
277,192
277,192
0,193
200,193
240,193
277,193
0,194
200,194
240,194
277,194
0,195
200,195
240,195
277,195
0,196
200,196
240,196
277,196
0,197
199,197
240,197
277,197
0,198
198,198
240,198
278,198
0,199
197,199
240,199
279,199
0,200
196,200
240,200
280,200
0,201
195,201
240,201
281,201
0,202
194,202
240,202
282,202
0,203
194,203
240,203
283,203
0,204
193,204
240,204
284,204
0,205
193,205
240,205
284,205
0,206
192,206
240,206
284,206
0,207
192,207
240,207
285,207
0,208
192,208
240,208
285,208
0,209
191,209
240,209
286,209
0,210
191,210
240,210
286,210
0,211
191,211
240,211
287,211
0,212
187,212
189,212
190,212
240,212
287,212
0,213
190,213
240,213
287,213
0,214
189,214
240,214
287,214
0,215
189,215
240,215
288,215
0,216
188,216
240,216
288,216
0,217
188,217
240,217
289,217
0,218
188,218
240,218
289,218
0,219
187,219
240,219
290,219
0,220
187,220
240,220
290,220
0,221
186,221
240,221
291,221
0,222
186,222
240,222
289,222
291,222
291,222
0,223
185,223
240,223
289,223
291,223
292,223
0,224
185,224
240,224
292,224
0,225
185,225
240,225
293,225
0,226
184,226
240,226
293,226
0,227
184,227
240,227
293,227
0,228
184,228
240,228
293,228
0,229
184,229
240,229
293,229
0,230
184,230
240,230
293,230
0,231
184,231
240,231
293,231
0,232
184,232
240,232
293,232
0,233
185,233
240,233
293,233
0,234
186,234
240,234
294,234
0,235
186,235
240,235
294,235
0,236
186,236
240,236
294,236
0,237
186,237
240,237
294,237
0,238
186,238
240,238
294,238
0,239
186,239
240,239
295,239
0,240
186,240
240,240
295,240
0,241
185,241
240,241
295,241
0,242
185,242
240,242
288,242
290,242
295,242
0,243
185,243
240,243
288,243
290,243
295,243
0,244
184,244
240,244
287,244
291,244
296,244
0,245
184,245
240,245
287,245
291,245
296,245
0,246
184,246
240,246
287,246
292,246
296,246
0,247
184,247
240,247
287,247
292,247
296,247
0,248
183,248
240,248
287,248
293,248
296,248
0,249
183,249
240,249
287,249
293,249
293,249
295,249
296,249
0,250
184,250
240,250
287,250
293,250
293,250
295,250
295,250
0,251
184,251
240,251
287,251
294,251
295,251
0,252
184,252
240,252
287,252
0,253
184,253
240,253
287,253
0,254
185,254
191,254
191,254
240,254
287,254
0,255
186,255
190,255
191,255
240,255
287,255
0,256
191,256
240,256
287,256
0,257
191,257
240,257
287,257
0,258
192,258
240,258
287,258
0,259
192,259
240,259
287,259
0,260
192,260
240,260
287,260
0,261
192,261
240,261
287,261
0,262
192,262
240,262
287,262
0,263
192,263
240,263
287,263
0,264
192,264
240,264
287,264
0,265
192,265
240,265
287,265
0,266
192,266
240,266
287,266
0,267
192,267
240,267
287,267
0,268
192,268
240,268
286,268
0,269
192,269
240,269
286,269
0,270
193,270
240,270
286,270
0,271
193,271
240,271
286,271
0,272
193,272
240,272
286,272
0,273
193,273
240,273
286,273
0,274
193,274
240,274
286,274
0,275
193,275
240,275
286,275
0,276
193,276
240,276
286,276
0,277
193,277
240,277
286,277
0,278
193,278
240,278
286,278
0,279
193,279
240,279
286,279
0,280
193,280
240,280
286,280
0,281
191,281
193,281
194,281
240,281
286,281
0,282
194,282
240,282
285,282
0,283
193,283
240,283
286,283
0,284
194,284
240,284
286,284
0,285
194,285
240,285
285,285
0,286
194,286
240,286
285,286
0,287
193,287
240,287
285,287
0,288
193,288
240,288
285,288
0,289
193,289
240,289
285,289
0,290
193,290
240,290
281,290
283,290
285,290
0,291
193,291
199,291
200,291
240,291
285,291
0,292
193,292
200,292
201,292
240,292
285,292
0,293
194,293
200,293
202,293
240,293
285,293
0,294
194,294
200,294
203,294
240,294
285,294
0,295
194,295
200,295
202,295
240,295
280,295
283,295
285,295
0,296
194,296
200,296
201,296
240,296
280,296
283,296
285,296
0,297
194,297
200,297
201,297
240,297
280,297
283,297
285,297
0,298
194,298
200,298
200,298
240,298
279,298
283,298
285,298
0,299
194,299
240,299
279,299
283,299
285,299
0,300
194,300
240,300
278,300
284,300
285,300
0,301
194,301
240,301
278,301
283,301
285,301
0,302
194,302
240,302
278,302
283,302
285,302
0,303
194,303
240,303
279,303
283,303
285,303
0,304
194,304
240,304
280,304
283,304
285,304
0,305
194,305
240,305
285,305
0,306
194,306
240,306
285,306
0,307
194,307
240,307
285,307
0,308
194,308
240,308
285,308
0,309
194,309
240,309
285,309
0,310
194,310
240,310
285,310
0,311
194,311
240,311
285,311
0,312
193,312
240,312
285,312
0,313
192,313
240,313
285,313
0,314
192,314
240,314
285,314
0,315
191,315
240,315
285,315
0,316
191,316
240,316
286,316
0,317
190,317
240,317
286,317
0,318
190,318
240,318
286,318
0,319
190,319
240,319
287,319
0,320
189,320
240,320
287,320
0,321
189,321
240,321
287,321
0,322
188,322
240,322
288,322
0,323
187,323
240,323
288,323
0,324
187,324
240,324
289,324
0,325
187,325
240,325
289,325
0,326
186,326
240,326
290,326
0,327
186,327
240,327
290,327
0,328
186,328
240,328
291,328
0,329
185,329
240,329
291,329
0,330
185,330
240,330
291,330
0,331
185,331
240,331
292,331
0,332
184,332
240,332
292,332
0,333
184,333
240,333
292,333
0,334
183,334
240,334
293,334
0,335
183,335
240,335
293,335
0,336
183,336
240,336
293,336
0,337
183,337
240,337
294,337
0,338
182,338
240,338
295,338
0,339
182,339
240,339
295,339
0,340
182,340
240,340
295,340
0,341
182,341
240,341
294,341
0,342
182,342
240,342
294,342
0,343
182,343
240,343
294,343
0,344
182,344
240,344
295,344
0,345
182,345
240,345
295,345
0,346
181,346
240,346
295,346
0,347
181,347
240,347
295,347
0,348
180,348
240,348
296,348
0,349
179,349
240,349
297,349
0,350
178,350
240,350
298,350
0,351
178,351
240,351
299,351
0,352
177,352
240,352
299,352
0,353
176,353
240,353
300,353
0,354
176,354
240,354
301,354
0,355
175,355
240,355
301,355
0,356
174,356
240,356
302,356
0,357
174,357
240,357
303,357
0,358
173,358
240,358
303,358
0,359
173,359
240,359
303,359
