0,0
239,0
0,1
239,1
0,2
239,2
0,3
239,3
0,4
239,4
0,5
239,5
0,6
239,6
0,7
239,7
0,8
239,8
0,9
239,9
0,10
239,10
0,11
239,11
0,12
239,12
0,13
239,13
0,14
239,14
0,15
239,15
0,16
239,16
0,17
239,17
0,18
239,18
0,19
239,19
0,20
239,20
0,21
239,21
0,22
239,22
0,23
239,23
0,24
239,24
0,25
239,25
0,26
239,26
0,27
239,27
0,28
239,28
0,29
239,29
0,30
239,30
0,31
239,31
0,32
239,32
0,33
239,33
0,34
239,34
0,35
239,35
0,36
239,36
0,37
239,37
0,38
239,38
0,39
239,39
0,40
239,40
0,41
239,41
0,42
239,42
0,43
239,43
0,44
239,44
0,45
239,45
0,46
239,46
0,47
239,47
0,48
239,48
0,49
239,49
0,50
239,50
0,51
239,51
0,52
239,52
0,53
239,53
0,54
239,54
0,55
239,55
0,56
239,56
0,57
239,57
0,58
239,58
0,59
239,59
0,60
239,60
0,61
239,61
0,62
239,62
0,63
239,63
0,64
239,64
0,65
239,65
0,66
239,66
0,67
239,67
0,68
239,68
0,69
239,69
0,70
239,70
0,71
239,71
0,72
239,72
0,73
239,73
0,74
239,74
0,75
239,75
0,76
239,76
0,77
239,77
0,78
239,78
0,79
239,79
0,80
239,80
0,81
239,81
0,82
239,82
0,83
239,83
0,84
239,84
0,85
239,85
0,86
239,86
0,87
239,87
0,88
239,88
0,89
239,89
0,90
239,90
0,91
239,91
0,92
239,92
0,93
239,93
0,94
239,94
0,95
237,95
0,96
236,96
240,96
244,96
0,97
235,97
240,97
245,97
0,98
234,98
240,98
246,98
0,99
232,99
240,99
247,99
0,100
232,100
240,100
248,100
0,101
231,101
240,101
249,101
0,102
231,102
240,102
250,102
0,103
230,103
240,103
251,103
0,104
229,104
240,104
252,104
0,105
198,105
202,105
223,105
240,105
253,105
0,106
197,106
204,106
220,106
240,106
258,106
286,106
287,106
0,107
196,107
205,107
217,107
240,107
261,107
284,107
288,107
0,108
196,108
206,108
216,108
240,108
264,108
283,108
283,108
286,108
288,108
0,109
196,109
207,109
215,109
240,109
266,109
282,109
283,109
285,109
288,109
0,110
196,110
208,110
214,110
240,110
268,110
281,110
282,110
284,110
288,110
0,111
195,111
209,111
209,111
211,111
213,111
240,111
269,111
280,111
289,111
0,112
195,112
210,112
212,112
240,112
271,112
278,112
289,112
0,113
195,113
211,113
211,113
240,113
272,113
277,113
289,113
0,114
195,114
240,114
273,114
276,114
289,114
0,115
195,115
240,115
275,115
277,115
289,115
0,116
195,116
240,116
289,116
0,117
196,117
240,117
289,117
0,118
196,118
240,118
288,118
0,119
196,119
240,119
288,119
0,120
196,120
240,120
288,120
0,121
196,121
240,121
288,121
0,122
196,122
240,122
288,122
0,123
196,123
240,123
288,123
0,124
196,124
240,124
288,124
0,125
197,125
240,125
288,125
0,126
197,126
240,126
287,126
0,127
197,127
240,127
287,127
0,128
197,128
240,128
287,128
0,129
197,129
240,129
287,129
0,130
197,130
240,130
286,130
0,131
198,131
240,131
286,131
0,132
198,132
240,132
286,132
0,133
198,133
240,133
286,133
0,134
196,134
198,134
198,134
240,134
286,134
0,135
189,135
192,135
195,135
198,135
199,135
240,135
286,135
0,136
188,136
194,136
195,136
198,136
199,136
240,136
286,136
0,137
187,137
195,137
196,137
198,137
199,137
240,137
285,137
0,138
187,138
196,138
199,138
240,138
285,138
0,139
187,139
240,139
285,139
0,140
185,140
187,140
187,140
240,140
285,140
0,141
183,141
240,141
284,141
293,141
295,141
0,142
183,142
240,142
284,142
290,142
295,142
0,143
185,143
240,143
285,143
288,143
291,143
293,143
295,143
0,144
186,144
240,144
294,144
0,145
189,145
240,145
294,145
0,146
188,146
190,146
191,146
240,146
291,146
293,146
294,146
0,147
193,147
240,147
283,147
285,147
287,147
291,147
293,147
0,148
196,148
198,148
198,148
240,148
281,148
286,148
287,148
292,148
292,148
0,149
199,149
240,149
282,149
286,149
286,149
0,150
198,150
240,150
282,150
0,151
197,151
240,151
283,151
0,152
191,152
240,152
284,152
0,153
190,153
240,153
283,153
285,153
285,153
0,154
187,154
189,154
189,154
240,154
287,154
0,155
189,155
240,155
289,155
0,156
189,156
240,156
291,156
0,157
187,157
240,157
293,157
0,158
184,158
186,158
187,158
240,158
295,158
0,159
184,159
186,159
187,159
240,159
292,159
294,159
295,159
0,160
188,160
240,160
296,160
0,161
189,161
240,161
297,161
0,162
192,162
240,162
290,162
294,162
298,162
0,163
191,163
202,163
202,163
240,163
290,163
295,163
299,163
0,164
191,164
201,164
201,164
240,164
284,164
288,164
290,164
296,164
299,164
0,165
191,165
199,165
201,165
240,165
284,165
289,165
289,165
297,165
300,165
0,166
191,166
198,166
201,166
240,166
284,166
297,166
300,166
0,167
190,167
198,167
199,167
201,167
202,167
240,167
284,167
298,167
301,167
0,168
191,168
197,168
199,168
201,168
202,168
240,168
284,168
299,168
301,168
0,169
191,169
197,169
202,169
240,169
285,169
300,169
301,169
0,170
191,170
197,170
201,170
240,170
285,170
300,170
301,170
0,171
191,171
197,171
200,171
240,171
285,171
300,171
301,171
0,172
191,172
197,172
200,172
240,172
286,172
299,172
301,172
0,173
191,173
198,173
199,173
240,173
286,173
299,173
300,173
0,174
192,174
198,174
199,174
240,174
285,174
299,174
300,174
0,175
192,175
199,175
199,175
240,175
285,175
298,175
300,175
0,176
192,176
199,176
199,176
240,176
277,176
281,176
282,176
284,176
285,176
298,176
299,176
0,177
193,177
200,177
202,177
207,177
207,177
240,177
277,177
281,177
285,177
298,177
299,177
0,178
193,178
200,178
202,178
207,178
207,178
240,178
277,178
282,178
282,178
285,178
285,178
297,178
298,178
0,179
194,179
201,179
201,179
207,179
208,179
240,179
277,179
282,179
282,179
296,179
298,179
0,180
194,180
206,180
209,180
240,180
276,180
295,180
297,180
0,181
195,181
205,181
209,181
240,181
276,181
295,181
297,181
0,182
195,182
204,182
210,182
240,182
275,182
294,182
296,182
0,183
196,183
205,183
211,183
240,183
275,183
293,183
296,183
0,184
197,184
205,184
211,184
240,184
272,184
274,184
275,184
292,184
295,184
0,185
198,185
206,185
210,185
212,185
212,185
240,185
271,185
274,185
274,185
291,185
294,185
0,186
198,186
207,186
212,186
240,186
271,186
274,186
274,186
290,186
293,186
0,187
199,187
209,187
212,187
240,187
271,187
289,187
292,187
0,188
200,188
210,188
212,188
240,188
271,188
288,188
291,188
0,189
201,189
211,189
213,189
240,189
256,189
259,189
262,189
264,189
271,189
286,189
290,189
0,190
202,190
212,190
213,190
240,190
256,190
259,190
261,190
264,190
271,190
285,190
289,190
0,191
200,191
202,191
203,191
213,191
213,191
240,191
255,191
259,191
260,191
266,191
271,191
284,191
288,191
0,192
204,192
228,192
228,192
240,192
254,192
259,192
260,192
266,192
271,192
282,192
287,192
0,193
205,193
228,193
228,193
240,193
254,193
259,193
259,193
266,193
272,193
281,193
282,193
285,193
286,193
0,194
206,194
228,194
228,194
240,194
254,194
267,194
273,194
279,194
281,194
283,194
285,194
0,195
207,195
226,195
229,195
240,195
255,195
267,195
274,195
277,195
280,195
282,195
284,195
0,196
208,196
226,196
229,196
240,196
257,196
268,196
283,196
0,197
209,197
226,197
230,197
240,197
256,197
268,197
282,197
0,198
210,198
227,198
227,198
229,198
230,198
240,198
256,198
269,198
280,198
0,199
211,199
240,199
255,199
269,199
279,199
0,200
207,200
240,200
256,200
269,200
276,200
0,201
204,201
240,201
276,201
0,202
204,202
240,202
276,202
0,203
203,203
240,203
275,203
277,203
279,203
0,204
203,204
240,204
281,204
0,205
203,205
240,205
278,205
281,205
282,205
0,206
203,206
240,206
282,206
0,207
203,207
240,207
283,207
0,208
203,208
240,208
280,208
282,208
283,208
0,209
203,209
240,209
281,209
283,209
283,209
0,210
203,210
240,210
283,210
0,211
203,211
240,211
282,211
0,212
203,212
240,212
282,212
0,213
203,213
240,213
282,213
0,214
203,214
240,214
282,214
0,215
203,215
240,215
282,215
0,216
202,216
240,216
282,216
0,217
201,217
240,217
283,217
0,218
201,218
240,218
284,218
0,219
200,219
240,219
284,219
0,220
199,220
240,220
285,220
0,221
199,221
240,221
285,221
0,222
198,222
240,222
286,222
0,223
198,223
240,223
286,223
0,224
198,224
240,224
287,224
0,225
197,225
240,225
287,225
0,226
197,226
240,226
288,226
0,227
196,227
240,227
288,227
0,228
196,228
240,228
288,228
0,229
195,229
240,229
289,229
0,230
194,230
240,230
289,230
0,231
194,231
240,231
289,231
0,232
193,232
240,232
289,232
0,233
192,233
240,233
290,233
0,234
192,234
240,234
291,234
0,235
191,235
240,235
291,235
0,236
190,236
240,236
292,236
0,237
190,237
240,237
292,237
0,238
189,238
240,238
293,238
0,239
189,239
240,239
293,239
0,240
188,240
240,240
291,240
293,240
294,240
0,241
187,241
240,241
294,241
0,242
187,242
240,242
292,242
294,242
294,242
0,243
186,243
240,243
295,243
0,244
186,244
240,244
295,244
0,245
186,245
240,245
296,245
0,246
185,246
240,246
296,246
0,247
185,247
240,247
296,247
0,248
184,248
240,248
296,248
0,249
183,249
240,249
296,249
0,250
183,250
240,250
296,250
0,251
183,251
240,251
296,251
0,252
183,252
240,252
297,252
0,253
182,253
240,253
297,253
0,254
181,254
240,254
297,254
0,255
181,255
240,255
297,255
0,256
182,256
240,256
297,256
0,257
181,257
240,257
298,257
0,258
181,258
240,258
298,258
0,259
181,259
240,259
298,259
0,260
181,260
240,260
291,260
293,260
299,260
0,261
181,261
240,261
289,261
293,261
295,261
297,261
299,261
0,262
181,262
190,262
191,262
240,262
289,262
293,262
295,262
297,262
299,262
0,263
181,263
190,263
190,263
240,263
289,263
294,263
299,263
0,264
181,264
190,264
191,264
240,264
289,264
295,264
298,264
0,265
181,265
189,265
190,265
240,265
289,265
295,265
298,265
0,266
182,266
188,266
190,266
240,266
289,266
296,266
297,266
0,267
182,267
187,267
190,267
240,267
290,267
296,267
297,267
0,268
190,268
240,268
290,268
0,269
190,269
240,269
290,269
0,270
190,270
240,270
290,270
0,271
190,271
240,271
290,271
0,272
190,272
240,272
290,272
0,273
190,273
240,273
291,273
0,274
190,274
240,274
291,274
0,275
190,275
240,275
291,275
0,276
190,276
240,276
290,276
0,277
189,277
240,277
290,277
0,278
189,278
240,278
290,278
0,279
189,279
240,279
290,279
0,280
189,280
240,280
289,280
0,281
189,281
240,281
289,281
0,282
189,282
240,282
289,282
0,283
188,283
240,283
289,283
0,284
188,284
240,284
289,284
0,285
188,285
240,285
289,285
0,286
188,286
240,286
289,286
0,287
188,287
240,287
289,287
0,288
187,288
240,288
289,288
0,289
187,289
240,289
289,289
0,290
187,290
240,290
289,290
0,291
187,291
240,291
289,291
0,292
187,292
240,292
288,292
0,293
187,293
240,293
288,293
0,294
187,294
240,294
288,294
0,295
186,295
240,295
288,295
0,296
186,296
240,296
288,296
0,297
186,297
240,297
288,297
0,298
186,298
240,298
288,298
0,299
186,299
240,299
288,299
0,300
186,300
240,300
288,300
0,301
187,301
240,301
288,301
0,302
187,302
240,302
288,302
0,303
187,303
240,303
288,303
0,304
188,304
240,304
288,304
0,305
189,305
240,305
284,305
288,305
288,305
0,306
190,306
240,306
284,306
287,306
288,306
0,307
190,307
240,307
283,307
286,307
288,307
0,308
191,308
240,308
282,308
286,308
288,308
0,309
192,309
240,309
281,309
286,309
288,309
0,310
192,310
240,310
281,310
286,310
288,310
0,311
193,311
240,311
280,311
286,311
288,311
0,312
193,312
240,312
280,312
286,312
288,312
0,313
192,313
240,313
281,313
286,313
288,313
0,314
193,314
240,314
281,314
286,314
288,314
0,315
193,315
240,315
279,315
281,315
282,315
286,315
288,315
0,316
193,316
240,316
282,316
286,316
288,316
0,317
193,317
240,317
282,317
285,317
288,317
0,318
193,318
240,318
288,318
0,319
193,319
240,319
288,319
0,320
193,320
240,320
288,320
0,321
193,321
240,321
288,321
0,322
193,322
240,322
288,322
0,323
193,323
240,323
288,323
0,324
193,324
240,324
288,324
0,325
194,325
240,325
288,325
0,326
194,326
240,326
288,326
0,327
194,327
240,327
288,327
0,328
194,328
240,328
288,328
0,329
193,329
240,329
288,329
0,330
191,330
240,330
289,330
0,331
192,331
240,331
289,331
0,332
192,332
240,332
289,332
0,333
191,333
240,333
290,333
0,334
191,334
240,334
290,334
0,335
191,335
240,335
291,335
0,336
190,336
240,336
291,336
0,337
189,337
240,337
292,337
0,338
189,338
240,338
292,338
0,339
189,339
240,339
292,339
0,340
188,340
240,340
293,340
0,341
188,341
240,341
293,341
0,342
185,342
187,342
187,342
240,342
294,342
0,343
187,343
240,343
294,343
0,344
187,344
240,344
295,344
0,345
187,345
240,345
295,345
0,346
186,346
240,346
295,346
0,347
186,347
240,347
296,347
0,348
185,348
240,348
296,348
0,349
185,349
240,349
296,349
0,350
185,350
240,350
296,350
0,351
184,351
240,351
297,351
0,352
185,352
240,352
296,352
0,353
185,353
240,353
296,353
0,354
185,354
240,354
296,354
0,355
185,355
240,355
296,355
0,356
185,356
240,356
296,356
0,357
184,357
240,357
297,357
0,358
184,358
240,358
297,358
0,359
183,359
240,359
298,359
