0,0
239,0
0,1
239,1
0,2
239,2
0,3
239,3
0,4
239,4
0,5
239,5
0,6
239,6
0,7
239,7
0,8
239,8
0,9
239,9
0,10
239,10
0,11
239,11
0,12
239,12
0,13
239,13
0,14
239,14
0,15
239,15
0,16
239,16
0,17
239,17
0,18
239,18
0,19
239,19
0,20
239,20
0,21
239,21
0,22
239,22
0,23
239,23
0,24
239,24
0,25
239,25
0,26
239,26
0,27
239,27
0,28
239,28
0,29
239,29
0,30
239,30
0,31
239,31
0,32
239,32
0,33
239,33
0,34
239,34
0,35
239,35
0,36
239,36
0,37
239,37
0,38
239,38
0,39
239,39
0,40
239,40
0,41
239,41
0,42
239,42
0,43
239,43
0,44
239,44
0,45
239,45
0,46
239,46
0,47
239,47
0,48
239,48
0,49
239,49
0,50
239,50
0,51
239,51
0,52
239,52
0,53
239,53
0,54
239,54
0,55
239,55
0,56
239,56
0,57
239,57
0,58
239,58
0,59
239,59
0,60
239,60
0,61
239,61
0,62
239,62
0,63
239,63
0,64
239,64
0,65
239,65
0,66
239,66
0,67
239,67
0,68
239,68
0,69
239,69
0,70
239,70
0,71
239,71
0,72
239,72
0,73
239,73
0,74
239,74
0,75
239,75
0,76
239,76
0,77
239,77
0,78
239,78
0,79
239,79
0,80
239,80
0,81
239,81
0,82
239,82
0,83
239,83
0,84
239,84
0,85
239,85
0,86
239,86
0,87
239,87
0,88
239,88
0,89
239,89
0,90
239,90
0,91
239,91
0,92
239,92
0,93
239,93
0,94
239,94
0,95
239,95
0,96
239,96
0,97
238,97
241,97
242,97
245,97
246,97
0,98
237,98
240,98
242,98
244,98
247,98
0,99
236,99
241,99
248,99
0,100
234,100
240,100
249,100
0,101
234,101
240,101
250,101
0,102
233,102
240,102
250,102
0,103
232,103
240,103
251,103
0,104
231,104
240,104
252,104
0,105
201,105
203,105
229,105
240,105
252,105
0,106
198,106
205,106
224,106
240,106
256,106
0,107
198,107
206,107
221,107
240,107
261,107
0,108
198,108
207,108
218,108
240,108
264,108
286,108
289,108
0,109
198,109
207,109
208,109
210,109
217,109
240,109
261,109
263,109
266,109
288,109
290,109
0,110
197,110
208,110
216,110
240,110
268,110
284,110
285,110
287,110
290,110
0,111
197,111
210,111
215,111
240,111
270,111
283,111
284,111
286,111
290,111
0,112
197,112
211,112
214,112
240,112
271,112
281,112
291,112
0,113
197,113
212,113
213,113
240,113
272,113
280,113
291,113
0,114
197,114
240,114
273,114
279,114
291,114
0,115
197,115
240,115
274,115
278,115
291,115
0,116
197,116
240,116
277,116
279,116
291,116
0,117
197,117
240,117
290,117
0,118
197,118
240,118
290,118
0,119
197,119
240,119
290,119
0,120
197,120
240,120
290,120
0,121
197,121
240,121
290,121
0,122
197,122
240,122
289,122
0,123
198,123
240,123
289,123
0,124
198,124
240,124
289,124
0,125
198,125
240,125
289,125
0,126
198,126
240,126
289,126
0,127
198,127
240,127
289,127
0,128
198,128
240,128
288,128
0,129
198,129
240,129
288,129
0,130
198,130
240,130
288,130
0,131
199,131
240,131
288,131
0,132
199,132
240,132
288,132
0,133
199,133
240,133
288,133
0,134
199,134
240,134
288,134
0,135
197,135
199,135
200,135
240,135
288,135
0,136
189,136
195,136
196,136
199,136
200,136
240,136
287,136
0,137
189,137
196,137
200,137
240,137
287,137
0,138
188,138
197,138
200,138
240,138
287,138
0,139
188,139
240,139
286,139
0,140
188,140
240,140
286,140
0,141
185,141
240,141
286,141
0,142
185,142
240,142
285,142
295,142
296,142
0,143
185,143
240,143
285,143
292,143
296,143
0,144
186,144
240,144
285,144
290,144
292,144
294,144
296,144
0,145
189,145
240,145
295,145
0,146
192,146
240,146
295,146
0,147
189,147
191,147
194,147
240,147
292,147
294,147
295,147
0,148
196,148
240,148
283,148
285,148
294,148
0,149
200,149
240,149
283,149
287,149
289,149
292,149
294,149
0,150
200,150
240,150
283,150
287,150
288,150
0,151
198,151
240,151
284,151
0,152
195,152
240,152
284,152
0,153
192,153
240,153
285,153
0,154
189,154
191,154
191,154
240,154
286,154
0,155
191,155
240,155
288,155
0,156
190,156
240,156
290,156
0,157
189,157
240,157
292,157
0,158
185,158
188,158
188,158
240,158
294,158
0,159
186,159
188,159
188,159
240,159
296,159
0,160
189,160
240,160
293,160
296,160
297,160
0,161
190,161
240,161
298,161
0,162
191,162
194,162
194,162
240,162
299,162
0,163
191,163
193,163
193,163
240,163
291,163
294,163
300,163
0,164
193,164
203,164
203,164
240,164
291,164
296,164
300,164
0,165
193,165
202,165
202,165
240,165
291,165
297,165
301,165
0,166
192,166
200,166
202,166
240,166
286,166
289,166
290,166
299,166
301,166
0,167
192,167
199,167
203,167
240,167
286,167
299,167
302,167
0,168
192,168
199,168
200,168
202,168
203,168
240,168
286,168
300,168
302,168
0,169
192,169
199,169
200,169
202,169
203,169
240,169
286,169
301,169
303,169
0,170
192,170
199,170
202,170
240,170
286,170
301,170
303,170
0,171
192,171
199,171
202,171
240,171
287,171
302,171
303,171
0,172
193,172
199,172
201,172
240,172
287,172
302,172
303,172
0,173
193,173
199,173
201,173
240,173
287,173
301,173
303,173
0,174
193,174
199,174
200,174
240,174
288,174
302,174
303,174
0,175
193,175
200,175
200,175
240,175
287,175
301,175
302,175
0,176
193,176
240,176
286,176
301,176
302,176
0,177
194,177
202,177
202,177
208,177
208,177
240,177
279,177
281,177
282,177
284,177
286,177
300,177
302,177
0,178
194,178
201,178
202,178
208,178
208,178
240,178
278,178
282,178
285,178
300,178
301,178
0,179
195,179
202,179
202,179
208,179
209,179
240,179
278,179
282,179
286,179
300,179
301,179
0,180
195,180
207,180
207,180
209,180
209,180
240,180
278,180
283,180
283,180
286,180
286,180
299,180
301,180
0,181
196,181
207,181
210,181
240,181
277,181
283,181
283,181
287,181
287,181
298,181
300,181
0,182
197,182
206,182
211,182
240,182
277,182
297,182
299,182
0,183
197,183
205,183
211,183
240,183
276,183
296,183
299,183
0,184
198,184
206,184
212,184
240,184
276,184
295,184
298,184
0,185
199,185
207,185
212,185
240,185
276,185
294,185
297,185
0,186
199,186
208,186
211,186
213,186
213,186
240,186
272,186
275,186
275,186
293,186
297,186
0,187
200,187
209,187
213,187
240,187
272,187
275,187
275,187
292,187
296,187
0,188
201,188
210,188
211,188
213,188
213,188
240,188
272,188
291,188
295,188
0,189
202,189
211,189
213,189
240,189
271,189
290,189
291,189
293,189
294,189
0,190
200,190
202,190
202,190
212,190
214,190
240,190
257,190
260,190
263,190
266,190
271,190
289,190
293,190
0,191
201,191
203,191
203,191
214,191
214,191
240,191
257,191
260,191
262,191
266,191
266,191
268,191
272,191
287,191
292,191
0,192
204,192
218,192
218,192
240,192
256,192
260,192
261,192
266,192
272,192
286,192
291,192
0,193
205,193
218,193
218,193
229,193
229,193
240,193
256,193
260,193
261,193
267,193
272,193
285,193
290,193
0,194
206,194
229,194
229,194
240,194
255,194
267,194
273,194
283,194
284,194
287,194
289,194
0,195
207,195
229,195
229,195
240,195
255,195
259,195
259,195
268,195
274,195
282,195
288,195
0,196
208,196
229,196
230,196
240,196
257,196
268,196
272,196
274,196
275,196
279,196
283,196
285,196
286,196
0,197
209,197
227,197
231,197
240,197
258,197
269,197
280,197
282,197
285,197
0,198
210,198
227,198
231,198
240,198
257,198
269,198
280,198
282,198
284,198
0,199
211,199
240,199
257,199
270,199
282,199
0,200
212,200
240,200
257,200
270,200
281,200
0,201
207,201
240,201
257,201
271,201
280,201
0,202
206,202
240,202
278,202
0,203
205,203
240,203
278,203
0,204
204,204
240,204
278,204
280,204
284,204
0,205
204,205
240,205
285,205
0,206
204,206
240,206
283,206
0,207
204,207
240,207
284,207
286,207
286,207
0,208
204,208
240,208
286,208
0,209
204,209
240,209
287,209
0,210
204,210
240,210
287,210
0,211
204,211
240,211
287,211
0,212
204,212
240,212
287,212
0,213
204,213
240,213
288,213
0,214
204,214
240,214
288,214
0,215
202,215
204,215
205,215
240,215
289,215
0,216
204,216
240,216
288,216
0,217
203,217
240,217
289,217
0,218
203,218
240,218
289,218
0,219
202,219
240,219
289,219
0,220
201,220
240,220
290,220
0,221
201,221
240,221
290,221
0,222
200,222
240,222
290,222
0,223
200,223
240,223
290,223
0,224
200,224
240,224
291,224
0,225
199,225
240,225
291,225
0,226
199,226
240,226
291,226
0,227
198,227
240,227
291,227
0,228
197,228
240,228
291,228
0,229
197,229
240,229
291,229
0,230
196,230
240,230
291,230
0,231
195,231
240,231
291,231
0,232
194,232
240,232
291,232
0,233
194,233
240,233
291,233
0,234
193,234
240,234
291,234
0,235
192,235
240,235
291,235
0,236
191,236
240,236
291,236
0,237
190,237
240,237
291,237
0,238
190,238
240,238
292,238
0,239
189,239
240,239
292,239
0,240
188,240
240,240
294,240
0,241
188,241
240,241
294,241
0,242
188,242
240,242
292,242
294,242
295,242
0,243
187,243
240,243
292,243
294,243
295,243
0,244
187,244
240,244
295,244
0,245
187,245
240,245
296,245
0,246
185,246
240,246
296,246
0,247
184,247
240,247
296,247
0,248
183,248
240,248
296,248
0,249
183,249
240,249
296,249
0,250
183,250
240,250
297,250
0,251
183,251
240,251
297,251
0,252
182,252
240,252
297,252
0,253
182,253
240,253
297,253
0,254
181,254
240,254
297,254
0,255
181,255
240,255
297,255
0,256
180,256
240,256
297,256
0,257
180,257
240,257
297,257
0,258
180,258
240,258
298,258
0,259
179,259
240,259
298,259
0,260
179,260
240,260
291,260
293,260
299,260
0,261
179,261
191,261
191,261
240,261
299,261
0,262
179,262
190,262
191,262
240,262
291,262
294,262
299,262
0,263
179,263
189,263
190,263
240,263
290,263
294,263
299,263
0,264
179,264
189,264
190,264
240,264
289,264
294,264
295,264
297,264
299,264
0,265
180,265
187,265
190,265
240,265
290,265
294,265
299,265
0,266
180,266
186,266
186,266
188,266
190,266
240,266
290,266
295,266
296,266
298,266
298,266
0,267
180,267
186,267
190,267
240,267
290,267
296,267
298,267
0,268
180,268
183,268
190,268
240,268
290,268
297,268
297,268
0,269
189,269
240,269
290,269
297,269
297,269
0,270
189,270
240,270
290,270
0,271
189,271
240,271
290,271
0,272
189,272
240,272
290,272
0,273
189,273
240,273
291,273
0,274
188,274
240,274
291,274
0,275
188,275
240,275
291,275
0,276
188,276
240,276
291,276
0,277
188,277
240,277
291,277
0,278
188,278
240,278
291,278
0,279
187,279
240,279
290,279
0,280
187,280
240,280
290,280
0,281
187,281
240,281
290,281
0,282
187,282
240,282
290,282
0,283
186,283
240,283
290,283
0,284
186,284
212,284
212,284
240,284
289,284
0,285
186,285
240,285
289,285
0,286
186,286
240,286
289,286
0,287
186,287
240,287
289,287
0,288
185,288
211,288
211,288
240,288
289,288
0,289
185,289
211,289
211,289
240,289
289,289
0,290
185,290
210,290
211,290
240,290
289,290
0,291
185,291
211,291
211,291
240,291
289,291
0,292
184,292
210,292
211,292
240,292
289,292
0,293
184,293
211,293
211,293
240,293
289,293
0,294
184,294
211,294
211,294
240,294
289,294
0,295
184,295
240,295
289,295
0,296
184,296
240,296
288,296
0,297
183,297
240,297
288,297
0,298
183,298
240,298
288,298
0,299
183,299
240,299
288,299
0,300
183,300
240,300
288,300
0,301
184,301
240,301
288,301
0,302
184,302
240,302
288,302
0,303
185,303
240,303
288,303
0,304
185,304
240,304
288,304
0,305
185,305
240,305
284,305
288,305
288,305
0,306
186,306
240,306
284,306
287,306
288,306
0,307
187,307
240,307
284,307
287,307
288,307
0,308
188,308
240,308
283,308
286,308
288,308
0,309
188,309
240,309
282,309
286,309
288,309
0,310
189,310
240,310
281,310
286,310
288,310
0,311
190,311
240,311
280,311
286,311
288,311
0,312
191,312
240,312
280,312
286,312
288,312
0,313
192,313
240,313
281,313
286,313
288,313
0,314
192,314
240,314
281,314
286,314
288,314
0,315
193,315
240,315
281,315
286,315
288,315
0,316
193,316
240,316
282,316
286,316
288,316
0,317
192,317
240,317
282,317
286,317
288,317
0,318
193,318
240,318
283,318
285,318
288,318
0,319
193,319
240,319
288,319
0,320
193,320
240,320
288,320
0,321
193,321
240,321
288,321
0,322
193,322
240,322
288,322
0,323
194,323
240,323
288,323
0,324
194,324
240,324
288,324
0,325
194,325
240,325
288,325
0,326
194,326
240,326
288,326
0,327
193,327
240,327
288,327
0,328
194,328
240,328
288,328
0,329
194,329
240,329
288,329
0,330
193,330
240,330
289,330
0,331
191,331
240,331
289,331
0,332
192,332
240,332
289,332
0,333
192,333
240,333
290,333
0,334
191,334
240,334
290,334
0,335
191,335
240,335
291,335
0,336
190,336
240,336
291,336
0,337
190,337
240,337
292,337
0,338
189,338
240,338
292,338
0,339
189,339
240,339
292,339
0,340
189,340
240,340
293,340
0,341
188,341
240,341
293,341
0,342
188,342
240,342
293,342
0,343
185,343
187,343
187,343
240,343
294,343
0,344
187,344
240,344
295,344
0,345
187,345
240,345
295,345
0,346
187,346
240,346
295,346
0,347
186,347
240,347
295,347
0,348
186,348
240,348
296,348
0,349
185,349
240,349
296,349
0,350
185,350
240,350
297,350
0,351
185,351
240,351
297,351
0,352
185,352
240,352
296,352
0,353
185,353
240,353
296,353
0,354
185,354
240,354
296,354
0,355
186,355
240,355
296,355
0,356
185,356
240,356
296,356
0,357
185,357
240,357
297,357
0,358
184,358
240,358
297,358
0,359
184,359
240,359
298,359
