0,0
239,0
0,1
239,1
0,2
239,2
0,3
239,3
0,4
239,4
0,5
239,5
0,6
239,6
0,7
239,7
0,8
239,8
0,9
239,9
0,10
239,10
0,11
239,11
0,12
239,12
0,13
239,13
0,14
239,14
0,15
239,15
0,16
239,16
0,17
239,17
0,18
239,18
0,19
239,19
0,20
239,20
0,21
239,21
0,22
239,22
0,23
239,23
0,24
239,24
0,25
239,25
0,26
239,26
0,27
239,27
0,28
239,28
0,29
239,29
0,30
239,30
0,31
239,31
0,32
239,32
0,33
239,33
0,34
239,34
0,35
239,35
0,36
239,36
0,37
239,37
0,38
239,38
0,39
239,39
0,40
239,40
0,41
239,41
0,42
239,42
0,43
239,43
0,44
239,44
0,45
239,45
0,46
239,46
0,47
239,47
0,48
239,48
0,49
239,49
0,50
239,50
0,51
239,51
0,52
239,52
0,53
239,53
0,54
239,54
0,55
239,55
0,56
239,56
0,57
239,57
0,58
239,58
0,59
239,59
0,60
239,60
0,61
239,61
0,62
239,62
0,63
239,63
0,64
239,64
0,65
239,65
0,66
239,66
0,67
239,67
0,68
239,68
0,69
239,69
0,70
239,70
0,71
239,71
0,72
239,72
0,73
239,73
0,74
239,74
0,75
239,75
0,76
239,76
0,77
239,77
0,78
239,78
0,79
239,79
0,80
239,80
0,81
239,81
0,82
239,82
0,83
239,83
0,84
239,84
0,85
239,85
0,86
239,86
0,87
239,87
0,88
239,88
0,89
239,89
0,90
239,90
0,91
239,91
0,92
239,92
0,93
239,93
0,94
239,94
0,95
239,95
0,96
239,96
0,97
239,97
0,98
239,98
0,99
239,99
0,100
239,100
0,101
239,101
0,102
239,102
251,102
252,102
0,103
239,103
250,103
255,103
0,104
239,104
249,104
257,104
0,105
239,105
248,105
258,105
0,106
239,106
247,106
258,106
0,107
207,107
212,107
234,107
245,107
260,107
0,108
207,108
213,108
231,108
240,108
242,108
244,108
264,108
0,109
206,109
214,109
229,109
240,109
270,109
0,110
206,110
215,110
227,110
240,110
274,110
0,111
205,111
216,111
216,111
218,111
224,111
240,111
276,111
297,111
299,111
0,112
205,112
216,112
223,112
240,112
278,112
298,112
299,112
0,113
205,113
217,113
222,113
240,113
280,113
295,113
295,113
297,113
300,113
0,114
205,114
218,114
221,114
240,114
281,114
294,114
300,114
0,115
205,115
219,115
220,115
240,115
282,115
292,115
300,115
0,116
205,116
220,116
220,116
240,116
281,116
283,116
283,116
292,116
300,116
0,117
205,117
240,117
284,117
290,117
300,117
0,118
205,118
240,118
285,118
290,118
300,118
0,119
205,119
240,119
286,119
289,119
300,119
0,120
205,120
240,120
300,120
0,121
205,121
240,121
300,121
0,122
206,122
240,122
299,122
0,123
206,123
240,123
299,123
0,124
206,124
240,124
299,124
0,125
206,125
240,125
299,125
0,126
206,126
240,126
299,126
0,127
206,127
240,127
299,127
0,128
206,128
240,128
299,128
0,129
206,129
240,129
298,129
0,130
206,130
240,130
298,130
0,131
207,131
240,131
298,131
0,132
207,132
240,132
298,132
0,133
207,133
240,133
297,133
0,134
207,134
240,134
297,134
0,135
208,135
240,135
297,135
0,136
208,136
240,136
297,136
0,137
198,137
200,137
200,137
203,137
208,137
240,137
297,137
0,138
198,138
204,138
208,138
240,138
296,138
0,139
198,139
206,139
206,139
208,139
208,139
240,139
296,139
0,140
198,140
240,140
296,140
0,141
194,141
240,141
295,141
0,142
194,142
240,142
295,142
0,143
194,143
240,143
295,143
0,144
195,144
240,144
295,144
0,145
197,145
240,145
295,145
303,145
304,145
0,146
202,146
240,146
295,146
300,146
305,146
0,147
201,147
203,147
204,147
240,147
295,147
298,147
301,147
304,147
305,147
0,148
207,148
240,148
304,148
0,149
207,149
240,149
304,149
0,150
208,150
240,150
294,150
296,150
303,150
0,151
207,151
240,151
294,151
296,151
296,151
298,151
298,151
301,151
303,151
0,152
203,152
205,152
206,152
240,152
302,152
0,153
204,153
240,153
302,153
0,154
202,154
240,154
301,154
0,155
202,155
240,155
301,155
0,156
199,156
201,156
201,156
240,156
301,156
0,157
198,157
240,157
301,157
0,158
197,158
240,158
303,158
0,159
197,159
240,159
305,159
0,160
197,160
240,160
305,160
0,161
198,161
240,161
299,161
302,161
303,161
305,161
306,161
0,162
198,162
212,162
212,162
240,162
300,162
302,162
307,162
0,163
198,163
211,163
212,163
240,163
299,163
302,163
308,163
0,164
197,164
205,164
206,164
208,164
208,164
211,164
211,164
240,164
298,164
304,164
306,164
308,164
308,164
0,165
197,165
205,165
208,165
211,165
211,165
240,165
298,165
305,165
306,165
308,165
309,165
0,166
197,166
205,166
210,166
240,166
298,166
307,166
309,166
0,167
197,167
204,167
210,167
240,167
298,167
307,167
310,167
0,168
197,168
204,168
211,168
240,168
297,168
307,168
308,168
310,168
310,168
0,169
197,169
204,169
210,169
240,169
297,169
308,169
311,169
0,170
197,170
204,170
210,170
240,170
297,170
308,170
311,170
0,171
198,171
204,171
209,171
240,171
296,171
308,171
311,171
0,172
198,172
205,172
209,172
240,172
295,172
309,172
311,172
0,173
198,173
206,173
208,173
240,173
295,173
309,173
311,173
0,174
198,174
206,174
207,174
240,174
295,174
309,174
311,174
0,175
199,175
240,175
296,175
309,175
311,175
0,176
199,176
208,176
208,176
211,176
211,176
216,176
217,176
240,176
287,176
289,176
294,176
296,176
296,176
309,176
311,176
0,177
198,177
200,177
200,177
209,177
210,177
216,177
217,177
240,177
286,177
290,177
294,177
309,177
311,177
0,178
198,178
200,178
201,178
210,178
210,178
215,178
218,178
240,178
285,178
291,178
292,178
294,178
294,178
309,178
310,178
0,179
199,179
201,179
201,179
215,179
218,179
240,179
285,179
294,179
294,179
308,179
309,179
0,180
202,180
213,180
219,180
240,180
285,180
295,180
295,180
307,180
309,180
0,181
203,181
213,181
220,181
240,181
285,181
307,181
309,181
0,182
204,182
215,182
220,182
240,182
284,182
306,182
308,182
0,183
205,183
216,183
220,183
240,183
284,183
304,183
307,183
0,184
205,184
217,184
220,184
240,184
283,184
303,184
304,184
306,184
307,184
0,185
207,185
219,185
221,185
240,185
283,185
302,185
303,185
305,185
306,185
0,186
207,186
220,186
221,186
240,186
282,186
300,186
305,186
0,187
208,187
240,187
282,187
299,187
300,187
302,187
303,187
0,188
209,188
240,188
278,188
280,188
282,188
297,188
302,188
0,189
210,189
240,189
268,189
272,189
280,189
295,189
301,189
0,190
212,190
240,190
268,190
272,190
280,190
293,190
295,190
298,190
299,190
0,191
213,191
240,191
267,191
272,191
280,191
291,191
292,191
295,191
298,191
0,192
214,192
236,192
237,192
240,192
241,192
244,192
264,192
272,192
280,192
289,192
292,192
294,192
297,192
0,193
215,193
236,193
237,193
241,193
263,193
273,193
280,193
285,193
289,193
291,193
295,193
0,194
216,194
236,194
238,194
244,194
262,194
273,194
289,194
291,194
293,194
0,195
218,195
235,195
238,195
244,195
262,195
274,195
286,195
290,195
292,195
0,196
219,196
234,196
239,196
243,196
265,196
274,196
283,196
287,196
290,196
0,197
217,197
237,197
238,197
241,197
265,197
275,197
288,197
0,198
214,198
242,198
265,198
275,198
286,198
0,199
213,199
241,199
264,199
279,199
283,199
0,200
212,200
241,200
265,200
279,200
281,200
0,201
212,201
241,201
265,201
0,202
212,202
240,202
270,202
0,203
212,203
240,203
278,203
0,204
212,204
240,204
281,204
0,205
213,205
240,205
284,205
0,206
213,206
240,206
287,206
0,207
213,207
240,207
289,207
0,208
213,208
240,208
290,208
0,209
212,209
240,209
291,209
0,210
211,210
240,210
291,210
0,211
210,211
240,211
291,211
0,212
209,212
240,212
291,212
0,213
208,213
240,213
291,213
0,214
207,214
240,214
291,214
0,215
203,215
205,215
206,215
240,215
291,215
0,216
206,216
240,216
291,216
0,217
205,217
240,217
291,217
0,218
205,218
240,218
291,218
0,219
204,219
240,219
290,219
0,220
203,220
240,220
290,220
0,221
202,221
240,221
291,221
0,222
201,222
240,222
291,222
0,223
200,223
240,223
292,223
0,224
199,224
240,224
293,224
0,225
198,225
240,225
293,225
0,226
197,226
240,226
291,226
293,226
293,226
0,227
196,227
240,227
294,227
0,228
195,228
240,228
294,228
0,229
194,229
240,229
294,229
0,230
193,230
240,230
294,230
0,231
193,231
240,231
295,231
0,232
192,232
240,232
295,232
0,233
191,233
240,233
295,233
0,234
190,234
240,234
296,234
0,235
190,235
240,235
296,235
0,236
189,236
240,236
296,236
0,237
189,237
240,237
297,237
0,238
183,238
186,238
187,238
189,238
189,238
240,238
297,238
0,239
183,239
188,239
188,239
240,239
297,239
0,240
182,240
240,240
298,240
0,241
181,241
240,241
299,241
0,242
181,242
240,242
299,242
0,243
180,243
240,243
297,243
299,243
299,243
0,244
180,244
240,244
297,244
299,244
300,244
0,245
180,245
240,245
300,245
0,246
179,246
240,246
301,246
0,247
179,247
240,247
297,247
300,247
301,247
0,248
179,248
240,248
301,248
0,249
178,249
240,249
302,249
0,250
178,250
240,250
301,250
0,251
178,251
240,251
301,251
0,252
178,252
240,252
301,252
336,252
336,252
0,253
178,253
193,253
193,253
240,253
301,253
328,253
338,253
0,254
178,254
190,254
192,254
240,254
298,254
300,254
301,254
323,254
323,254
325,254
339,254
341,254
342,254
0,255
178,255
189,255
189,255
191,255
192,255
240,255
300,255
322,255
342,255
0,256
178,256
188,256
189,256
240,256
299,256
320,256
342,256
0,257
178,257
186,257
188,257
191,257
191,257
240,257
299,257
320,257
342,257
0,258
178,258
185,258
190,258
240,258
299,258
318,258
342,258
0,259
179,259
183,259
190,259
240,259
300,259
317,259
342,259
0,260
189,260
240,260
300,260
316,260
342,260
0,261
189,261
240,261
300,261
315,261
342,261
0,262
189,262
240,262
299,262
314,262
341,262
0,263
188,263
240,263
299,263
313,263
341,263
0,264
188,264
240,264
299,264
312,264
341,264
0,265
187,265
240,265
299,265
311,265
341,265
0,266
187,266
240,266
298,266
311,266
341,266
0,267
186,267
240,267
297,267
310,267
340,267
0,268
186,268
240,268
296,268
308,268
340,268
0,269
186,269
216,269
216,269
240,269
296,269
307,269
340,269
0,270
185,270
240,270
296,270
306,270
340,270
0,271
185,271
240,271
297,271
305,271
339,271
0,272
185,272
215,272
215,272
240,272
297,272
303,272
339,272
0,273
184,273
215,273
215,273
240,273
297,273
302,273
338,273
0,274
184,274
214,274
214,274
240,274
338,274
0,275
184,275
214,275
214,275
240,275
338,275
0,276
184,276
214,276
214,276
240,276
336,276
0,277
183,277
213,277
213,277
240,277
335,277
0,278
183,278
213,278
213,278
240,278
334,278
0,279
182,279
212,279
213,279
240,279
333,279
0,280
182,280
212,280
213,280
240,280
332,280
0,281
182,281
212,281
213,281
240,281
330,281
0,282
181,282
211,282
211,282
213,282
213,282
240,282
329,282
0,283
181,283
211,283
211,283
240,283
328,283
0,284
181,284
210,284
212,284
240,284
326,284
0,285
181,285
240,285
325,285
0,286
180,286
240,286
324,286
0,287
180,287
240,287
323,287
0,288
180,288
240,288
321,288
0,289
180,289
240,289
319,289
0,290
180,290
240,290
319,290
0,291
180,291
240,291
318,291
0,292
180,292
240,292
317,292
0,293
180,293
240,293
315,293
0,294
180,294
240,294
314,294
0,295
180,295
240,295
312,295
0,296
180,296
240,296
311,296
0,297
180,297
240,297
310,297
0,298
180,298
240,298
309,298
0,299
180,299
240,299
307,299
0,300
181,300
240,300
306,300
0,301
181,301
240,301
304,301
0,302
182,302
240,302
303,302
0,303
182,303
240,303
303,303
0,304
184,304
240,304
301,304
0,305
186,305
240,305
299,305
0,306
187,306
240,306
298,306
0,307
188,307
240,307
297,307
0,308
191,308
240,308
295,308
0,309
193,309
240,309
295,309
0,310
193,310
240,310
293,310
0,311
193,311
240,311
291,311
0,312
193,312
240,312
291,312
0,313
193,313
240,313
290,313
0,314
193,314
240,314
287,314
289,314
290,314
0,315
193,315
240,315
287,315
289,315
289,315
0,316
193,316
240,316
289,316
0,317
193,317
240,317
289,317
0,318
193,318
240,318
289,318
0,319
193,319
240,319
289,319
0,320
193,320
240,320
285,320
289,320
289,320
0,321
193,321
240,321
285,321
288,321
289,321
0,322
193,322
240,322
285,322
288,322
289,322
0,323
193,323
240,323
289,323
0,324
193,324
240,324
289,324
0,325
193,325
240,325
289,325
0,326
193,326
240,326
289,326
0,327
193,327
240,327
289,327
0,328
193,328
240,328
289,328
0,329
193,329
240,329
289,329
0,330
193,330
240,330
289,330
0,331
192,331
240,331
289,331
0,332
192,332
240,332
289,332
0,333
191,333
240,333
290,333
0,334
191,334
240,334
290,334
0,335
191,335
240,335
291,335
0,336
190,336
240,336
291,336
0,337
190,337
240,337
292,337
0,338
190,338
240,338
292,338
0,339
189,339
240,339
292,339
0,340
189,340
240,340
293,340
0,341
188,341
240,341
293,341
0,342
188,342
240,342
294,342
0,343
188,343
240,343
294,343
0,344
187,344
240,344
294,344
0,345
187,345
240,345
295,345
0,346
187,346
240,346
295,346
0,347
186,347
240,347
295,347
0,348
186,348
240,348
296,348
0,349
186,349
240,349
296,349
0,350
185,350
240,350
296,350
0,351
185,351
240,351
296,351
0,352
185,352
240,352
296,352
0,353
185,353
240,353
296,353
0,354
185,354
240,354
296,354
0,355
186,355
240,355
296,355
0,356
186,356
240,356
296,356
0,357
185,357
240,357
297,357
0,358
185,358
240,358
297,358
0,359
184,359
240,359
298,359
