0,0
239,0
0,1
239,1
0,2
239,2
0,3
239,3
0,4
239,4
0,5
239,5
0,6
239,6
0,7
239,7
0,8
239,8
0,9
239,9
0,10
239,10
0,11
239,11
0,12
239,12
0,13
239,13
0,14
239,14
0,15
239,15
0,16
239,16
0,17
239,17
0,18
239,18
0,19
239,19
0,20
239,20
0,21
239,21
0,22
239,22
0,23
239,23
0,24
239,24
0,25
239,25
0,26
239,26
0,27
239,27
0,28
239,28
0,29
239,29
0,30
239,30
0,31
239,31
0,32
239,32
0,33
239,33
0,34
239,34
0,35
239,35
0,36
239,36
0,37
239,37
0,38
239,38
0,39
239,39
0,40
239,40
0,41
239,41
0,42
239,42
0,43
239,43
0,44
239,44
0,45
239,45
0,46
239,46
0,47
239,47
0,48
239,48
0,49
239,49
0,50
239,50
0,51
239,51
0,52
239,52
0,53
239,53
0,54
239,54
0,55
239,55
0,56
239,56
0,57
239,57
0,58
239,58
0,59
239,59
0,60
239,60
0,61
239,61
0,62
239,62
0,63
239,63
0,64
239,64
0,65
239,65
0,66
239,66
0,67
239,67
0,68
239,68
0,69
239,69
0,70
239,70
0,71
239,71
0,72
239,72
0,73
239,73
0,74
239,74
0,75
239,75
0,76
239,76
0,77
239,77
0,78
239,78
0,79
239,79
0,80
239,80
0,81
239,81
0,82
239,82
0,83
239,83
0,84
239,84
0,85
239,85
0,86
239,86
0,87
239,87
0,88
239,88
0,89
239,89
0,90
239,90
0,91
239,91
0,92
239,92
0,93
239,93
0,94
239,94
0,95
239,95
0,96
239,96
0,97
239,97
0,98
239,98
0,99
239,99
0,100
239,100
0,101
239,101
0,102
239,102
0,103
239,103
0,104
239,104
0,105
239,105
255,105
260,105
0,106
239,106
253,106
261,106
0,107
239,107
252,107
262,107
0,108
211,108
216,108
235,108
249,108
265,108
0,109
210,109
217,109
217,109
219,109
232,109
240,109
245,109
247,109
248,109
250,109
275,109
0,110
210,110
218,110
230,110
240,110
247,110
250,110
279,110
0,111
209,111
219,111
229,111
240,111
271,111
274,111
274,111
277,111
281,111
302,111
302,111
0,112
209,112
219,112
220,112
222,112
227,112
240,112
283,112
300,112
303,112
0,113
209,113
220,113
226,113
240,113
284,113
299,113
299,113
303,113
303,113
0,114
209,114
221,114
225,114
240,114
285,114
298,114
299,114
301,114
304,114
0,115
209,115
222,115
224,115
240,115
284,115
286,115
286,115
297,115
304,115
0,116
209,116
223,116
223,116
240,116
287,116
296,116
303,116
0,117
209,117
240,117
288,117
297,117
304,117
0,118
209,118
240,118
289,118
294,118
304,118
0,119
209,119
240,119
290,119
294,119
304,119
0,120
209,120
240,120
290,120
292,120
303,120
0,121
209,121
240,121
303,121
0,122
209,122
240,122
303,122
0,123
210,123
240,123
303,123
0,124
210,124
240,124
302,124
0,125
210,125
240,125
302,125
0,126
210,126
240,126
302,126
0,127
210,127
240,127
302,127
0,128
210,128
240,128
302,128
0,129
210,129
240,129
302,129
0,130
210,130
240,130
301,130
0,131
211,131
240,131
301,131
0,132
211,132
240,132
301,132
0,133
211,133
240,133
301,133
0,134
211,134
240,134
301,134
0,135
211,135
240,135
301,135
0,136
212,136
240,136
300,136
0,137
204,137
206,137
212,137
240,137
300,137
0,138
210,138
212,138
212,138
240,138
300,138
0,139
202,139
204,139
204,139
240,139
299,139
0,140
204,140
240,140
299,140
0,141
199,141
240,141
299,141
0,142
199,142
240,142
299,142
0,143
199,143
240,143
298,143
0,144
200,144
240,144
299,144
305,144
306,144
0,145
201,145
240,145
299,145
302,145
306,145
0,146
202,146
240,146
305,146
0,147
207,147
240,147
305,147
0,148
205,148
207,148
209,148
240,148
305,148
0,149
208,149
240,149
305,149
0,150
205,150
240,150
304,150
0,151
204,151
240,151
303,151
0,152
204,152
240,152
303,152
0,153
203,153
240,153
304,153
0,154
203,154
240,154
305,154
0,155
202,155
240,155
307,155
0,156
201,156
240,156
304,156
306,156
308,156
0,157
200,157
240,157
304,157
308,157
309,157
0,158
200,158
240,158
305,158
308,158
309,158
0,159
199,159
240,159
301,159
304,159
310,159
0,160
199,160
240,160
301,160
305,160
311,160
0,161
199,161
240,161
300,161
307,161
312,161
0,162
199,162
240,162
300,162
308,162
309,162
311,162
312,162
0,163
198,163
206,163
206,163
211,163
211,163
240,163
300,163
309,163
309,163
311,163
313,163
0,164
199,164
206,164
214,164
240,164
300,164
310,164
313,164
0,165
198,165
206,165
215,165
240,165
297,165
299,165
299,165
310,165
311,165
0,166
199,166
206,166
215,166
240,166
299,166
311,166
311,166
314,166
314,166
0,167
199,167
206,167
215,167
240,167
299,167
311,167
314,167
0,168
199,168
206,168
214,168
240,168
299,168
312,168
314,168
0,169
199,169
206,169
214,169
240,169
298,169
312,169
315,169
0,170
199,170
206,170
213,170
240,170
298,170
313,170
315,170
0,171
199,171
208,171
213,171
240,171
299,171
313,171
315,171
0,172
200,172
209,172
213,172
240,172
290,172
292,172
299,172
313,172
315,172
0,173
201,173
209,173
209,173
211,173
212,173
240,173
289,173
293,173
297,173
299,173
299,173
313,173
314,173
0,174
201,174
210,174
211,174
221,174
221,174
240,174
289,174
293,174
297,174
300,174
300,174
312,174
314,174
0,175
202,175
211,175
212,175
214,175
215,175
220,175
221,175
240,175
289,175
297,175
297,175
312,175
313,175
0,176
202,176
212,176
215,176
220,176
221,176
240,176
289,176
297,176
298,176
312,176
313,176
0,177
204,177
219,177
221,177
223,177
223,177
240,177
288,177
298,177
298,177
311,177
313,177
0,178
202,178
204,178
204,178
215,178
215,178
218,178
224,178
240,178
288,178
310,178
312,178
0,179
205,179
216,179
218,179
221,179
224,179
240,179
287,179
309,179
312,179
0,180
206,180
218,180
219,180
221,180
225,180
240,180
287,180
308,180
311,180
0,181
207,181
220,181
225,181
240,181
286,181
307,181
307,181
309,181
310,181
0,182
207,182
221,182
225,182
240,182
286,182
305,182
309,182
0,183
209,183
224,183
225,183
240,183
283,183
285,183
286,183
304,183
305,183
308,183
309,183
0,184
210,184
226,184
226,184
240,184
285,184
303,184
307,184
0,185
211,185
240,185
285,185
300,185
306,185
0,186
213,186
241,186
284,186
298,186
300,186
303,186
305,186
0,187
214,187
241,187
271,187
274,187
284,187
295,187
303,187
0,188
215,188
241,188
271,188
275,188
284,188
293,188
296,188
300,188
302,188
0,189
216,189
243,189
271,189
275,189
284,189
290,189
292,189
294,189
301,189
0,190
218,190
244,190
269,190
276,190
292,190
294,190
299,190
0,191
220,191
239,191
239,191
245,191
268,191
276,191
289,191
291,191
297,191
0,192
220,192
238,192
239,192
247,192
266,192
276,192
295,192
0,193
218,193
237,193
239,193
247,193
265,193
277,193
292,193
0,194
215,194
236,194
239,194
244,194
244,194
247,194
267,194
278,194
290,194
0,195
216,195
245,195
268,195
278,195
287,195
0,196
216,196
245,196
268,196
280,196
280,196
283,196
284,196
0,197
215,197
240,197
240,197
245,197
268,197
0,198
216,198
240,198
268,198
0,199
216,199
240,199
268,199
0,200
216,200
240,200
268,200
0,201
216,201
240,201
277,201
0,202
215,202
240,202
281,202
0,203
213,203
240,203
284,203
0,204
211,204
240,204
287,204
0,205
208,205
240,205
290,205
0,206
208,206
240,206
291,206
0,207
207,207
240,207
292,207
0,208
206,208
240,208
293,208
0,209
206,209
240,209
293,209
0,210
205,210
240,210
293,210
0,211
204,211
240,211
294,211
0,212
204,212
240,212
294,212
0,213
203,213
240,213
294,213
0,214
202,214
240,214
294,214
0,215
202,215
240,215
294,215
0,216
201,216
240,216
294,216
0,217
200,217
240,217
293,217
0,218
200,218
240,218
293,218
0,219
199,219
240,219
293,219
0,220
198,220
240,220
293,220
0,221
198,221
240,221
293,221
0,222
197,222
240,222
293,222
0,223
196,223
240,223
294,223
0,224
195,224
240,224
294,224
0,225
195,225
240,225
294,225
0,226
194,226
240,226
292,226
294,226
295,226
0,227
194,227
240,227
295,227
0,228
194,228
240,228
295,228
0,229
189,229
192,229
193,229
240,229
295,229
0,230
188,230
240,230
295,230
0,231
188,231
240,231
296,231
0,232
187,232
240,232
296,232
0,233
186,233
240,233
297,233
0,234
186,234
240,234
297,234
0,235
186,235
240,235
297,235
0,236
186,236
240,236
298,236
0,237
185,237
240,237
298,237
0,238
185,238
240,238
299,238
0,239
185,239
240,239
299,239
0,240
185,240
240,240
299,240
0,241
185,241
240,241
300,241
0,242
186,242
240,242
300,242
0,243
186,243
240,243
301,243
0,244
186,244
240,244
298,244
300,244
301,244
0,245
186,245
198,245
198,245
240,245
298,245
300,245
301,245
0,246
186,246
196,246
196,246
198,246
198,246
240,246
301,246
0,247
186,247
195,247
195,247
240,247
302,247
0,248
186,248
193,248
196,248
198,248
198,248
240,248
302,248
0,249
186,249
192,249
198,249
240,249
301,249
0,250
187,250
192,250
198,250
240,250
301,250
0,251
188,251
190,251
197,251
240,251
301,251
0,252
188,252
190,252
197,252
240,252
301,252
0,253
197,253
240,253
297,253
299,253
300,253
0,254
197,254
240,254
297,254
299,254
299,254
0,255
196,255
240,255
298,255
0,256
196,256
240,256
297,256
0,257
196,257
240,257
296,257
0,258
196,258
240,258
296,258
0,259
195,259
240,259
296,259
0,260
195,260
240,260
297,260
325,260
328,260
0,261
195,261
240,261
295,261
297,261
297,261
323,261
330,261
0,262
195,262
240,262
295,262
297,262
298,262
322,262
332,262
0,263
194,263
240,263
295,263
297,263
299,263
321,263
337,263
0,264
194,264
240,264
292,264
294,264
295,264
297,264
300,264
320,264
337,264
0,265
194,265
240,265
292,265
297,265
298,265
300,265
300,265
319,265
338,265
0,266
194,266
240,266
293,266
298,266
300,266
317,266
337,266
0,267
194,267
240,267
293,267
298,267
300,267
316,267
339,267
0,268
193,268
240,268
294,268
298,268
301,268
316,268
339,268
0,269
193,269
240,269
294,269
298,269
301,269
316,269
339,269
0,270
193,270
240,270
294,270
298,270
301,270
313,270
340,270
0,271
193,271
240,271
290,271
292,271
294,271
299,271
299,271
301,271
302,271
312,271
340,271
0,272
193,272
240,272
294,272
299,272
299,272
301,272
302,272
311,272
340,272
0,273
193,273
240,273
293,273
300,273
302,273
310,273
340,273
0,274
193,274
240,274
293,274
299,274
302,274
309,274
340,274
0,275
193,275
240,275
293,275
299,275
301,275
308,275
340,275
0,276
192,276
240,276
293,276
301,276
301,276
308,276
340,276
0,277
193,277
240,277
292,277
300,277
300,277
307,277
340,277
0,278
193,278
240,278
292,278
306,278
340,278
0,279
193,279
240,279
292,279
305,279
340,279
0,280
193,280
240,280
293,280
303,280
339,280
0,281
193,281
240,281
293,281
302,281
338,281
0,282
193,282
240,282
292,282
301,282
337,282
0,283
193,283
240,283
291,283
301,283
336,283
0,284
193,284
240,284
292,284
300,284
335,284
0,285
193,285
240,285
292,285
299,285
333,285
0,286
193,286
240,286
291,286
298,286
331,286
0,287
194,287
240,287
292,287
297,287
331,287
0,288
193,288
240,288
291,288
296,288
328,288
0,289
193,289
240,289
292,289
295,289
328,289
0,290
194,290
240,290
326,290
0,291
194,291
240,291
325,291
0,292
194,292
240,292
324,292
0,293
194,293
240,293
322,293
0,294
195,294
240,294
321,294
0,295
196,295
240,295
319,295
0,296
196,296
240,296
318,296
0,297
196,297
240,297
317,297
0,298
196,298
201,298
201,298
240,298
315,298
0,299
196,299
201,299
201,299
206,299
207,299
240,299
314,299
0,300
196,300
201,300
201,300
207,300
208,300
240,300
313,300
0,301
196,301
201,301
201,301
206,301
206,301
240,301
311,301
0,302
196,302
200,302
201,302
206,302
206,302
240,302
310,302
0,303
195,303
200,303
200,303
206,303
206,303
240,303
309,303
0,304
195,304
240,304
307,304
0,305
195,305
200,305
200,305
240,305
306,305
0,306
195,306
200,306
200,306
240,306
305,306
0,307
195,307
240,307
303,307
0,308
195,308
240,308
300,308
0,309
195,309
240,309
300,309
0,310
195,310
240,310
299,310
0,311
195,311
240,311
298,311
0,312
195,312
240,312
297,312
0,313
195,313
240,313
296,313
0,314
195,314
240,314
296,314
0,315
195,315
240,315
296,315
0,316
195,316
240,316
295,316
0,317
195,317
240,317
295,317
0,318
195,318
240,318
295,318
0,319
195,319
240,319
295,319
0,320
195,320
240,320
291,320
293,320
293,320
0,321
195,321
240,321
291,321
293,321
293,321
0,322
195,322
240,322
293,322
0,323
195,323
240,323
293,323
0,324
194,324
240,324
293,324
0,325
194,325
240,325
293,325
0,326
194,326
240,326
293,326
0,327
193,327
240,327
293,327
0,328
193,328
240,328
289,328
291,328
292,328
0,329
192,329
240,329
289,329
291,329
291,329
0,330
192,330
240,330
288,330
291,330
291,330
0,331
192,331
240,331
288,331
290,331
290,331
0,332
191,332
240,332
288,332
290,332
290,332
0,333
191,333
240,333
288,333
290,333
290,333
0,334
191,334
240,334
290,334
0,335
190,335
240,335
290,335
0,336
190,336
240,336
291,336
0,337
189,337
240,337
291,337
0,338
189,338
240,338
292,338
0,339
189,339
240,339
292,339
0,340
188,340
240,340
292,340
0,341
188,341
240,341
293,341
0,342
187,342
240,342
293,342
0,343
187,343
240,343
293,343
0,344
187,344
240,344
294,344
0,345
186,345
240,345
294,345
0,346
186,346
240,346
294,346
0,347
186,347
240,347
295,347
0,348
185,348
240,348
295,348
0,349
185,349
240,349
294,349
0,350
185,350
240,350
295,350
0,351
185,351
240,351
295,351
0,352
184,352
240,352
295,352
0,353
184,353
240,353
295,353
0,354
184,354
240,354
295,354
0,355
185,355
240,355
295,355
0,356
185,356
240,356
297,356
0,357
185,357
240,357
297,357
0,358
184,358
240,358
298,358
0,359
183,359
240,359
298,359
