0,0
239,0
0,1
239,1
0,2
239,2
0,3
239,3
0,4
239,4
0,5
239,5
0,6
239,6
0,7
239,7
0,8
239,8
0,9
239,9
0,10
239,10
0,11
239,11
0,12
239,12
0,13
239,13
0,14
239,14
0,15
239,15
0,16
239,16
0,17
239,17
0,18
239,18
0,19
239,19
0,20
239,20
0,21
239,21
0,22
239,22
0,23
239,23
0,24
239,24
0,25
239,25
0,26
239,26
0,27
239,27
0,28
239,28
0,29
239,29
0,30
239,30
0,31
239,31
0,32
239,32
0,33
239,33
0,34
239,34
0,35
239,35
0,36
239,36
0,37
239,37
0,38
239,38
0,39
239,39
0,40
239,40
0,41
239,41
0,42
239,42
0,43
239,43
0,44
239,44
0,45
239,45
0,46
239,46
0,47
239,47
0,48
239,48
0,49
239,49
0,50
239,50
0,51
239,51
0,52
239,52
0,53
239,53
0,54
239,54
0,55
239,55
0,56
239,56
0,57
239,57
0,58
239,58
0,59
239,59
0,60
239,60
0,61
239,61
0,62
239,62
0,63
239,63
0,64
239,64
0,65
239,65
0,66
239,66
0,67
239,67
0,68
239,68
0,69
239,69
0,70
239,70
0,71
239,71
0,72
239,72
0,73
239,73
0,74
239,74
0,75
239,75
0,76
239,76
0,77
239,77
0,78
239,78
0,79
239,79
0,80
239,80
0,81
239,81
0,82
239,82
0,83
239,83
0,84
239,84
0,85
239,85
0,86
239,86
0,87
239,87
0,88
239,88
0,89
239,89
0,90
239,90
0,91
239,91
0,92
239,92
0,93
239,93
0,94
239,94
0,95
239,95
0,96
239,96
0,97
239,97
0,98
239,98
0,99
239,99
0,100
239,100
0,101
239,101
0,102
239,102
0,103
239,103
0,104
239,104
0,105
239,105
255,105
262,105
0,106
239,106
255,106
260,106
262,106
263,106
0,107
237,107
253,107
266,107
0,108
212,108
217,108
217,108
219,108
234,108
241,108
247,108
249,108
273,108
0,109
212,109
217,109
232,109
240,109
247,109
249,109
250,109
252,109
279,109
0,110
211,110
218,110
230,110
240,110
273,110
275,110
281,110
303,110
303,110
0,111
211,111
219,111
229,111
240,111
283,111
301,111
303,111
0,112
210,112
220,112
221,112
223,112
228,112
240,112
284,112
301,112
301,112
303,112
304,112
0,113
210,113
221,113
227,113
240,113
286,113
299,113
300,113
303,113
304,113
0,114
210,114
222,114
226,114
240,114
287,114
298,114
305,114
0,115
210,115
223,115
225,115
240,115
288,115
297,115
304,115
0,116
210,116
224,116
224,116
240,116
288,116
297,116
304,116
0,117
210,117
240,117
289,117
295,117
305,117
0,118
210,118
240,118
290,118
295,118
305,118
0,119
210,119
240,119
291,119
294,119
304,119
0,120
210,120
240,120
304,120
0,121
211,121
240,121
304,121
0,122
211,122
240,122
304,122
0,123
211,123
240,123
303,123
0,124
211,124
240,124
303,124
0,125
211,125
240,125
303,125
0,126
211,126
240,126
303,126
0,127
211,127
240,127
303,127
0,128
212,128
240,128
302,128
0,129
212,129
240,129
302,129
0,130
212,130
240,130
302,130
0,131
212,131
240,131
302,131
0,132
212,132
240,132
302,132
0,133
213,133
240,133
302,133
0,134
213,134
240,134
301,134
0,135
213,135
240,135
301,135
0,136
208,136
210,136
213,136
240,136
301,136
0,137
213,137
240,137
300,137
0,138
211,138
213,138
214,138
240,138
300,138
0,139
203,139
205,139
206,139
214,139
214,139
240,139
300,139
0,140
205,140
240,140
300,140
0,141
201,141
240,141
299,141
0,142
201,142
240,142
299,142
305,142
306,142
0,143
201,143
240,143
300,143
303,143
306,143
0,144
201,144
240,144
306,144
0,145
202,145
240,145
305,145
0,146
204,146
240,146
305,146
0,147
210,147
240,147
305,147
0,148
209,148
240,148
304,148
0,149
207,149
240,149
304,149
0,150
205,150
240,150
304,150
0,151
205,151
240,151
304,151
0,152
204,152
240,152
305,152
0,153
203,153
240,153
307,153
0,154
202,154
240,154
308,154
0,155
201,155
240,155
305,155
307,155
309,155
0,156
200,156
240,156
306,156
309,156
310,156
0,157
200,157
240,157
302,157
304,157
306,157
308,157
311,157
0,158
199,158
240,158
302,158
306,158
312,158
0,159
199,159
240,159
301,159
307,159
312,159
0,160
199,160
240,160
301,160
309,160
310,160
312,160
313,160
0,161
199,161
240,161
301,161
309,161
310,161
312,161
314,161
0,162
198,162
240,162
301,162
311,162
314,162
0,163
199,163
206,163
208,163
211,163
213,163
240,163
300,163
311,163
312,163
314,163
314,163
0,164
198,164
206,164
215,164
240,164
300,164
312,164
312,164
315,164
315,164
0,165
199,165
206,165
207,165
209,165
216,165
240,165
300,165
312,165
313,165
315,165
315,165
0,166
199,166
206,166
207,166
209,166
216,166
240,166
299,166
313,166
315,166
0,167
199,167
206,167
216,167
240,167
299,167
313,167
316,167
0,168
199,168
206,168
216,168
240,168
299,168
313,168
315,168
0,169
199,169
206,169
215,169
240,169
299,169
314,169
315,169
0,170
199,170
207,170
214,170
240,170
291,170
293,170
299,170
314,170
316,170
0,171
200,171
208,171
214,171
240,171
290,171
294,171
298,171
300,171
300,171
314,171
315,171
0,172
200,172
209,172
209,172
211,172
211,172
213,172
213,172
222,172
222,172
240,172
290,172
294,172
298,172
300,172
301,172
313,172
315,172
0,173
201,173
210,173
213,173
222,173
222,173
240,173
290,173
295,173
295,173
297,173
298,173
313,173
315,173
0,174
202,174
211,174
213,174
215,174
216,174
221,174
223,174
240,174
290,174
298,174
298,174
313,174
314,174
0,175
202,175
212,175
213,175
215,175
216,175
220,175
223,175
240,175
289,175
312,175
314,175
0,176
204,176
214,176
214,176
216,176
216,176
220,176
222,176
224,176
224,176
240,176
289,176
311,176
314,176
0,177
204,177
216,177
216,177
220,177
225,177
240,177
288,177
310,177
313,177
0,178
205,178
216,178
226,178
240,178
288,178
309,178
312,178
0,179
206,179
218,179
227,179
240,179
287,179
308,179
312,179
0,180
207,180
220,180
227,180
240,180
287,180
307,180
311,180
0,181
207,181
222,181
224,181
226,181
227,181
240,181
284,181
286,181
287,181
305,181
307,181
309,181
310,181
0,182
209,182
224,182
227,182
240,182
284,182
286,182
286,182
304,182
309,182
0,183
210,183
227,183
227,183
240,183
286,183
301,183
308,183
0,184
210,184
212,184
212,184
242,184
285,184
300,184
302,184
304,184
307,184
0,185
213,185
240,185
240,185
242,185
283,185
285,185
286,185
297,185
300,185
302,185
305,185
0,186
211,186
213,186
214,186
242,186
272,186
276,186
285,186
294,186
297,186
301,186
303,186
0,187
215,187
243,187
272,187
276,187
285,187
292,187
302,187
0,188
216,188
239,188
239,188
244,188
267,188
269,188
271,188
277,188
285,188
287,188
287,188
289,188
293,188
295,188
300,188
0,189
219,189
239,189
239,189
246,189
270,189
277,189
298,189
0,190
220,190
239,190
239,190
247,190
269,190
279,190
289,190
293,190
297,190
0,191
219,191
238,191
239,191
248,191
267,191
278,191
294,191
0,192
215,192
217,192
217,192
237,192
239,192
248,192
266,192
278,192
292,192
0,193
217,193
246,193
267,193
269,193
269,193
279,193
284,193
286,193
289,193
0,194
216,194
246,194
269,194
280,194
282,194
284,194
284,194
0,195
216,195
246,195
269,195
0,196
216,196
240,196
241,196
243,196
269,196
0,197
216,197
240,197
269,197
0,198
216,198
240,198
269,198
0,199
214,199
240,199
269,199
0,200
211,200
240,200
274,200
0,201
211,201
240,201
280,201
0,202
210,202
240,202
282,202
0,203
209,203
240,203
286,203
0,204
207,204
240,204
288,204
0,205
207,205
240,205
291,205
0,206
206,206
240,206
292,206
0,207
206,207
240,207
293,207
0,208
205,208
240,208
293,208
0,209
204,209
240,209
293,209
0,210
204,210
240,210
294,210
0,211
203,211
240,211
294,211
0,212
202,212
240,212
294,212
0,213
202,213
240,213
294,213
0,214
201,214
240,214
294,214
0,215
200,215
240,215
294,215
0,216
200,216
240,216
294,216
0,217
199,217
240,217
294,217
0,218
199,218
240,218
293,218
0,219
198,219
240,219
293,219
0,220
192,220
194,220
197,220
240,220
293,220
0,221
194,221
240,221
293,221
0,222
193,222
240,222
293,222
0,223
193,223
240,223
294,223
0,224
193,224
240,224
294,224
0,225
191,225
240,225
294,225
0,226
191,226
240,226
292,226
294,226
295,226
0,227
191,227
240,227
292,227
294,227
295,227
0,228
191,228
240,228
295,228
0,229
191,229
240,229
295,229
0,230
191,230
240,230
295,230
0,231
191,231
240,231
295,231
0,232
191,232
240,232
296,232
0,233
192,233
240,233
296,233
0,234
192,234
240,234
297,234
0,235
192,235
240,235
297,235
0,236
192,236
240,236
297,236
0,237
192,237
240,237
298,237
0,238
192,238
240,238
298,238
0,239
192,239
240,239
299,239
0,240
193,240
240,240
299,240
0,241
193,241
198,241
199,241
240,241
299,241
0,242
194,242
196,242
200,242
240,242
300,242
0,243
194,243
196,243
197,243
200,243
201,243
240,243
297,243
299,243
300,243
0,244
201,244
240,244
300,244
0,245
201,245
240,245
301,245
0,246
201,246
240,246
301,246
0,247
201,247
240,247
300,247
0,248
201,248
240,248
300,248
0,249
201,249
240,249
300,249
0,250
201,250
240,250
300,250
0,251
201,251
240,251
299,251
0,252
201,252
240,252
296,252
298,252
299,252
0,253
201,253
240,253
298,253
0,254
200,254
240,254
296,254
0,255
200,255
240,255
296,255
0,256
200,256
240,256
296,256
0,257
200,257
240,257
296,257
0,258
200,258
240,258
294,258
296,258
297,258
0,259
200,259
240,259
291,259
293,259
294,259
297,259
297,259
0,260
200,260
240,260
291,260
293,260
295,260
297,260
299,260
0,261
200,261
240,261
291,261
293,261
294,261
297,261
300,261
0,262
200,262
240,262
292,262
297,262
300,262
325,262
326,262
0,263
200,263
240,263
292,263
297,263
299,263
301,263
301,263
323,263
323,263
325,263
329,263
0,264
200,264
240,264
293,264
298,264
301,264
323,264
329,264
0,265
200,265
240,265
293,265
298,265
301,265
322,265
331,265
0,266
200,266
240,266
293,266
298,266
301,266
320,266
332,266
0,267
200,267
240,267
293,267
299,267
302,267
319,267
336,267
0,268
200,268
240,268
289,268
292,268
293,268
298,268
302,268
319,268
337,268
0,269
200,269
240,269
289,269
292,269
292,269
299,269
299,269
301,269
301,269
319,269
337,269
0,270
200,270
240,270
289,270
292,270
292,270
299,270
299,270
301,270
301,270
316,270
338,270
0,271
200,271
240,271
288,271
292,271
292,271
300,271
301,271
315,271
338,271
0,272
200,272
240,272
288,272
292,272
292,272
299,272
301,272
314,272
339,272
0,273
200,273
240,273
288,273
291,273
292,273
299,273
301,273
313,273
339,273
0,274
200,274
240,274
287,274
291,274
292,274
312,274
339,274
0,275
200,275
240,275
287,275
291,275
292,275
311,275
340,275
0,276
200,276
240,276
287,276
291,276
291,276
310,276
340,276
0,277
200,277
240,277
287,277
291,277
291,277
309,277
339,277
0,278
200,278
240,278
287,278
291,278
292,278
308,278
340,278
0,279
199,279
240,279
287,279
291,279
292,279
307,279
340,279
0,280
199,280
240,280
287,280
291,280
292,280
307,280
340,280
0,281
199,281
240,281
287,281
291,281
292,281
306,281
340,281
0,282
199,282
240,282
292,282
305,282
340,282
0,283
199,283
240,283
292,283
304,283
338,283
0,284
198,284
240,284
294,284
303,284
337,284
0,285
198,285
240,285
291,285
293,285
299,285
301,285
336,285
0,286
198,286
204,286
205,286
240,286
290,286
295,286
335,286
0,287
198,287
204,287
205,287
240,287
291,287
293,287
333,287
0,288
198,288
203,288
205,288
210,288
210,288
240,288
331,288
0,289
198,289
203,289
204,289
210,289
211,289
240,289
330,289
0,290
198,290
203,290
204,290
210,290
210,290
240,290
328,290
0,291
198,291
203,291
204,291
210,291
210,291
240,291
327,291
0,292
198,292
203,292
204,292
210,292
210,292
240,292
325,292
0,293
198,293
203,293
203,293
210,293
210,293
240,293
323,293
0,294
197,294
203,294
203,294
209,294
209,294
240,294
322,294
0,295
197,295
203,295
203,295
209,295
209,295
240,295
321,295
0,296
197,296
202,296
203,296
209,296
209,296
240,296
314,296
316,296
318,296
0,297
197,297
202,297
203,297
240,297
317,297
0,298
197,298
208,298
208,298
240,298
317,298
0,299
197,299
240,299
314,299
0,300
197,300
202,300
202,300
240,300
312,300
0,301
197,301
202,301
202,301
240,301
310,301
312,301
312,301
0,302
196,302
202,302
202,302
240,302
312,302
0,303
196,303
202,303
202,303
240,303
310,303
0,304
195,304
240,304
311,304
0,305
195,305
240,305
311,305
0,306
195,306
201,306
201,306
240,306
311,306
0,307
195,307
201,307
201,307
240,307
310,307
0,308
195,308
201,308
201,308
240,308
309,308
0,309
195,309
201,309
201,309
240,309
308,309
0,310
195,310
201,310
201,310
240,310
307,310
0,311
195,311
240,311
304,311
306,311
306,311
0,312
196,312
240,312
305,312
0,313
196,313
240,313
304,313
0,314
195,314
240,314
302,314
0,315
195,315
240,315
301,315
0,316
195,316
240,316
300,316
0,317
195,317
240,317
299,317
0,318
195,318
240,318
298,318
0,319
195,319
240,319
298,319
0,320
195,320
240,320
299,320
0,321
195,321
240,321
299,321
0,322
195,322
240,322
299,322
0,323
194,323
240,323
300,323
0,324
194,324
240,324
300,324
0,325
194,325
240,325
300,325
0,326
193,326
240,326
300,326
0,327
193,327
240,327
300,327
0,328
192,328
240,328
300,328
0,329
192,329
240,329
300,329
0,330
192,330
240,330
300,330
0,331
191,331
240,331
300,331
0,332
191,332
240,332
300,332
0,333
191,333
240,333
299,333
0,334
190,334
240,334
299,334
0,335
190,335
240,335
299,335
0,336
189,336
240,336
294,336
296,336
297,336
0,337
189,337
240,337
296,337
0,338
189,338
240,338
295,338
0,339
188,339
240,339
295,339
0,340
188,340
240,340
294,340
0,341
187,341
240,341
294,341
0,342
187,342
240,342
293,342
0,343
187,343
240,343
293,343
0,344
186,344
240,344
293,344
0,345
186,345
240,345
293,345
0,346
186,346
240,346
294,346
0,347
185,347
240,347
291,347
293,347
294,347
0,348
185,348
240,348
295,348
0,349
185,349
240,349
295,349
0,350
184,350
240,350
295,350
0,351
184,351
240,351
295,351
0,352
184,352
240,352
295,352
0,353
184,353
240,353
295,353
0,354
184,354
240,354
295,354
0,355
184,355
240,355
296,355
0,356
185,356
240,356
297,356
0,357
185,357
240,357
297,357
0,358
184,358
240,358
298,358
0,359
183,359
240,359
299,359
