0,0
239,0
0,1
239,1
0,2
239,2
0,3
239,3
0,4
239,4
0,5
239,5
0,6
239,6
0,7
239,7
0,8
239,8
0,9
239,9
0,10
239,10
0,11
239,11
0,12
239,12
0,13
239,13
0,14
239,14
0,15
239,15
0,16
239,16
0,17
239,17
0,18
239,18
0,19
239,19
0,20
239,20
0,21
239,21
0,22
239,22
0,23
239,23
0,24
239,24
0,25
239,25
0,26
239,26
0,27
239,27
0,28
239,28
0,29
239,29
0,30
239,30
0,31
239,31
0,32
239,32
0,33
239,33
0,34
239,34
0,35
239,35
0,36
239,36
0,37
239,37
0,38
239,38
0,39
239,39
0,40
239,40
0,41
239,41
0,42
239,42
0,43
239,43
0,44
239,44
0,45
239,45
0,46
239,46
0,47
239,47
0,48
239,48
0,49
239,49
0,50
239,50
0,51
239,51
0,52
239,52
0,53
239,53
0,54
239,54
0,55
239,55
0,56
239,56
0,57
239,57
0,58
239,58
0,59
239,59
0,60
239,60
0,61
239,61
0,62
239,62
0,63
239,63
0,64
239,64
0,65
239,65
0,66
239,66
0,67
239,67
0,68
239,68
0,69
239,69
0,70
239,70
0,71
239,71
0,72
239,72
0,73
239,73
0,74
239,74
0,75
239,75
0,76
239,76
0,77
239,77
0,78
239,78
0,79
239,79
0,80
239,80
0,81
239,81
0,82
239,82
0,83
239,83
0,84
239,84
0,85
239,85
0,86
239,86
0,87
239,87
0,88
239,88
0,89
239,89
0,90
239,90
0,91
239,91
0,92
239,92
0,93
239,93
0,94
239,94
0,95
239,95
0,96
239,96
0,97
239,97
0,98
239,98
0,99
239,99
0,100
239,100
0,101
239,101
0,102
239,102
0,103
239,103
0,104
239,104
0,105
239,105
0,106
239,106
0,107
239,107
0,108
239,108
0,109
239,109
0,110
239,110
0,111
239,111
0,112
239,112
0,113
239,113
0,114
239,114
0,115
239,115
0,116
234,116
0,117
231,117
249,117
253,117
0,118
230,118
250,118
254,118
295,118
295,118
0,119
228,119
247,119
272,119
294,119
295,119
297,119
297,119
0,120
208,120
215,120
225,120
227,120
227,120
240,120
275,120
293,120
296,120
0,121
207,121
214,121
224,121
240,121
278,121
292,121
293,121
295,121
297,121
0,122
207,122
215,122
224,122
240,122
279,122
292,122
297,122
0,123
207,123
217,123
223,123
240,123
281,123
291,123
297,123
0,124
207,124
218,124
222,124
240,124
282,124
290,124
297,124
0,125
207,125
218,125
222,125
240,125
283,125
289,125
298,125
0,126
207,126
219,126
221,126
240,126
283,126
288,126
298,126
0,127
207,127
220,127
220,127
240,127
284,127
288,127
297,127
0,128
207,128
240,128
285,128
287,128
297,128
0,129
207,129
240,129
297,129
0,130
207,130
240,130
297,130
0,131
207,131
240,131
297,131
0,132
207,132
240,132
296,132
0,133
207,133
240,133
297,133
0,134
207,134
240,134
297,134
0,135
207,135
240,135
297,135
0,136
207,136
240,136
297,136
0,137
208,137
240,137
296,137
0,138
207,138
240,138
296,138
0,139
207,139
240,139
296,139
0,140
208,140
240,140
296,140
0,141
208,141
240,141
296,141
0,142
208,142
240,142
296,142
0,143
209,143
240,143
295,143
0,144
209,144
240,144
296,144
0,145
209,145
240,145
295,145
0,146
209,146
240,146
295,146
0,147
210,147
240,147
295,147
0,148
210,148
240,148
295,148
0,149
208,149
240,149
295,149
303,149
304,149
0,150
205,150
240,150
294,150
301,150
304,150
0,151
205,151
240,151
296,151
299,151
304,151
0,152
201,152
240,152
303,152
0,153
200,153
240,153
304,153
0,154
199,154
240,154
302,154
304,154
304,154
0,155
200,155
240,155
302,155
304,155
304,155
0,156
199,156
240,156
304,156
0,157
199,157
240,157
304,157
0,158
199,158
240,158
306,158
0,159
198,159
200,159
201,159
240,159
294,159
298,159
307,159
0,160
201,160
240,160
295,160
300,160
309,160
0,161
200,161
202,161
202,161
240,161
295,161
302,161
307,161
309,161
310,161
0,162
202,162
240,162
297,162
305,162
306,162
308,162
311,162
0,163
202,163
240,163
298,163
306,163
311,163
0,164
201,164
240,164
300,164
307,164
313,164
0,165
200,165
240,165
300,165
309,165
310,165
312,165
313,165
0,166
199,166
240,166
301,166
309,166
310,166
312,166
314,166
0,167
199,167
240,167
301,167
311,167
312,167
314,167
314,167
0,168
199,168
240,168
301,168
311,168
312,168
314,168
314,168
0,169
199,169
240,169
301,169
312,169
315,169
0,170
199,170
240,170
301,170
313,170
315,170
0,171
199,171
240,171
300,171
313,171
314,171
0,172
196,172
198,172
198,172
240,172
300,172
313,172
315,172
0,173
198,173
240,173
300,173
313,173
315,173
0,174
198,174
240,174
300,174
313,174
315,174
0,175
198,175
240,175
300,175
313,175
315,175
0,176
198,176
207,176
207,176
240,176
298,176
313,176
315,176
0,177
198,177
207,177
211,177
240,177
288,177
292,177
298,177
313,177
314,177
0,178
199,178
207,178
213,178
216,178
216,178
240,178
288,178
292,178
298,178
311,178
311,178
313,178
313,178
0,179
199,179
208,179
215,179
240,179
288,179
293,179
296,179
310,179
313,179
0,180
199,180
210,180
213,180
240,180
288,180
295,180
296,180
309,180
313,180
0,181
199,181
210,181
214,181
240,181
288,181
296,181
297,181
308,181
312,181
0,182
200,182
212,182
214,182
240,182
288,182
297,182
297,182
308,182
308,182
310,182
312,182
0,183
200,183
212,183
214,183
240,183
288,183
307,183
310,183
0,184
201,184
223,184
223,184
240,184
287,184
306,184
307,184
309,184
310,184
0,185
202,185
218,185
218,185
222,185
224,185
240,185
287,185
305,185
309,185
0,186
202,186
217,186
217,186
222,186
224,186
240,186
287,186
303,186
308,186
0,187
203,187
221,187
224,187
240,187
286,187
301,187
307,187
0,188
204,188
222,188
225,188
240,188
286,188
299,188
303,188
305,188
306,188
0,189
202,189
204,189
205,189
224,189
226,189
240,189
285,189
299,189
300,189
302,189
305,189
0,190
206,190
226,190
226,190
240,190
285,190
296,190
303,190
0,191
207,191
240,191
283,191
285,191
285,191
294,191
296,191
298,191
302,191
0,192
209,192
240,192
275,192
277,192
285,192
291,192
295,192
297,192
301,192
0,193
210,193
240,193
274,193
278,193
287,193
289,193
291,193
293,193
299,193
0,194
211,194
240,194
273,194
278,194
298,194
0,195
213,195
240,195
272,195
279,195
297,195
0,196
210,196
212,196
214,196
240,196
272,196
279,196
286,196
292,196
295,196
0,197
215,197
240,197
271,197
280,197
293,197
0,198
213,198
240,198
269,198
281,198
283,198
285,198
291,198
0,199
213,199
240,199
268,199
285,199
286,199
0,200
213,200
240,200
266,200
268,200
268,200
284,200
284,200
0,201
212,201
240,201
266,201
268,201
268,201
323,201
325,201
331,201
335,201
0,202
212,202
240,202
268,202
322,202
337,202
0,203
211,203
240,203
269,203
322,203
327,203
332,203
338,203
0,204
211,204
240,204
268,204
322,204
339,204
0,205
210,205
240,205
268,205
322,205
340,205
0,206
210,206
240,206
268,206
322,206
340,206
0,207
210,207
240,207
268,207
322,207
341,207
0,208
209,208
240,208
268,208
323,208
342,208
0,209
209,209
240,209
268,209
324,209
343,209
0,210
209,210
240,210
268,210
270,210
271,210
326,210
344,210
0,211
209,211
240,211
271,211
326,211
346,211
0,212
208,212
240,212
278,212
326,212
347,212
0,213
208,213
240,213
279,213
328,213
348,213
0,214
208,214
240,214
283,214
326,214
348,214
0,215
208,215
240,215
289,215
326,215
350,215
0,216
208,216
240,216
294,216
325,216
350,216
352,216
352,216
0,217
208,217
240,217
305,217
324,217
350,217
0,218
208,218
240,218
317,218
323,218
355,218
0,219
209,219
240,219
319,219
323,219
356,219
0,220
209,220
240,220
319,220
322,220
356,220
0,221
209,221
240,221
319,221
322,221
356,221
0,222
209,222
240,222
357,222
0,223
209,223
240,223
358,223
0,224
210,224
240,224
319,224
321,224
357,224
0,225
211,225
240,225
357,225
0,226
211,226
240,226
357,226
0,227
211,227
240,227
357,227
0,228
211,228
240,228
357,228
0,229
211,229
240,229
358,229
0,230
211,230
240,230
359,230
0,231
211,231
240,231
357,231
360,231
360,231
0,232
211,232
240,232
358,232
360,232
360,232
0,233
211,233
240,233
362,233
0,234
211,234
240,234
320,234
322,234
362,234
0,235
211,235
240,235
320,235
329,235
363,235
0,236
211,236
240,236
319,236
330,236
341,236
344,236
344,236
346,236
364,236
0,237
211,237
240,237
319,237
340,237
340,237
346,237
365,237
0,238
211,238
240,238
290,238
293,238
318,238
347,238
366,238
0,239
211,239
240,239
290,239
297,239
318,239
347,239
367,239
0,240
211,240
240,240
290,240
302,240
318,240
348,240
368,240
0,241
211,241
240,241
290,241
308,241
317,241
349,241
368,241
0,242
211,242
240,242
291,242
308,242
317,242
349,242
369,242
0,243
211,243
240,243
291,243
311,243
316,243
351,243
370,243
0,244
211,244
240,244
291,244
314,244
314,244
351,244
371,244
0,245
211,245
240,245
292,245
351,245
372,245
0,246
212,246
240,246
292,246
352,246
373,246
0,247
212,247
240,247
293,247
353,247
373,247
0,248
212,248
240,248
293,248
354,248
375,248
0,249
212,249
240,249
293,249
354,249
373,249
375,249
375,249
0,250
212,250
240,250
294,250
355,250
376,250
0,251
212,251
240,251
294,251
355,251
377,251
0,252
212,252
240,252
294,252
355,252
378,252
0,253
212,253
240,253
294,253
356,253
379,253
0,254
212,254
240,254
295,254
357,254
380,254
0,255
212,255
240,255
295,255
358,255
380,255
0,256
212,256
240,256
295,256
359,256
382,256
0,257
212,257
240,257
294,257
359,257
382,257
0,258
212,258
240,258
293,258
360,258
383,258
0,259
212,259
240,259
293,259
360,259
384,259
0,260
212,260
240,260
294,260
361,260
385,260
0,261
211,261
240,261
294,261
361,261
385,261
0,262
211,262
240,262
294,262
362,262
362,262
364,262
386,262
0,263
211,263
240,263
296,263
362,263
362,263
364,263
387,263
0,264
211,264
240,264
291,264
293,264
298,264
364,264
388,264
0,265
211,265
240,265
288,265
291,265
299,265
365,265
388,265
0,266
211,266
240,266
288,266
292,266
299,266
366,266
389,266
0,267
211,267
240,267
282,267
285,267
287,267
292,267
302,267
366,267
390,267
0,268
211,268
240,268
283,268
286,268
287,268
293,268
302,268
367,268
390,268
0,269
211,269
240,269
283,269
287,269
287,269
293,269
302,269
368,269
390,269
0,270
211,270
240,270
283,270
287,270
287,270
294,270
300,270
370,270
388,270
390,270
390,270
0,271
211,271
240,271
283,271
287,271
287,271
294,271
300,271
372,271
387,271
389,271
390,271
0,272
211,272
240,272
282,272
287,272
287,272
295,272
299,272
374,272
387,272
389,272
389,272
0,273
210,273
240,273
282,273
287,273
287,273
295,273
299,273
377,273
387,273
389,273
389,273
0,274
210,274
240,274
282,274
287,274
287,274
296,274
298,274
380,274
386,274
0,275
210,275
240,275
283,275
287,275
287,275
296,275
296,275
380,275
383,275
385,275
386,275
0,276
210,276
240,276
280,276
283,276
283,276
287,276
287,276
384,276
385,276
0,277
210,277
240,277
280,277
283,277
283,277
287,277
287,277
0,278
210,278
240,278
280,278
283,278
283,278
287,278
287,278
0,279
210,279
240,279
279,279
283,279
283,279
287,279
287,279
0,280
209,280
240,280
279,280
283,280
283,280
287,280
287,280
0,281
209,281
240,281
276,281
278,281
278,281
287,281
287,281
0,282
209,282
240,282
276,282
287,282
287,282
0,283
209,283
240,283
277,283
287,283
287,283
0,284
207,284
209,284
210,284
240,284
278,284
284,284
284,284
287,284
287,284
0,285
210,285
240,285
278,285
284,285
284,285
287,285
287,285
0,286
210,286
240,286
279,286
287,286
287,286
0,287
209,287
240,287
279,287
287,287
287,287
0,288
209,288
240,288
279,288
287,288
288,288
0,289
209,289
240,289
280,289
287,289
288,289
0,290
209,290
240,290
280,290
288,290
288,290
0,291
209,291
240,291
281,291
288,291
288,291
0,292
209,292
240,292
281,292
288,292
288,292
0,293
208,293
240,293
281,293
288,293
288,293
0,294
208,294
240,294
282,294
288,294
288,294
0,295
208,295
240,295
282,295
288,295
288,295
0,296
208,296
240,296
284,296
288,296
288,296
0,297
208,297
240,297
284,297
288,297
288,297
0,298
208,298
240,298
284,298
288,298
288,298
0,299
207,299
240,299
284,299
288,299
288,299
0,300
207,300
240,300
285,300
288,300
288,300
0,301
207,301
240,301
285,301
288,301
288,301
0,302
206,302
240,302
286,302
288,302
289,302
0,303
206,303
240,303
286,303
288,303
289,303
0,304
206,304
240,304
289,304
0,305
206,305
240,305
289,305
0,306
205,306
240,306
289,306
0,307
205,307
240,307
289,307
0,308
205,308
240,308
289,308
0,309
205,309
240,309
289,309
0,310
204,310
240,310
289,310
0,311
204,311
240,311
290,311
0,312
204,312
240,312
290,312
0,313
203,313
240,313
290,313
0,314
203,314
240,314
291,314
0,315
202,315
240,315
291,315
0,316
201,316
240,316
292,316
0,317
201,317
240,317
292,317
0,318
201,318
240,318
293,318
0,319
200,319
240,319
293,319
0,320
199,320
240,320
294,320
0,321
199,321
240,321
294,321
0,322
199,322
240,322
294,322
0,323
198,323
240,323
295,323
0,324
198,324
240,324
295,324
0,325
197,325
240,325
296,325
0,326
197,326
240,326
295,326
0,327
196,327
240,327
295,327
0,328
196,328
240,328
294,328
0,329
195,329
240,329
294,329
0,330
195,330
240,330
294,330
0,331
195,331
240,331
296,331
0,332
194,332
240,332
296,332
0,333
194,333
240,333
298,333
0,334
194,334
240,334
298,334
0,335
193,335
240,335
299,335
0,336
193,336
240,336
299,336
0,337
192,337
240,337
300,337
0,338
192,338
240,338
301,338
0,339
192,339
240,339
302,339
0,340
191,340
240,340
303,340
0,341
191,341
240,341
304,341
0,342
190,342
240,342
306,342
0,343
190,343
240,343
306,343
0,344
190,344
240,344
307,344
0,345
189,345
240,345
308,345
0,346
189,346
240,346
309,346
0,347
188,347
240,347
291,347
294,347
310,347
0,348
188,348
240,348
291,348
294,348
310,348
0,349
188,349
240,349
290,349
295,349
297,349
299,349
310,349
0,350
187,350
240,350
290,350
297,350
311,350
0,351
187,351
240,351
291,351
298,351
311,351
0,352
186,352
240,352
291,352
300,352
311,352
0,353
186,353
240,353
291,353
300,353
311,353
0,354
186,354
240,354
291,354
300,354
311,354
0,355
186,355
240,355
291,355
300,355
311,355
0,356
185,356
240,356
291,356
300,356
311,356
0,357
185,357
240,357
291,357
294,357
295,357
299,357
311,357
0,358
184,358
240,358
291,358
294,358
295,358
299,358
311,358
0,359
184,359
240,359
291,359
294,359
296,359
299,359
311,359
