0,0
232,0
0,1
232,1
0,2
232,2
0,3
232,3
0,4
232,4
0,5
232,5
0,6
232,6
0,7
232,7
0,8
232,8
0,9
232,9
0,10
232,10
0,11
232,11
0,12
232,12
0,13
232,13
0,14
232,14
0,15
232,15
0,16
232,16
0,17
232,17
0,18
232,18
0,19
232,19
0,20
232,20
0,21
232,21
0,22
232,22
0,23
232,23
0,24
232,24
0,25
232,25
0,26
232,26
0,27
232,27
0,28
232,28
0,29
232,29
0,30
232,30
0,31
232,31
0,32
232,32
0,33
232,33
0,34
232,34
0,35
232,35
0,36
232,36
0,37
232,37
0,38
232,38
0,39
232,39
0,40
232,40
0,41
232,41
0,42
232,42
0,43
200,43
204,43
232,43
0,44
199,44
205,44
232,44
0,45
198,45
208,45
232,45
0,46
198,46
207,46
232,46
0,47
198,47
207,47
232,47
0,48
197,48
208,48
232,48
0,49
197,49
209,49
232,49
0,50
197,50
210,50
232,50
0,51
196,51
210,51
232,51
0,52
196,52
211,52
232,52
0,53
196,53
211,53
232,53
0,54
196,54
212,54
232,54
0,55
196,55
213,55
232,55
0,56
196,56
213,56
232,56
0,57
195,57
214,57
232,57
0,58
195,58
214,58
232,58
0,59
195,59
215,59
232,59
0,60
195,60
215,60
232,60
0,61
195,61
215,61
232,61
0,62
195,62
215,62
232,62
0,63
195,63
215,63
232,63
0,64
194,64
216,64
232,64
0,65
194,65
216,65
232,65
0,66
194,66
215,66
232,66
0,67
194,67
216,67
232,67
0,68
194,68
216,68
232,68
0,69
194,69
216,69
232,69
0,70
194,70
216,70
232,70
0,71
194,71
216,71
232,71
0,72
194,72
216,72
232,72
0,73
194,73
216,73
232,73
0,74
194,74
216,74
232,74
0,75
194,75
216,75
232,75
0,76
195,76
217,76
232,76
0,77
195,77
217,77
232,77
0,78
195,78
217,78
232,78
0,79
195,79
217,79
232,79
0,80
195,80
217,80
232,80
0,81
195,81
217,81
232,81
0,82
195,82
217,82
232,82
0,83
195,83
217,83
232,83
0,84
196,84
217,84
232,84
0,85
196,85
218,85
232,85
0,86
196,86
218,86
232,86
0,87
196,87
218,87
232,87
0,88
196,88
218,88
232,88
0,89
197,89
218,89
232,89
0,90
197,90
218,90
232,90
0,91
197,91
218,91
232,91
0,92
197,92
218,92
232,92
0,93
197,93
218,93
232,93
0,94
197,94
218,94
232,94
0,95
197,95
218,95
232,95
0,96
197,96
218,96
232,96
0,97
198,97
218,97
232,97
0,98
198,98
219,98
232,98
0,99
198,99
219,99
232,99
0,100
198,100
219,100
232,100
0,101
198,101
219,101
232,101
0,102
199,102
219,102
232,102
0,103
199,103
219,103
232,103
0,104
198,104
219,104
232,104
0,105
199,105
219,105
232,105
0,106
199,106
219,106
232,106
0,107
199,107
220,107
232,107
0,108
199,108
220,108
232,108
0,109
199,109
220,109
232,109
0,110
199,110
220,110
232,110
0,111
200,111
220,111
232,111
0,112
200,112
220,112
231,112
0,113
200,113
220,113
231,113
0,114
200,114
221,114
231,114
0,115
200,115
221,115
231,115
0,116
200,116
221,116
231,116
0,117
200,117
221,117
231,117
0,118
201,118
221,118
231,118
0,119
201,119
221,119
231,119
0,120
201,120
221,120
231,120
0,121
201,121
221,121
231,121
0,122
201,122
221,122
231,122
0,123
202,123
221,123
231,123
0,124
201,124
221,124
231,124
0,125
201,125
221,125
231,125
0,126
202,126
221,126
231,126
0,127
202,127
222,127
231,127
0,128
202,128
222,128
231,128
0,129
202,129
222,129
231,129
0,130
202,130
222,130
231,130
0,131
203,131
222,131
231,131
0,132
203,132
222,132
231,132
0,133
203,133
222,133
231,133
0,134
203,134
222,134
231,134
0,135
203,135
222,135
231,135
0,136
203,136
222,136
231,136
0,137
204,137
222,137
231,137
0,138
204,138
222,138
231,138
0,139
204,139
222,139
231,139
0,140
204,140
223,140
231,140
0,141
204,141
222,141
231,141
0,142
205,142
223,142
231,142
0,143
205,143
223,143
231,143
0,144
205,144
223,144
231,144
0,145
205,145
223,145
231,145
0,146
205,146
223,146
231,146
0,147
205,147
223,147
231,147
0,148
205,148
223,148
231,148
0,149
205,149
223,149
231,149
0,150
205,150
223,150
231,150
0,151
206,151
223,151
231,151
0,152
206,152
223,152
231,152
0,153
206,153
223,153
223,153
225,153
231,153
0,154
206,154
225,154
231,154
0,155
207,155
228,155
231,155
0,156
207,156
229,156
231,156
0,157
207,157
230,157
231,157
0,158
207,158
230,158
231,158
0,159
207,159
230,159
231,159
0,160
207,160
229,160
231,160
0,161
208,161
229,161
231,161
0,162
208,162
224,162
231,162
0,163
208,163
227,163
231,163
0,164
207,164
228,164
231,164
0,165
206,165
229,165
231,165
0,166
206,166
229,166
231,166
0,167
205,167
229,167
231,167
0,168
202,168
204,168
205,168
230,168
231,168
0,169
202,169
204,169
204,169
231,169
231,169
0,170
204,170
230,170
231,170
0,171
203,171
230,171
231,171
0,172
203,172
231,172
231,172
0,173
203,173
231,173
231,173
0,174
202,174
0,175
201,175
0,176
201,176
231,176
231,176
0,177
201,177
231,177
231,177
0,178
201,178
231,178
231,178
0,179
200,179
231,179
231,179
0,180
200,180
231,180
231,180
0,181
200,181
231,181
231,181
0,182
200,182
230,182
231,182
0,183
200,183
230,183
231,183
0,184
199,184
230,184
231,184
0,185
199,185
230,185
231,185
0,186
199,186
229,186
231,186
0,187
199,187
229,187
231,187
0,188
198,188
228,188
231,188
0,189
198,189
227,189
231,189
0,190
198,190
227,190
231,190
0,191
198,191
227,191
231,191
0,192
198,192
228,192
231,192
0,193
197,193
228,193
231,193
0,194
197,194
228,194
231,194
0,195
194,195
228,195
231,195
0,196
193,196
228,196
231,196
0,197
192,197
228,197
231,197
0,198
192,198
228,198
231,198
0,199
193,199
229,199
231,199
0,200
193,200
228,200
231,200
0,201
193,201
229,201
231,201
0,202
193,202
229,202
231,202
0,203
193,203
229,203
231,203
0,204
193,204
229,204
231,204
0,205
193,205
229,205
231,205
0,206
193,206
229,206
231,206
0,207
193,207
230,207
231,207
0,208
192,208
230,208
231,208
0,209
192,209
230,209
231,209
0,210
192,210
230,210
231,210
0,211
192,211
230,211
231,211
0,212
192,212
230,212
231,212
0,213
192,213
230,213
231,213
0,214
192,214
230,214
231,214
0,215
192,215
230,215
231,215
0,216
192,216
229,216
231,216
0,217
192,217
228,217
231,217
0,218
192,218
227,218
231,218
0,219
192,219
218,219
218,219
224,219
231,219
0,220
192,220
218,220
221,220
223,220
231,220
0,221
192,221
218,221
222,221
227,221
231,221
0,222
192,222
217,222
231,222
0,223
192,223
217,223
231,223
0,224
192,224
217,224
220,224
222,224
223,224
231,224
231,224
0,225
192,225
217,225
221,225
0,226
192,226
217,226
220,226
0,227
192,227
217,227
218,227
0,228
192,228
217,228
217,228
0,229
192,229
217,229
217,229
234,229
234,229
0,230
192,230
234,230
236,230
0,231
192,231
234,231
236,231
0,232
192,232
234,232
237,232
0,233
192,233
234,233
238,233
0,234
191,234
234,234
240,234
0,235
191,235
234,235
241,235
0,236
191,236
234,236
241,236
0,237
191,237
234,237
242,237
0,238
190,238
234,238
244,238
0,239
189,239
234,239
244,239
0,240
186,240
234,240
245,240
248,240
252,240
0,241
185,241
234,241
256,241
258,241
258,241
0,242
184,242
234,242
261,242
0,243
184,243
234,243
262,243
0,244
183,244
234,244
263,244
0,245
183,245
234,245
264,245
0,246
183,246
234,246
264,246
0,247
183,247
234,247
265,247
0,248
183,248
234,248
264,248
0,249
183,249
234,249
265,249
0,250
183,250
234,250
265,250
0,251
183,251
234,251
265,251
0,252
183,252
234,252
265,252
0,253
183,253
234,253
266,253
0,254
179,254
234,254
266,254
0,255
177,255
234,255
266,255
0,256
176,256
234,256
267,256
0,257
175,257
234,257
268,257
0,258
175,258
234,258
269,258
0,259
175,259
234,259
270,259
0,260
175,260
234,260
271,260
0,261
175,261
234,261
271,261
0,262
175,262
234,262
271,262
0,263
175,263
234,263
272,263
0,264
174,264
234,264
272,264
0,265
174,265
234,265
272,265
0,266
174,266
234,266
273,266
0,267
173,267
234,267
273,267
0,268
172,268
234,268
274,268
0,269
172,269
234,269
275,269
0,270
171,270
234,270
275,270
0,271
171,271
234,271
272,271
0,272
171,272
234,272
271,272
0,273
171,273
234,273
272,273
0,274
171,274
234,274
272,274
0,275
172,275
234,275
272,275
0,276
173,276
234,276
273,276
0,277
173,277
234,277
273,277
0,278
174,278
234,278
274,278
0,279
174,279
234,279
274,279
0,280
173,280
234,280
275,280
0,281
173,281
234,281
271,281
273,281
274,281
276,281
276,281
0,282
173,282
234,282
272,282
0,283
173,283
234,283
271,283
0,284
173,284
234,284
271,284
0,285
174,285
234,285
270,285
0,286
174,286
234,286
267,286
269,286
270,286
0,287
175,287
234,287
269,287
0,288
175,288
234,288
268,288
0,289
175,289
234,289
268,289
0,290
175,290
234,290
267,290
0,291
175,291
234,291
267,291
0,292
176,292
234,292
267,292
0,293
176,293
234,293
266,293
0,294
178,294
234,294
265,294
0,295
179,295
234,295
265,295
0,296
180,296
234,296
265,296
0,297
178,297
180,297
181,297
234,297
266,297
0,298
179,298
234,298
268,298
0,299
178,299
234,299
269,299
0,300
177,300
234,300
266,300
0,301
177,301
234,301
266,301
0,302
176,302
234,302
266,302
0,303
176,303
234,303
266,303
0,304
176,304
234,304
266,304
0,305
176,305
234,305
267,305
0,306
176,306
234,306
267,306
0,307
176,307
234,307
265,307
268,307
268,307
0,308
176,308
234,308
264,308
0,309
176,309
234,309
264,309
0,310
176,310
234,310
262,310
264,310
264,310
0,311
176,311
234,311
259,311
261,311
264,311
0,312
176,312
234,312
259,312
262,312
264,312
0,313
177,313
234,313
259,313
263,313
264,313
0,314
177,314
234,314
259,314
263,314
263,314
0,315
175,315
177,315
177,315
234,315
259,315
0,316
176,316
234,316
251,316
253,316
259,316
0,317
175,317
234,317
253,317
255,317
256,317
258,317
260,317
0,318
174,318
234,318
253,318
256,318
261,318
0,319
174,319
234,319
252,319
257,319
257,319
259,319
259,319
261,319
261,319
0,320
173,320
234,320
252,320
259,320
259,320
261,320
262,320
0,321
172,321
234,321
251,321
260,321
262,321
0,322
172,322
234,322
251,322
261,322
263,322
0,323
171,323
180,323
180,323
234,323
251,323
262,323
263,323
0,324
171,324
179,324
180,324
234,324
245,324
249,324
251,324
262,324
263,324
0,325
170,325
178,325
180,325
234,325
246,325
250,325
251,325
262,325
264,325
0,326
170,326
178,326
179,326
185,326
185,326
234,326
246,326
249,326
255,326
263,326
264,326
0,327
170,327
177,327
179,327
184,327
186,327
234,327
258,327
263,327
264,327
0,328
169,328
177,328
179,328
184,328
186,328
234,328
264,328
0,329
169,329
176,329
179,329
184,329
186,329
234,329
265,329
0,330
169,330
176,330
179,330
185,330
186,330
234,330
265,330
0,331
167,331
169,331
169,331
175,331
179,331
186,331
186,331
234,331
266,331
0,332
168,332
175,332
177,332
179,332
179,332
186,332
186,332
234,332
267,332
0,333
168,333
175,333
179,333
185,333
186,333
234,333
267,333
0,334
168,334
175,334
179,334
185,334
187,334
234,334
267,334
0,335
168,335
175,335
179,335
185,335
187,335
234,335
267,335
0,336
168,336
175,336
179,336
186,336
187,336
192,336
192,336
234,336
268,336
0,337
169,337
175,337
179,337
186,337
187,337
192,337
192,337
234,337
268,337
0,338
169,338
176,338
179,338
186,338
187,338
192,338
192,338
234,338
268,338
0,339
169,339
176,339
179,339
186,339
187,339
192,339
192,339
234,339
268,339
0,340
169,340
177,340
179,340
186,340
187,340
192,340
192,340
234,340
268,340
0,341
170,341
178,341
179,341
186,341
187,341
192,341
192,341
234,341
268,341
0,342
170,342
179,342
179,342
186,342
187,342
192,342
192,342
234,342
269,342
0,343
171,343
186,343
187,343
192,343
192,343
234,343
269,343
0,344
171,344
186,344
187,344
234,344
269,344
0,345
172,345
186,345
187,345
234,345
269,345
0,346
172,346
186,346
187,346
234,346
269,346
0,347
173,347
186,347
187,347
234,347
269,347
0,348
174,348
234,348
269,348
0,349
174,349
234,349
269,349
0,350
175,350
234,350
268,350
0,351
176,351
234,351
269,351
0,352
178,352
234,352
269,352
0,353
179,353
234,353
269,353
0,354
179,354
234,354
270,354
0,355
179,355
234,355
272,355
0,356
179,356
234,356
273,356
0,357
179,357
184,357
184,357
234,357
275,357
0,358
179,358
234,358
276,358
0,359
179,359
186,359
187,359
234,359
277,359
