0,0
188,0
0,1
188,1
0,2
188,2
0,3
188,3
0,4
188,4
0,5
188,5
0,6
188,6
0,7
188,7
0,8
188,8
0,9
188,9
0,10
188,10
0,11
188,11
0,12
188,12
0,13
188,13
0,14
188,14
0,15
188,15
0,16
188,16
0,17
188,17
0,18
188,18
0,19
188,19
0,20
188,20
0,21
188,21
0,22
188,22
0,23
188,23
0,24
188,24
0,25
188,25
0,26
188,26
0,27
188,27
0,28
188,28
0,29
188,29
0,30
188,30
0,31
188,31
0,32
188,32
0,33
188,33
0,34
188,34
0,35
188,35
0,36
188,36
0,37
188,37
0,38
188,38
0,39
188,39
0,40
188,40
0,41
188,41
0,42
188,42
0,43
188,43
0,44
188,44
0,45
188,45
0,46
188,46
0,47
188,47
0,48
188,48
0,49
188,49
0,50
188,50
0,51
188,51
0,52
188,52
0,53
188,53
0,54
188,54
0,55
183,55
0,56
180,56
191,56
192,56
194,56
194,56
0,57
180,57
191,57
192,57
196,57
196,57
0,58
179,58
191,58
192,58
194,58
194,58
197,58
198,58
0,59
179,59
191,59
192,59
194,59
199,59
0,60
179,60
191,60
192,60
194,60
200,60
0,61
177,61
191,61
192,61
194,61
201,61
0,62
177,62
191,62
192,62
194,62
203,62
227,62
229,62
0,63
176,63
191,63
192,63
194,63
203,63
205,63
205,63
225,63
229,63
0,64
175,64
191,64
209,64
224,64
230,64
0,65
172,65
191,65
211,65
224,65
230,65
0,66
172,66
191,66
213,66
223,66
231,66
0,67
170,67
191,67
215,67
223,67
231,67
0,68
170,68
191,68
231,68
0,69
167,69
191,69
232,69
0,70
167,70
191,70
232,70
0,71
166,71
191,71
232,71
0,72
165,72
191,72
230,72
232,72
232,72
0,73
164,73
191,73
230,73
232,73
233,73
0,74
164,74
191,74
232,74
0,75
164,75
191,75
232,75
0,76
162,76
191,76
233,76
0,77
162,77
191,77
233,77
0,78
162,78
191,78
231,78
233,78
233,78
0,79
160,79
191,79
233,79
0,80
159,80
191,80
233,80
0,81
159,81
191,81
233,81
0,82
158,82
191,82
234,82
0,83
158,83
191,83
234,83
0,84
158,84
191,84
234,84
0,85
157,85
191,85
234,85
0,86
154,86
191,86
234,86
0,87
154,87
191,87
234,87
0,88
152,88
191,88
235,88
0,89
149,89
191,89
236,89
238,89
240,89
0,90
149,90
191,90
236,90
238,90
239,90
0,91
149,91
191,91
239,91
0,92
149,92
191,92
238,92
0,93
149,93
191,93
238,93
0,94
149,94
191,94
238,94
0,95
152,95
191,95
237,95
0,96
153,96
191,96
237,96
0,97
153,97
191,97
236,97
0,98
150,98
191,98
236,98
0,99
149,99
191,99
235,99
0,100
148,100
191,100
235,100
0,101
146,101
191,101
235,101
0,102
145,102
191,102
236,102
0,103
143,103
191,103
236,103
238,103
239,103
242,103
243,103
0,104
140,104
142,104
143,104
191,104
243,104
0,105
141,105
191,105
243,105
0,106
141,106
191,106
242,106
0,107
140,107
191,107
241,107
0,108
136,108
138,108
139,108
191,108
239,108
0,109
138,109
149,109
150,109
191,109
240,109
248,109
248,109
0,110
137,110
149,110
151,110
191,110
239,110
248,110
249,110
0,111
137,111
147,111
147,111
151,111
151,111
191,111
239,111
248,111
249,111
0,112
136,112
146,112
146,112
148,112
151,112
191,112
239,112
247,112
249,112
0,113
134,113
145,113
146,113
148,113
151,113
191,113
239,113
247,113
250,113
0,114
134,114
144,114
151,114
191,114
239,114
248,114
250,114
0,115
134,115
143,115
143,115
146,115
151,115
191,115
233,115
236,115
239,115
248,115
250,115
8,116
134,116
143,116
151,116
191,116
233,116
237,116
240,116
248,116
250,116
10,117
133,117
141,117
150,117
191,117
232,117
238,117
241,117
248,117
250,117
21,118
133,118
141,118
150,118
191,118
231,118
239,118
241,118
249,118
250,118
23,119
133,119
140,119
148,119
191,119
231,119
239,119
241,119
249,119
250,119
28,120
116,120
127,120
132,120
139,120
148,120
191,120
232,120
240,120
242,120
249,120
250,120
32,121
110,121
128,121
132,121
139,121
146,121
191,121
233,121
240,121
242,121
249,121
251,121
39,122
104,122
128,122
131,122
138,122
146,122
191,122
219,122
224,122
225,122
230,122
234,122
241,122
244,122
249,122
251,122
42,123
43,123
45,123
103,123
128,123
131,123
138,123
146,123
191,123
219,123
224,123
225,123
232,123
235,123
242,123
244,123
249,123
251,123
46,124
103,124
128,124
130,124
138,124
146,124
191,124
219,124
223,124
224,124
232,124
236,124
242,124
245,124
249,124
252,124
46,125
103,125
128,125
130,125
138,125
146,125
191,125
218,125
223,125
227,125
232,125
237,125
242,125
246,125
248,125
252,125
46,126
104,126
128,126
129,126
137,126
146,126
191,126
217,126
225,126
228,126
233,126
238,126
242,126
252,126
48,127
105,127
128,127
129,127
137,127
148,127
191,127
217,127
225,127
229,127
234,127
253,127
50,128
107,128
127,128
128,128
136,128
149,128
191,128
217,128
226,128
230,128
235,128
253,128
53,129
107,129
128,129
130,129
136,129
149,129
191,129
216,129
227,129
232,129
235,129
253,129
56,130
109,130
129,130
129,130
136,130
149,130
152,130
152,130
191,130
216,130
229,130
254,130
56,131
109,131
136,131
150,131
152,131
152,131
191,131
215,131
231,131
255,131
58,132
109,132
136,132
137,132
139,132
151,132
191,132
215,132
232,132
255,132
61,133
110,133
137,133
153,133
191,133
215,133
234,133
256,133
63,134
111,134
138,134
154,134
191,134
214,134
235,134
257,134
261,134
261,134
64,135
84,135
139,135
154,135
156,135
156,135
191,135
214,135
236,135
258,135
260,135
262,135
0,136
0,136
36,136
47,136
141,136
142,136
191,136
209,136
212,136
214,136
237,136
262,136
0,137
0,137
34,137
38,137
142,137
143,137
191,137
208,137
212,137
214,137
238,137
262,137
0,138
1,138
4,138
6,138
191,138
208,138
212,138
213,138
238,138
261,138
0,139
1,139
4,139
4,139
191,139
204,139
206,139
207,139
212,139
213,139
239,139
261,139
0,140
2,140
191,140
199,140
203,140
203,140
207,140
207,140
213,140
213,140
240,140
261,140
0,141
1,141
191,141
199,141
203,141
203,141
207,141
207,141
213,141
213,141
241,141
261,141
0,142
1,142
191,142
201,142
203,142
203,142
207,142
207,142
242,142
261,142
1,143
2,143
191,143
203,143
242,143
261,143
0,144
3,144
191,144
207,144
243,144
261,144
0,145
3,145
191,145
207,145
244,145
261,145
0,146
2,146
191,146
210,146
245,146
260,146
0,147
1,147
191,147
212,147
245,147
260,147
0,148
0,148
191,148
209,148
213,148
214,148
247,148
261,148
0,149
0,149
191,149
216,149
249,149
261,149
191,150
215,150
217,150
218,150
249,150
262,150
191,151
207,151
209,151
218,151
220,151
220,151
249,151
265,151
191,152
223,152
248,152
267,152
191,153
223,153
248,153
268,153
191,154
225,154
248,154
269,154
191,155
226,155
241,155
242,155
249,155
270,155
191,156
213,156
218,156
218,156
220,156
228,156
242,156
243,156
248,156
267,156
269,156
270,156
191,157
213,157
220,157
231,157
240,157
240,157
242,157
243,157
247,157
270,157
52,158
67,158
76,158
85,158
191,158
214,158
220,158
232,158
239,158
269,158
52,159
67,159
74,159
76,159
80,159
93,159
191,159
215,159
219,159
231,159
234,159
234,159
239,159
269,159
52,160
67,160
72,160
104,160
191,160
269,160
52,161
67,161
69,161
109,161
191,161
269,161
51,162
112,162
191,162
269,162
51,163
112,163
191,163
269,163
51,164
112,164
191,164
269,164
51,165
112,165
191,165
268,165
50,166
112,166
191,166
268,166
49,167
113,167
191,167
268,167
45,168
114,168
191,168
268,168
0,169
0,169
2,169
9,169
27,169
116,169
191,169
268,169
0,170
12,170
28,170
116,170
191,170
268,170
0,171
14,171
19,171
20,171
22,171
119,171
191,171
268,171
0,172
17,172
19,172
134,172
191,172
267,172
0,173
134,173
191,173
267,173
0,174
133,174
191,174
239,174
242,174
267,174
0,175
134,175
191,175
239,175
242,175
267,175
0,176
134,176
191,176
240,176
243,176
267,176
0,177
134,177
191,177
241,177
245,177
267,177
0,178
134,178
191,178
242,178
245,178
266,178
0,179
133,179
191,179
242,179
246,179
266,179
0,180
133,180
191,180
266,180
0,181
133,181
191,181
266,181
0,182
132,182
191,182
266,182
0,183
132,183
191,183
266,183
0,184
132,184
191,184
266,184
0,185
131,185
191,185
266,185
0,186
131,186
191,186
266,186
0,187
130,187
191,187
198,187
201,187
266,187
0,188
130,188
191,188
197,188
202,188
266,188
0,189
130,189
191,189
193,189
195,189
196,189
203,189
265,189
0,190
130,190
191,190
195,190
205,190
265,190
0,191
130,191
191,191
194,191
205,191
265,191
0,192
130,192
191,192
193,192
205,192
265,192
0,193
130,193
191,193
192,193
208,193
219,193
223,193
264,193
0,194
130,194
190,194
192,194
209,194
215,194
217,194
218,194
224,194
264,194
0,195
130,195
190,195
191,195
212,195
214,195
226,195
264,195
0,196
130,196
190,196
191,196
228,196
264,196
0,197
130,197
190,197
190,197
229,197
265,197
0,198
130,198
230,198
265,198
0,199
129,199
232,199
265,199
0,200
129,200
233,200
266,200
0,201
129,201
232,201
266,201
0,202
129,202
232,202
266,202
0,203
129,203
232,203
267,203
0,204
129,204
232,204
267,204
0,205
129,205
232,205
268,205
0,206
129,206
232,206
268,206
0,207
128,207
232,207
241,207
246,207
268,207
0,208
128,208
233,208
241,208
249,208
268,208
0,209
128,209
233,209
241,209
259,209
268,209
0,210
128,210
233,210
241,210
259,210
269,210
0,211
128,211
233,211
241,211
259,211
269,211
0,212
128,212
233,212
242,212
259,212
270,212
0,213
128,213
232,213
242,213
260,213
270,213
0,214
128,214
232,214
242,214
260,214
270,214
0,215
128,215
233,215
242,215
261,215
271,215
0,216
128,216
233,216
242,216
261,216
270,216
0,217
128,217
233,217
242,217
261,217
271,217
0,218
127,218
233,218
242,218
261,218
271,218
0,219
127,219
233,219
243,219
261,219
271,219
0,220
127,220
233,220
243,220
261,220
272,220
0,221
127,221
232,221
246,221
248,221
248,221
261,221
271,221
0,222
127,222
232,222
250,222
261,222
272,222
0,223
127,223
232,223
256,223
262,223
272,223
0,224
127,224
232,224
255,224
263,224
273,224
0,225
127,225
232,225
249,225
259,225
261,225
263,225
273,225
0,226
127,226
232,226
250,226
255,226
273,226
0,227
127,227
232,227
242,227
246,227
247,227
250,227
250,227
256,227
258,227
260,227
273,227
0,228
126,228
232,228
242,228
247,228
249,228
258,228
273,228
0,229
126,229
232,229
242,229
248,229
251,229
260,229
274,229
0,230
126,230
232,230
242,230
250,230
253,230
262,230
274,230
0,231
126,231
232,231
242,231
251,231
255,231
265,231
276,231
0,232
125,232
190,232
190,232
232,232
242,232
254,232
257,232
264,232
276,232
0,233
125,233
190,233
190,233
232,233
242,233
256,233
258,233
264,233
265,233
270,233
280,233
0,234
124,234
190,234
192,234
232,234
242,234
257,234
260,234
264,234
264,234
271,234
271,234
274,234
283,234
0,235
124,235
190,235
192,235
232,235
242,235
258,235
261,235
264,235
264,235
276,235
284,235
0,236
124,236
190,236
192,236
232,236
242,236
260,236
262,236
264,236
264,236
276,236
277,236
279,236
286,236
288,236
288,236
0,237
123,237
190,237
192,237
194,237
194,237
232,237
242,237
261,237
262,237
264,237
264,237
278,237
289,237
0,238
123,238
190,238
192,238
194,238
195,238
232,238
242,238
262,238
264,238
279,238
281,238
283,238
292,238
0,239
122,239
191,239
192,239
194,239
195,239
232,239
242,239
263,239
265,239
284,239
292,239
0,240
122,240
191,240
192,240
194,240
196,240
231,240
242,240
263,240
266,240
284,240
285,240
287,240
290,240
0,241
122,241
191,241
197,241
231,241
242,241
264,241
267,241
289,241
289,241
0,242
122,242
191,242
198,242
231,242
241,242
265,242
268,242
290,242
290,242
0,243
121,243
191,243
198,243
231,243
234,243
236,243
241,243
267,243
269,243
0,244
121,244
191,244
199,244
232,244
233,244
240,244
241,244
267,244
270,244
0,245
121,245
191,245
199,245
232,245
233,245
267,245
271,245
0,246
121,246
191,246
200,246
232,246
232,246
268,246
271,246
0,247
120,247
191,247
192,247
194,247
200,247
268,247
271,247
0,248
120,248
191,248
192,248
194,248
201,248
269,248
272,248
0,249
120,249
191,249
192,249
194,249
202,249
270,249
273,249
0,250
119,250
191,250
192,250
194,250
200,250
202,250
202,250
271,250
274,250
0,251
119,251
191,251
192,251
194,251
203,251
272,251
274,251
0,252
119,252
191,252
192,252
194,252
203,252
272,252
275,252
0,253
119,253
191,253
192,253
194,253
204,253
272,253
276,253
0,254
119,254
191,254
192,254
194,254
204,254
273,254
276,254
0,255
119,255
191,255
205,255
273,255
277,255
0,256
117,256
191,256
205,256
274,256
277,256
0,257
117,257
191,257
206,257
274,257
278,257
0,258
116,258
191,258
206,258
275,258
279,258
0,259
116,259
191,259
207,259
275,259
280,259
0,260
115,260
191,260
207,260
276,260
277,260
0,261
115,261
191,261
207,261
0,262
114,262
191,262
207,262
0,263
114,263
191,263
209,263
0,264
114,264
191,264
209,264
0,265
113,265
191,265
210,265
0,266
113,266
191,266
210,266
0,267
112,267
191,267
210,267
0,268
112,268
191,268
211,268
0,269
112,269
191,269
211,269
0,270
111,270
191,270
211,270
0,271
111,271
191,271
211,271
0,272
110,272
191,272
212,272
0,273
110,273
191,273
212,273
0,274
110,274
191,274
213,274
0,275
109,275
191,275
214,275
0,276
108,276
191,276
214,276
0,277
108,277
191,277
213,277
0,278
107,278
191,278
212,278
0,279
107,279
191,279
212,279
0,280
107,280
191,280
212,280
0,281
107,281
191,281
212,281
0,282
107,282
191,282
213,282
0,283
106,283
191,283
214,283
0,284
106,284
191,284
215,284
0,285
106,285
191,285
216,285
0,286
105,286
191,286
217,286
0,287
105,287
191,287
218,287
0,288
106,288
191,288
220,288
0,289
107,289
191,289
221,289
0,290
108,290
191,290
221,290
0,291
106,291
191,291
219,291
223,291
223,291
0,292
106,292
191,292
224,292
0,293
105,293
191,293
226,293
0,294
105,294
191,294
224,294
226,294
227,294
0,295
104,295
191,295
228,295
0,296
104,296
191,296
227,296
0,297
104,297
191,297
228,297
0,298
103,298
191,298
228,298
0,299
102,299
191,299
229,299
0,300
102,300
191,300
231,300
0,301
102,301
191,301
232,301
0,302
101,302
191,302
233,302
0,303
101,303
191,303
233,303
0,304
101,304
191,304
234,304
0,305
99,305
101,305
101,305
191,305
231,305
233,305
234,305
0,306
99,306
101,306
101,306
191,306
234,306
0,307
99,307
191,307
234,307
0,308
100,308
191,308
233,308
0,309
100,309
191,309
232,309
0,310
100,310
191,310
231,310
0,311
99,311
191,311
231,311
0,312
100,312
191,312
227,312
229,312
229,312
0,313
99,313
191,313
229,313
0,314
100,314
191,314
226,314
0,315
100,315
191,315
223,315
0,316
100,316
191,316
220,316
0,317
100,317
191,317
217,317
219,317
220,317
0,318
100,318
191,318
218,318
0,319
100,319
191,319
216,319
0,320
100,320
191,320
217,320
0,321
100,321
191,321
217,321
0,322
99,322
191,322
218,322
0,323
99,323
191,323
218,323
0,324
101,324
191,324
219,324
0,325
101,325
191,325
219,325
0,326
102,326
191,326
219,326
0,327
102,327
191,327
220,327
0,328
102,328
191,328
220,328
0,329
104,329
191,329
221,329
0,330
104,330
191,330
221,330
0,331
105,331
191,331
222,331
0,332
107,332
191,332
222,332
0,333
108,333
179,333
180,333
191,333
222,333
0,334
110,334
175,334
180,334
190,334
223,334
0,335
111,335
172,335
180,335
191,335
223,335
0,336
114,336
172,336
181,336
190,336
224,336
0,337
115,337
172,337
182,337
191,337
224,337
0,338
117,338
120,338
122,338
172,338
182,338
191,338
224,338
0,339
124,339
172,339
182,339
191,339
225,339
0,340
126,340
172,340
183,340
191,340
225,340
0,341
129,341
171,341
184,341
192,341
226,341
0,342
129,342
171,342
184,342
193,342
226,342
0,343
129,343
171,343
184,343
193,343
226,343
0,344
129,344
171,344
184,344
194,344
226,344
0,345
128,345
171,345
186,345
194,345
227,345
0,346
128,346
171,346
186,346
194,346
227,346
0,347
128,347
171,347
186,347
194,347
228,347
0,348
128,348
170,348
186,348
195,348
228,348
0,349
128,349
170,349
188,349
195,349
229,349
0,350
128,350
170,350
188,350
196,350
229,350
0,351
128,351
170,351
188,351
196,351
229,351
0,352
128,352
170,352
188,352
197,352
230,352
0,353
128,353
170,353
188,353
198,353
230,353
0,354
128,354
170,354
188,354
198,354
228,354
230,354
230,354
0,355
128,355
170,355
188,355
199,355
230,355
0,356
128,356
170,356
188,356
199,356
230,356
0,357
128,357
170,357
188,357
200,357
231,357
0,358
128,358
170,358
188,358
200,358
232,358
0,359
128,359
170,359
188,359
200,359
232,359
