0,0
374,0
0,1
374,1
0,2
374,2
0,3
374,3
0,4
374,4
0,5
374,5
0,6
374,6
0,7
374,7
0,8
374,8
0,9
374,9
0,10
374,10
0,11
374,11
0,12
374,12
0,13
374,13
0,14
374,14
0,15
374,15
0,16
374,16
0,17
374,17
0,18
374,18
0,19
374,19
0,20
374,20
0,21
374,21
0,22
374,22
0,23
374,23
0,24
374,24
0,25
374,25
0,26
374,26
0,27
374,27
0,28
374,28
0,29
374,29
0,30
374,30
0,31
374,31
0,32
374,32
0,33
374,33
0,34
374,34
0,35
374,35
0,36
374,36
0,37
374,37
0,38
374,38
0,39
374,39
0,40
374,40
0,41
374,41
0,42
374,42
0,43
374,43
0,44
374,44
0,45
374,45
0,46
374,46
0,47
374,47
0,48
374,48
0,49
374,49
0,50
374,50
0,51
374,51
0,52
374,52
0,53
374,53
0,54
374,54
0,55
374,55
0,56
374,56
0,57
374,57
0,58
374,58
0,59
374,59
402,59
407,59
0,60
374,60
401,60
404,60
408,60
409,60
0,61
374,61
398,61
410,61
0,62
374,62
397,62
411,62
0,63
374,63
396,63
413,63
434,63
435,63
0,64
374,64
394,64
414,64
434,64
436,64
0,65
374,65
394,65
415,65
433,65
437,65
0,66
370,66
372,66
373,66
391,66
417,66
433,66
437,66
0,67
370,67
387,67
417,67
419,67
421,67
432,67
437,67
0,68
365,68
368,68
368,68
385,68
385,68
387,68
416,68
418,68
423,68
431,68
438,68
0,69
364,69
381,69
381,69
383,69
423,69
430,69
438,69
0,70
364,70
380,70
425,70
430,70
438,70
0,71
362,71
376,71
426,71
430,71
438,71
0,72
360,72
378,72
428,72
430,72
439,72
0,73
359,73
376,73
436,73
438,73
439,73
0,74
359,74
376,74
439,74
0,75
358,75
375,75
439,75
0,76
357,76
375,76
437,76
439,76
439,76
0,77
356,77
375,77
437,77
439,77
439,77
0,78
356,78
375,78
437,78
439,78
440,78
0,79
355,79
375,79
437,79
439,79
440,79
0,80
354,80
375,80
437,80
439,80
440,80
0,81
354,81
375,81
437,81
439,81
440,81
0,82
354,82
375,82
440,82
0,83
354,83
375,83
440,83
0,84
352,84
375,84
440,84
0,85
352,85
375,85
440,85
0,86
352,86
375,86
438,86
440,86
440,86
0,87
351,87
375,87
438,87
440,87
441,87
0,88
350,88
375,88
441,88
0,89
350,89
375,89
441,89
0,90
349,90
375,90
441,90
0,91
327,91
336,91
346,91
375,91
441,91
0,92
324,92
375,92
441,92
0,93
320,93
375,93
441,93
0,94
319,94
375,94
441,94
444,94
446,94
0,95
317,95
375,95
439,95
441,95
442,95
444,95
446,95
0,96
316,96
375,96
448,96
0,97
315,97
375,97
449,97
0,98
314,98
375,98
448,98
0,99
314,99
375,99
446,99
448,99
448,99
0,100
313,100
375,100
446,100
448,100
448,100
0,101
312,101
338,101
339,101
375,101
449,101
0,102
312,102
337,102
341,102
375,102
449,102
0,103
312,103
337,103
341,103
375,103
449,103
0,104
312,104
336,104
342,104
375,104
442,104
449,104
449,104
0,105
312,105
336,105
342,105
375,105
441,105
0,106
312,106
335,106
342,106
375,106
441,106
0,107
312,107
335,107
341,107
375,107
442,107
0,108
312,108
335,108
341,108
375,108
440,108
443,108
443,108
0,109
312,109
335,109
340,109
375,109
444,109
0,110
311,110
335,110
340,110
375,110
443,110
445,110
445,110
0,111
311,111
335,111
339,111
375,111
441,111
443,111
445,111
0,112
312,112
335,112
339,112
375,112
445,112
0,113
311,113
335,113
339,113
375,113
445,113
457,113
458,113
466,113
466,113
0,114
311,114
336,114
339,114
375,114
445,114
458,114
459,114
465,114
467,114
0,115
312,115
336,115
339,115
375,115
446,115
458,115
460,115
466,115
468,115
0,116
312,116
336,116
339,116
375,116
440,116
445,116
447,116
460,116
461,116
466,116
469,116
0,117
312,117
336,117
341,117
375,117
437,117
446,117
447,117
461,117
462,117
467,117
469,117
0,118
313,118
336,118
339,118
375,118
436,118
446,118
447,118
461,118
463,118
467,118
469,118
0,119
313,119
336,119
339,119
375,119
433,119
452,119
453,119
460,119
461,119
463,119
464,119
467,119
470,119
0,120
313,120
337,120
338,120
375,120
431,120
434,120
434,120
453,120
455,120
462,120
465,120
469,120
471,120
0,121
313,121
338,121
338,121
375,121
426,121
428,121
429,121
453,121
456,121
463,121
465,121
470,121
472,121
0,122
313,122
338,122
338,122
375,122
429,122
453,122
457,122
463,122
467,122
470,122
472,122
0,123
313,123
375,123
422,123
425,123
427,123
453,123
459,123
463,123
473,123
0,124
314,124
375,124
418,124
420,124
420,124
425,124
426,124
455,124
456,124
458,124
459,124
463,124
463,124
465,124
473,124
0,125
308,125
375,125
421,125
424,125
424,125
458,125
460,125
462,125
474,125
0,126
302,126
375,126
421,126
424,126
424,126
458,126
475,126
0,127
301,127
375,127
422,127
458,127
476,127
0,128
302,128
375,128
422,128
452,128
477,128
0,129
302,129
375,129
422,129
452,129
477,129
0,130
302,130
375,130
420,130
453,130
478,130
0,131
304,131
375,131
418,131
454,131
479,131
0,132
304,132
375,132
418,132
456,132
479,132
0,133
306,133
375,133
417,133
459,133
479,133
0,134
307,134
375,134
416,134
462,134
479,134
0,135
307,135
375,135
416,135
462,135
479,135
0,136
307,136
375,136
415,136
465,136
479,136
0,137
308,137
375,137
412,137
414,137
415,137
466,137
479,137
0,138
308,138
375,138
396,138
403,138
415,138
466,138
479,138
0,139
232,139
237,139
238,139
293,139
311,139
375,139
396,139
404,139
414,139
466,139
479,139
0,140
223,140
375,140
397,140
405,140
410,140
413,140
415,140
468,140
479,140
0,141
223,141
375,141
398,141
404,141
405,141
407,141
409,141
414,141
414,141
469,141
479,141
0,142
220,142
375,142
399,142
404,142
404,142
408,142
408,142
469,142
479,142
0,143
211,143
375,143
399,143
408,143
408,143
469,143
479,143
0,144
207,144
375,144
398,144
408,144
408,144
470,144
479,144
0,145
109,145
124,145
125,145
127,145
127,145
131,145
205,145
375,145
398,145
471,145
479,145
0,146
107,146
142,146
145,146
148,146
204,146
375,146
397,146
471,146
479,146
0,147
106,147
154,147
203,147
375,147
396,147
472,147
479,147
0,148
103,148
165,148
202,148
375,148
396,148
474,148
479,148
0,149
102,149
172,149
201,149
375,149
404,149
475,149
479,149
0,150
101,150
187,150
201,150
375,150
413,150
478,150
479,150
0,151
98,151
198,151
199,151
375,151
416,151
479,151
479,151
0,152
98,152
375,152
419,152
479,152
479,152
0,153
95,153
375,153
420,153
477,153
479,153
0,154
94,154
375,154
420,154
476,154
479,154
0,155
93,155
375,155
420,155
476,155
479,155
0,156
92,156
375,156
419,156
476,156
479,156
0,157
92,157
375,157
419,157
457,157
458,157
476,157
479,157
0,158
93,158
375,158
419,158
456,158
459,158
475,158
479,158
0,159
94,159
375,159
421,159
456,159
461,159
475,159
479,159
0,160
94,160
261,160
272,160
375,160
423,160
455,160
462,160
475,160
479,160
0,161
97,161
261,161
285,161
375,161
441,161
455,161
462,161
474,161
479,161
0,162
98,162
262,162
293,162
375,162
446,162
454,162
463,162
474,162
479,162
0,163
98,163
261,163
295,163
375,163
448,163
453,163
464,163
474,163
479,163
0,164
100,164
261,164
295,164
375,164
449,164
453,164
465,164
474,164
479,164
0,165
101,165
261,165
295,165
375,165
465,165
474,165
479,165
0,166
102,166
261,166
295,166
375,166
467,166
474,166
479,166
0,167
104,167
261,167
295,167
375,167
467,167
473,167
479,167
0,168
106,168
260,168
294,168
375,168
469,168
473,168
479,168
0,169
109,169
180,169
191,169
248,169
294,169
375,169
469,169
473,169
479,169
0,170
194,170
235,170
294,170
375,170
462,170
472,170
479,170
0,171
195,171
197,171
208,171
213,171
213,171
234,171
294,171
375,171
458,171
472,171
479,171
0,172
213,172
226,172
227,172
234,172
294,172
375,172
455,172
472,172
479,172
0,173
207,173
209,173
213,173
218,173
229,173
232,173
294,173
375,173
452,173
471,173
479,173
0,174
208,174
212,174
293,174
375,174
452,174
471,174
479,174
0,175
292,175
316,175
317,175
375,175
452,175
471,175
479,175
0,176
294,176
317,176
317,176
320,176
321,176
375,176
453,176
471,176
479,176
0,177
294,177
317,177
324,177
375,177
455,177
470,177
479,177
0,178
293,178
316,178
325,178
375,178
457,178
470,178
479,178
0,179
292,179
317,179
325,179
375,179
459,179
470,179
479,179
0,180
293,180
316,180
326,180
375,180
460,180
470,180
479,180
0,181
294,181
316,181
326,181
375,181
461,181
470,181
479,181
0,182
293,182
316,182
326,182
375,182
462,182
464,182
464,182
468,182
479,182
0,183
293,183
316,183
327,183
375,183
406,183
409,183
479,183
0,184
292,184
316,184
328,184
375,184
405,184
411,184
479,184
0,185
292,185
316,185
328,185
375,185
405,185
411,185
479,185
0,186
292,186
316,186
328,186
375,186
404,186
411,186
479,186
0,187
292,187
316,187
328,187
375,187
401,187
403,187
403,187
413,187
479,187
0,188
291,188
315,188
328,188
375,188
403,188
414,188
479,188
0,189
291,189
315,189
327,189
375,189
402,189
415,189
479,189
0,190
290,190
315,190
327,190
375,190
401,190
416,190
479,190
0,191
290,191
315,191
327,191
375,191
400,191
417,191
479,191
0,192
290,192
315,192
328,192
375,192
400,192
420,192
479,192
0,193
289,193
315,193
327,193
375,193
399,193
421,193
479,193
0,194
289,194
314,194
327,194
375,194
398,194
423,194
431,194
435,194
479,194
0,195
288,195
314,195
327,195
375,195
397,195
423,195
430,195
438,195
479,195
0,196
288,196
314,196
327,196
375,196
397,196
425,196
428,196
440,196
479,196
0,197
288,197
313,197
327,197
375,197
396,197
442,197
479,197
0,198
287,198
313,198
327,198
375,198
396,198
444,198
479,198
0,199
286,199
312,199
327,199
375,199
396,199
446,199
479,199
0,200
286,200
312,200
327,200
375,200
395,200
448,200
479,200
0,201
284,201
312,201
326,201
375,201
395,201
450,201
479,201
0,202
284,202
311,202
324,202
375,202
395,202
453,202
479,202
0,203
283,203
310,203
324,203
375,203
394,203
453,203
479,203
0,204
282,204
310,204
324,204
375,204
394,204
453,204
479,204
0,205
281,205
309,205
324,205
375,205
394,205
453,205
479,205
0,206
279,206
308,206
323,206
375,206
393,206
453,206
479,206
0,207
279,207
308,207
308,207
310,207
323,207
375,207
393,207
453,207
457,207
461,207
479,207
0,208
278,208
307,208
322,208
375,208
393,208
453,208
458,208
465,208
479,208
0,209
277,209
306,209
322,209
375,209
393,209
454,209
457,209
466,209
479,209
0,210
277,210
305,210
321,210
375,210
393,210
453,210
457,210
0,211
273,211
304,211
305,211
307,211
321,211
375,211
393,211
453,211
455,211
457,211
457,211
0,212
273,212
305,212
320,212
375,212
393,212
453,212
457,212
0,213
268,213
303,213
319,213
375,213
394,213
453,213
456,213
0,214
267,214
302,214
318,214
375,214
394,214
452,214
456,214
0,215
267,215
302,215
318,215
375,215
395,215
452,215
455,215
0,216
263,216
300,216
317,216
375,216
394,216
452,216
455,216
0,217
257,217
298,217
317,217
375,217
396,217
452,217
455,217
0,218
255,218
297,218
316,218
375,218
396,218
452,218
454,218
0,219
250,219
297,219
315,219
375,219
397,219
451,219
454,219
0,220
249,220
295,220
314,220
375,220
397,220
451,220
454,220
0,221
249,221
293,221
314,221
375,221
398,221
451,221
454,221
0,222
249,222
291,222
314,222
375,222
399,222
451,222
453,222
0,223
248,223
290,223
313,223
375,223
400,223
450,223
453,223
0,224
248,224
288,224
316,224
375,224
401,224
450,224
453,224
0,225
249,225
286,225
318,225
375,225
402,225
450,225
452,225
0,226
250,226
285,226
322,226
375,226
403,226
450,226
452,226
0,227
251,227
256,227
257,227
282,227
323,227
375,227
403,227
450,227
451,227
0,228
253,228
256,228
259,228
280,228
323,228
375,228
406,228
448,228
448,228
450,228
451,228
0,229
259,229
278,229
322,229
375,229
407,229
448,229
451,229
0,230
266,230
275,230
322,230
375,230
408,230
448,230
451,230
0,231
268,231
274,231
321,231
375,231
409,231
448,231
451,231
0,232
267,232
272,232
321,232
375,232
410,232
448,232
450,232
0,233
321,233
375,233
409,233
447,233
450,233
0,234
320,234
375,234
410,234
413,234
413,234
447,234
450,234
0,235
320,235
375,235
414,235
447,235
450,235
0,236
320,236
375,236
415,236
446,236
450,236
0,237
320,237
375,237
416,237
446,237
449,237
0,238
318,238
375,238
417,238
445,238
449,238
0,239
318,239
375,239
418,239
445,239
449,239
0,240
318,240
375,240
421,240
445,240
449,240
0,241
317,241
375,241
422,241
444,241
449,241
0,242
317,242
375,242
423,242
444,242
449,242
0,243
317,243
375,243
424,243
444,243
449,243
0,244
316,244
375,244
425,244
444,244
446,244
448,244
449,244
0,245
316,245
375,245
426,245
444,245
446,245
448,245
448,245
0,246
315,246
375,246
427,246
443,246
446,246
448,246
449,246
0,247
315,247
375,247
411,247
414,247
428,247
443,247
446,247
448,247
448,247
0,248
315,248
375,248
411,248
414,248
430,248
443,248
446,248
448,248
448,248
0,249
315,249
375,249
411,249
415,249
431,249
443,249
446,249
448,249
448,249
0,250
314,250
375,250
411,250
417,250
432,250
442,250
446,250
448,250
448,250
0,251
314,251
375,251
412,251
418,251
433,251
442,251
448,251
0,252
314,252
375,252
411,252
419,252
432,252
443,252
449,252
0,253
314,253
375,253
411,253
413,253
413,253
420,253
432,253
443,253
449,253
0,254
313,254
375,254
407,254
409,254
413,254
422,254
432,254
443,254
448,254
0,255
313,255
375,255
399,255
401,255
407,255
409,255
414,255
422,255
430,255
443,255
447,255
0,256
312,256
375,256
414,256
425,256
429,256
443,256
447,256
0,257
312,257
375,257
415,257
426,257
429,257
443,257
447,257
0,258
312,258
375,258
415,258
427,258
430,258
443,258
447,258
0,259
312,259
375,259
415,259
428,259
430,259
443,259
447,259
0,260
311,260
375,260
415,260
429,260
431,260
443,260
447,260
0,261
311,261
375,261
415,261
430,261
431,261
443,261
447,261
0,262
311,262
375,262
415,262
417,262
417,262
431,262
431,262
443,262
448,262
0,263
311,263
375,263
417,263
443,263
448,263
0,264
310,264
375,264
417,264
443,264
448,264
0,265
310,265
375,265
417,265
443,265
449,265
0,266
309,266
375,266
418,266
443,266
449,266
0,267
309,267
375,267
419,267
444,267
449,267
0,268
309,268
375,268
419,268
444,268
449,268
0,269
309,269
375,269
419,269
444,269
449,269
0,270
308,270
375,270
420,270
444,270
448,270
0,271
308,271
375,271
420,271
444,271
448,271
0,272
308,272
375,272
420,272
445,272
449,272
0,273
308,273
375,273
421,273
446,273
449,273
0,274
307,274
375,274
422,274
446,274
450,274
0,275
307,275
375,275
422,275
447,275
450,275
0,276
307,276
375,276
422,276
446,276
451,276
0,277
307,277
375,277
420,277
422,277
423,277
448,277
451,277
0,278
307,278
375,278
423,278
447,278
451,278
0,279
307,279
375,279
422,279
448,279
452,279
0,280
307,280
375,280
422,280
448,280
452,280
0,281
306,281
375,281
420,281
422,281
423,281
449,281
453,281
0,282
306,282
375,282
423,282
449,282
454,282
0,283
306,283
375,283
422,283
450,283
454,283
0,284
306,284
375,284
422,284
449,284
454,284
0,285
305,285
375,285
425,285
451,285
453,285
0,286
306,286
375,286
426,286
451,286
456,286
0,287
306,287
375,287
427,287
451,287
456,287
0,288
306,288
375,288
428,288
451,288
456,288
0,289
306,289
375,289
429,289
451,289
456,289
0,290
306,290
375,290
430,290
451,290
457,290
0,291
306,291
375,291
431,291
451,291
456,291
0,292
306,292
375,292
432,292
451,292
453,292
0,293
307,293
375,293
433,293
452,293
452,293
0,294
306,294
375,294
434,294
0,295
306,295
375,295
435,295
0,296
305,296
375,296
436,296
0,297
305,297
375,297
433,297
435,297
436,297
0,298
305,298
375,298
437,298
0,299
304,299
375,299
437,299
0,300
304,300
375,300
438,300
0,301
304,301
375,301
439,301
0,302
303,302
375,302
439,302
0,303
303,303
375,303
440,303
0,304
303,304
375,304
441,304
0,305
303,305
375,305
442,305
0,306
303,306
375,306
442,306
0,307
303,307
375,307
443,307
0,308
302,308
375,308
442,308
0,309
302,309
375,309
442,309
0,310
301,310
375,310
440,310
442,310
442,310
0,311
302,311
375,311
441,311
0,312
302,312
375,312
435,312
437,312
440,312
0,313
302,313
375,313
438,313
0,314
302,314
375,314
430,314
432,314
436,314
0,315
302,315
375,315
434,315
0,316
302,316
375,316
433,316
0,317
302,317
375,317
430,317
0,318
302,318
375,318
429,318
0,319
302,319
375,319
425,319
0,320
303,320
375,320
423,320
0,321
303,321
375,321
422,321
0,322
303,322
375,322
422,322
0,323
303,323
375,323
422,323
0,324
304,324
375,324
423,324
0,325
304,325
375,325
423,325
0,326
304,326
375,326
423,326
0,327
306,327
375,327
423,327
0,328
306,328
375,328
424,328
0,329
308,329
375,329
425,329
0,330
308,330
375,330
425,330
0,331
310,331
375,331
425,331
0,332
312,332
375,332
425,332
0,333
312,333
375,333
425,333
0,334
313,334
375,334
426,334
0,335
317,335
375,335
427,335
0,336
319,336
375,336
427,336
0,337
320,337
375,337
427,337
0,338
322,338
375,338
379,338
385,338
388,338
393,338
425,338
427,338
428,338
0,339
323,339
375,339
379,339
393,339
428,339
0,340
324,340
375,340
379,340
393,340
428,340
0,341
324,341
376,341
378,341
394,341
428,341
0,342
324,342
394,342
429,342
0,343
324,343
395,343
429,343
0,344
325,344
395,344
429,344
0,345
325,345
396,345
430,345
0,346
325,346
397,346
430,346
0,347
325,347
398,347
431,347
0,348
325,348
398,348
431,348
0,349
325,349
398,349
431,349
0,350
325,350
399,350
431,350
0,351
325,351
399,351
432,351
0,352
325,352
399,352
432,352
0,353
325,353
399,353
432,353
0,354
325,354
399,354
432,354
0,355
325,355
400,355
433,355
0,356
325,356
401,356
433,356
0,357
325,357
402,357
433,357
0,358
325,358
402,358
434,358
0,359
325,359
402,359
434,359
