0,0
479,0
0,1
479,1
0,2
479,2
0,3
479,3
0,4
479,4
0,5
479,5
0,6
479,6
0,7
479,7
0,8
479,8
0,9
479,9
0,10
479,10
0,11
479,11
0,12
479,12
0,13
479,13
0,14
479,14
0,15
479,15
0,16
479,16
0,17
479,17
0,18
479,18
0,19
479,19
0,20
479,20
0,21
479,21
0,22
479,22
0,23
206,23
210,23
479,23
0,24
206,24
212,24
479,24
0,25
205,25
214,25
217,25
219,25
479,25
0,26
205,26
216,26
479,26
0,27
205,27
218,27
479,27
0,28
199,28
201,28
205,28
219,28
479,28
0,29
205,29
220,29
479,29
0,30
197,30
202,30
205,30
221,30
479,30
0,31
197,31
203,31
205,31
223,31
479,31
0,32
198,32
204,32
205,32
224,32
479,32
0,33
198,33
205,33
205,33
225,33
479,33
0,34
199,34
226,34
479,34
0,35
199,35
227,35
479,35
0,36
199,36
228,36
479,36
0,37
199,37
229,37
479,37
0,38
200,38
230,38
479,38
0,39
200,39
231,39
479,39
0,40
200,40
231,40
479,40
0,41
197,41
200,41
200,41
232,41
479,41
0,42
194,42
196,42
201,42
232,42
479,42
0,43
192,43
200,43
201,43
233,43
479,43
0,44
186,44
188,44
191,44
234,44
479,44
0,45
189,45
236,45
479,45
0,46
186,46
238,46
479,46
0,47
186,47
242,47
479,47
0,48
186,48
244,48
479,48
0,49
187,49
246,49
479,49
0,50
187,50
247,50
479,50
0,51
187,51
248,51
479,51
0,52
188,52
249,52
479,52
0,53
188,53
250,53
479,53
0,54
189,54
251,54
479,54
0,55
187,55
189,55
189,55
251,55
479,55
0,56
190,56
252,56
479,56
0,57
191,57
253,57
479,57
0,58
191,58
254,58
479,58
0,59
192,59
255,59
479,59
0,60
191,60
255,60
479,60
0,61
191,61
256,61
479,61
0,62
189,62
257,62
479,62
0,63
188,63
257,63
479,63
0,64
188,64
258,64
479,64
0,65
187,65
259,65
479,65
0,66
187,66
259,66
479,66
0,67
186,67
260,67
479,67
0,68
185,68
260,68
479,68
0,69
185,69
261,69
479,69
0,70
184,70
261,70
479,70
0,71
184,71
262,71
479,71
0,72
184,72
262,72
479,72
0,73
184,73
263,73
479,73
0,74
184,74
263,74
479,74
0,75
184,75
263,75
479,75
0,76
184,76
264,76
479,76
0,77
184,77
264,77
479,77
0,78
184,78
265,78
479,78
0,79
183,79
265,79
479,79
0,80
184,80
266,80
479,80
0,81
184,81
266,81
479,81
0,82
184,82
266,82
479,82
0,83
184,83
267,83
479,83
0,84
183,84
267,84
479,84
0,85
183,85
267,85
479,85
0,86
183,86
268,86
479,86
0,87
183,87
268,87
479,87
0,88
183,88
269,88
479,88
0,89
183,89
269,89
479,89
0,90
183,90
269,90
479,90
0,91
183,91
269,91
479,91
0,92
183,92
270,92
479,92
0,93
183,93
270,93
479,93
0,94
184,94
187,94
187,94
270,94
479,94
0,95
184,95
187,95
187,95
270,95
479,95
0,96
185,96
270,96
479,96
0,97
186,97
188,97
188,97
270,97
479,97
0,98
188,98
271,98
479,98
0,99
188,99
191,99
191,99
271,99
479,99
0,100
192,100
271,100
479,100
0,101
191,101
193,101
193,101
198,101
203,101
272,101
479,101
0,102
190,102
193,102
201,102
203,102
204,102
272,102
479,102
0,103
194,103
196,103
204,103
272,103
479,103
0,104
204,104
272,104
479,104
0,105
203,105
273,105
479,105
0,106
203,106
273,106
479,106
0,107
202,107
273,107
479,107
0,108
202,108
273,108
479,108
0,109
203,109
274,109
479,109
0,110
205,110
274,110
479,110
0,111
208,111
274,111
479,111
0,112
209,112
274,112
479,112
0,113
210,113
275,113
479,113
0,114
211,114
275,114
479,114
0,115
214,115
275,115
479,115
0,116
216,116
276,116
479,116
0,117
213,117
215,117
217,117
277,117
479,117
0,118
215,118
218,118
219,118
277,118
479,118
0,119
219,119
277,119
479,119
0,120
217,120
278,120
479,120
0,121
216,121
278,121
479,121
0,122
215,122
278,122
479,122
0,123
214,123
279,123
479,123
0,124
213,124
279,124
479,124
0,125
213,125
280,125
479,125
0,126
212,126
281,126
479,126
0,127
211,127
281,127
479,127
0,128
210,128
282,128
479,128
0,129
210,129
282,129
479,129
0,130
209,130
282,130
479,130
0,131
209,131
283,131
479,131
0,132
208,132
283,132
479,132
0,133
208,133
284,133
479,133
0,134
207,134
284,134
479,134
0,135
207,135
285,135
479,135
0,136
207,136
285,136
479,136
0,137
206,137
285,137
479,137
0,138
206,138
286,138
479,138
0,139
205,139
286,139
479,139
0,140
205,140
287,140
479,140
0,141
205,141
287,141
479,141
0,142
204,142
288,142
479,142
0,143
204,143
288,143
479,143
0,144
204,144
289,144
479,144
0,145
204,145
289,145
479,145
0,146
203,146
289,146
479,146
0,147
203,147
290,147
479,147
0,148
203,148
290,148
479,148
0,149
203,149
291,149
479,149
0,150
203,150
291,150
479,150
0,151
202,151
291,151
479,151
0,152
202,152
292,152
479,152
0,153
202,153
292,153
479,153
0,154
202,154
292,154
479,154
0,155
201,155
293,155
479,155
0,156
201,156
293,156
479,156
0,157
201,157
294,157
479,157
0,158
201,158
294,158
479,158
0,159
201,159
294,159
479,159
0,160
200,160
294,160
479,160
0,161
200,161
294,161
479,161
0,162
200,162
295,162
479,162
0,163
200,163
295,163
479,163
0,164
199,164
295,164
479,164
0,165
199,165
296,165
479,165
0,166
199,166
296,166
479,166
0,167
199,167
296,167
479,167
0,168
199,168
296,168
479,168
0,169
199,169
295,169
479,169
0,170
199,170
295,170
479,170
0,171
199,171
296,171
479,171
0,172
199,172
296,172
479,172
0,173
199,173
296,173
479,173
0,174
199,174
296,174
479,174
0,175
200,175
296,175
479,175
0,176
200,176
296,176
479,176
0,177
201,177
296,177
479,177
0,178
201,178
296,178
479,178
0,179
201,179
296,179
479,179
0,180
201,180
295,180
479,180
0,181
202,181
295,181
479,181
0,182
202,182
295,182
479,182
0,183
203,183
295,183
479,183
0,184
203,184
295,184
479,184
0,185
204,185
295,185
479,185
0,186
204,186
295,186
479,186
0,187
204,187
295,187
479,187
0,188
205,188
295,188
479,188
0,189
205,189
294,189
479,189
0,190
205,190
294,190
479,190
0,191
205,191
294,191
479,191
0,192
205,192
294,192
479,192
0,193
205,193
294,193
479,193
0,194
205,194
294,194
479,194
0,195
206,195
294,195
479,195
0,196
206,196
211,196
211,196
294,196
479,196
0,197
206,197
211,197
211,197
294,197
479,197
0,198
205,198
211,198
211,198
294,198
479,198
0,199
206,199
211,199
212,199
294,199
479,199
0,200
206,200
211,200
213,200
294,200
479,200
0,201
206,201
211,201
213,201
294,201
479,201
0,202
206,202
211,202
213,202
294,202
479,202
0,203
206,203
211,203
213,203
294,203
479,203
0,204
206,204
211,204
213,204
295,204
479,204
0,205
206,205
211,205
213,205
295,205
479,205
0,206
206,206
212,206
213,206
295,206
479,206
0,207
206,207
212,207
213,207
295,207
479,207
0,208
206,208
212,208
213,208
294,208
479,208
0,209
206,209
212,209
213,209
295,209
479,209
0,210
206,210
212,210
213,210
294,210
479,210
0,211
206,211
212,211
213,211
294,211
479,211
0,212
206,212
212,212
213,212
294,212
479,212
0,213
206,213
212,213
213,213
294,213
479,213
0,214
207,214
294,214
479,214
0,215
207,215
294,215
479,215
0,216
207,216
294,216
479,216
0,217
207,217
294,217
479,217
0,218
207,218
294,218
479,218
0,219
208,219
293,219
293,219
295,219
479,219
0,220
208,220
293,220
479,220
0,221
208,221
293,221
479,221
0,222
208,222
293,222
479,222
0,223
209,223
293,223
479,223
0,224
208,224
292,224
479,224
0,225
209,225
292,225
479,225
0,226
209,226
292,226
479,226
0,227
209,227
275,227
275,227
291,227
479,227
0,228
209,228
290,228
479,228
0,229
209,229
290,229
479,229
0,230
209,230
275,230
276,230
288,230
479,230
0,231
209,231
274,231
276,231
288,231
479,231
0,232
209,232
273,232
276,232
287,232
479,232
0,233
209,233
273,233
274,233
276,233
276,233
287,233
479,233
0,234
208,234
273,234
276,234
286,234
479,234
0,235
208,235
273,235
274,235
286,235
479,235
0,236
208,236
273,236
274,236
276,236
276,236
286,236
479,236
0,237
208,237
274,237
277,237
284,237
479,237
0,238
208,238
274,238
278,238
281,238
281,238
283,238
479,238
0,239
208,239
275,239
278,239
280,239
281,239
283,239
479,239
0,240
208,240
275,240
479,240
0,241
208,241
275,241
479,241
0,242
208,242
275,242
479,242
0,243
207,243
276,243
479,243
0,244
207,244
276,244
479,244
0,245
207,245
276,245
479,245
0,246
207,246
276,246
479,246
0,247
207,247
276,247
479,247
0,248
207,248
276,248
479,248
0,249
207,249
276,249
479,249
0,250
207,250
277,250
479,250
0,251
207,251
277,251
479,251
0,252
207,252
277,252
479,252
0,253
207,253
277,253
479,253
0,254
207,254
277,254
479,254
0,255
207,255
277,255
479,255
0,256
207,256
277,256
479,256
0,257
207,257
277,257
479,257
0,258
207,258
277,258
479,258
0,259
207,259
277,259
479,259
0,260
207,260
277,260
479,260
0,261
207,261
277,261
479,261
0,262
207,262
277,262
479,262
0,263
207,263
277,263
479,263
0,264
207,264
277,264
479,264
0,265
207,265
277,265
479,265
0,266
206,266
277,266
479,266
0,267
206,267
277,267
479,267
0,268
206,268
277,268
479,268
0,269
205,269
277,269
479,269
0,270
205,270
277,270
479,270
0,271
205,271
277,271
479,271
0,272
205,272
277,272
479,272
0,273
205,273
277,273
479,273
0,274
205,274
277,274
479,274
0,275
204,275
277,275
479,275
0,276
204,276
277,276
479,276
0,277
204,277
277,277
479,277
0,278
204,278
278,278
479,278
0,279
204,279
278,279
479,279
0,280
203,280
278,280
479,280
0,281
203,281
278,281
479,281
0,282
203,282
277,282
479,282
0,283
203,283
277,283
479,283
0,284
203,284
277,284
479,284
0,285
203,285
277,285
479,285
0,286
202,286
277,286
479,286
0,287
202,287
278,287
479,287
0,288
202,288
278,288
479,288
0,289
202,289
278,289
479,289
0,290
202,290
278,290
479,290
0,291
202,291
278,291
479,291
0,292
202,292
278,292
479,292
0,293
202,293
278,293
479,293
0,294
202,294
278,294
479,294
0,295
201,295
278,295
479,295
0,296
201,296
278,296
479,296
0,297
201,297
278,297
479,297
0,298
201,298
278,298
479,298
0,299
201,299
278,299
479,299
0,300
201,300
279,300
479,300
0,301
201,301
279,301
479,301
0,302
201,302
279,302
479,302
0,303
201,303
279,303
479,303
0,304
201,304
279,304
479,304
0,305
201,305
279,305
479,305
0,306
201,306
279,306
479,306
0,307
200,307
279,307
479,307
0,308
200,308
279,308
479,308
0,309
200,309
279,309
479,309
0,310
200,310
279,310
479,310
0,311
200,311
279,311
479,311
0,312
200,312
279,312
479,312
0,313
200,313
279,313
479,313
0,314
200,314
279,314
479,314
0,315
200,315
279,315
479,315
0,316
200,316
279,316
479,316
0,317
200,317
279,317
479,317
0,318
200,318
279,318
479,318
0,319
199,319
279,319
479,319
0,320
199,320
279,320
479,320
0,321
199,321
279,321
479,321
0,322
199,322
279,322
479,322
0,323
199,323
280,323
479,323
0,324
199,324
280,324
479,324
0,325
199,325
280,325
479,325
0,326
199,326
280,326
479,326
0,327
199,327
280,327
479,327
0,328
198,328
280,328
479,328
0,329
198,329
280,329
479,329
0,330
198,330
280,330
479,330
0,331
198,331
280,331
479,331
0,332
198,332
280,332
479,332
0,333
198,333
280,333
479,333
0,334
198,334
280,334
479,334
0,335
198,335
280,335
479,335
0,336
198,336
280,336
479,336
0,337
198,337
280,337
479,337
0,338
198,338
280,338
479,338
0,339
198,339
280,339
479,339
0,340
198,340
280,340
479,340
0,341
197,341
280,341
479,341
0,342
197,342
280,342
479,342
0,343
197,343
280,343
479,343
0,344
197,344
280,344
479,344
0,345
197,345
280,345
479,345
0,346
197,346
280,346
479,346
0,347
197,347
280,347
479,347
0,348
197,348
280,348
479,348
0,349
197,349
280,349
479,349
0,350
197,350
280,350
479,350
0,351
197,351
280,351
479,351
0,352
197,352
281,352
479,352
0,353
197,353
281,353
479,353
0,354
197,354
281,354
479,354
0,355
197,355
281,355
479,355
0,356
197,356
281,356
479,356
0,357
197,357
281,357
479,357
0,358
197,358
281,358
479,358
0,359
197,359
281,359
479,359
