0,0
479,0
0,1
479,1
0,2
479,2
0,3
479,3
0,4
479,4
0,5
479,5
0,6
479,6
0,7
479,7
0,8
479,8
0,9
479,9
0,10
479,10
0,11
479,11
0,12
479,12
0,13
479,13
0,14
479,14
0,15
479,15
0,16
479,16
0,17
479,17
0,18
479,18
0,19
479,19
0,20
479,20
0,21
479,21
0,22
479,22
0,23
479,23
0,24
479,24
0,25
203,25
210,25
479,25
0,26
203,26
211,26
479,26
0,27
203,27
213,27
479,27
0,28
203,28
214,28
479,28
0,29
203,29
216,29
479,29
0,30
202,30
217,30
479,30
0,31
202,31
218,31
479,31
0,32
194,32
198,32
202,32
219,32
479,32
0,33
194,33
200,33
202,33
221,33
479,33
0,34
194,34
201,34
202,34
222,34
479,34
0,35
194,35
201,35
202,35
223,35
479,35
0,36
195,36
224,36
479,36
0,37
195,37
225,37
479,37
0,38
195,38
226,38
479,38
0,39
195,39
227,39
479,39
0,40
195,40
228,40
479,40
0,41
196,41
229,41
479,41
0,42
196,42
231,42
479,42
0,43
196,43
231,43
479,43
0,44
196,44
232,44
479,44
0,45
193,45
196,45
196,45
232,45
479,45
0,46
186,46
196,46
197,46
233,46
479,46
0,47
185,47
196,47
197,47
234,47
479,47
0,48
184,48
234,48
235,48
237,48
479,48
0,49
180,49
235,49
479,49
0,50
179,50
236,50
479,50
0,51
178,51
240,51
479,51
0,52
179,52
243,52
479,52
0,53
179,53
244,53
479,53
0,54
180,54
246,54
479,54
0,55
180,55
248,55
479,55
0,56
180,56
249,56
479,56
0,57
181,57
250,57
479,57
0,58
182,58
251,58
479,58
0,59
182,59
252,59
479,59
0,60
183,60
253,60
479,60
0,61
181,61
183,61
183,61
254,61
479,61
0,62
183,62
254,62
479,62
0,63
184,63
255,63
479,63
0,64
185,64
256,64
479,64
0,65
185,65
257,65
479,65
0,66
185,66
258,66
479,66
0,67
184,67
258,67
479,67
0,68
183,68
259,68
479,68
0,69
182,69
259,69
479,69
0,70
182,70
260,70
479,70
0,71
181,71
261,71
479,71
0,72
180,72
261,72
479,72
0,73
180,73
262,73
479,73
0,74
179,74
262,74
479,74
0,75
179,75
263,75
479,75
0,76
178,76
264,76
479,76
0,77
178,77
264,77
479,77
0,78
178,78
264,78
479,78
0,79
178,79
265,79
479,79
0,80
177,80
265,80
479,80
0,81
177,81
266,81
479,81
0,82
177,82
266,82
479,82
0,83
176,83
267,83
479,83
0,84
176,84
267,84
479,84
0,85
176,85
267,85
479,85
0,86
176,86
268,86
479,86
0,87
176,87
268,87
479,87
0,88
176,88
269,88
479,88
0,89
176,89
269,89
479,89
0,90
176,90
270,90
479,90
0,91
176,91
270,91
479,91
0,92
176,92
270,92
479,92
0,93
176,93
271,93
479,93
0,94
176,94
271,94
479,94
0,95
176,95
271,95
479,95
0,96
176,96
272,96
479,96
0,97
176,97
272,97
479,97
0,98
176,98
272,98
479,98
0,99
176,99
272,99
479,99
0,100
176,100
273,100
479,100
0,101
176,101
273,101
479,101
0,102
176,102
273,102
479,102
0,103
175,103
274,103
479,103
0,104
175,104
179,104
179,104
274,104
479,104
0,105
175,105
179,105
180,105
274,105
479,105
0,106
175,106
179,106
180,106
275,106
479,106
0,107
175,107
180,107
180,107
275,107
479,107
0,108
180,108
275,108
479,108
0,109
181,109
275,109
479,109
0,110
181,110
184,110
184,110
276,110
479,110
0,111
184,111
276,111
479,111
0,112
183,112
185,112
185,112
193,112
197,112
276,112
479,112
0,113
188,113
191,113
196,113
198,113
199,113
276,113
479,113
0,114
197,114
199,114
199,114
276,114
479,114
0,115
199,115
277,115
479,115
0,116
199,116
277,116
479,116
0,117
198,117
277,117
479,117
0,118
198,118
277,118
479,118
0,119
197,119
277,119
479,119
0,120
196,120
278,120
479,120
0,121
196,121
278,121
479,121
0,122
197,122
278,122
479,122
0,123
199,123
278,123
479,123
0,124
203,124
278,124
479,124
0,125
204,125
278,125
479,125
0,126
204,126
279,126
479,126
0,127
205,127
279,127
479,127
0,128
208,128
279,128
479,128
0,129
210,129
279,129
479,129
0,130
212,130
280,130
479,130
0,131
210,131
212,131
213,131
280,131
479,131
0,132
214,132
280,132
479,132
0,133
212,133
214,133
216,133
281,133
479,133
0,134
212,134
215,134
216,134
281,134
479,134
0,135
214,135
282,135
479,135
0,136
213,136
282,136
479,136
0,137
212,137
282,137
479,137
0,138
211,138
283,138
479,138
0,139
210,139
283,139
479,139
0,140
210,140
284,140
479,140
0,141
209,141
284,141
479,141
0,142
208,142
284,142
479,142
0,143
207,143
285,143
479,143
0,144
207,144
285,144
479,144
0,145
206,145
286,145
479,145
0,146
206,146
286,146
479,146
0,147
205,147
286,147
479,147
0,148
205,148
287,148
479,148
0,149
204,149
287,149
479,149
0,150
204,150
288,150
479,150
0,151
204,151
288,151
479,151
0,152
203,152
289,152
479,152
0,153
203,153
289,153
479,153
0,154
202,154
289,154
479,154
0,155
202,155
290,155
479,155
0,156
202,156
290,156
479,156
0,157
201,157
290,157
479,157
0,158
201,158
291,158
479,158
0,159
201,159
291,159
479,159
0,160
200,160
292,160
479,160
0,161
200,161
292,161
479,161
0,162
200,162
292,162
479,162
0,163
199,163
293,163
479,163
0,164
199,164
293,164
479,164
0,165
199,165
294,165
479,165
0,166
199,166
294,166
479,166
0,167
199,167
294,167
479,167
0,168
198,168
295,168
479,168
0,169
198,169
295,169
479,169
0,170
198,170
296,170
479,170
0,171
198,171
296,171
479,171
0,172
198,172
296,172
479,172
0,173
198,173
296,173
479,173
0,174
197,174
297,174
479,174
0,175
197,175
297,175
479,175
0,176
196,176
297,176
479,176
0,177
196,177
298,177
479,177
0,178
196,178
297,178
479,178
0,179
195,179
298,179
479,179
0,180
195,180
298,180
479,180
0,181
195,181
298,181
479,181
0,182
195,182
298,182
479,182
0,183
194,183
298,183
479,183
0,184
194,184
299,184
479,184
0,185
194,185
299,185
479,185
0,186
194,186
299,186
479,186
0,187
194,187
300,187
479,187
0,188
193,188
300,188
479,188
0,189
193,189
300,189
479,189
0,190
193,190
300,190
479,190
0,191
193,191
301,191
479,191
0,192
194,192
301,192
301,192
303,192
479,192
0,193
194,193
301,193
479,193
0,194
194,194
302,194
479,194
0,195
194,195
302,195
479,195
0,196
194,196
302,196
479,196
0,197
194,197
302,197
479,197
0,198
194,198
302,198
479,198
0,199
194,199
302,199
479,199
0,200
195,200
302,200
479,200
0,201
195,201
302,201
479,201
0,202
195,202
302,202
479,202
0,203
195,203
302,203
479,203
0,204
196,204
302,204
479,204
0,205
196,205
302,205
479,205
0,206
197,206
298,206
299,206
302,206
479,206
0,207
198,207
299,207
300,207
302,207
479,207
0,208
198,208
299,208
479,208
0,209
199,209
298,209
479,209
0,210
199,210
298,210
479,210
0,211
200,211
297,211
479,211
0,212
200,212
297,212
479,212
0,213
201,213
297,213
479,213
0,214
201,214
296,214
479,214
0,215
201,215
296,215
479,215
0,216
201,216
296,216
479,216
0,217
201,217
295,217
479,217
0,218
201,218
295,218
479,218
0,219
201,219
296,219
479,219
0,220
202,220
296,220
479,220
0,221
202,221
296,221
479,221
0,222
202,222
207,222
207,222
297,222
479,222
0,223
202,223
207,223
207,223
297,223
479,223
0,224
202,224
207,224
208,224
297,224
479,224
0,225
202,225
207,225
208,225
297,225
479,225
0,226
202,226
208,226
208,226
297,226
479,226
0,227
202,227
208,227
208,227
297,227
479,227
0,228
202,228
208,228
209,228
297,228
479,228
0,229
202,229
208,229
209,229
298,229
479,229
0,230
202,230
208,230
209,230
298,230
479,230
0,231
202,231
208,231
209,231
298,231
479,231
0,232
202,232
208,232
209,232
298,232
479,232
0,233
202,233
208,233
209,233
298,233
479,233
0,234
202,234
208,234
209,234
298,234
479,234
0,235
202,235
208,235
209,235
298,235
479,235
0,236
202,236
208,236
209,236
297,236
479,236
0,237
202,237
208,237
209,237
297,237
479,237
0,238
202,238
297,238
479,238
0,239
202,239
296,239
479,239
0,240
202,240
296,240
479,240
0,241
202,241
295,241
479,241
0,242
202,242
295,242
479,242
0,243
203,243
294,243
479,243
0,244
202,244
294,244
479,244
0,245
202,245
294,245
479,245
0,246
201,246
293,246
479,246
0,247
200,247
293,247
479,247
0,248
198,248
292,248
479,248
0,249
198,249
292,249
479,249
0,250
197,250
292,250
479,250
0,251
197,251
291,251
479,251
0,252
192,252
194,252
195,252
291,252
479,252
0,253
194,253
291,253
479,253
0,254
193,254
290,254
479,254
0,255
192,255
290,255
479,255
0,256
191,256
289,256
479,256
0,257
191,257
289,257
479,257
0,258
191,258
288,258
479,258
0,259
191,259
288,259
479,259
0,260
191,260
288,260
479,260
0,261
190,261
287,261
479,261
0,262
189,262
287,262
479,262
0,263
188,263
287,263
479,263
0,264
188,264
287,264
479,264
0,265
187,265
286,265
479,265
0,266
188,266
286,266
479,266
0,267
188,267
285,267
479,267
0,268
187,268
285,268
479,268
0,269
183,269
186,269
187,269
285,269
479,269
0,270
186,270
285,270
479,270
0,271
185,271
285,271
479,271
0,272
184,272
285,272
479,272
0,273
183,273
284,273
479,273
0,274
183,274
284,274
479,274
0,275
182,275
284,275
479,275
0,276
182,276
283,276
479,276
0,277
181,277
283,277
479,277
0,278
181,278
283,278
479,278
0,279
180,279
283,279
479,279
0,280
179,280
283,280
479,280
0,281
178,281
283,281
479,281
0,282
178,282
282,282
479,282
0,283
177,283
282,283
479,283
0,284
175,284
282,284
479,284
0,285
175,285
282,285
479,285
0,286
175,286
282,286
479,286
0,287
175,287
282,287
479,287
0,288
174,288
282,288
479,288
0,289
173,289
282,289
479,289
0,290
173,290
282,290
479,290
0,291
173,291
282,291
479,291
0,292
173,292
282,292
479,292
0,293
173,293
282,293
479,293
0,294
173,294
282,294
479,294
0,295
174,295
282,295
479,295
0,296
174,296
282,296
479,296
0,297
174,297
282,297
479,297
0,298
178,298
282,298
479,298
0,299
178,299
282,299
479,299
0,300
177,300
282,300
479,300
0,301
177,301
282,301
479,301
0,302
177,302
282,302
479,302
0,303
177,303
282,303
479,303
0,304
177,304
282,304
479,304
0,305
178,305
282,305
479,305
0,306
178,306
282,306
479,306
0,307
178,307
282,307
479,307
0,308
178,308
200,308
201,308
282,308
479,308
0,309
178,309
196,309
201,309
282,309
479,309
0,310
179,310
194,310
201,310
282,310
479,310
0,311
180,311
187,311
189,311
192,311
201,311
282,311
479,311
0,312
200,312
282,312
479,312
0,313
200,313
282,313
479,313
0,314
200,314
282,314
479,314
0,315
200,315
282,315
479,315
0,316
199,316
282,316
479,316
0,317
199,317
282,317
479,317
0,318
199,318
282,318
479,318
0,319
199,319
282,319
479,319
0,320
199,320
282,320
479,320
0,321
199,321
282,321
479,321
0,322
198,322
282,322
479,322
0,323
198,323
282,323
479,323
0,324
198,324
282,324
479,324
0,325
198,325
282,325
479,325
0,326
198,326
282,326
479,326
0,327
198,327
282,327
479,327
0,328
198,328
283,328
479,328
0,329
198,329
283,329
479,329
0,330
198,330
283,330
479,330
0,331
198,331
283,331
479,331
0,332
198,332
283,332
479,332
0,333
197,333
283,333
479,333
0,334
197,334
283,334
479,334
0,335
197,335
283,335
479,335
0,336
197,336
283,336
479,336
0,337
197,337
283,337
479,337
0,338
197,338
283,338
479,338
0,339
197,339
283,339
479,339
0,340
197,340
283,340
479,340
0,341
197,341
283,341
479,341
0,342
197,342
283,342
479,342
0,343
196,343
283,343
479,343
0,344
196,344
284,344
479,344
0,345
196,345
284,345
479,345
0,346
196,346
284,346
479,346
0,347
196,347
284,347
479,347
0,348
196,348
284,348
479,348
0,349
196,349
283,349
479,349
0,350
196,350
283,350
479,350
0,351
196,351
284,351
479,351
0,352
196,352
284,352
479,352
0,353
195,353
283,353
479,353
0,354
195,354
283,354
479,354
0,355
195,355
283,355
479,355
0,356
195,356
283,356
479,356
0,357
195,357
283,357
479,357
0,358
195,358
283,358
479,358
0,359
195,359
283,359
479,359
