0,0
479,0
0,1
479,1
0,2
479,2
0,3
479,3
0,4
479,4
0,5
479,5
0,6
479,6
0,7
479,7
0,8
479,8
0,9
479,9
0,10
479,10
0,11
479,11
0,12
479,12
0,13
479,13
0,14
479,14
0,15
479,15
0,16
479,16
0,17
479,17
0,18
479,18
0,19
479,19
0,20
479,20
0,21
220,21
225,21
479,21
0,22
220,22
226,22
479,22
0,23
219,23
228,23
479,23
0,24
218,24
229,24
479,24
0,25
215,25
217,25
218,25
230,25
479,25
0,26
208,26
211,26
217,26
231,26
479,26
0,27
208,27
213,27
217,27
232,27
479,27
0,28
209,28
214,28
217,28
233,28
479,28
0,29
208,29
215,29
216,29
234,29
479,29
0,30
208,30
216,30
216,30
235,30
479,30
0,31
208,31
236,31
479,31
0,32
208,32
236,32
479,32
0,33
208,33
237,33
479,33
0,34
208,34
238,34
479,34
0,35
208,35
239,35
479,35
0,36
208,36
240,36
479,36
0,37
207,37
241,37
479,37
0,38
208,38
241,38
479,38
0,39
207,39
242,39
479,39
0,40
207,40
243,40
479,40
0,41
207,41
244,41
479,41
0,42
207,42
244,42
479,42
0,43
204,43
206,43
207,43
245,43
479,43
0,44
207,44
245,44
479,44
0,45
195,45
205,45
207,45
246,45
479,45
0,46
190,46
206,46
207,46
246,46
247,46
249,46
479,46
0,47
189,47
247,47
247,47
250,47
479,47
0,48
188,48
247,48
479,48
0,49
188,49
248,49
479,49
0,50
189,50
248,50
479,50
0,51
189,51
248,51
479,51
0,52
189,52
248,52
479,52
0,53
189,53
248,53
479,53
0,54
190,54
249,54
479,54
0,55
190,55
249,55
479,55
0,56
190,56
250,56
479,56
0,57
191,57
252,57
479,57
0,58
191,58
255,58
479,58
0,59
191,59
256,59
479,59
0,60
191,60
257,60
479,60
0,61
192,61
258,61
479,61
0,62
192,62
259,62
479,62
0,63
190,63
260,63
479,63
0,64
189,64
261,64
479,64
0,65
188,65
262,65
479,65
0,66
187,66
262,66
479,66
0,67
186,67
263,67
479,67
0,68
185,68
263,68
479,68
0,69
184,69
264,69
479,69
0,70
183,70
265,70
479,70
0,71
183,71
265,71
266,71
268,71
479,71
0,72
182,72
266,72
479,72
0,73
181,73
267,73
479,73
0,74
181,74
267,74
479,74
0,75
181,75
268,75
479,75
0,76
180,76
268,76
479,76
0,77
180,77
269,77
479,77
0,78
180,78
269,78
479,78
0,79
179,79
270,79
479,79
0,80
179,80
270,80
479,80
0,81
178,81
270,81
479,81
0,82
178,82
272,82
479,82
0,83
178,83
271,83
479,83
0,84
178,84
271,84
479,84
0,85
178,85
272,85
479,85
0,86
177,86
273,86
479,86
0,87
177,87
273,87
479,87
0,88
177,88
273,88
479,88
0,89
177,89
274,89
479,89
0,90
176,90
274,90
479,90
0,91
176,91
274,91
479,91
0,92
176,92
274,92
479,92
0,93
176,93
275,93
479,93
0,94
176,94
275,94
479,94
0,95
175,95
275,95
479,95
0,96
175,96
276,96
479,96
0,97
175,97
276,97
479,97
0,98
175,98
276,98
479,98
0,99
175,99
277,99
479,99
0,100
175,100
277,100
479,100
0,101
175,101
277,101
479,101
0,102
174,102
178,102
178,102
277,102
479,102
0,103
174,103
178,103
178,103
278,103
479,103
0,104
174,104
177,104
179,104
278,104
479,104
0,105
174,105
176,105
179,105
278,105
479,105
0,106
177,106
179,106
179,106
278,106
479,106
0,107
179,107
278,107
479,107
0,108
180,108
279,108
479,108
0,109
183,109
279,109
479,109
0,110
180,110
182,110
183,110
279,110
479,110
0,111
181,111
184,111
184,111
279,111
479,111
0,112
182,112
184,112
186,112
190,112
195,112
280,112
479,112
0,113
187,113
189,113
195,113
280,113
479,113
0,114
194,114
196,114
197,114
280,114
479,114
0,115
198,115
280,115
479,115
0,116
198,116
280,116
479,116
0,117
197,117
281,117
479,117
0,118
196,118
281,118
479,118
0,119
196,119
281,119
479,119
0,120
195,120
281,120
479,120
0,121
194,121
281,121
479,121
0,122
194,122
281,122
479,122
0,123
194,123
281,123
479,123
0,124
196,124
282,124
479,124
0,125
198,125
282,125
479,125
0,126
201,126
282,126
479,126
0,127
201,127
282,127
479,127
0,128
201,128
282,128
479,128
0,129
202,129
283,129
479,129
0,130
203,130
283,130
479,130
0,131
205,131
283,131
479,131
0,132
204,132
283,132
479,132
0,133
207,133
283,133
479,133
0,134
208,134
283,134
479,134
0,135
209,135
221,135
221,135
284,135
479,135
0,136
211,136
220,136
221,136
284,136
479,136
0,137
211,137
218,137
220,137
284,137
479,137
0,138
212,138
214,138
220,138
284,138
479,138
0,139
213,139
215,139
218,139
220,139
220,139
284,139
479,139
0,140
213,140
215,140
218,140
284,140
479,140
0,141
213,141
215,141
217,141
284,141
479,141
0,142
216,142
285,142
479,142
0,143
214,143
285,143
479,143
0,144
213,144
285,144
479,144
0,145
212,145
285,145
479,145
0,146
211,146
285,146
479,146
0,147
210,147
286,147
479,147
0,148
209,148
286,148
479,148
0,149
208,149
287,149
479,149
0,150
207,150
287,150
479,150
0,151
206,151
288,151
479,151
0,152
203,152
205,152
205,152
288,152
479,152
0,153
205,153
288,153
479,153
0,154
204,154
289,154
479,154
0,155
203,155
289,155
479,155
0,156
203,156
290,156
479,156
0,157
203,157
290,157
479,157
0,158
203,158
291,158
479,158
0,159
203,159
291,159
479,159
0,160
203,160
291,160
479,160
0,161
204,161
292,161
479,161
0,162
204,162
292,162
479,162
0,163
203,163
292,163
479,163
0,164
203,164
293,164
479,164
0,165
202,165
293,165
479,165
0,166
202,166
294,166
479,166
0,167
202,167
294,167
479,167
0,168
202,168
295,168
479,168
0,169
201,169
295,169
479,169
0,170
201,170
295,170
479,170
0,171
201,171
296,171
479,171
0,172
200,172
296,172
479,172
0,173
200,173
296,173
479,173
0,174
200,174
297,174
479,174
0,175
200,175
297,175
479,175
0,176
199,176
297,176
479,176
0,177
199,177
298,177
479,177
0,178
199,178
298,178
479,178
0,179
198,179
299,179
479,179
0,180
198,180
299,180
479,180
0,181
197,181
299,181
479,181
0,182
197,182
300,182
479,182
0,183
196,183
300,183
479,183
0,184
196,184
301,184
479,184
0,185
195,185
301,185
479,185
0,186
195,186
301,186
479,186
0,187
194,187
301,187
479,187
0,188
194,188
301,188
479,188
0,189
194,189
302,189
479,189
0,190
194,190
302,190
479,190
0,191
193,191
302,191
479,191
0,192
193,192
303,192
479,192
0,193
193,193
303,193
479,193
0,194
192,194
303,194
479,194
0,195
192,195
303,195
479,195
0,196
192,196
304,196
479,196
0,197
192,197
304,197
479,197
0,198
192,198
304,198
479,198
0,199
191,199
304,199
479,199
0,200
191,200
305,200
479,200
0,201
191,201
305,201
479,201
0,202
191,202
305,202
479,202
0,203
191,203
305,203
479,203
0,204
191,204
306,204
479,204
0,205
192,205
306,205
479,205
0,206
192,206
306,206
479,206
0,207
192,207
306,207
479,207
0,208
192,208
306,208
479,208
0,209
192,209
306,209
479,209
0,210
192,210
306,210
479,210
0,211
193,211
306,211
479,211
0,212
193,212
306,212
479,212
0,213
193,213
307,213
479,213
0,214
194,214
307,214
479,214
0,215
194,215
307,215
479,215
0,216
194,216
307,216
479,216
0,217
194,217
307,217
479,217
0,218
193,218
307,218
479,218
0,219
193,219
307,219
479,219
0,220
193,220
307,220
479,220
0,221
192,221
305,221
479,221
0,222
193,222
305,222
479,222
0,223
192,223
305,223
479,223
0,224
192,224
305,224
479,224
0,225
192,225
304,225
479,225
0,226
192,226
304,226
479,226
0,227
190,227
304,227
479,227
0,228
187,228
304,228
479,228
0,229
183,229
304,229
479,229
0,230
180,230
303,230
479,230
0,231
175,231
303,231
479,231
0,232
170,232
303,232
479,232
0,233
158,233
160,233
160,233
302,233
479,233
0,234
151,234
302,234
479,234
0,235
150,235
303,235
479,235
0,236
148,236
301,236
479,236
0,237
148,237
302,237
479,237
0,238
145,238
302,238
479,238
0,239
143,239
302,239
479,239
0,240
140,240
302,240
479,240
0,241
140,241
303,241
479,241
0,242
140,242
303,242
479,242
0,243
138,243
303,243
479,243
0,244
134,244
303,244
479,244
0,245
133,245
303,245
479,245
0,246
130,246
303,246
479,246
0,247
127,247
303,247
479,247
0,248
125,248
303,248
479,248
0,249
122,249
303,249
479,249
0,250
117,250
208,250
208,250
303,250
479,250
0,251
114,251
207,251
207,251
302,251
479,251
0,252
113,252
302,252
479,252
0,253
111,253
200,253
200,253
301,253
479,253
0,254
111,254
195,254
195,254
197,254
197,254
199,254
201,254
301,254
302,254
304,254
479,254
0,255
111,255
191,255
201,255
301,255
479,255
0,256
111,256
187,256
201,256
301,256
479,256
0,257
111,257
184,257
188,257
190,257
201,257
301,257
479,257
0,258
112,258
180,258
183,258
185,258
199,258
201,258
201,258
300,258
479,258
0,259
112,259
178,259
201,259
300,259
479,259
0,260
115,260
119,260
119,260
121,260
121,260
176,260
201,260
300,260
479,260
0,261
120,261
173,261
202,261
300,261
479,261
0,262
113,262
115,262
119,262
170,262
202,262
299,262
479,262
0,263
117,263
169,263
202,263
299,263
479,263
0,264
118,264
167,264
201,264
299,264
479,264
0,265
117,265
154,265
154,265
165,265
202,265
298,265
479,265
0,266
117,266
153,266
155,266
162,266
202,266
298,266
479,266
0,267
115,267
153,267
202,267
298,267
479,267
0,268
115,268
152,268
202,268
297,268
479,268
0,269
114,269
152,269
202,269
297,269
479,269
0,270
113,270
152,270
202,270
296,270
479,270
0,271
113,271
151,271
202,271
296,271
479,271
0,272
112,272
151,272
203,272
296,272
479,272
0,273
112,273
151,273
203,273
295,273
479,273
0,274
110,274
149,274
149,274
151,274
203,274
295,274
479,274
0,275
110,275
149,275
204,275
295,275
479,275
0,276
109,276
148,276
204,276
294,276
479,276
0,277
108,277
147,277
204,277
294,277
479,277
0,278
107,278
147,278
205,278
293,278
479,278
0,279
107,279
146,279
204,279
293,279
479,279
0,280
106,280
145,280
204,280
292,280
479,280
0,281
105,281
145,281
203,281
292,281
479,281
0,282
105,282
143,282
203,282
292,282
479,282
0,283
105,283
142,283
203,283
291,283
479,283
0,284
104,284
142,284
202,284
291,284
479,284
0,285
104,285
141,285
202,285
290,285
479,285
0,286
104,286
140,286
202,286
290,286
479,286
0,287
104,287
140,287
202,287
289,287
479,287
0,288
104,288
139,288
202,288
290,288
479,288
0,289
105,289
113,289
113,289
139,289
202,289
289,289
479,289
0,290
106,290
111,290
114,290
122,290
122,290
131,290
131,290
139,290
202,290
289,290
479,290
0,291
114,291
122,291
123,291
131,291
131,291
139,291
202,291
289,291
479,291
0,292
115,292
122,292
124,292
131,292
132,292
139,292
202,292
289,292
479,292
0,293
116,293
122,293
125,293
131,293
134,293
138,293
202,293
289,293
479,293
0,294
118,294
121,294
128,294
130,294
202,294
289,294
479,294
0,295
128,295
130,295
202,295
288,295
479,295
0,296
202,296
288,296
479,296
0,297
202,297
288,297
479,297
0,298
202,298
288,298
479,298
0,299
202,299
288,299
479,299
0,300
203,300
287,300
479,300
0,301
203,301
287,301
479,301
0,302
203,302
287,302
479,302
0,303
203,303
287,303
479,303
0,304
204,304
286,304
479,304
0,305
204,305
286,305
479,305
0,306
204,306
285,306
479,306
0,307
204,307
284,307
285,307
287,307
479,307
0,308
204,308
284,308
479,308
0,309
204,309
284,309
479,309
0,310
204,310
284,310
479,310
0,311
203,311
284,311
479,311
0,312
203,312
284,312
479,312
0,313
203,313
284,313
479,313
0,314
203,314
284,314
479,314
0,315
203,315
284,315
479,315
0,316
202,316
284,316
479,316
0,317
202,317
283,317
479,317
0,318
202,318
283,318
479,318
0,319
202,319
283,319
479,319
0,320
202,320
283,320
479,320
0,321
201,321
283,321
479,321
0,322
201,322
283,322
479,322
0,323
201,323
283,323
479,323
0,324
199,324
201,324
201,324
283,324
479,324
0,325
201,325
283,325
479,325
0,326
201,326
283,326
479,326
0,327
201,327
283,327
479,327
0,328
200,328
283,328
479,328
0,329
200,329
283,329
479,329
0,330
200,330
283,330
479,330
0,331
199,331
283,331
479,331
0,332
199,332
283,332
479,332
0,333
199,333
283,333
479,333
0,334
199,334
283,334
479,334
0,335
199,335
283,335
479,335
0,336
199,336
283,336
479,336
0,337
199,337
283,337
479,337
0,338
199,338
282,338
479,338
0,339
199,339
282,339
479,339
0,340
198,340
282,340
479,340
0,341
198,341
282,341
479,341
0,342
198,342
282,342
479,342
0,343
198,343
282,343
479,343
0,344
198,344
282,344
479,344
0,345
198,345
282,345
479,345
0,346
198,346
282,346
479,346
0,347
198,347
282,347
479,347
0,348
198,348
283,348
479,348
0,349
197,349
283,349
479,349
0,350
197,350
283,350
479,350
0,351
197,351
283,351
479,351
0,352
197,352
283,352
479,352
0,353
197,353
283,353
479,353
0,354
197,354
283,354
479,354
0,355
197,355
283,355
479,355
0,356
197,356
283,356
479,356
0,357
197,357
283,357
479,357
0,358
197,358
283,358
479,358
0,359
197,359
283,359
479,359
