0,0
134,0
201,0
274,0
316,0
324,0
353,0
479,0
0,1
133,1
201,1
274,1
316,1
324,1
353,1
479,1
0,2
133,2
201,2
273,2
316,2
324,2
353,2
479,2
0,3
133,3
201,3
272,3
316,3
324,3
353,3
479,3
0,4
133,4
201,4
271,4
316,4
324,4
353,4
479,4
0,5
133,5
202,5
271,5
316,5
323,5
353,5
479,5
0,6
131,6
202,6
271,6
316,6
323,6
354,6
479,6
0,7
131,7
202,7
271,7
316,7
323,7
354,7
479,7
0,8
131,8
202,8
270,8
316,8
323,8
354,8
479,8
0,9
131,9
202,9
270,9
316,9
323,9
354,9
479,9
0,10
131,10
203,10
269,10
316,10
323,10
354,10
479,10
0,11
131,11
203,11
269,11
316,11
323,11
354,11
479,11
0,12
131,12
203,12
268,12
316,12
323,12
354,12
479,12
0,13
131,13
205,13
268,13
316,13
322,13
354,13
479,13
0,14
131,14
205,14
268,14
317,14
322,14
352,14
479,14
0,15
129,15
206,15
268,15
317,15
321,15
352,15
479,15
0,16
129,16
206,16
269,16
317,16
321,16
351,16
479,16
0,17
129,17
206,17
269,17
317,17
321,17
352,17
479,17
0,18
129,18
207,18
269,18
317,18
321,18
351,18
479,18
0,19
129,19
207,19
269,19
317,19
321,19
351,19
479,19
0,20
128,20
208,20
269,20
316,20
321,20
351,20
479,20
0,21
128,21
208,21
269,21
316,21
321,21
351,21
479,21
0,22
129,22
208,22
269,22
316,22
321,22
351,22
479,22
0,23
129,23
209,23
268,23
316,23
321,23
351,23
479,23
0,24
129,24
210,24
268,24
316,24
322,24
352,24
479,24
0,25
129,25
210,25
268,25
316,25
323,25
352,25
479,25
0,26
129,26
209,26
267,26
317,26
319,26
352,26
479,26
0,27
129,27
210,27
266,27
319,27
319,27
353,27
479,27
0,28
129,28
212,28
264,28
353,28
479,28
0,29
129,29
214,29
262,29
353,29
479,29
0,30
129,30
214,30
261,30
354,30
479,30
0,31
129,31
214,31
260,31
354,31
479,31
0,32
129,32
214,32
259,32
354,32
479,32
0,33
129,33
214,33
259,33
354,33
479,33
0,34
129,34
214,34
258,34
355,34
479,34
0,35
100,35
106,35
129,35
214,35
257,35
355,35
479,35
0,36
99,36
109,36
129,36
215,36
256,36
355,36
479,36
0,37
98,37
110,37
129,37
215,37
255,37
356,37
479,37
0,38
97,38
111,38
129,38
216,38
255,38
357,38
479,38
0,39
97,39
111,39
129,39
223,39
255,39
357,39
479,39
0,40
97,40
111,40
129,40
223,40
255,40
357,40
479,40
0,41
97,41
111,41
129,41
224,41
255,41
358,41
479,41
0,42
97,42
112,42
129,42
224,42
255,42
358,42
479,42
0,43
96,43
112,43
129,43
224,43
255,43
359,43
479,43
0,44
96,44
113,44
129,44
224,44
256,44
359,44
479,44
0,45
96,45
114,45
129,45
224,45
254,45
360,45
479,45
0,46
96,46
114,46
129,46
225,46
252,46
360,46
479,46
0,47
96,47
114,47
129,47
224,47
250,47
360,47
479,47
0,48
96,48
115,48
131,48
226,48
231,48
243,48
248,48
360,48
479,48
0,49
96,49
115,49
131,49
227,49
230,49
245,49
246,49
360,49
479,49
0,50
97,50
115,50
131,50
360,50
479,50
0,51
96,51
115,51
131,51
361,51
479,51
0,52
97,52
115,52
131,52
362,52
479,52
0,53
97,53
115,53
131,53
362,53
479,53
0,54
97,54
115,54
131,54
362,54
479,54
0,55
98,55
116,55
131,55
363,55
479,55
0,56
98,56
116,56
126,56
128,56
129,56
363,56
479,56
0,57
98,57
116,57
125,57
363,57
479,57
0,58
98,58
116,58
124,58
363,58
479,58
0,59
99,59
116,59
123,59
363,59
479,59
0,60
99,60
116,60
123,60
363,60
479,60
0,61
99,61
116,61
123,61
362,61
479,61
0,62
99,62
116,62
123,62
362,62
479,62
0,63
99,63
116,63
123,63
362,63
479,63
0,64
100,64
116,64
123,64
360,64
479,64
0,65
100,65
116,65
123,65
360,65
479,65
0,66
101,66
116,66
123,66
360,66
479,66
0,67
101,67
116,67
123,67
360,67
479,67
0,68
102,68
116,68
123,68
359,68
479,68
0,69
104,69
116,69
123,69
359,69
479,69
0,70
108,70
114,70
123,70
359,70
479,70
0,71
122,71
359,71
479,71
0,72
121,72
359,72
479,72
0,73
121,73
359,73
479,73
0,74
121,74
359,74
479,74
0,75
121,75
359,75
479,75
0,76
121,76
359,76
479,76
0,77
120,77
359,77
479,77
0,78
120,78
358,78
479,78
0,79
120,79
357,79
479,79
0,80
120,80
357,80
479,80
0,81
120,81
356,81
479,81
0,82
119,82
356,82
479,82
0,83
119,83
355,83
479,83
0,84
119,84
354,84
479,84
0,85
119,85
354,85
479,85
0,86
119,86
354,86
479,86
0,87
119,87
354,87
479,87
0,88
119,88
353,88
479,88
0,89
119,89
353,89
479,89
0,90
119,90
351,90
479,90
0,91
119,91
351,91
479,91
0,92
119,92
351,92
479,92
0,93
119,93
350,93
479,93
0,94
119,94
351,94
479,94
0,95
119,95
350,95
479,95
0,96
119,96
350,96
479,96
0,97
119,97
349,97
479,97
0,98
119,98
348,98
479,98
0,99
119,99
348,99
479,99
0,100
120,100
348,100
479,100
0,101
120,101
348,101
479,101
0,102
121,102
347,102
479,102
0,103
122,103
347,103
479,103
0,104
122,104
347,104
479,104
0,105
122,105
347,105
479,105
0,106
123,106
347,106
479,106
0,107
125,107
347,107
479,107
0,108
127,108
347,108
479,108
0,109
127,109
129,109
129,109
347,109
479,109
0,110
131,110
347,110
479,110
0,111
132,111
347,111
479,111
0,112
133,112
347,112
479,112
0,113
134,113
347,113
479,113
0,114
134,114
346,114
479,114
0,115
134,115
346,115
479,115
0,116
135,116
345,116
479,116
0,117
136,117
345,117
479,117
0,118
136,118
345,118
479,118
0,119
136,119
345,119
479,119
0,120
136,120
345,120
479,120
0,121
137,121
345,121
479,121
0,122
137,122
345,122
479,122
0,123
138,123
345,123
479,123
0,124
138,124
345,124
479,124
0,125
138,125
140,125
140,125
344,125
479,125
0,126
140,126
344,126
479,126
0,127
141,127
344,127
479,127
0,128
143,128
344,128
479,128
0,129
143,129
343,129
479,129
0,130
143,130
346,130
479,130
0,131
144,131
347,131
479,131
0,132
144,132
349,132
479,132
0,133
132,133
134,133
135,133
137,133
144,133
350,133
479,133
0,134
130,134
139,134
144,134
350,134
479,134
0,135
129,135
142,135
145,135
147,135
147,135
351,135
479,135
0,136
128,136
144,136
145,136
148,136
148,136
351,136
479,136
0,137
128,137
351,137
479,137
0,138
127,138
149,138
152,138
351,138
479,138
0,139
128,139
152,139
154,139
309,139
309,139
350,139
479,139
0,140
128,140
153,140
153,140
306,140
309,140
348,140
479,140
0,141
128,141
306,141
306,141
347,141
479,141
0,142
129,142
191,142
192,142
287,142
287,142
305,142
306,142
344,142
479,142
0,143
130,143
190,143
192,143
287,143
289,143
301,143
301,143
305,143
305,143
342,143
479,143
0,144
131,144
187,144
187,144
189,144
192,144
287,144
294,144
301,144
305,144
340,144
479,144
0,145
134,145
186,145
192,145
287,145
295,145
301,145
305,145
314,145
314,145
339,145
339,145
341,145
479,145
0,146
136,146
185,146
192,146
287,146
295,146
299,146
305,146
339,146
339,146
341,146
479,146
0,147
138,147
176,147
176,147
185,147
192,147
287,147
296,147
301,147
305,147
339,147
479,147
0,148
138,148
172,148
179,148
182,148
192,148
287,148
297,148
302,148
302,148
304,148
305,148
339,148
479,148
0,149
138,149
171,149
192,149
287,149
296,149
302,149
303,149
305,149
305,149
339,149
479,149
0,150
139,150
171,150
176,150
181,150
192,150
287,150
296,150
303,150
305,150
339,150
479,150
0,151
139,151
172,151
174,151
181,151
192,151
287,151
296,151
304,151
305,151
339,151
479,151
0,152
138,152
171,152
175,152
181,152
191,152
287,152
296,152
339,152
479,152
0,153
139,153
172,153
174,153
181,153
191,153
288,153
296,153
338,153
479,153
0,154
138,154
172,154
172,154
181,154
191,154
288,154
297,154
338,154
479,154
0,155
138,155
172,155
172,155
181,155
191,155
288,155
297,155
338,155
479,155
0,156
138,156
181,156
183,156
185,156
191,156
288,156
297,156
337,156
479,156
0,157
138,157
181,157
191,157
288,157
297,157
337,157
479,157
0,158
139,158
180,158
191,158
288,158
297,158
336,158
479,158
0,159
140,159
180,159
181,159
183,159
191,159
288,159
298,159
334,159
479,159
0,160
140,160
180,160
191,160
288,160
297,160
333,160
479,160
0,161
142,161
180,161
191,161
288,161
297,161
331,161
479,161
0,162
143,162
180,162
191,162
288,162
294,162
296,162
296,162
331,162
479,162
0,163
143,163
180,163
180,163
182,163
191,163
288,163
296,163
332,163
479,163
0,164
145,164
183,164
191,164
288,164
296,164
333,164
479,164
0,165
147,165
185,165
186,165
189,165
191,165
288,165
295,165
333,165
479,165
0,166
148,166
189,166
190,166
288,166
294,166
334,166
479,166
0,167
147,167
190,167
190,167
288,167
289,167
334,167
479,167
0,168
146,168
190,168
190,168
289,168
289,168
334,168
334,168
336,168
479,168
0,169
146,169
334,169
479,169
0,170
146,170
334,170
479,170
0,171
146,171
334,171
479,171
0,172
145,172
334,172
479,172
0,173
145,173
334,173
479,173
0,174
145,174
334,174
479,174
0,175
145,175
334,175
479,175
0,176
145,176
334,176
479,176
0,177
145,177
334,177
479,177
0,178
145,178
333,178
479,178
0,179
145,179
333,179
479,179
0,180
144,180
333,180
479,180
0,181
145,181
332,181
479,181
0,182
145,182
331,182
479,182
0,183
145,183
331,183
479,183
0,184
146,184
331,184
479,184
0,185
144,185
331,185
479,185
0,186
145,186
147,186
147,186
330,186
479,186
0,187
148,187
330,187
479,187
0,188
148,188
329,188
479,188
0,189
149,189
328,189
479,189
0,190
149,190
328,190
479,190
0,191
150,191
328,191
479,191
0,192
150,192
328,192
479,192
0,193
151,193
328,193
479,193
0,194
152,194
327,194
479,194
0,195
152,195
327,195
479,195
0,196
153,196
326,196
479,196
0,197
154,197
326,197
479,197
0,198
154,198
326,198
479,198
0,199
154,199
326,199
479,199
0,200
155,200
325,200
479,200
0,201
155,201
325,201
479,201
0,202
156,202
325,202
479,202
0,203
156,203
325,203
479,203
0,204
156,204
324,204
479,204
0,205
157,205
324,205
479,205
0,206
157,206
324,206
479,206
0,207
157,207
324,207
479,207
0,208
157,208
323,208
479,208
0,209
158,209
323,209
479,209
0,210
158,210
323,210
479,210
0,211
158,211
323,211
479,211
0,212
159,212
323,212
479,212
0,213
159,213
322,213
479,213
0,214
159,214
322,214
479,214
0,215
159,215
322,215
479,215
0,216
159,216
322,216
479,216
0,217
159,217
322,217
479,217
0,218
160,218
321,218
479,218
0,219
161,219
321,219
479,219
0,220
161,220
321,220
479,220
0,221
161,221
321,221
479,221
0,222
162,222
320,222
479,222
0,223
162,223
320,223
479,223
0,224
163,224
320,224
479,224
0,225
164,225
320,225
479,225
0,226
164,226
319,226
479,226
0,227
164,227
166,227
166,227
319,227
479,227
0,228
167,228
318,228
479,228
0,229
169,229
184,229
184,229
317,229
479,229
0,230
171,230
183,230
184,230
316,230
479,230
0,231
184,231
315,231
479,231
0,232
184,232
313,232
479,232
0,233
184,233
296,233
296,233
312,233
479,233
0,234
184,234
296,234
300,234
308,234
479,234
0,235
184,235
296,235
309,235
311,235
479,235
0,236
184,236
296,236
302,236
305,236
479,236
0,237
184,237
192,237
192,237
296,237
479,237
0,238
184,238
192,238
192,238
291,238
291,238
296,238
479,238
0,239
184,239
192,239
192,239
291,239
291,239
296,239
479,239
0,240
184,240
192,240
192,240
290,240
291,240
296,240
479,240
0,241
184,241
192,241
192,241
290,241
291,241
296,241
479,241
0,242
184,242
192,242
192,242
290,242
291,242
296,242
479,242
0,243
184,243
192,243
192,243
290,243
291,243
296,243
479,243
0,244
184,244
192,244
192,244
290,244
291,244
296,244
479,244
0,245
184,245
192,245
192,245
290,245
291,245
296,245
479,245
0,246
184,246
192,246
192,246
290,246
291,246
296,246
479,246
0,247
184,247
192,247
193,247
290,247
291,247
296,247
479,247
0,248
171,248
180,248
183,248
192,248
193,248
290,248
291,248
296,248
479,248
0,249
171,249
182,249
183,249
192,249
193,249
289,249
291,249
296,249
479,249
0,250
171,250
183,250
183,250
192,250
194,250
289,250
291,250
296,250
479,250
0,251
172,251
192,251
192,251
289,251
291,251
296,251
479,251
0,252
172,252
289,252
291,252
295,252
479,252
0,253
172,253
289,253
291,253
295,253
479,253
0,254
172,254
289,254
479,254
0,255
172,255
289,255
294,255
296,255
479,255
0,256
172,256
289,256
479,256
0,257
172,257
289,257
479,257
0,258
172,258
289,258
295,258
300,258
479,258
0,259
172,259
289,259
292,259
302,259
479,259
0,260
173,260
288,260
289,260
302,260
479,260
0,261
173,261
183,261
184,261
302,261
479,261
0,262
175,262
180,262
181,262
183,262
184,262
192,262
194,262
302,262
479,262
0,263
184,263
191,263
196,263
302,263
479,263
0,264
184,264
191,264
198,264
302,264
479,264
0,265
184,265
191,265
201,265
302,265
479,265
0,266
184,266
191,266
199,266
201,266
201,266
301,266
479,266
0,267
184,267
191,267
199,267
201,267
201,267
301,267
479,267
0,268
185,268
192,268
201,268
301,268
479,268
0,269
185,269
192,269
201,269
301,269
479,269
0,270
185,270
191,270
201,270
301,270
479,270
0,271
185,271
191,271
198,271
200,271
200,271
300,271
479,271
0,272
185,272
190,272
197,272
200,272
200,272
300,272
479,272
0,273
185,273
190,273
197,273
286,273
286,273
299,273
479,273
0,274
185,274
190,274
197,274
286,274
288,274
299,274
479,274
0,275
185,275
190,275
197,275
286,275
290,275
299,275
479,275
0,276
185,276
190,276
196,276
287,276
291,276
298,276
479,276
0,277
185,277
190,277
193,277
195,277
195,277
285,277
286,277
288,277
479,277
0,278
185,278
190,278
195,278
285,278
479,278
0,279
185,279
190,279
195,279
285,279
479,279
0,280
185,280
190,280
195,280
285,280
479,280
0,281
185,281
190,281
195,281
285,281
479,281
0,282
185,282
190,282
195,282
285,282
479,282
0,283
185,283
190,283
195,283
285,283
479,283
0,284
185,284
190,284
195,284
285,284
479,284
0,285
185,285
189,285
195,285
285,285
479,285
0,286
186,286
189,286
195,286
285,286
479,286
0,287
186,287
189,287
195,287
284,287
479,287
0,288
186,288
189,288
196,288
284,288
479,288
0,289
186,289
189,289
196,289
284,289
479,289
0,290
186,290
189,290
196,290
284,290
479,290
0,291
196,291
284,291
479,291
0,292
196,292
283,292
479,292
0,293
196,293
283,293
479,293
0,294
196,294
283,294
479,294
0,295
196,295
283,295
479,295
0,296
195,296
283,296
479,296
0,297
193,297
195,297
195,297
282,297
479,297
0,298
193,298
195,298
195,298
283,298
479,298
0,299
195,299
282,299
479,299
0,300
195,300
282,300
479,300
0,301
195,301
282,301
479,301
0,302
195,302
283,302
479,302
0,303
194,303
283,303
479,303
0,304
194,304
283,304
479,304
0,305
194,305
284,305
479,305
0,306
193,306
284,306
479,306
0,307
193,307
285,307
479,307
0,308
193,308
285,308
479,308
0,309
192,309
285,309
479,309
0,310
192,310
286,310
479,310
0,311
191,311
286,311
479,311
0,312
191,312
286,312
479,312
0,313
191,313
287,313
479,313
0,314
190,314
287,314
479,314
0,315
190,315
287,315
479,315
0,316
190,316
288,316
479,316
0,317
189,317
288,317
479,317
0,318
189,318
289,318
479,318
0,319
188,319
289,319
479,319
0,320
188,320
289,320
479,320
0,321
187,321
290,321
479,321
0,322
187,322
290,322
479,322
0,323
187,323
291,323
479,323
0,324
186,324
291,324
479,324
0,325
185,325
292,325
479,325
0,326
185,326
292,326
479,326
0,327
185,327
293,327
479,327
0,328
184,328
293,328
479,328
0,329
184,329
294,329
479,329
0,330
183,330
294,330
479,330
0,331
183,331
295,331
479,331
0,332
183,332
295,332
479,332
0,333
183,333
295,333
479,333
0,334
182,334
296,334
479,334
0,335
182,335
296,335
479,335
0,336
181,336
296,336
479,336
0,337
181,337
297,337
479,337
0,338
180,338
297,338
479,338
0,339
180,339
297,339
479,339
0,340
180,340
298,340
479,340
0,341
179,341
298,341
479,341
0,342
179,342
299,342
479,342
0,343
179,343
299,343
479,343
0,344
179,344
299,344
479,344
0,345
178,345
299,345
479,345
0,346
178,346
300,346
479,346
0,347
178,347
300,347
479,347
0,348
177,348
300,348
479,348
0,349
177,349
301,349
479,349
0,350
177,350
301,350
479,350
0,351
176,351
301,351
479,351
0,352
176,352
302,352
479,352
0,353
176,353
302,353
479,353
0,354
176,354
302,354
479,354
0,355
175,355
303,355
479,355
0,356
175,356
303,356
479,356
0,357
175,357
303,357
479,357
0,358
174,358
304,358
479,358
0,359
174,359
304,359
479,359
