479,124
479,124
478,125
479,125
478,126
479,126
478,127
479,127
478,128
479,128
478,129
479,129
478,130
479,130
477,131
479,131
476,132
479,132
476,133
479,133
476,134
479,134
475,135
479,135
474,136
479,136
474,137
479,137
473,138
479,138
472,139
479,139
472,140
479,140
472,141
479,141
471,142
479,142
0,143
0,143
470,143
479,143
0,144
0,144
470,144
479,144
0,145
1,145
469,145
479,145
0,146
1,146
468,146
479,146
0,147
2,147
468,147
479,147
0,148
2,148
468,148
479,148
0,149
3,149
467,149
479,149
0,150
3,150
467,150
479,150
0,151
4,151
467,151
479,151
0,152
3,152
467,152
479,152
0,153
3,153
467,153
479,153
0,154
3,154
466,154
479,154
0,155
4,155
466,155
479,155
0,156
4,156
466,156
479,156
0,157
4,157
466,157
479,157
0,158
4,158
465,158
479,158
0,159
4,159
464,159
479,159
0,160
4,160
464,160
479,160
0,161
3,161
463,161
479,161
463,162
479,162
463,163
479,163
463,164
479,164
462,165
479,165
462,166
479,166
462,167
479,167
462,168
479,168
461,169
479,169
461,170
479,170
460,171
479,171
459,172
479,172
458,173
479,173
458,174
479,174
457,175
479,175
457,176
479,176
457,177
479,177
456,178
479,178
456,179
479,179
456,180
479,180
456,181
479,181
455,182
479,182
455,183
479,183
455,184
479,184
454,185
479,185
453,186
479,186
453,187
479,187
453,188
479,188
453,189
479,189
452,190
479,190
452,191
479,191
451,192
479,192
451,193
479,193
450,194
479,194
449,195
479,195
449,196
479,196
448,197
479,197
447,198
479,198
447,199
479,199
446,200
479,200
445,201
479,201
444,202
479,202
443,203
479,203
442,204
479,204
442,205
479,205
442,206
479,206
441,207
479,207
442,208
479,208
442,209
479,209
442,210
479,210
442,211
479,211
442,212
479,212
441,213
479,213
442,214
479,214
442,215
479,215
442,216
479,216
442,217
479,217
442,218
479,218
442,219
479,219
442,220
479,220
0,221
1,221
442,221
479,221
0,222
4,222
442,222
479,222
0,223
4,223
441,223
479,223
0,224
4,224
440,224
479,224
0,225
5,225
438,225
479,225
0,226
6,226
438,226
479,226
0,227
6,227
437,227
479,227
0,228
8,228
438,228
479,228
0,229
10,229
434,229
479,229
0,230
13,230
432,230
479,230
0,231
15,231
428,231
479,231
0,232
15,232
427,232
479,232
0,233
16,233
426,233
479,233
0,234
16,234
425,234
479,234
0,235
18,235
425,235
479,235
0,236
19,236
425,236
479,236
0,237
21,237
424,237
479,237
0,238
23,238
423,238
479,238
0,239
24,239
423,239
479,239
0,240
25,240
421,240
421,240
423,240
479,240
0,241
26,241
421,241
479,241
0,242
28,242
422,242
479,242
0,243
29,243
422,243
479,243
0,244
32,244
422,244
479,244
0,245
35,245
423,245
479,245
0,246
36,246
423,246
479,246
0,247
37,247
422,247
479,247
0,248
37,248
423,248
479,248
0,249
38,249
422,249
479,249
0,250
41,250
422,250
479,250
0,251
45,251
422,251
479,251
0,252
50,252
420,252
479,252
0,253
52,253
419,253
479,253
0,254
53,254
417,254
479,254
0,255
54,255
417,255
479,255
0,256
55,256
416,256
417,256
420,256
479,256
0,257
57,257
420,257
479,257
0,258
60,258
420,258
479,258
0,259
60,259
420,259
479,259
0,260
61,260
419,260
479,260
0,261
61,261
419,261
479,261
0,262
62,262
418,262
479,262
0,263
62,263
66,263
66,263
418,263
479,263
0,264
63,264
66,264
67,264
417,264
479,264
0,265
65,265
67,265
67,265
417,265
479,265
0,266
65,266
68,266
68,266
416,266
479,266
0,267
66,267
68,267
68,267
416,267
479,267
0,268
69,268
417,268
479,268
0,269
70,269
416,269
479,269
0,270
70,270
416,270
479,270
0,271
71,271
415,271
479,271
0,272
72,272
414,272
479,272
0,273
72,273
414,273
479,273
0,274
73,274
410,274
412,274
414,274
479,274
0,275
75,275
409,275
479,275
0,276
76,276
408,276
479,276
0,277
77,277
407,277
479,277
0,278
78,278
407,278
479,278
0,279
78,279
80,279
81,279
405,279
479,279
0,280
77,280
81,280
82,280
403,280
479,280
0,281
84,281
171,281
171,281
402,281
479,281
0,282
84,282
86,282
87,282
171,282
171,282
402,282
479,282
0,283
84,283
87,283
89,283
170,283
171,283
400,283
479,283
0,284
91,284
170,284
171,284
400,284
479,284
0,285
92,285
170,285
171,285
400,285
479,285
0,286
95,286
166,286
167,286
170,286
170,286
306,286
306,286
398,286
479,286
0,287
95,287
162,287
168,287
170,287
170,287
306,287
306,287
395,287
479,287
0,288
94,288
160,288
170,288
307,288
308,288
393,288
479,288
0,289
94,289
160,289
167,289
169,289
170,289
305,289
308,289
392,289
479,289
0,290
94,290
158,290
167,290
169,290
170,290
305,290
307,290
389,290
479,290
0,291
93,291
158,291
167,291
169,291
170,291
305,291
307,291
388,291
479,291
0,292
92,292
158,292
161,292
163,292
170,292
305,292
307,292
387,292
479,292
0,293
92,293
158,293
170,293
305,293
307,293
387,293
479,293
0,294
92,294
158,294
170,294
305,294
307,294
374,294
374,294
379,294
379,294
381,294
385,294
387,294
479,294
0,295
92,295
158,295
159,295
161,295
170,295
305,295
307,295
374,295
374,295
378,295
479,295
0,296
92,296
159,296
159,296
161,296
170,296
305,296
307,296
374,296
374,296
377,296
479,296
0,297
91,297
159,297
159,297
161,297
170,297
305,297
305,297
307,297
307,297
374,297
374,297
377,297
479,297
0,298
91,298
159,298
159,298
162,298
167,298
169,298
169,298
305,298
305,298
307,298
307,298
374,298
374,298
377,298
479,298
0,299
91,299
159,299
159,299
162,299
167,299
169,299
169,299
305,299
307,299
376,299
479,299
0,300
91,300
159,300
159,300
162,300
167,300
169,300
169,300
306,300
307,300
375,300
479,300
0,301
91,301
159,301
159,301
161,301
167,301
169,301
169,301
306,301
307,301
375,301
479,301
0,302
91,302
159,302
169,302
306,302
307,302
375,302
479,302
0,303
91,303
159,303
169,303
306,303
307,303
375,303
479,303
0,304
91,304
159,304
169,304
306,304
307,304
375,304
479,304
0,305
90,305
159,305
169,305
306,305
307,305
375,305
479,305
0,306
90,306
159,306
169,306
306,306
307,306
375,306
479,306
0,307
91,307
159,307
168,307
306,307
307,307
375,307
479,307
0,308
91,308
160,308
168,308
306,308
307,308
375,308
479,308
0,309
91,309
160,309
168,309
307,309
307,309
375,309
479,309
0,310
91,310
160,310
164,310
375,310
479,310
0,311
91,311
160,311
160,311
163,311
163,311
374,311
479,311
0,312
92,312
374,312
479,312
0,313
92,313
374,313
479,313
0,314
92,314
374,314
374,314
376,314
479,314
0,315
92,315
307,315
307,315
373,315
374,315
376,315
479,315
0,316
93,316
373,316
479,316
0,317
93,317
373,317
373,317
375,317
479,317
0,318
94,318
372,318
479,318
0,319
94,319
372,319
479,319
0,320
95,320
371,320
479,320
0,321
95,321
371,321
479,321
0,322
96,322
370,322
479,322
0,323
96,323
370,323
479,323
0,324
97,324
370,324
479,324
0,325
97,325
369,325
479,325
0,326
98,326
369,326
479,326
0,327
98,327
368,327
479,327
0,328
99,328
368,328
479,328
0,329
100,329
367,329
479,329
0,330
101,330
367,330
479,330
0,331
101,331
366,331
479,331
0,332
102,332
366,332
479,332
0,333
103,333
365,333
479,333
0,334
103,334
365,334
479,334
0,335
103,335
364,335
479,335
0,336
104,336
364,336
479,336
0,337
104,337
364,337
479,337
0,338
105,338
363,338
479,338
0,339
106,339
363,339
479,339
0,340
106,340
363,340
479,340
0,341
106,341
362,341
479,341
0,342
107,342
362,342
479,342
0,343
107,343
362,343
479,343
0,344
107,344
361,344
479,344
0,345
108,345
361,345
479,345
0,346
108,346
360,346
479,346
0,347
109,347
360,347
479,347
0,348
109,348
360,348
479,348
0,349
109,349
360,349
479,349
0,350
109,350
360,350
479,350
0,351
110,351
359,351
479,351
0,352
110,352
359,352
479,352
0,353
110,353
359,353
479,353
0,354
111,354
358,354
479,354
0,355
111,355
358,355
479,355
0,356
111,356
358,356
479,356
0,357
111,357
358,357
479,357
0,358
112,358
358,358
479,358
0,359
112,359
357,359
479,359
