479,131
479,131
478,132
479,132
478,133
479,133
478,134
479,134
478,135
479,135
477,136
479,136
477,137
479,137
477,138
479,138
476,139
479,139
477,140
479,140
476,141
479,141
479,142
479,142
475,222
479,222
474,223
479,223
473,224
479,224
473,225
479,225
472,226
479,226
471,227
479,227
470,228
479,228
470,229
479,229
469,230
479,230
468,231
479,231
468,232
479,232
467,233
479,233
467,234
479,234
466,235
479,235
465,236
479,236
464,237
479,237
463,238
479,238
463,239
479,239
463,240
479,240
463,241
479,241
463,242
479,242
462,243
479,243
462,244
479,244
461,245
479,245
461,246
479,246
460,247
479,247
459,248
479,248
459,249
479,249
459,250
479,250
458,251
479,251
458,252
479,252
457,253
479,253
457,254
479,254
455,255
479,255
455,256
479,256
454,257
479,257
454,258
479,258
454,259
479,259
453,260
479,260
453,261
479,261
452,262
479,262
452,263
479,263
451,264
479,264
451,265
479,265
450,266
479,266
450,267
479,267
0,268
2,268
449,268
479,268
0,269
3,269
448,269
479,269
0,270
4,270
448,270
479,270
0,271
6,271
447,271
479,271
0,272
7,272
446,272
479,272
0,273
8,273
445,273
479,273
0,274
9,274
445,274
479,274
0,275
10,275
444,275
479,275
0,276
11,276
442,276
479,276
0,277
13,277
442,277
479,277
0,278
13,278
441,278
479,278
0,279
13,279
440,279
479,279
0,280
13,280
440,280
479,280
0,281
12,281
439,281
479,281
0,282
11,282
439,282
479,282
0,283
11,283
439,283
479,283
0,284
11,284
438,284
479,284
0,285
10,285
438,285
479,285
0,286
10,286
438,286
479,286
0,287
10,287
438,287
479,287
0,288
9,288
436,288
479,288
0,289
9,289
435,289
479,289
0,290
9,290
435,290
479,290
0,291
8,291
434,291
479,291
0,292
8,292
434,292
479,292
0,293
8,293
434,293
479,293
0,294
9,294
433,294
479,294
0,295
10,295
432,295
479,295
0,296
11,296
425,296
426,296
428,296
428,296
430,296
479,296
0,297
11,297
425,297
479,297
0,298
12,298
425,298
479,298
0,299
13,299
425,299
479,299
0,300
13,300
426,300
479,300
0,301
13,301
426,301
479,301
0,302
14,302
426,302
479,302
0,303
14,303
166,303
167,303
427,303
479,303
0,304
16,304
165,304
167,304
426,304
479,304
0,305
17,305
164,305
167,305
426,305
479,305
0,306
19,306
164,306
169,306
425,306
479,306
0,307
20,307
164,307
170,307
303,307
303,307
424,307
479,307
0,308
21,308
163,308
170,308
303,308
303,308
424,308
479,308
0,309
22,309
161,309
170,309
424,309
479,309
0,310
23,310
63,310
63,310
65,310
68,310
159,310
170,310
426,310
479,310
0,311
25,311
61,311
69,311
158,311
170,311
427,311
479,311
0,312
26,312
60,312
70,312
152,312
170,312
428,312
479,312
0,313
26,313
65,313
70,313
146,313
170,313
428,313
479,313
0,314
26,314
124,314
124,314
141,314
170,314
428,314
479,314
0,315
26,315
119,315
169,315
365,315
368,315
428,315
479,315
0,316
29,316
117,316
167,316
169,316
169,316
363,316
369,316
427,316
479,316
0,317
29,317
112,317
169,317
304,317
304,317
362,317
373,317
427,317
479,317
0,318
31,318
108,318
169,318
361,318
376,318
426,318
479,318
0,319
31,319
105,319
169,319
361,319
378,319
422,319
479,319
0,320
31,320
102,320
169,320
361,320
389,320
408,320
479,320
0,321
31,321
102,321
169,321
361,321
390,321
429,321
479,321
0,322
30,322
102,322
166,322
168,322
169,322
305,322
305,322
361,322
387,322
432,322
479,322
0,323
30,323
102,323
166,323
168,323
169,323
305,323
305,323
361,323
381,323
433,323
479,323
0,324
30,324
103,324
168,324
305,324
305,324
360,324
372,324
435,324
479,324
0,325
30,325
104,325
168,325
305,325
305,325
360,325
369,325
436,325
479,325
0,326
30,326
104,326
168,326
305,326
305,326
307,326
307,326
359,326
359,326
362,326
363,326
365,326
368,326
436,326
479,326
0,327
29,327
105,327
168,327
305,327
306,327
359,327
359,327
365,327
366,327
436,327
479,327
0,328
29,328
104,328
167,328
306,328
306,328
437,328
479,328
0,329
29,329
105,329
167,329
306,329
306,329
308,329
309,329
437,329
479,329
0,330
29,330
106,330
167,330
306,330
306,330
308,330
309,330
437,330
479,330
0,331
29,331
107,331
167,331
306,331
309,331
356,331
359,331
438,331
479,331
0,332
29,332
107,332
167,332
306,332
309,332
356,332
359,332
438,332
479,332
0,333
29,333
107,333
117,333
122,333
167,333
306,333
309,333
355,333
359,333
438,333
479,333
0,334
29,334
109,334
110,334
124,334
167,334
306,334
310,334
356,334
359,334
438,334
479,334
0,335
30,335
109,335
109,335
112,335
112,335
126,335
167,335
306,335
311,335
356,335
359,335
438,335
479,335
0,336
31,336
127,336
167,336
306,336
312,336
438,336
479,336
0,337
32,337
129,337
167,337
307,337
312,337
438,337
479,337
0,338
34,338
129,338
167,338
307,338
313,338
438,338
479,338
0,339
37,339
129,339
166,339
307,339
314,339
439,339
479,339
0,340
39,340
129,340
166,340
307,340
314,340
439,340
479,340
0,341
36,341
38,341
38,341
129,341
166,341
307,341
320,341
439,341
479,341
0,342
37,342
129,342
166,342
307,342
323,342
440,342
479,342
0,343
35,343
37,343
37,343
130,343
166,343
307,343
326,343
440,343
479,343
0,344
35,344
37,344
38,344
134,344
164,344
166,344
166,344
307,344
327,344
440,344
479,344
0,345
36,345
38,345
38,345
134,345
166,345
308,345
327,345
332,345
332,345
440,345
479,345
0,346
38,346
136,346
166,346
308,346
327,346
332,346
332,346
439,346
479,346
0,347
39,347
138,347
163,347
165,347
166,347
308,347
328,347
439,347
479,347
0,348
39,348
139,348
163,348
165,348
166,348
308,348
328,348
438,348
479,348
0,349
39,349
140,349
163,349
165,349
166,349
308,349
327,349
436,349
479,349
0,350
40,350
141,350
166,350
308,350
327,350
436,350
479,350
0,351
40,351
141,351
165,351
308,351
327,351
434,351
479,351
0,352
40,352
142,352
165,352
308,352
325,352
428,352
429,352
431,352
479,352
0,353
41,353
144,353
165,353
308,353
324,353
428,353
429,353
431,353
479,353
0,354
42,354
144,354
165,354
308,354
322,354
428,354
429,354
431,354
479,354
0,355
42,355
144,355
165,355
308,355
320,355
428,355
429,355
431,355
479,355
0,356
42,356
145,356
165,356
308,356
320,356
429,356
429,356
432,356
479,356
0,357
43,357
146,357
165,357
308,357
320,357
429,357
430,357
432,357
479,357
0,358
43,358
146,358
165,358
309,358
319,358
430,358
479,358
0,359
44,359
147,359
165,359
309,359
319,359
430,359
479,359
