0,0
54,0
80,0
87,0
107,0
168,0
0,1
54,1
80,1
87,1
107,1
168,1
0,2
54,2
81,2
87,2
107,2
168,2
0,3
54,3
82,3
86,3
107,3
168,3
0,4
53,4
83,4
86,4
107,4
167,4
0,5
53,5
83,5
86,5
107,5
167,5
0,6
53,6
107,6
167,6
0,7
52,7
107,7
167,7
0,8
51,8
107,8
167,8
0,9
51,9
107,9
167,9
0,10
51,10
108,10
167,10
0,11
51,11
109,11
167,11
0,12
50,12
109,12
164,12
0,13
50,13
111,13
164,13
0,14
49,14
111,14
166,14
0,15
46,15
112,15
167,15
0,16
44,16
47,16
47,16
110,16
167,16
0,17
42,17
111,17
168,17
0,18
41,18
111,18
168,18
0,19
41,19
113,19
168,19
0,20
41,20
113,20
168,20
0,21
41,21
113,21
168,21
0,22
1,22
6,22
7,22
9,22
41,22
113,22
168,22
0,23
1,23
12,23
41,23
114,23
168,23
0,24
1,24
7,24
8,24
14,24
41,24
114,24
168,24
0,25
2,25
15,25
41,25
114,25
168,25
0,26
4,26
16,26
35,26
114,26
168,26
0,27
0,27
3,27
5,27
18,27
23,27
26,27
35,27
114,27
168,27
0,28
5,28
19,28
19,28
21,28
35,28
114,28
168,28
0,29
5,29
22,29
23,29
26,29
36,29
114,29
168,29
0,30
8,30
22,30
23,30
31,30
35,30
114,30
168,30
0,31
7,31
24,31
24,31
31,31
36,31
114,31
168,31
0,32
8,32
10,32
10,32
31,32
31,32
34,32
35,32
114,32
168,32
0,33
11,33
31,33
31,33
33,33
35,33
37,33
37,33
113,33
168,33
0,34
13,34
33,34
33,34
35,34
36,34
113,34
168,34
0,35
14,35
35,35
35,35
113,35
168,35
0,36
15,36
113,36
168,36
0,37
17,37
116,37
168,37
0,38
20,38
116,38
168,38
0,39
21,39
116,39
168,39
0,40
23,40
116,40
168,40
0,41
23,41
118,41
168,41
0,42
23,42
118,42
168,42
0,43
24,43
118,43
168,43
0,44
24,44
119,44
168,44
0,45
25,45
119,45
168,45
0,46
25,46
121,46
167,46
0,47
21,47
23,47
24,47
121,47
166,47
0,48
22,48
121,48
166,48
0,49
22,49
121,49
166,49
0,50
21,50
121,50
166,50
0,51
20,51
121,51
165,51
0,52
19,52
121,52
165,52
0,53
19,53
121,53
165,53
0,54
19,54
121,54
163,54
0,55
18,55
121,55
161,55
0,56
18,56
121,56
158,56
0,57
17,57
121,57
158,57
0,58
17,58
121,58
158,58
0,59
17,59
121,59
156,59
0,60
18,60
121,60
156,60
0,61
19,61
121,61
156,61
0,62
19,62
122,62
154,62
0,63
21,63
34,63
34,63
122,63
153,63
0,64
22,64
31,64
31,64
123,64
152,64
0,65
30,65
34,65
34,65
124,65
147,65
0,66
29,66
34,66
34,66
124,66
146,66
0,67
27,67
124,67
146,67
0,68
29,68
124,68
146,68
0,69
29,69
124,69
146,69
0,70
28,70
124,70
146,70
0,71
29,71
124,71
146,71
0,72
29,72
124,72
146,72
0,73
29,73
124,73
146,73
0,74
29,74
124,74
146,74
0,75
30,75
124,75
146,75
0,76
30,76
32,76
32,76
124,76
146,76
0,77
30,77
32,77
32,77
124,77
146,77
0,78
30,78
32,78
32,78
124,78
145,78
0,79
31,79
124,79
145,79
0,80
32,80
124,80
145,80
0,81
32,81
124,81
145,81
0,82
33,82
124,82
144,82
0,83
31,83
33,83
33,83
124,83
144,83
0,84
31,84
124,84
144,84
0,85
31,85
124,85
144,85
0,86
33,86
124,86
144,86
0,87
32,87
124,87
144,87
0,88
34,88
124,88
144,88
0,89
34,89
124,89
144,89
0,90
33,90
124,90
144,90
0,91
32,91
35,91
35,91
124,91
144,91
0,92
32,92
35,92
35,92
124,92
144,92
0,93
32,93
35,93
35,93
96,93
96,93
124,93
144,93
0,94
32,94
126,94
143,94
0,95
32,95
35,95
35,95
126,95
143,95
0,96
32,96
35,96
35,96
129,96
142,96
0,97
32,97
36,97
36,97
129,97
142,97
0,98
33,98
36,98
36,98
130,98
142,98
0,99
33,99
36,99
36,99
130,99
141,99
0,100
33,100
36,100
36,100
130,100
141,100
0,101
33,101
36,101
36,101
130,101
141,101
0,102
33,102
36,102
36,102
130,102
141,102
0,103
33,103
36,103
36,103
130,103
141,103
0,104
33,104
36,104
36,104
130,104
141,104
0,105
33,105
36,105
36,105
130,105
141,105
0,106
33,106
36,106
36,106
130,106
141,106
0,107
33,107
36,107
36,107
130,107
141,107
0,108
33,108
36,108
36,108
115,108
115,108
130,108
141,108
0,109
33,109
35,109
35,109
114,109
114,109
130,109
141,109
0,110
32,110
35,110
35,110
114,110
114,110
131,110
141,110
0,111
32,111
35,111
35,111
115,111
115,111
126,111
127,111
131,111
141,111
0,112
31,112
35,112
35,112
126,112
140,112
0,113
31,113
125,113
129,113
132,113
139,113
0,114
31,114
123,114
129,114
134,114
139,114
0,115
31,115
123,115
128,115
137,115
138,115
0,116
31,116
122,116
128,116
137,116
138,116
0,117
31,117
123,117
128,117
138,117
138,117
0,118
31,118
127,118
128,118
0,119
31,119
0,120
33,120
127,120
127,120
0,121
33,121
129,121
129,121
0,122
33,122
0,123
32,123
131,123
131,123
0,124
32,124
0,125
32,125
132,125
132,125
0,126
31,126
0,127
31,127
0,128
31,128
0,129
31,129
0,130
31,130
0,131
31,131
0,132
27,132
29,132
31,132
0,133
27,133
29,133
30,133
0,134
29,134
134,134
134,134
0,135
29,135
134,135
134,135
0,136
29,136
0,137
29,137
0,138
28,138
0,139
27,139
0,140
27,140
0,141
25,141
0,142
25,142
0,143
23,143
0,144
23,144
0,145
22,145
0,146
22,146
0,147
21,147
0,148
21,148
0,149
20,149
0,150
20,150
0,151
19,151
0,152
18,152
0,153
18,153
0,154
17,154
0,155
17,155
0,156
16,156
0,157
16,157
0,158
15,158
0,159
15,159
0,160
14,160
92,160
92,160
0,161
14,161
92,161
92,161
0,162
13,162
0,163
13,163
91,163
91,163
0,164
12,164
0,165
12,165
0,166
11,166
0,167
8,167
10,167
10,167
0,168
8,168
10,168
10,168
0,169
10,169
0,170
10,170
0,171
10,171
0,172
7,172
0,173
9,173
0,174
8,174
0,175
8,175
0,176
9,176
0,177
9,177
0,178
8,178
0,179
8,179
0,180
8,180
74,180
74,180
0,181
8,181
76,181
76,181
0,182
7,182
76,182
76,182
0,183
7,183
0,184
7,184
0,185
7,185
0,186
7,186
0,187
7,187
0,188
4,188
6,188
7,188
0,189
4,189
6,189
6,189
0,190
6,190
0,191
3,191
5,191
6,191
0,192
5,192
0,193
6,193
0,194
6,194
0,195
6,195
0,196
5,196
0,197
5,197
0,198
6,198
0,199
6,199
40,199
41,199
0,200
6,200
20,200
20,200
34,200
38,200
40,200
42,200
0,201
4,201
6,201
6,201
19,201
21,201
34,201
43,201
0,202
4,202
6,202
6,202
18,202
20,202
34,202
45,202
0,203
6,203
18,203
21,203
34,203
44,203
0,204
7,204
14,204
14,204
16,204
23,204
29,204
29,204
34,204
43,204
0,205
14,205
16,205
30,205
32,205
41,205
0,206
14,206
16,206
39,206
0,207
39,207
0,208
35,208
0,209
32,209
34,209
35,209
0,210
31,210
34,210
34,210
63,210
64,210
0,211
32,211
0,212
33,212
0,213
32,213
0,214
32,214
0,215
33,215
0,216
32,216
51,216
52,216
0,217
32,217
56,217
56,217
0,218
32,218
48,218
49,218
0,219
32,219
48,219
49,219
61,219
61,219
0,220
32,220
48,220
48,220
0,221
32,221
0,222
32,222
0,223
33,223
61,223
61,223
0,224
33,224
46,224
47,224
0,225
32,225
46,225
48,225
0,226
32,226
45,226
49,226
0,227
33,227
44,227
49,227
0,228
33,228
44,228
49,228
0,229
34,229
41,229
50,229
0,230
34,230
40,230
41,230
43,230
55,230
0,231
35,231
40,231
58,231
0,232
34,232
36,232
36,232
38,232
57,232
0,233
55,233
58,233
58,233
0,234
57,234
0,235
56,235
0,236
56,236
0,237
55,237
0,238
55,238
0,239
54,239
0,240
53,240
0,241
52,241
0,242
52,242
0,243
49,243
51,243
51,243
0,244
49,244
0,245
49,245
0,246
49,246
0,247
48,247
0,248
48,248
0,249
47,249
0,250
47,250
0,251
46,251
0,252
45,252
0,253
44,253
0,254
42,254
0,255
43,255
0,256
42,256
0,257
42,257
0,258
40,258
0,259
39,259
43,259
43,259
0,260
39,260
0,261
39,261
42,261
42,261
0,262
38,262
0,263
38,263
0,264
37,264
0,265
36,265
0,266
34,266
0,267
34,267
0,268
33,268
0,269
33,269
0,270
32,270
0,271
31,271
0,272
31,272
0,273
31,273
0,274
28,274
30,274
31,274
0,275
27,275
0,276
27,276
0,277
27,277
0,278
27,278
0,279
26,279
0,280
25,280
0,281
25,281
0,282
24,282
0,283
24,283
0,284
23,284
0,285
22,285
0,286
22,286
0,287
21,287
0,288
21,288
0,289
19,289
0,290
19,290
0,291
19,291
0,292
18,292
0,293
18,293
0,294
17,294
0,295
17,295
0,296
17,296
0,297
17,297
0,298
19,298
0,299
19,299
0,300
18,300
0,301
18,301
0,302
18,302
0,303
17,303
0,304
17,304
0,305
17,305
0,306
16,306
0,307
16,307
0,308
16,308
0,309
16,309
0,310
16,310
0,311
16,311
0,312
16,312
0,313
17,313
25,313
26,313
0,314
17,314
24,314
24,314
26,314
26,314
0,315
17,315
21,315
27,315
0,316
28,316
0,317
29,317
0,318
47,318
0,319
49,319
0,320
49,320
0,321
50,321
0,322
50,322
0,323
50,323
0,324
51,324
0,325
51,325
0,326
51,326
0,327
52,327
0,328
53,328
0,329
54,329
63,329
71,329
0,330
74,330
0,331
73,331
75,331
75,331
0,332
75,332
0,333
75,333
0,334
75,334
0,335
75,335
0,336
75,336
99,336
101,336
0,337
75,337
95,337
101,337
0,338
75,338
94,338
95,338
97,338
101,338
0,339
75,339
94,339
101,339
0,340
75,340
94,340
101,340
0,341
74,341
94,341
101,341
0,342
74,342
93,342
101,342
0,343
74,343
94,343
101,343
0,344
74,344
93,344
101,344
0,345
74,345
93,345
102,345
0,346
74,346
92,346
102,346
0,347
74,347
92,347
102,347
0,348
74,348
92,348
102,348
0,349
74,349
91,349
102,349
0,350
73,350
91,350
102,350
0,351
73,351
92,351
102,351
118,351
118,351
0,352
73,352
90,352
102,352
117,352
118,352
0,353
73,353
90,353
90,353
92,353
102,353
117,353
118,353
0,354
73,354
90,354
102,354
117,354
118,354
0,355
73,355
90,355
102,355
117,355
118,355
0,356
72,356
90,356
101,356
117,356
118,356
0,357
72,357
89,357
100,357
117,357
118,357
0,358
72,358
89,358
99,358
117,358
120,358
0,359
72,359
89,359
97,359
117,359
120,359
