0,0
1,0
89,0
138,0
0,1
1,1
89,1
138,1
0,2
3,2
89,2
138,2
0,3
3,3
89,3
138,3
0,4
3,4
89,4
139,4
0,5
5,5
89,5
140,5
0,6
5,6
89,6
140,6
0,7
5,7
89,7
140,7
0,8
5,8
89,8
140,8
0,9
5,9
89,9
141,9
0,10
5,10
89,10
140,10
0,11
5,11
89,11
139,11
0,12
5,12
89,12
139,12
0,13
5,13
88,13
139,13
0,14
5,14
88,14
138,14
0,15
5,15
89,15
138,15
0,16
6,16
88,16
138,16
0,17
6,17
89,17
138,17
0,18
6,18
89,18
138,18
0,19
6,19
89,19
138,19
0,20
6,20
89,20
138,20
0,21
6,21
89,21
138,21
0,22
6,22
89,22
138,22
0,23
6,23
89,23
138,23
0,24
6,24
89,24
138,24
0,25
6,25
89,25
138,25
0,26
6,26
89,26
138,26
0,27
6,27
88,27
138,27
0,28
6,28
89,28
138,28
0,29
6,29
88,29
138,29
0,30
6,30
88,30
138,30
0,31
6,31
88,31
138,31
0,32
6,32
88,32
137,32
0,33
6,33
88,33
137,33
0,34
8,34
88,34
88,34
90,34
137,34
0,35
8,35
90,35
137,35
5,36
5,36
89,36
137,36
0,37
3,37
9,37
9,37
90,37
137,37
0,38
3,38
12,38
13,38
90,38
137,38
0,39
9,39
90,39
137,39
0,40
3,40
9,40
13,40
90,40
137,40
91,41
137,41
0,42
3,42
18,42
18,42
91,42
137,42
0,43
3,43
5,43
6,43
24,43
24,43
92,43
137,43
0,44
3,44
7,44
8,44
27,44
28,44
93,44
137,44
0,45
5,45
10,45
10,45
94,45
137,45
0,46
5,46
11,46
13,46
36,46
36,46
95,46
137,46
0,47
5,47
12,47
12,47
96,47
137,47
0,48
5,48
97,48
137,48
0,49
5,49
97,49
137,49
0,50
5,50
97,50
137,50
0,51
5,51
97,51
137,51
0,52
5,52
97,52
137,52
0,53
5,53
97,53
137,53
0,54
5,54
97,54
137,54
0,55
5,55
97,55
137,55
0,56
5,56
98,56
137,56
0,57
5,57
98,57
137,57
0,58
5,58
29,58
29,58
98,58
137,58
0,59
5,59
99,59
137,59
0,60
5,60
99,60
137,60
0,61
5,61
99,61
137,61
0,62
4,62
90,62
90,62
100,62
137,62
0,63
4,63
91,63
91,63
100,63
136,63
0,64
0,64
91,64
92,64
100,64
136,64
92,65
92,65
101,65
135,65
101,66
134,66
101,67
134,67
101,68
134,68
101,69
134,69
92,70
92,70
102,70
134,70
92,71
93,71
103,71
134,71
102,72
134,72
103,73
134,73
92,74
92,74
103,74
134,74
105,75
134,75
96,76
96,76
104,76
134,76
96,77
96,77
105,77
134,77
105,78
134,78
106,79
134,79
106,80
134,80
106,81
135,81
110,82
135,82
110,83
135,83
110,84
135,84
110,85
135,85
98,86
98,86
110,86
135,86
98,87
98,87
110,87
111,87
113,87
135,87
113,88
135,88
99,89
99,89
111,89
111,89
113,89
135,89
99,90
99,90
109,90
110,90
113,90
135,90
99,91
99,91
114,91
135,91
110,92
135,92
111,93
135,93
111,94
111,94
113,94
135,94
115,95
135,95
116,96
116,96
118,96
134,96
118,97
134,97
120,98
134,98
121,99
134,99
121,100
134,100
94,101
94,101
121,101
134,101
121,102
135,102
123,103
135,103
97,104
97,104
121,104
135,104
98,105
98,105
121,105
135,105
121,106
136,106
99,107
99,107
123,107
135,107
123,108
135,108
101,109
101,109
126,109
135,109
126,110
135,110
126,111
135,111
127,112
135,112
127,113
135,113
127,114
135,114
109,115
109,115
127,115
135,115
127,116
135,116
126,117
135,117
126,118
135,118
126,119
135,119
127,120
135,120
137,120
137,120
0,121
0,121
127,121
138,121
0,122
0,122
128,122
138,122
0,123
1,123
128,123
139,123
0,124
1,124
128,124
138,124
0,125
1,125
116,125
116,125
128,125
138,125
0,126
2,126
128,126
138,126
0,127
2,127
128,127
137,127
0,128
2,128
119,128
119,128
127,128
136,128
0,129
3,129
120,129
120,129
127,129
136,129
0,130
4,130
121,130
121,130
127,130
135,130
0,131
5,131
127,131
135,131
0,132
5,132
126,132
136,132
0,133
4,133
126,133
135,133
0,134
5,134
127,134
135,134
0,135
5,135
128,135
134,135
0,136
6,136
129,136
134,136
0,137
6,137
130,137
130,137
133,137
134,137
0,138
7,138
133,138
134,138
0,139
8,139
132,139
134,139
0,140
7,140
133,140
134,140
0,141
8,141
133,141
136,141
0,142
9,142
134,142
136,142
0,143
9,143
134,143
135,143
0,144
9,144
134,144
134,144
137,144
137,144
0,145
10,145
0,146
11,146
134,146
134,146
138,146
138,146
144,146
144,146
0,147
11,147
134,147
134,147
142,147
145,147
0,148
11,148
144,148
144,148
0,149
11,149
144,149
146,149
0,150
12,150
142,150
146,150
0,151
12,151
142,151
147,151
0,152
13,152
142,152
147,152
0,153
14,153
142,153
149,153
0,154
14,154
24,154
24,154
132,154
132,154
140,154
140,154
142,154
149,154
0,155
15,155
23,155
23,155
131,155
132,155
140,155
140,155
142,155
149,155
0,156
15,156
22,156
23,156
140,156
140,156
142,156
149,156
0,157
16,157
22,157
22,157
131,157
131,157
140,157
140,157
142,157
149,157
0,158
16,158
21,158
21,158
131,158
131,158
134,158
150,158
0,159
17,159
20,159
21,159
130,159
130,159
132,159
150,159
0,160
17,160
20,160
20,160
130,160
130,160
132,160
150,160
0,161
20,161
130,161
151,161
0,162
20,162
129,162
151,162
0,163
19,163
129,163
154,163
0,164
19,164
129,164
154,164
0,165
19,165
129,165
154,165
0,166
17,166
129,166
155,166
0,167
18,167
129,167
155,167
0,168
17,168
129,168
155,168
0,169
17,169
129,169
156,169
0,170
17,170
129,170
157,170
0,171
16,171
129,171
160,171
0,172
15,172
129,172
160,172
0,173
15,173
129,173
164,173
0,174
15,174
129,174
130,174
132,174
167,174
0,175
15,175
129,175
130,175
132,175
168,175
0,176
15,176
129,176
130,176
132,176
171,176
0,177
15,177
130,177
130,177
132,177
173,177
236,177
239,177
0,178
15,178
130,178
174,178
226,178
240,178
0,179
15,179
130,179
174,179
225,179
241,179
0,180
15,180
130,180
179,180
225,180
241,180
0,181
14,181
130,181
182,181
225,181
241,181
0,182
14,182
132,182
183,182
224,182
241,182
0,183
14,183
135,183
186,183
222,183
242,183
0,184
14,184
131,184
131,184
134,184
189,184
222,184
242,184
0,185
14,185
131,185
131,185
133,185
189,185
222,185
243,185
0,186
14,186
131,186
189,186
222,186
244,186
0,187
14,187
132,187
244,187
0,188
14,188
132,188
246,188
0,189
14,189
132,189
246,189
0,190
14,190
132,190
246,190
0,191
15,191
132,191
246,191
0,192
15,192
132,192
245,192
247,192
247,192
0,193
15,193
132,193
245,193
0,194
15,194
132,194
245,194
0,195
14,195
132,195
245,195
0,196
14,196
133,196
244,196
0,197
14,197
133,197
244,197
0,198
14,198
133,198
244,198
0,199
14,199
133,199
244,199
0,200
14,200
134,200
244,200
0,201
14,201
134,201
244,201
0,202
14,202
134,202
244,202
0,203
14,203
134,203
244,203
0,204
14,204
135,204
244,204
0,205
13,205
135,205
244,205
0,206
13,206
135,206
244,206
0,207
13,207
135,207
244,207
0,208
13,208
136,208
244,208
0,209
13,209
136,209
244,209
0,210
13,210
136,210
244,210
0,211
11,211
13,211
13,211
137,211
138,211
140,211
244,211
0,212
11,212
137,212
137,212
140,212
244,212
0,213
11,213
138,213
138,213
140,213
244,213
1,214
11,214
138,214
138,214
140,214
244,214
10,215
10,215
139,215
244,215
14,216
14,216
41,216
41,216
138,216
242,216
14,217
14,217
139,217
242,217
14,218
14,218
49,218
49,218
139,218
242,218
49,219
49,219
139,219
242,219
49,220
49,220
140,220
242,220
15,221
15,221
140,221
242,221
15,222
15,222
140,222
242,222
140,223
241,223
141,224
241,224
35,225
35,225
38,225
39,225
41,225
41,225
46,225
46,225
142,225
241,225
35,226
35,226
38,226
43,226
45,226
45,226
142,226
240,226
36,227
43,227
45,227
45,227
142,227
240,227
32,228
32,228
37,228
43,228
45,228
45,228
142,228
242,228
20,229
20,229
28,229
29,229
37,229
44,229
143,229
242,229
20,230
20,230
29,230
29,230
37,230
44,230
143,230
242,230
38,231
43,231
143,231
242,231
36,232
43,232
144,232
240,232
34,233
43,233
144,233
240,233
33,234
42,234
145,234
239,234
33,235
42,235
145,235
239,235
33,236
42,236
145,236
239,236
32,237
42,237
146,237
237,237
29,238
43,238
146,238
236,238
28,239
43,239
146,239
233,239
26,240
44,240
147,240
230,240
24,241
44,241
147,241
229,241
21,242
44,242
147,242
228,242
21,243
45,243
147,243
227,243
19,244
45,244
148,244
226,244
19,245
45,245
148,245
226,245
17,246
43,246
45,246
45,246
149,246
226,246
17,247
43,247
45,247
46,247
149,247
225,247
15,248
43,248
45,248
46,248
150,248
225,248
14,249
44,249
46,249
46,249
150,249
225,249
14,250
44,250
46,250
46,250
150,250
225,250
13,251
46,251
151,251
225,251
13,252
46,252
151,252
225,252
13,253
47,253
151,253
225,253
13,254
47,254
151,254
224,254
10,255
47,255
152,255
223,255
10,256
46,256
153,256
221,256
0,257
45,257
153,257
221,257
0,258
27,258
30,258
33,258
153,258
220,258
0,259
22,259
153,259
220,259
0,260
13,260
18,260
18,260
154,260
220,260
0,261
13,261
154,261
220,261
0,262
13,262
154,262
220,262
0,263
13,263
154,263
220,263
0,264
13,264
155,264
220,264
0,265
13,265
155,265
220,265
0,266
13,266
155,266
155,266
157,266
220,266
0,267
13,267
155,267
220,267
0,268
13,268
156,268
220,268
0,269
13,269
156,269
193,269
201,269
220,269
0,270
8,270
156,270
191,270
203,270
219,270
0,271
8,271
157,271
185,271
204,271
219,271
0,272
7,272
157,272
181,272
204,272
219,272
0,273
7,273
158,273
181,273
205,273
219,273
0,274
9,274
159,274
170,274
173,274
178,274
206,274
219,274
0,275
9,275
159,275
169,275
208,275
219,275
0,276
9,276
159,276
169,276
208,276
219,276
0,277
12,277
160,277
169,277
175,277
175,277
208,277
219,277
0,278
12,278
161,278
176,278
208,278
219,278
0,279
13,279
162,279
175,279
209,279
219,279
0,280
13,280
162,280
175,280
209,280
219,280
0,281
14,281
162,281
175,281
209,281
219,281
0,282
15,282
162,282
175,282
182,282
182,282
209,282
219,282
0,283
15,283
162,283
175,283
209,283
219,283
0,284
15,284
163,284
174,284
209,284
219,284
0,285
15,285
34,285
35,285
163,285
174,285
209,285
219,285
0,286
18,286
34,286
35,286
163,286
174,286
176,286
176,286
209,286
219,286
0,287
21,287
163,287
174,287
176,287
176,287
208,287
219,287
0,288
23,288
33,288
35,288
163,288
183,288
208,288
224,288
0,289
24,289
32,289
32,289
36,289
36,289
164,289
183,289
208,289
225,289
0,290
26,290
32,290
32,290
36,290
36,290
164,290
184,290
208,290
214,290
216,290
226,290
0,291
28,291
164,291
184,291
208,291
210,291
214,291
214,291
216,291
227,291
0,292
30,292
33,292
34,292
164,292
184,292
208,292
210,292
214,292
227,292
0,293
29,293
34,293
34,293
165,293
184,293
208,293
208,293
214,293
227,293
0,294
29,294
165,294
184,294
214,294
227,294
0,295
27,295
165,295
184,295
214,295
227,295
0,296
27,296
30,296
33,296
165,296
184,296
214,296
227,296
0,297
27,297
32,297
32,297
166,297
184,297
214,297
227,297
0,298
27,298
166,298
184,298
214,298
227,298
0,299
27,299
31,299
31,299
166,299
184,299
214,299
227,299
0,300
27,300
30,300
30,300
167,300
184,300
214,300
227,300
0,301
26,301
30,301
30,301
167,301
185,301
214,301
227,301
0,302
27,302
30,302
30,302
167,302
185,302
214,302
226,302
0,303
27,303
29,303
29,303
168,303
187,303
214,303
226,303
0,304
28,304
167,304
191,304
197,304
197,304
200,304
200,304
214,304
225,304
0,305
28,305
167,305
192,305
196,305
198,305
215,305
225,305
0,306
27,306
167,306
199,306
216,306
225,306
0,307
27,307
167,307
199,307
216,307
224,307
0,308
26,308
167,308
198,308
216,308
224,308
0,309
26,309
168,309
198,309
216,309
223,309
0,310
26,310
168,310
198,310
216,310
220,310
0,311
25,311
168,311
198,311
216,311
220,311
0,312
25,312
167,312
199,312
217,312
217,312
0,313
25,313
167,313
198,313
0,314
24,314
167,314
167,314
169,314
198,314
0,315
24,315
167,315
198,315
0,316
24,316
168,316
199,316
0,317
26,317
168,317
198,317
0,318
26,318
168,318
197,318
0,319
25,319
168,319
197,319
0,320
25,320
168,320
197,320
0,321
25,321
168,321
197,321
0,322
25,322
168,322
197,322
0,323
24,323
168,323
197,323
0,324
24,324
168,324
197,324
0,325
24,325
168,325
197,325
0,326
24,326
168,326
197,326
0,327
24,327
168,327
197,327
0,328
24,328
168,328
197,328
0,329
24,329
168,329
197,329
0,330
24,330
168,330
197,330
0,331
24,331
167,331
197,331
0,332
22,332
24,332
25,332
33,332
33,332
166,332
197,332
0,333
25,333
31,333
33,333
159,333
197,333
0,334
26,334
29,334
33,334
41,334
51,334
157,334
197,334
0,335
29,335
31,335
44,335
48,335
52,335
156,335
197,335
0,336
53,336
155,336
197,336
441,336
441,336
0,337
53,337
155,337
197,337
0,338
54,338
154,338
197,338
0,339
54,339
154,339
197,339
0,340
54,340
154,340
196,340
413,340
414,340
421,340
421,340
437,340
438,340
0,341
55,341
153,341
196,341
417,341
419,341
425,341
425,341
0,342
55,342
152,342
196,342
419,342
419,342
425,342
425,342
0,343
56,343
151,343
195,343
0,344
56,344
130,344
134,344
149,344
195,344
420,344
422,344
0,345
57,345
66,345
76,345
121,345
121,345
123,345
193,345
419,345
424,345
0,346
77,346
120,346
123,346
125,346
192,346
419,346
428,346
0,347
66,347
68,347
76,347
120,347
138,347
148,347
193,347
419,347
429,347
0,348
77,348
120,348
191,348
419,348
429,348
0,349
77,349
120,349
191,349
419,349
430,349
0,350
76,350
120,350
191,350
419,350
430,350
0,351
76,351
99,351
99,351
102,351
103,351
120,351
191,351
419,351
430,351
0,352
76,352
96,352
103,352
120,352
188,352
420,352
429,352
0,353
76,353
95,353
103,353
120,353
187,353
420,353
428,353
0,354
76,354
95,354
103,354
120,354
185,354
420,354
428,354
0,355
76,355
95,355
103,355
119,355
185,355
420,355
427,355
0,356
76,356
94,356
103,356
119,356
185,356
420,356
427,356
0,357
76,357
94,357
103,357
119,357
185,357
420,357
427,357
0,358
76,358
94,358
104,358
119,358
185,358
420,358
427,358
0,359
76,359
94,359
104,359
119,359
185,359
420,359
427,359
