0,0
160,0
172,0
479,0
0,1
160,1
172,1
173,1
175,1
479,1
0,2
161,2
172,2
174,2
176,2
479,2
0,3
161,3
174,3
479,3
0,4
163,4
176,4
479,4
0,5
163,5
176,5
479,5
0,6
163,6
176,6
479,6
0,7
163,7
176,7
479,7
0,8
164,8
176,8
301,8
303,8
307,8
309,8
479,8
0,9
164,9
177,9
300,9
302,9
305,9
310,9
479,9
0,10
165,10
177,10
299,10
301,10
301,10
310,10
479,10
0,11
165,11
178,11
299,11
310,11
479,11
0,12
161,12
165,12
165,12
179,12
299,12
310,12
479,12
0,13
161,13
179,13
299,13
310,13
479,13
0,14
161,14
179,14
299,14
311,14
479,14
0,15
161,15
179,15
300,15
312,15
479,15
0,16
161,16
179,16
300,16
312,16
479,16
0,17
161,17
180,17
300,17
313,17
479,17
0,18
162,18
180,18
301,18
313,18
479,18
0,19
162,19
180,19
301,19
314,19
479,19
0,20
163,20
180,20
182,20
184,20
291,20
301,20
301,20
314,20
317,20
327,20
479,20
0,21
163,21
182,21
182,21
184,21
292,21
315,21
315,21
328,21
479,21
0,22
164,22
181,22
292,22
302,22
302,22
328,22
479,22
0,23
164,23
183,23
291,23
328,23
479,23
0,24
164,24
182,24
292,24
328,24
479,24
0,25
165,25
183,25
292,25
328,25
479,25
0,26
165,26
183,26
292,26
327,26
479,26
0,27
166,27
184,27
293,27
327,27
479,27
0,28
167,28
184,28
293,28
326,28
479,28
0,29
167,29
184,29
293,29
326,29
479,29
0,30
168,30
185,30
294,30
325,30
479,30
0,31
169,31
186,31
294,31
325,31
479,31
0,32
169,32
185,32
295,32
325,32
479,32
0,33
169,33
186,33
295,33
324,33
479,33
0,34
169,34
186,34
295,34
324,34
479,34
0,35
168,35
187,35
295,35
324,35
479,35
0,36
168,36
187,36
295,36
323,36
479,36
0,37
168,37
187,37
295,37
323,37
479,37
0,38
144,38
149,38
166,38
168,38
168,38
187,38
295,38
322,38
479,38
0,39
143,39
152,39
158,39
160,39
163,39
187,39
296,39
322,39
479,39
0,40
144,40
155,40
160,40
188,40
296,40
322,40
479,40
0,41
143,41
187,41
296,41
323,41
479,41
0,42
143,42
186,42
296,42
324,42
479,42
0,43
145,43
186,43
186,43
188,43
294,43
324,43
479,43
0,44
146,44
184,44
297,44
324,44
479,44
0,45
147,45
185,45
296,45
324,45
479,45
0,46
149,46
186,46
297,46
325,46
479,46
0,47
147,47
149,47
150,47
187,47
298,47
325,47
479,47
0,48
151,48
188,48
298,48
325,48
479,48
0,49
152,49
189,49
299,49
326,49
479,49
0,50
152,50
190,50
299,50
326,50
479,50
0,51
152,51
190,51
299,51
327,51
479,51
0,52
152,52
191,52
299,52
327,52
332,52
337,52
479,52
0,53
152,53
193,53
299,53
338,53
479,53
0,54
152,54
195,54
300,54
343,54
479,54
0,55
152,55
197,55
300,55
346,55
479,55
0,56
152,56
198,56
300,56
350,56
479,56
0,57
151,57
200,57
301,57
352,57
479,57
0,58
148,58
202,58
301,58
355,58
479,58
0,59
144,59
203,59
301,59
356,59
479,59
0,60
141,60
203,60
301,60
357,60
479,60
0,61
138,61
203,61
302,61
358,61
479,61
0,62
133,62
202,62
302,62
360,62
479,62
0,63
133,63
202,63
303,63
360,63
479,63
0,64
126,64
128,64
131,64
191,64
298,64
362,64
479,64
0,65
129,65
189,65
299,65
363,65
479,65
0,66
128,66
188,66
297,66
364,66
479,66
0,67
128,67
188,67
296,67
365,67
479,67
0,68
126,68
186,68
295,68
365,68
479,68
0,69
125,69
186,69
294,69
366,69
479,69
0,70
124,70
186,70
293,70
367,70
479,70
0,71
123,71
188,71
292,71
367,71
479,71
0,72
123,72
189,72
291,72
369,72
479,72
0,73
122,73
191,73
290,73
370,73
479,73
0,74
121,74
191,74
289,74
371,74
479,74
0,75
120,75
193,75
288,75
372,75
479,75
0,76
119,76
194,76
194,76
196,76
283,76
285,76
288,76
373,76
479,76
0,77
118,77
194,77
287,77
374,77
479,77
0,78
117,78
195,78
286,78
375,78
479,78
0,79
116,79
196,79
196,79
198,79
286,79
376,79
479,79
0,80
116,80
197,80
285,80
378,80
479,80
0,81
114,81
198,81
285,81
379,81
479,81
0,82
114,82
199,82
199,82
201,82
285,82
381,82
479,82
0,83
113,83
199,83
282,83
284,83
284,83
382,83
479,83
0,84
112,84
199,84
282,84
284,84
284,84
384,84
479,84
0,85
111,85
200,85
284,85
386,85
479,85
0,86
110,86
201,86
283,86
389,86
479,86
0,87
108,87
201,87
284,87
391,87
479,87
0,88
106,88
201,88
283,88
394,88
479,88
0,89
104,89
106,89
107,89
202,89
283,89
398,89
479,89
0,90
106,90
202,90
283,90
401,90
479,90
0,91
101,91
103,91
105,91
202,91
283,91
403,91
479,91
0,92
103,92
203,92
282,92
408,92
479,92
0,93
102,93
203,93
282,93
414,93
479,93
0,94
101,94
203,94
282,94
420,94
479,94
0,95
99,95
203,95
281,95
424,95
470,95
472,95
479,95
0,96
97,96
204,96
281,96
430,96
441,96
445,96
458,96
460,96
467,96
473,96
479,96
0,97
96,97
204,97
281,97
436,97
457,97
474,97
475,97
0,98
94,98
204,98
281,98
443,98
449,98
0,99
92,99
204,99
281,99
446,99
448,99
0,100
91,100
204,100
281,100
0,101
87,101
205,101
281,101
0,102
85,102
205,102
281,102
0,103
84,103
205,103
280,103
0,104
75,104
78,104
81,104
205,104
280,104
284,104
285,104
0,105
78,105
205,105
281,105
284,105
285,105
478,105
479,105
0,106
76,106
205,106
285,106
472,106
479,106
0,107
74,107
205,107
285,107
475,107
479,107
0,108
70,108
205,108
285,108
475,108
479,108
0,109
68,109
200,109
200,109
203,109
286,109
476,109
479,109
0,110
63,110
200,110
200,110
202,110
286,110
477,110
479,110
0,111
63,111
200,111
200,111
202,111
288,111
478,111
479,111
0,112
60,112
199,112
291,112
479,112
479,112
0,113
49,113
52,113
56,113
199,113
291,113
295,113
295,113
0,114
54,114
198,114
292,114
295,114
296,114
300,114
301,114
0,115
46,115
48,115
52,115
197,115
294,115
296,115
298,115
300,115
300,115
0,116
48,116
194,116
300,116
0,117
45,117
184,117
185,117
193,117
300,117
0,118
39,118
41,118
42,118
184,118
184,118
188,118
189,118
191,118
300,118
0,119
38,119
40,119
41,119
184,119
185,119
187,119
299,119
0,120
37,120
186,120
299,120
0,121
36,121
187,121
299,121
0,122
33,122
186,122
299,122
0,123
31,123
186,123
299,123
0,124
29,124
187,124
303,124
0,125
27,125
187,125
188,125
190,125
304,125
0,126
25,126
187,126
187,126
189,126
304,126
0,127
23,127
186,127
187,127
189,127
305,127
0,128
22,128
183,128
307,128
0,129
20,129
182,129
307,129
0,130
18,130
181,130
181,130
184,130
310,130
0,131
17,131
180,131
310,131
352,131
352,131
0,132
16,132
178,132
179,132
181,132
312,132
352,132
354,132
0,133
15,133
177,133
313,133
321,133
321,133
353,133
355,133
0,134
14,134
176,134
313,134
319,134
320,134
351,134
357,134
0,135
14,135
174,135
318,135
320,135
320,135
351,135
360,135
0,136
13,136
173,136
318,136
351,136
351,136
353,136
363,136
0,137
12,137
172,137
317,137
353,137
364,137
0,138
11,138
171,138
315,138
353,138
367,138
0,139
10,139
135,139
137,139
167,139
315,139
355,139
370,139
0,140
6,140
8,140
9,140
133,140
134,140
168,140
313,140
355,140
374,140
0,141
8,141
132,141
134,141
170,141
313,141
355,141
377,141
0,142
5,142
130,142
133,142
171,142
312,142
355,142
380,142
0,143
4,143
129,143
133,143
171,143
312,143
355,143
384,143
0,144
4,144
128,144
131,144
172,144
311,144
355,144
386,144
0,145
3,145
126,145
132,145
172,145
310,145
355,145
389,145
0,146
2,146
124,146
126,146
128,146
131,146
174,146
310,146
356,146
390,146
392,146
393,146
0,147
1,147
122,147
126,147
128,147
131,147
174,147
309,147
356,147
397,147
0,148
0,148
121,148
131,148
174,148
308,148
357,148
395,148
397,148
398,148
118,149
122,149
125,149
130,149
175,149
308,149
357,149
401,149
116,150
123,150
125,150
130,150
176,150
308,150
357,150
403,150
114,151
129,151
176,151
307,151
357,151
402,151
404,151
404,151
406,151
406,151
112,152
129,152
177,152
307,152
357,152
407,152
111,153
112,153
114,153
129,153
177,153
307,153
357,153
408,153
432,153
433,153
109,154
129,154
177,154
307,154
357,154
410,154
434,154
441,154
108,155
129,155
177,155
307,155
357,155
414,155
435,155
446,155
106,156
129,156
178,156
307,156
357,156
416,156
420,156
421,156
436,156
451,156
105,157
128,157
178,157
307,157
357,157
416,157
419,157
421,157
423,157
423,157
437,157
455,157
102,158
128,158
178,158
307,158
357,158
424,158
438,158
459,158
101,159
128,159
178,159
306,159
357,159
422,159
424,159
426,159
432,159
434,159
439,159
454,159
457,159
464,159
99,160
128,160
178,160
305,160
358,160
428,160
433,160
436,160
439,160
466,160
97,161
128,161
178,161
305,161
358,161
430,161
433,161
467,161
96,162
128,162
179,162
305,162
358,162
469,162
471,162
471,162
95,163
96,163
98,163
128,163
179,163
305,163
358,163
427,163
429,163
429,163
431,163
472,163
93,164
96,164
98,164
128,164
179,164
305,164
358,164
473,164
92,165
93,165
95,165
128,165
179,165
304,165
358,165
474,165
91,166
127,166
180,166
304,166
358,166
475,166
90,167
90,167
92,167
127,167
180,167
303,167
358,167
476,167
90,168
127,168
180,168
304,168
358,168
476,168
88,169
127,169
180,169
303,169
358,169
476,169
87,170
127,170
181,170
303,170
358,170
476,170
81,171
81,171
86,171
127,171
181,171
303,171
358,171
476,171
79,172
79,172
81,172
81,172
85,172
127,172
181,172
302,172
359,172
477,172
78,173
80,173
84,173
127,173
182,173
302,173
360,173
477,173
69,174
69,174
77,174
78,174
80,174
80,174
84,174
127,174
182,174
302,174
359,174
477,174
67,175
68,175
75,175
78,175
80,175
81,175
83,175
127,175
183,175
302,175
360,175
477,175
479,175
479,175
66,176
67,176
75,176
127,176
183,176
301,176
360,176
479,176
65,177
66,177
74,177
127,177
183,177
301,177
361,177
479,177
63,178
65,178
73,178
126,178
183,178
301,178
361,178
479,178
61,179
61,179
63,179
65,179
73,179
74,179
76,179
126,179
183,179
300,179
361,179
479,179
62,180
64,180
73,180
126,180
185,180
188,180
192,180
194,180
196,180
299,180
363,180
479,180
59,181
59,181
62,181
63,181
68,181
125,181
185,181
186,181
192,181
193,181
196,181
299,181
365,181
479,181
58,182
58,182
62,182
63,182
67,182
125,182
196,182
298,182
366,182
479,182
57,183
58,183
60,183
62,183
69,183
126,183
195,183
297,183
367,183
479,183
55,184
126,184
195,184
287,184
291,184
292,184
297,184
297,184
368,184
479,184
44,185
44,185
54,185
124,185
194,185
292,185
369,185
479,185
44,186
44,186
53,186
123,186
194,186
289,186
292,186
292,186
370,186
479,186
43,187
43,187
51,187
52,187
55,187
122,187
192,187
192,187
196,187
287,187
371,187
479,187
41,188
42,188
50,188
119,188
196,188
288,188
370,188
479,188
40,189
41,189
50,189
116,189
196,189
289,189
371,189
479,189
39,190
40,190
49,190
116,190
196,190
290,190
371,190
479,190
38,191
38,191
40,191
40,191
47,191
47,191
49,191
116,191
195,191
287,191
289,191
290,191
372,191
479,191
37,192
40,192
47,192
115,192
195,192
287,192
291,192
291,192
372,192
479,192
37,193
39,193
47,193
115,193
194,193
287,193
372,193
479,193
35,194
35,194
37,194
38,194
44,194
114,194
197,194
287,194
360,194
360,194
371,194
479,194
33,195
37,195
43,195
114,195
198,195
287,195
361,195
361,195
371,195
479,195
32,196
37,196
43,196
114,196
197,196
287,196
360,196
363,196
370,196
479,196
6,197
6,197
31,197
37,197
42,197
114,197
196,197
288,197
370,197
479,197
4,198
5,198
30,198
30,198
32,198
38,198
40,198
114,198
196,198
285,198
370,198
479,198
4,199
4,199
29,199
114,199
196,199
284,199
370,199
479,199
3,200
4,200
28,200
114,200
122,200
123,200
195,200
284,200
369,200
479,200
2,201
3,201
28,201
114,201
121,201
122,201
195,201
284,201
369,201
479,201
1,202
2,202
26,202
114,202
121,202
122,202
195,202
285,202
369,202
479,202
0,203
0,203
2,203
2,203
25,203
114,203
123,203
123,203
195,203
286,203
368,203
368,203
370,203
479,203
0,204
2,204
25,204
115,204
196,204
284,204
286,204
286,204
368,204
479,204
0,205
2,205
23,205
23,205
25,205
115,205
195,205
287,205
368,205
479,205
0,206
2,206
22,206
115,206
195,206
286,206
367,206
479,206
0,207
2,207
13,207
13,207
20,207
115,207
196,207
285,207
366,207
479,207
2,208
2,208
13,208
13,208
19,208
115,208
197,208
285,208
366,208
479,208
0,209
3,209
18,209
116,209
197,209
285,209
364,209
479,209
0,210
3,210
15,210
116,210
197,210
285,210
364,210
479,210
0,211
0,211
2,211
3,211
10,211
11,211
13,211
117,211
197,211
285,211
362,211
479,211
0,212
3,212
8,212
119,212
197,212
285,212
361,212
479,212
0,213
120,213
197,213
286,213
362,213
479,213
0,214
121,214
197,214
286,214
363,214
479,214
0,215
120,215
122,215
122,215
196,215
287,215
363,215
479,215
0,216
124,216
196,216
287,216
363,216
479,216
0,217
124,217
196,217
290,217
363,217
479,217
0,218
124,218
195,218
291,218
364,218
479,218
0,219
124,219
195,219
287,219
290,219
291,219
364,219
479,219
0,220
123,220
193,220
291,220
364,220
479,220
0,221
123,221
192,221
292,221
364,221
479,221
0,222
123,222
192,222
292,222
364,222
479,222
0,223
123,223
192,223
292,223
364,223
479,223
0,224
123,224
192,224
292,224
364,224
479,224
0,225
123,225
192,225
292,225
364,225
479,225
0,226
123,226
192,226
293,226
363,226
479,226
0,227
123,227
192,227
293,227
363,227
479,227
0,228
123,228
192,228
293,228
363,228
479,228
0,229
123,229
192,229
293,229
363,229
479,229
0,230
123,230
192,230
293,230
362,230
479,230
0,231
123,231
191,231
291,231
293,231
293,231
362,231
479,231
0,232
123,232
192,232
291,232
293,232
294,232
361,232
479,232
0,233
123,233
192,233
294,233
362,233
479,233
0,234
124,234
192,234
294,234
362,234
479,234
0,235
124,235
191,235
295,235
363,235
479,235
0,236
124,236
191,236
295,236
363,236
479,236
0,237
124,237
191,237
296,237
364,237
479,237
0,238
124,238
191,238
296,238
364,238
479,238
0,239
123,239
191,239
296,239
364,239
479,239
0,240
123,240
191,240
297,240
367,240
368,240
371,240
479,240
0,241
123,241
191,241
298,241
368,241
479,241
0,242
121,242
190,242
298,242
374,242
479,242
0,243
121,243
190,243
300,243
309,243
311,243
375,243
479,243
0,244
120,244
189,244
311,244
382,244
479,244
0,245
119,245
188,245
311,245
388,245
479,245
0,246
118,246
188,246
311,246
393,246
479,246
0,247
117,247
187,247
311,247
396,247
479,247
0,248
116,248
175,248
179,248
184,248
186,248
188,248
311,248
399,248
479,248
0,249
115,249
175,249
311,249
401,249
479,249
0,250
115,250
175,250
311,250
404,250
479,250
0,251
114,251
175,251
179,251
181,251
311,251
406,251
479,251
0,252
114,252
181,252
311,252
408,252
479,252
0,253
112,253
176,253
311,253
409,253
479,253
0,254
111,254
175,254
311,254
412,254
479,254
0,255
111,255
175,255
311,255
414,255
479,255
0,256
110,256
176,256
311,256
416,256
479,256
0,257
109,257
176,257
311,257
417,257
479,257
0,258
108,258
175,258
311,258
418,258
479,258
0,259
107,259
175,259
311,259
421,259
479,259
0,260
106,260
175,260
311,260
422,260
479,260
0,261
105,261
176,261
311,261
423,261
479,261
0,262
104,262
176,262
311,262
424,262
479,262
0,263
104,263
176,263
311,263
426,263
479,263
0,264
103,264
176,264
311,264
427,264
479,264
0,265
103,265
176,265
311,265
428,265
479,265
0,266
101,266
176,266
311,266
429,266
479,266
0,267
101,267
176,267
311,267
432,267
479,267
0,268
100,268
176,268
311,268
433,268
479,268
0,269
99,269
176,269
311,269
434,269
479,269
0,270
97,270
176,270
311,270
435,270
479,270
0,271
97,271
176,271
311,271
436,271
479,271
0,272
96,272
177,272
311,272
438,272
479,272
0,273
96,273
177,273
311,273
439,273
479,273
0,274
95,274
177,274
311,274
440,274
479,274
0,275
94,275
177,275
311,275
441,275
479,275
0,276
93,276
177,276
311,276
444,276
479,276
0,277
92,277
177,277
311,277
445,277
479,277
0,278
91,278
177,278
311,278
447,278
479,278
0,279
91,279
177,279
311,279
448,279
479,279
0,280
89,280
177,280
312,280
450,280
479,280
0,281
89,281
177,281
312,281
454,281
479,281
0,282
88,282
177,282
312,282
456,282
479,282
0,283
87,283
178,283
312,283
456,283
479,283
0,284
86,284
178,284
312,284
459,284
479,284
0,285
84,285
178,285
312,285
462,285
479,285
0,286
84,286
178,286
312,286
464,286
479,286
0,287
84,287
178,287
312,287
465,287
479,287
0,288
82,288
178,288
312,288
469,288
479,288
0,289
81,289
178,289
313,289
471,289
479,289
0,290
80,290
178,290
313,290
472,290
479,290
0,291
79,291
178,291
313,291
474,291
479,291
0,292
78,292
178,292
313,292
476,292
479,292
0,293
77,293
178,293
314,293
479,293
479,293
0,294
76,294
178,294
314,294
0,295
75,295
178,295
314,295
0,296
73,296
178,296
314,296
0,297
73,297
178,297
314,297
0,298
71,298
178,298
315,298
0,299
70,299
178,299
315,299
0,300
69,300
178,300
315,300
0,301
67,301
178,301
315,301
0,302
65,302
178,302
315,302
0,303
65,303
178,303
315,303
0,304
62,304
178,304
316,304
0,305
61,305
178,305
316,305
0,306
60,306
178,306
316,306
0,307
59,307
178,307
316,307
0,308
57,308
178,308
316,308
0,309
56,309
178,309
316,309
0,310
55,310
178,310
316,310
0,311
55,311
178,311
316,311
0,312
52,312
178,312
317,312
0,313
51,313
178,313
316,313
0,314
49,314
178,314
315,314
0,315
48,315
178,315
315,315
0,316
46,316
178,316
315,316
0,317
44,317
178,317
315,317
0,318
41,318
178,318
315,318
0,319
41,319
178,319
315,319
0,320
40,320
178,320
314,320
0,321
38,321
178,321
312,321
0,322
38,322
178,322
313,322
0,323
37,323
177,323
312,323
0,324
33,324
177,324
312,324
0,325
32,325
177,325
312,325
0,326
30,326
177,326
312,326
0,327
30,327
177,327
311,327
0,328
27,328
29,328
29,328
177,328
311,328
0,329
28,329
177,329
311,329
0,330
26,330
177,330
311,330
0,331
25,331
177,331
311,331
0,332
24,332
177,332
310,332
0,333
23,333
177,333
310,333
0,334
22,334
177,334
308,334
0,335
21,335
177,335
309,335
0,336
19,336
177,336
309,336
0,337
18,337
177,337
309,337
0,338
16,338
177,338
309,338
0,339
16,339
177,339
309,339
0,340
14,340
177,340
308,340
0,341
11,341
177,341
308,341
0,342
11,342
177,342
308,342
0,343
11,343
177,343
308,343
0,344
8,344
178,344
306,344
0,345
7,345
179,345
306,345
0,346
7,346
179,346
306,346
0,347
6,347
179,347
306,347
0,348
3,348
180,348
304,348
0,349
1,349
180,349
305,349
0,350
0,350
180,350
305,350
0,351
0,351
181,351
305,351
181,352
305,352
181,353
305,353
182,354
304,354
182,355
304,355
182,356
304,356
183,357
304,357
182,358
304,358
183,359
304,359
