0,0
130,0
139,0
168,0
180,0
479,0
0,1
130,1
140,1
168,1
180,1
479,1
0,2
130,2
141,2
168,2
180,2
479,2
0,3
130,3
142,3
168,3
180,3
479,3
0,4
130,4
143,4
167,4
180,4
479,4
0,5
130,5
144,5
166,5
180,5
479,5
0,6
130,6
145,6
166,6
180,6
479,6
0,7
131,7
146,7
166,7
180,7
479,7
0,8
131,8
147,8
166,8
180,8
479,8
0,9
131,9
148,9
165,9
180,9
274,9
278,9
479,9
0,10
132,10
149,10
165,10
180,10
274,10
278,10
479,10
0,11
132,11
149,11
165,11
180,11
273,11
278,11
479,11
0,12
133,12
151,12
151,12
153,12
164,12
180,12
198,12
203,12
273,12
277,12
479,12
0,13
133,13
151,13
164,13
180,13
192,13
194,13
196,13
203,13
273,13
277,13
479,13
0,14
134,14
152,14
164,14
180,14
194,14
203,14
272,14
277,14
479,14
0,15
134,15
153,15
164,15
179,15
192,15
203,15
272,15
277,15
479,15
0,16
135,16
154,16
164,16
179,16
190,16
203,16
271,16
277,16
479,16
0,17
136,17
155,17
164,17
179,17
189,17
202,17
271,17
276,17
479,17
0,18
137,18
155,18
163,18
179,18
187,18
202,18
270,18
276,18
360,18
364,18
479,18
0,19
137,19
157,19
163,19
179,19
186,19
201,19
269,19
276,19
360,19
364,19
479,19
0,20
126,20
128,20
135,20
137,20
138,20
157,20
163,20
178,20
184,20
201,20
269,20
275,20
360,20
364,20
479,20
0,21
139,21
158,21
163,21
178,21
183,21
200,21
268,21
275,21
360,21
364,21
479,21
0,22
119,22
127,22
139,22
158,22
163,22
178,22
181,22
199,22
268,22
275,22
360,22
365,22
479,22
0,23
119,23
132,23
140,23
159,23
163,23
178,23
180,23
199,23
268,23
275,23
360,23
365,23
479,23
0,24
119,24
135,24
141,24
161,24
163,24
177,24
179,24
198,24
267,24
274,24
360,24
365,24
479,24
0,25
119,25
139,25
142,25
161,25
163,25
177,25
177,25
197,25
267,25
274,25
360,25
365,25
479,25
0,26
119,26
142,26
143,26
161,26
163,26
196,26
266,26
274,26
360,26
366,26
479,26
0,27
120,27
161,27
163,27
195,27
263,27
265,27
266,27
274,27
360,27
366,27
479,27
0,28
121,28
162,28
163,28
194,28
263,28
265,28
266,28
274,28
360,28
366,28
479,28
0,29
122,29
162,29
163,29
194,29
265,29
274,29
360,29
366,29
479,29
0,30
123,30
192,30
265,30
274,30
360,30
366,30
479,30
0,31
124,31
191,31
265,31
273,31
359,31
367,31
479,31
0,32
125,32
190,32
265,32
273,32
359,32
367,32
479,32
0,33
126,33
190,33
264,33
273,33
359,33
367,33
479,33
0,34
127,34
188,34
264,34
273,34
359,34
367,34
479,34
0,35
129,35
186,35
263,35
273,35
359,35
367,35
479,35
0,36
130,36
185,36
263,36
273,36
359,36
367,36
479,36
0,37
132,37
184,37
263,37
273,37
359,37
367,37
479,37
0,38
134,38
182,38
263,38
273,38
359,38
367,38
479,38
0,39
136,39
180,39
262,39
273,39
359,39
367,39
367,39
369,39
479,39
0,40
139,40
179,40
262,40
272,40
359,40
367,40
367,40
369,40
479,40
0,41
141,41
178,41
262,41
272,41
358,41
367,41
370,41
378,41
479,41
0,42
146,42
175,42
262,42
272,42
355,42
357,42
357,42
380,42
479,42
0,43
148,43
175,43
262,43
272,43
345,43
348,43
348,43
350,43
351,43
354,43
357,43
382,43
479,43
0,44
153,44
180,44
261,44
272,44
342,44
356,44
357,44
383,44
479,44
0,45
156,45
185,45
261,45
272,45
340,45
384,45
384,45
386,45
479,45
0,46
154,46
187,46
261,46
272,46
339,46
384,46
479,46
0,47
152,47
188,47
199,47
203,47
261,47
272,47
338,47
385,47
479,47
0,48
150,48
189,48
189,48
205,48
261,48
272,48
337,48
386,48
479,48
0,49
148,49
206,49
261,49
272,49
338,49
387,49
479,49
0,50
147,50
206,50
261,50
272,50
338,50
388,50
479,50
0,51
146,51
206,51
261,51
272,51
339,51
388,51
479,51
0,52
145,52
206,52
261,52
272,52
340,52
387,52
479,52
0,53
144,53
206,53
261,53
272,53
340,53
385,53
479,53
0,54
142,54
206,54
261,54
272,54
341,54
367,54
367,54
384,54
479,54
0,55
138,55
204,55
260,55
272,55
342,55
367,55
368,55
383,55
479,55
0,56
132,56
201,56
261,56
273,56
342,56
367,56
368,56
382,56
479,56
0,57
130,57
199,57
261,57
273,57
343,57
367,57
369,57
380,57
479,57
0,58
128,58
197,58
261,58
273,58
343,58
366,58
370,58
380,58
479,58
0,59
128,59
196,59
261,59
273,59
344,59
366,59
367,59
369,59
370,59
379,59
479,59
0,60
128,60
195,60
195,60
198,60
261,60
273,60
345,60
366,60
367,60
370,60
370,60
378,60
378,60
380,60
479,60
0,61
128,61
195,61
261,61
273,61
346,61
366,61
371,61
377,61
479,61
0,62
128,62
194,62
261,62
274,62
347,62
365,62
372,62
376,62
479,62
0,63
128,63
194,63
261,63
274,63
348,63
365,63
479,63
0,64
128,64
194,64
261,64
274,64
352,64
365,64
479,64
0,65
130,65
194,65
261,65
274,65
349,65
351,65
351,65
364,65
479,65
0,66
135,66
194,66
261,66
274,66
351,66
364,66
479,66
0,67
139,67
193,67
261,67
275,67
350,67
364,67
479,67
0,68
141,68
193,68
262,68
275,68
292,68
295,68
350,68
364,68
479,68
0,69
142,69
193,69
262,69
275,69
292,69
295,69
300,69
302,69
349,69
363,69
479,69
0,70
143,70
193,70
262,70
276,70
301,70
305,70
349,70
363,70
479,70
0,71
144,71
195,71
262,71
276,71
292,71
315,71
348,71
363,71
479,71
0,72
144,72
194,72
263,72
277,72
286,72
318,72
321,72
323,72
348,72
362,72
479,72
0,73
145,73
194,73
263,73
277,73
285,73
321,73
323,73
326,73
347,73
362,73
479,73
0,74
145,74
197,74
263,74
277,74
283,74
323,74
346,74
362,74
479,74
0,75
145,75
199,75
263,75
278,75
280,75
325,75
346,75
361,75
479,75
0,76
146,76
200,76
264,76
278,76
279,76
327,76
345,76
360,76
479,76
0,77
146,77
201,77
262,77
264,77
264,77
328,77
344,77
360,77
479,77
0,78
146,78
203,78
264,78
329,78
344,78
360,78
479,78
0,79
146,79
204,79
265,79
330,79
343,79
359,79
479,79
0,80
147,80
205,80
263,80
265,80
266,80
332,80
342,80
359,80
479,80
0,81
147,81
206,81
266,81
333,81
342,81
358,81
479,81
0,82
146,82
207,82
266,82
333,82
341,82
357,82
479,82
0,83
145,83
208,83
267,83
334,83
340,83
357,83
479,83
0,84
144,84
209,84
267,84
335,84
339,84
356,84
479,84
0,85
143,85
210,85
268,85
336,85
338,85
355,85
479,85
0,86
142,86
212,86
267,86
337,86
337,86
355,86
479,86
0,87
141,87
213,87
214,87
216,87
266,87
354,87
479,87
0,88
140,88
214,88
214,88
216,88
265,88
353,88
479,88
0,89
140,89
215,89
215,89
217,89
264,89
352,89
479,89
0,90
140,90
215,90
216,90
218,90
263,90
352,90
479,90
0,91
139,91
216,91
263,91
351,91
479,91
0,92
138,92
217,92
262,92
350,92
479,92
0,93
138,93
218,93
261,93
349,93
479,93
0,94
135,94
137,94
137,94
219,94
261,94
348,94
479,94
0,95
137,95
219,95
260,95
347,95
479,95
0,96
136,96
219,96
260,96
346,96
479,96
0,97
136,97
220,97
257,97
259,97
260,97
345,97
479,97
0,98
135,98
220,98
259,98
344,98
479,98
0,99
134,99
221,99
258,99
344,99
479,99
0,100
134,100
221,100
258,100
345,100
479,100
0,101
133,101
221,101
258,101
346,101
479,101
0,102
133,102
222,102
258,102
346,102
479,102
0,103
133,103
222,103
258,103
347,103
479,103
0,104
132,104
222,104
258,104
347,104
479,104
0,105
132,105
223,105
258,105
347,105
479,105
0,106
132,106
223,106
257,106
348,106
479,106
0,107
132,107
223,107
257,107
348,107
479,107
0,108
131,108
223,108
257,108
348,108
479,108
0,109
131,109
223,109
257,109
348,109
479,109
0,110
131,110
223,110
257,110
348,110
479,110
0,111
131,111
224,111
257,111
348,111
479,111
0,112
131,112
224,112
257,112
348,112
479,112
0,113
131,113
224,113
257,113
349,113
479,113
0,114
131,114
224,114
257,114
348,114
479,114
0,115
131,115
224,115
257,115
348,115
479,115
0,116
131,116
224,116
256,116
348,116
479,116
0,117
131,117
224,117
256,117
348,117
349,117
351,117
479,117
0,118
131,118
224,118
256,118
348,118
479,118
0,119
130,119
224,119
256,119
349,119
479,119
0,120
130,120
224,120
256,120
349,120
479,120
0,121
130,121
224,121
256,121
348,121
479,121
0,122
130,122
223,122
256,122
349,122
479,122
0,123
130,123
223,123
256,123
349,123
479,123
0,124
130,124
223,124
256,124
349,124
479,124
0,125
130,125
223,125
256,125
349,125
479,125
0,126
130,126
223,126
256,126
349,126
479,126
0,127
130,127
223,127
257,127
349,127
479,127
0,128
130,128
223,128
256,128
349,128
479,128
0,129
130,129
222,129
257,129
349,129
479,129
0,130
130,130
222,130
257,130
349,130
479,130
0,131
130,131
222,131
257,131
349,131
479,131
0,132
130,132
222,132
257,132
349,132
479,132
0,133
130,133
222,133
257,133
349,133
479,133
0,134
130,134
223,134
257,134
349,134
479,134
0,135
130,135
222,135
257,135
349,135
479,135
0,136
130,136
221,136
258,136
349,136
479,136
0,137
130,137
221,137
258,137
349,137
479,137
0,138
130,138
221,138
258,138
349,138
479,138
0,139
130,139
221,139
259,139
349,139
479,139
0,140
130,140
220,140
259,140
349,140
479,140
0,141
130,141
220,141
259,141
349,141
479,141
0,142
130,142
220,142
259,142
349,142
479,142
0,143
130,143
221,143
258,143
349,143
479,143
0,144
130,144
221,144
258,144
349,144
479,144
0,145
130,145
221,145
258,145
349,145
479,145
0,146
130,146
221,146
258,146
349,146
479,146
0,147
130,147
221,147
258,147
349,147
479,147
0,148
130,148
221,148
258,148
349,148
479,148
0,149
130,149
222,149
257,149
349,149
479,149
0,150
130,150
222,150
257,150
349,150
479,150
0,151
130,151
222,151
257,151
349,151
479,151
0,152
130,152
222,152
222,152
224,152
257,152
349,152
479,152
0,153
130,153
222,153
257,153
349,153
479,153
0,154
130,154
222,154
257,154
349,154
479,154
0,155
130,155
222,155
257,155
349,155
479,155
0,156
131,156
223,156
257,156
349,156
479,156
0,157
131,157
223,157
257,157
349,157
479,157
0,158
131,158
223,158
256,158
349,158
479,158
0,159
131,159
223,159
256,159
349,159
479,159
0,160
131,160
223,160
256,160
348,160
479,160
0,161
131,161
223,161
256,161
348,161
479,161
0,162
131,162
223,162
256,162
348,162
479,162
0,163
131,163
223,163
256,163
348,163
479,163
0,164
131,164
223,164
256,164
348,164
479,164
0,165
131,165
223,165
256,165
348,165
479,165
0,166
131,166
224,166
256,166
348,166
479,166
0,167
131,167
224,167
255,167
348,167
479,167
0,168
131,168
224,168
255,168
348,168
479,168
0,169
131,169
224,169
255,169
348,169
479,169
0,170
131,170
224,170
255,170
348,170
479,170
0,171
131,171
224,171
255,171
348,171
479,171
0,172
131,172
224,172
255,172
348,172
479,172
0,173
131,173
224,173
255,173
348,173
479,173
0,174
131,174
224,174
233,174
239,174
239,174
248,174
255,174
348,174
479,174
0,175
131,175
224,175
230,175
249,175
255,175
348,175
479,175
0,176
132,176
224,176
229,176
250,176
254,176
348,176
479,176
0,177
132,177
225,177
228,177
252,177
254,177
347,177
479,177
0,178
132,178
225,178
226,178
253,178
254,178
347,178
479,178
0,179
132,179
225,179
226,179
254,179
254,179
347,179
479,179
0,180
132,180
225,180
225,180
254,180
254,180
347,180
479,180
0,181
132,181
347,181
479,181
0,182
132,182
347,182
479,182
0,183
132,183
347,183
479,183
0,184
132,184
347,184
479,184
0,185
132,185
347,185
479,185
0,186
132,186
347,186
479,186
0,187
132,187
347,187
479,187
0,188
132,188
347,188
479,188
0,189
132,189
226,189
226,189
253,189
253,189
347,189
479,189
0,190
132,190
226,190
226,190
253,190
254,190
347,190
479,190
0,191
132,191
226,191
226,191
253,191
254,191
347,191
479,191
0,192
132,192
225,192
226,192
253,192
254,192
346,192
479,192
0,193
132,193
225,193
226,193
253,193
254,193
346,193
479,193
0,194
132,194
225,194
226,194
253,194
254,194
347,194
479,194
0,195
132,195
225,195
225,195
254,195
254,195
347,195
479,195
0,196
132,196
225,196
225,196
254,196
254,196
347,196
479,196
0,197
132,197
225,197
225,197
254,197
254,197
347,197
479,197
0,198
132,198
225,198
225,198
347,198
479,198
0,199
132,199
347,199
479,199
0,200
132,200
347,200
479,200
0,201
132,201
347,201
479,201
0,202
132,202
347,202
479,202
0,203
132,203
347,203
479,203
0,204
132,204
347,204
479,204
0,205
132,205
347,205
479,205
0,206
132,206
348,206
479,206
0,207
132,207
348,207
479,207
0,208
131,208
347,208
479,208
0,209
131,209
348,209
479,209
0,210
131,210
348,210
479,210
0,211
131,211
348,211
479,211
0,212
131,212
348,212
479,212
0,213
131,213
348,213
479,213
0,214
131,214
348,214
479,214
0,215
131,215
348,215
479,215
0,216
131,216
349,216
479,216
0,217
130,217
349,217
479,217
0,218
130,218
349,218
479,218
0,219
130,219
349,219
479,219
0,220
130,220
349,220
479,220
0,221
130,221
349,221
479,221
0,222
130,222
349,222
479,222
0,223
129,223
350,223
479,223
0,224
129,224
350,224
479,224
0,225
129,225
350,225
479,225
0,226
129,226
350,226
479,226
0,227
129,227
222,227
222,227
257,227
258,227
350,227
479,227
0,228
129,228
221,228
221,228
258,228
259,228
350,228
479,228
0,229
129,229
220,229
221,229
258,229
258,229
350,229
479,229
0,230
128,230
221,230
221,230
258,230
259,230
350,230
479,230
0,231
128,231
220,231
221,231
239,231
240,231
258,231
258,231
350,231
479,231
0,232
128,232
220,232
220,232
239,232
240,232
350,232
479,232
0,233
128,233
239,233
240,233
351,233
479,233
0,234
128,234
238,234
241,234
351,234
479,234
0,235
128,235
238,235
241,235
351,235
479,235
0,236
128,236
237,236
242,236
351,236
479,236
0,237
128,237
237,237
242,237
351,237
479,237
0,238
128,238
237,238
242,238
351,238
479,238
0,239
127,239
236,239
242,239
352,239
479,239
0,240
127,240
236,240
243,240
352,240
479,240
0,241
127,241
236,241
243,241
352,241
479,241
0,242
127,242
236,242
244,242
352,242
479,242
0,243
127,243
235,243
244,243
352,243
479,243
0,244
127,244
235,244
244,244
352,244
479,244
0,245
127,245
235,245
244,245
352,245
479,245
0,246
127,246
235,246
244,246
352,246
479,246
0,247
127,247
235,247
244,247
352,247
479,247
0,248
126,248
234,248
245,248
353,248
479,248
0,249
127,249
234,249
245,249
353,249
479,249
0,250
126,250
233,250
246,250
354,250
479,250
0,251
126,251
232,251
247,251
353,251
479,251
0,252
126,252
232,252
248,252
353,252
479,252
0,253
126,253
231,253
249,253
353,253
479,253
0,254
126,254
128,254
128,254
230,254
250,254
351,254
479,254
0,255
128,255
229,255
251,255
351,255
479,255
0,256
128,256
228,256
251,256
351,256
479,256
0,257
127,257
227,257
253,257
351,257
479,257
0,258
127,258
225,258
254,258
351,258
479,258
0,259
128,259
224,259
255,259
351,259
479,259
0,260
128,260
223,260
256,260
351,260
479,260
0,261
127,261
223,261
257,261
352,261
479,261
0,262
127,262
221,262
258,262
352,262
479,262
0,263
127,263
220,263
259,263
352,263
479,263
0,264
127,264
219,264
260,264
352,264
479,264
0,265
127,265
132,265
132,265
218,265
261,265
352,265
479,265
0,266
127,266
132,266
132,266
217,266
262,266
352,266
479,266
0,267
127,267
132,267
132,267
217,267
262,267
352,267
479,267
0,268
127,268
131,268
132,268
217,268
262,268
352,268
479,268
0,269
127,269
131,269
132,269
217,269
260,269
262,269
262,269
352,269
479,269
0,270
126,270
131,270
132,270
217,270
260,270
262,270
262,270
348,270
348,270
353,270
479,270
0,271
126,271
131,271
132,271
217,271
262,271
348,271
348,271
352,271
479,271
0,272
126,272
130,272
132,272
217,272
262,272
348,272
348,272
353,272
479,272
0,273
126,273
130,273
132,273
217,273
262,273
348,273
349,273
353,273
479,273
0,274
126,274
130,274
132,274
217,274
262,274
347,274
349,274
353,274
479,274
0,275
127,275
130,275
133,275
217,275
262,275
347,275
350,275
353,275
479,275
0,276
133,276
217,276
262,276
347,276
479,276
0,277
133,277
217,277
262,277
348,277
479,277
0,278
132,278
217,278
262,278
348,278
479,278
0,279
131,279
217,279
262,279
348,279
479,279
0,280
132,280
218,280
261,280
347,280
479,280
0,281
131,281
218,281
261,281
347,281
479,281
0,282
130,282
218,282
261,282
348,282
479,282
0,283
130,283
218,283
261,283
349,283
479,283
0,284
129,284
218,284
261,284
350,284
479,284
0,285
128,285
218,285
261,285
351,285
479,285
0,286
127,286
218,286
261,286
351,286
479,286
0,287
127,287
218,287
261,287
352,287
479,287
0,288
126,288
218,288
261,288
353,288
479,288
0,289
126,289
218,289
261,289
353,289
479,289
0,290
125,290
218,290
261,290
354,290
479,290
0,291
124,291
218,291
261,291
355,291
479,291
0,292
120,292
122,292
123,292
192,292
192,292
219,292
261,292
356,292
479,292
0,293
123,293
192,293
192,293
219,293
261,293
266,293
266,293
357,293
479,293
0,294
122,294
192,294
192,294
219,294
261,294
266,294
266,294
287,294
287,294
362,294
479,294
0,295
121,295
192,295
192,295
219,295
261,295
266,295
266,295
287,295
287,295
365,295
479,295
0,296
120,296
191,296
192,296
219,296
260,296
266,296
266,296
287,296
288,296
368,296
479,296
0,297
119,297
191,297
192,297
213,297
213,297
219,297
260,297
266,297
266,297
287,297
288,297
370,297
479,297
0,298
118,298
191,298
192,298
213,298
214,298
219,298
260,298
266,298
266,298
287,298
288,298
372,298
479,298
0,299
115,299
117,299
118,299
191,299
192,299
203,299
203,299
213,299
214,299
219,299
260,299
265,299
266,299
276,299
276,299
287,299
288,299
376,299
479,299
0,300
117,300
191,300
192,300
213,300
214,300
219,300
260,300
265,300
266,300
276,300
276,300
287,300
288,300
381,300
479,300
0,301
116,301
190,301
192,301
213,301
214,301
219,301
260,301
264,301
266,301
276,301
276,301
287,301
289,301
384,301
479,301
0,302
115,302
190,302
192,302
214,302
215,302
220,302
260,302
264,302
266,302
275,302
276,302
287,302
289,302
388,302
479,302
0,303
115,303
190,303
192,303
203,303
204,303
214,303
215,303
219,303
260,303
264,303
266,303
275,303
276,303
287,303
289,303
391,303
479,303
0,304
114,304
190,304
190,304
192,304
192,304
203,304
204,304
213,304
214,304
219,304
260,304
264,304
266,304
275,304
276,304
287,304
290,304
393,304
479,304
0,305
113,305
190,305
190,305
192,305
192,305
203,305
204,305
213,305
215,305
219,305
260,305
264,305
266,305
275,305
276,305
287,305
290,305
395,305
479,305
0,306
112,306
190,306
190,306
192,306
192,306
202,306
204,306
213,306
216,306
219,306
260,306
264,306
266,306
275,306
276,306
287,306
290,306
398,306
479,306
0,307
112,307
190,307
190,307
192,307
192,307
202,307
204,307
213,307
261,307
264,307
266,307
274,307
277,307
287,307
290,307
399,307
479,307
0,308
111,308
190,308
190,308
192,308
192,308
202,308
204,308
213,308
266,308
274,308
277,308
287,308
289,308
400,308
479,308
0,309
110,309
190,309
190,309
192,309
192,309
202,309
205,309
213,309
266,309
274,309
277,309
287,309
289,309
402,309
479,309
0,310
110,310
190,310
190,310
192,310
192,310
202,310
205,310
213,310
266,310
274,310
277,310
287,310
289,310
403,310
479,310
0,311
109,311
190,311
190,311
192,311
192,311
201,311
205,311
213,311
266,311
274,311
277,311
287,311
287,311
289,311
289,311
405,311
479,311
0,312
109,312
192,312
192,312
201,312
205,312
213,312
266,312
275,312
278,312
287,312
287,312
289,312
289,312
406,312
479,312
0,313
108,313
191,313
192,313
201,313
205,313
213,313
266,313
274,313
278,313
287,313
289,313
407,313
479,313
0,314
107,314
191,314
192,314
201,314
203,314
205,314
205,314
213,314
266,314
274,314
278,314
287,314
289,314
408,314
479,314
0,315
107,315
192,315
192,315
200,315
203,315
205,315
205,315
213,315
266,315
274,315
279,315
287,315
289,315
409,315
479,315
0,316
107,316
192,316
192,316
200,316
205,316
213,316
266,316
274,316
279,316
287,316
289,316
410,316
479,316
0,317
106,317
200,317
205,317
213,317
214,317
216,317
266,317
274,317
279,317
287,317
288,317
411,317
479,317
0,318
105,318
199,318
199,318
201,318
205,318
213,318
266,318
271,318
271,318
275,318
280,318
288,318
289,318
412,318
479,318
0,319
105,319
199,319
205,319
213,319
214,319
216,319
263,319
265,319
266,319
271,319
271,319
275,319
280,319
288,319
289,319
414,319
479,319
0,320
104,320
198,320
208,320
213,320
266,320
270,320
272,320
275,320
281,320
288,320
288,320
414,320
479,320
0,321
104,321
198,321
209,321
213,321
266,321
270,321
272,321
275,321
282,321
288,321
288,321
415,321
479,321
0,322
103,322
197,322
209,322
213,322
266,322
270,322
272,322
274,322
282,322
288,322
288,322
416,322
479,322
0,323
103,323
197,323
210,323
213,323
266,323
269,323
282,323
288,323
288,323
417,323
479,323
0,324
102,324
196,324
283,324
288,324
288,324
418,324
479,324
0,325
102,325
195,325
283,325
288,325
288,325
419,325
479,325
0,326
102,326
195,326
284,326
288,326
288,326
419,326
479,326
0,327
101,327
194,327
285,327
288,327
288,327
420,327
479,327
0,328
101,328
195,328
288,328
421,328
479,328
0,329
101,329
195,329
288,329
422,329
479,329
0,330
100,330
195,330
288,330
423,330
479,330
0,331
100,331
195,331
287,331
423,331
479,331
0,332
100,332
196,332
287,332
424,332
479,332
0,333
99,333
196,333
287,333
425,333
479,333
0,334
99,334
196,334
287,334
426,334
479,334
0,335
99,335
196,335
287,335
426,335
479,335
0,336
98,336
197,336
287,336
427,336
479,336
0,337
98,337
197,337
287,337
427,337
479,337
0,338
97,338
197,338
287,338
427,338
479,338
0,339
97,339
198,339
287,339
428,339
479,339
0,340
97,340
198,340
287,340
428,340
479,340
0,341
96,341
198,341
286,341
429,341
479,341
0,342
96,342
198,342
286,342
429,342
479,342
0,343
96,343
199,343
287,343
429,343
479,343
0,344
95,344
199,344
286,344
430,344
479,344
0,345
95,345
199,345
286,345
430,345
479,345
0,346
95,346
199,346
286,346
431,346
479,346
0,347
95,347
200,347
286,347
431,347
479,347
0,348
94,348
200,348
286,348
432,348
479,348
0,349
94,349
200,349
286,349
432,349
479,349
0,350
94,350
201,350
286,350
432,350
479,350
0,351
93,351
201,351
286,351
433,351
479,351
0,352
93,352
202,352
285,352
433,352
479,352
0,353
93,353
202,353
285,353
434,353
479,353
0,354
92,354
202,354
285,354
434,354
479,354
0,355
92,355
202,355
285,355
435,355
435,355
437,355
479,355
0,356
89,356
91,356
92,356
203,356
285,356
435,356
479,356
0,357
91,357
203,357
285,357
435,357
479,357
0,358
91,358
203,358
285,358
435,358
479,358
0,359
91,359
203,359
285,359
435,359
479,359
