325,0
479,0
325,1
479,1
325,2
479,2
325,3
479,3
325,4
479,4
325,5
479,5
325,6
479,6
325,7
479,7
325,8
479,8
325,9
479,9
325,10
479,10
325,11
479,11
325,12
479,12
325,13
479,13
325,14
479,14
325,15
479,15
325,16
479,16
325,17
479,17
325,18
479,18
325,19
479,19
325,20
479,20
325,21
479,21
325,22
479,22
325,23
479,23
325,24
479,24
325,25
479,25
325,26
479,26
325,27
479,27
325,28
479,28
325,29
479,29
325,30
479,30
325,31
479,31
325,32
479,32
325,33
479,33
327,34
479,34
327,35
479,35
327,36
479,36
327,37
479,37
327,38
479,38
327,39
479,39
327,40
479,40
327,41
479,41
327,42
479,42
327,43
479,43
327,44
479,44
327,45
479,45
327,46
479,46
327,47
479,47
330,48
479,48
330,49
479,49
330,50
479,50
330,51
479,51
330,52
479,52
330,53
479,53
330,54
479,54
330,55
479,55
330,56
479,56
330,57
479,57
330,58
479,58
330,59
479,59
330,60
479,60
330,61
479,61
330,62
479,62
330,63
479,63
330,64
479,64
330,65
479,65
330,66
479,66
330,67
479,67
330,68
479,68
327,69
479,69
327,70
479,70
327,71
479,71
327,72
479,72
327,73
479,73
327,74
479,74
321,75
323,75
327,75
479,75
321,76
479,76
324,77
479,77
324,78
479,78
324,79
479,79
324,80
413,80
415,80
479,80
324,81
404,81
407,81
440,81
456,81
479,81
324,82
399,82
404,82
415,82
418,82
420,82
460,82
460,82
462,82
479,82
324,83
406,83
462,83
479,83
323,84
402,84
464,84
479,84
323,85
399,85
466,85
479,85
323,86
399,86
468,86
479,86
323,87
399,87
470,87
479,87
323,88
399,88
471,88
479,88
323,89
399,89
473,89
479,89
323,90
399,90
474,90
479,90
323,91
399,91
475,91
479,91
323,92
399,92
475,92
479,92
321,93
400,93
476,93
479,93
321,94
402,94
477,94
479,94
321,95
403,95
478,95
479,95
321,96
403,96
479,96
479,96
321,97
405,97
321,98
405,98
321,99
408,99
321,100
408,100
321,101
410,101
321,102
411,102
321,103
412,103
321,104
412,104
321,105
411,105
321,106
411,106
321,107
411,107
315,108
411,108
315,109
411,109
315,110
410,110
315,111
410,111
315,112
410,112
315,113
411,113
315,114
411,114
315,115
410,115
315,116
410,116
315,117
410,117
315,118
410,118
315,119
411,119
315,120
411,120
315,121
412,121
315,122
413,122
316,123
414,123
316,124
415,124
316,125
416,125
316,126
418,126
423,126
423,126
316,127
427,127
316,128
427,128
311,129
426,129
311,130
426,130
311,131
426,131
311,132
427,132
311,133
427,133
311,134
429,134
311,135
432,135
311,136
433,136
311,137
434,137
311,138
434,138
309,139
437,139
309,140
439,140
311,141
443,141
311,142
443,142
311,143
444,143
311,144
446,144
305,145
445,145
304,146
442,146
304,147
442,147
304,148
441,148
304,149
440,149
304,150
439,150
304,151
439,151
304,152
439,152
304,153
438,153
302,154
438,154
302,155
437,155
302,156
437,156
302,157
437,157
302,158
437,158
302,159
437,159
302,160
437,160
302,161
436,161
302,162
436,162
302,163
435,163
302,164
435,164
302,165
435,165
299,166
300,166
302,166
434,166
299,167
300,167
302,167
434,167
299,168
300,168
302,168
432,168
295,169
295,169
298,169
300,169
302,169
432,169
295,170
295,170
298,170
300,170
302,170
431,170
295,171
295,171
298,171
300,171
302,171
431,171
295,172
295,172
298,172
300,172
302,172
429,172
295,173
295,173
298,173
429,173
295,174
295,174
298,174
429,174
295,175
295,175
298,175
429,175
295,176
295,176
298,176
428,176
291,177
428,177
291,178
427,178
291,179
427,179
291,180
427,180
289,181
427,181
289,182
426,182
289,183
426,183
289,184
426,184
289,185
426,185
289,186
427,186
289,187
427,187
289,188
428,188
289,189
428,189
289,190
429,190
289,191
430,191
293,192
431,192
293,193
433,193
293,194
434,194
293,195
436,195
293,196
436,196
293,197
437,197
293,198
437,198
293,199
437,199
293,200
438,200
279,201
438,201
279,202
438,202
279,203
438,203
279,204
438,204
279,205
437,205
279,206
437,206
279,207
437,207
278,208
438,208
278,209
438,209
278,210
438,210
278,211
438,211
278,212
438,212
278,213
438,213
278,214
438,214
278,215
438,215
272,216
439,216
272,217
439,217
272,218
439,218
271,219
439,219
271,220
439,220
269,221
438,221
269,222
438,222
269,223
438,223
269,224
438,224
262,225
262,225
269,225
437,225
262,226
262,226
269,226
437,226
262,227
262,227
269,227
437,227
262,228
262,228
269,228
437,228
262,229
436,229
262,230
436,230
262,231
436,231
260,232
436,232
260,233
436,233
258,234
436,234
258,235
435,235
256,236
435,236
255,237
435,237
254,238
434,238
257,239
433,239
241,240
241,240
244,240
433,240
241,241
433,241
240,242
433,242
240,243
433,243
240,244
433,244
240,245
432,245
240,246
432,246
240,247
432,247
240,248
432,248
231,249
431,249
231,250
431,250
231,251
431,251
231,252
431,252
225,253
431,253
225,254
431,254
223,255
431,255
219,256
431,256
219,257
431,257
219,258
431,258
219,259
431,259
219,260
431,260
219,261
431,261
217,262
431,262
214,263
431,263
212,264
430,264
211,265
430,265
206,266
206,266
208,266
430,266
205,267
430,267
204,268
430,268
204,269
430,269
204,270
429,270
204,271
429,271
204,272
429,272
204,273
429,273
204,274
429,274
190,275
191,275
196,275
429,275
189,276
190,276
193,276
429,276
187,277
190,277
193,277
429,277
188,278
428,278
188,279
428,279
184,280
428,280
185,281
428,281
184,282
427,282
181,283
427,283
177,284
177,284
180,284
427,284
174,285
174,285
177,285
427,285
170,286
171,286
173,286
174,286
176,286
426,286
170,287
174,287
176,287
426,287
167,288
167,288
169,288
426,288
161,289
426,289
161,290
426,290
161,291
426,291
161,292
426,292
161,293
425,293
159,294
425,294
159,295
425,295
159,296
425,296
142,297
149,297
159,297
424,297
141,298
150,298
159,298
424,298
139,299
424,299
138,300
423,300
137,301
423,301
137,302
423,302
137,303
423,303
128,304
422,304
119,305
119,305
128,305
422,305
119,306
422,306
119,307
421,307
119,308
421,308
116,309
116,309
118,309
421,309
116,310
421,310
111,311
111,311
113,311
113,311
115,311
420,311
111,312
419,312
111,313
419,313
111,314
419,314
111,315
419,315
111,316
419,316
111,317
419,317
104,318
104,318
110,318
419,318
78,319
418,319
78,320
418,320
78,321
418,321
51,322
417,322
0,323
17,323
51,323
417,323
0,324
47,324
50,324
416,324
0,325
416,325
0,326
416,326
0,327
416,327
0,328
415,328
0,329
415,329
0,330
415,330
0,331
415,331
0,332
414,332
0,333
414,333
0,334
414,334
0,335
414,335
0,336
413,336
0,337
413,337
0,338
413,338
0,339
413,339
0,340
413,340
0,341
413,341
0,342
413,342
0,343
413,343
0,344
413,344
0,345
413,345
0,346
412,346
0,347
412,347
0,348
412,348
0,349
413,349
0,350
413,350
0,351
413,351
0,352
413,352
0,353
413,353
0,354
413,354
0,355
414,355
0,356
414,356
0,357
415,357
0,358
415,358
0,359
415,359
