314,0
479,0
314,1
479,1
314,2
479,2
314,3
479,3
314,4
479,4
314,5
479,5
314,6
479,6
314,7
479,7
314,8
479,8
314,9
479,9
314,10
479,10
314,11
479,11
314,12
479,12
314,13
479,13
314,14
479,14
314,15
479,15
313,16
479,16
313,17
479,17
313,18
479,18
313,19
479,19
313,20
479,20
313,21
479,21
313,22
479,22
313,23
479,23
313,24
479,24
313,25
479,25
313,26
479,26
313,27
479,27
313,28
479,28
313,29
479,29
313,30
479,30
313,31
479,31
311,32
479,32
311,33
479,33
311,34
479,34
311,35
479,35
314,36
479,36
314,37
479,37
314,38
479,38
314,39
479,39
314,40
479,40
314,41
479,41
314,42
479,42
314,43
479,43
314,44
479,44
314,45
479,45
314,46
479,46
314,47
479,47
315,48
479,48
315,49
479,49
315,50
479,50
315,51
479,51
315,52
479,52
315,53
479,53
315,54
479,54
315,55
479,55
311,56
479,56
311,57
479,57
311,58
479,58
311,59
479,59
311,60
479,60
311,61
479,61
311,62
479,62
314,63
479,63
312,64
479,64
295,65
295,65
311,65
479,65
293,66
302,66
311,66
479,66
294,67
305,67
309,67
479,67
302,68
305,68
309,68
479,68
303,69
479,69
288,70
289,70
296,70
297,70
305,70
479,70
289,71
291,71
308,71
479,71
304,72
304,72
310,72
314,72
317,72
479,72
288,73
288,73
314,73
479,73
288,74
288,74
312,74
318,74
324,74
479,74
319,75
323,75
325,75
479,75
323,76
479,76
325,77
479,77
288,78
288,78
327,78
328,78
331,78
479,78
288,79
288,79
336,79
479,79
290,80
290,80
338,80
479,80
290,81
290,81
340,81
479,81
342,82
479,82
291,83
291,83
343,83
345,83
347,83
479,83
291,84
291,84
344,84
346,84
348,84
479,84
292,85
292,85
346,85
479,85
292,86
293,86
347,86
479,86
293,87
293,87
348,87
479,87
294,88
294,88
349,88
350,88
352,88
479,88
295,89
295,89
353,89
479,89
291,90
292,90
294,90
296,90
351,90
352,90
354,90
479,90
291,91
293,91
295,91
296,91
352,91
479,91
293,92
293,92
295,92
296,92
353,92
479,92
354,93
479,93
294,94
294,94
354,94
479,94
294,95
294,95
355,95
479,95
294,96
294,96
355,96
479,96
293,97
293,97
356,97
479,97
292,98
293,98
356,98
479,98
356,99
479,99
292,100
292,100
357,100
479,100
292,101
292,101
358,101
479,101
358,102
479,102
358,103
479,103
358,104
479,104
359,105
479,105
291,106
291,106
359,106
479,106
360,107
479,107
289,108
290,108
360,108
479,108
289,109
290,109
360,109
479,109
289,110
290,110
293,110
293,110
361,110
479,110
289,111
290,111
361,111
479,111
289,112
289,112
293,112
293,112
361,112
479,112
289,113
290,113
293,113
293,113
361,113
479,113
289,114
293,114
295,114
295,114
361,114
479,114
289,115
290,115
292,115
292,115
362,115
479,115
289,116
292,116
294,116
296,116
362,116
479,116
289,117
297,117
362,117
479,117
289,118
297,118
302,118
302,118
362,118
479,118
289,119
297,119
299,119
300,119
302,119
302,119
304,119
304,119
362,119
479,119
289,120
300,120
302,120
303,120
363,120
479,120
289,121
300,121
302,121
302,121
363,121
479,121
288,122
297,122
301,122
301,122
363,122
479,122
288,123
299,123
301,123
301,123
364,123
479,123
288,124
299,124
301,124
301,124
365,124
479,124
288,125
299,125
301,125
302,125
365,125
479,125
288,126
303,126
366,126
479,126
288,127
305,127
367,127
479,127
285,128
302,128
368,128
479,128
285,129
306,129
369,129
479,129
285,130
307,130
370,130
479,130
285,131
305,131
307,131
308,131
369,131
479,131
285,132
306,132
308,132
309,132
370,132
479,132
285,133
309,133
370,133
479,133
285,134
309,134
370,134
479,134
285,135
311,135
317,135
317,135
371,135
479,135
284,136
312,136
315,136
315,136
371,136
479,136
283,137
314,137
372,137
479,137
283,138
310,138
372,138
479,138
283,139
314,139
373,139
479,139
283,140
315,140
373,140
479,140
283,141
315,141
373,141
479,141
283,142
315,142
373,142
479,142
281,143
315,143
373,143
479,143
279,144
315,144
373,144
479,144
279,145
314,145
374,145
479,145
279,146
313,146
374,146
479,146
279,147
313,147
374,147
479,147
279,148
312,148
374,148
479,148
279,149
311,149
375,149
479,149
279,150
311,150
375,150
479,150
279,151
310,151
375,151
479,151
274,152
274,152
277,152
307,152
309,152
310,152
375,152
479,152
274,153
274,153
277,153
309,153
375,153
479,153
274,154
274,154
277,154
306,154
308,154
309,154
375,154
479,154
274,155
274,155
277,155
306,155
308,155
309,155
376,155
479,155
274,156
274,156
277,156
306,156
308,156
308,156
376,156
479,156
274,157
274,157
277,157
308,157
376,157
479,157
274,158
274,158
277,158
305,158
307,158
308,158
377,158
479,158
274,159
274,159
277,159
305,159
307,159
307,159
378,159
479,159
272,160
307,160
378,160
479,160
272,161
307,161
379,161
479,161
272,162
304,162
306,162
307,162
379,162
479,162
272,163
306,163
380,163
479,163
270,164
305,164
380,164
479,164
270,165
305,165
381,165
479,165
270,166
304,166
381,166
479,166
270,167
301,167
303,167
303,167
382,167
479,167
270,168
301,168
382,168
479,168
270,169
299,169
301,169
301,169
383,169
479,169
270,170
299,170
301,170
301,170
383,170
479,170
270,171
300,171
384,171
479,171
270,172
299,172
384,172
479,172
270,173
299,173
385,173
479,173
270,174
299,174
385,174
479,174
273,175
298,175
386,175
479,175
267,176
295,176
386,176
479,176
267,177
297,177
386,177
479,177
267,178
297,178
349,178
349,178
387,178
479,178
267,179
297,179
349,179
349,179
388,179
479,179
267,180
296,180
349,180
349,180
388,180
479,180
267,181
296,181
388,181
479,181
267,182
297,182
350,182
350,182
388,182
479,182
255,183
260,183
267,183
296,183
350,183
350,183
389,183
479,183
255,184
296,184
350,184
351,184
389,184
479,184
255,185
297,185
350,185
351,185
389,185
479,185
256,186
297,186
350,186
351,186
390,186
479,186
256,187
298,187
349,187
351,187
390,187
479,187
256,188
298,188
350,188
352,188
390,188
479,188
256,189
297,189
299,189
299,189
348,189
351,189
390,189
479,189
256,190
300,190
347,190
352,190
390,190
479,190
256,191
301,191
346,191
353,191
390,191
479,191
254,192
303,192
346,192
346,192
348,192
353,192
390,192
479,192
254,193
304,193
347,193
354,193
390,193
479,193
254,194
305,194
349,194
354,194
390,194
479,194
254,195
303,195
305,195
305,195
347,195
354,195
390,195
479,195
254,196
306,196
346,196
354,196
390,196
479,196
254,197
306,197
345,197
355,197
390,197
479,197
254,198
306,198
345,198
355,198
390,198
479,198
254,199
306,199
345,199
354,199
390,199
479,199
246,200
306,200
344,200
356,200
390,200
479,200
246,201
306,201
344,201
356,201
390,201
479,201
246,202
306,202
345,202
357,202
391,202
479,202
246,203
306,203
345,203
357,203
391,203
479,203
246,204
306,204
345,204
357,204
391,204
479,204
246,205
306,205
345,205
358,205
391,205
479,205
246,206
307,206
345,206
358,206
391,206
479,206
246,207
306,207
346,207
359,207
391,207
479,207
238,208
306,208
345,208
359,208
392,208
479,208
238,209
306,209
345,209
359,209
392,209
479,209
238,210
306,210
347,210
360,210
392,210
479,210
238,211
306,211
346,211
361,211
395,211
479,211
236,212
306,212
346,212
347,212
349,212
361,212
395,212
479,212
236,213
306,213
347,213
361,213
396,213
479,213
235,214
306,214
348,214
362,214
396,214
479,214
234,215
306,215
346,215
346,215
348,215
362,215
396,215
479,215
234,216
306,216
349,216
363,216
397,216
479,216
234,217
306,217
308,217
308,217
348,217
364,217
397,217
479,217
234,218
308,218
347,218
364,218
398,218
479,218
234,219
307,219
347,219
365,219
398,219
479,219
234,220
307,220
348,220
366,220
399,220
479,220
234,221
307,221
348,221
366,221
399,221
479,221
231,222
307,222
350,222
366,222
399,222
479,222
231,223
306,223
350,223
366,223
400,223
479,223
228,224
306,224
351,224
367,224
400,224
479,224
222,225
306,225
351,225
367,225
401,225
479,225
221,226
306,226
353,226
367,226
402,226
479,226
221,227
306,227
353,227
367,227
402,227
479,227
221,228
306,228
353,228
368,228
401,228
479,228
220,229
305,229
354,229
354,229
356,229
368,229
402,229
479,229
218,230
305,230
356,230
368,230
403,230
479,230
218,231
305,231
355,231
368,231
403,231
479,231
218,232
304,232
356,232
367,232
403,232
479,232
218,233
304,233
357,233
369,233
403,233
479,233
217,234
304,234
357,234
371,234
404,234
479,234
215,235
304,235
358,235
367,235
370,235
371,235
404,235
479,235
215,236
303,236
359,236
371,236
403,236
479,236
211,237
303,237
359,237
371,237
403,237
479,237
209,238
303,238
360,238
372,238
403,238
479,238
209,239
303,239
361,239
373,239
404,239
479,239
210,240
303,240
361,240
367,240
369,240
373,240
404,240
479,240
209,241
303,241
361,241
371,241
373,241
373,241
404,241
479,241
209,242
303,242
362,242
371,242
373,242
374,242
403,242
479,242
209,243
302,243
362,243
371,243
373,243
373,243
403,243
479,243
209,244
302,244
363,244
371,244
373,244
375,244
403,244
479,244
202,245
202,245
208,245
302,245
363,245
375,245
402,245
479,245
201,246
302,246
363,246
375,246
402,246
479,246
199,247
302,247
364,247
375,247
402,247
479,247
199,248
301,248
364,248
376,248
402,248
479,248
199,249
301,249
364,249
377,249
402,249
479,249
199,250
301,250
365,250
375,250
377,250
377,250
402,250
479,250
197,251
301,251
366,251
375,251
377,251
377,251
402,251
479,251
196,252
301,252
366,252
366,252
368,252
377,252
401,252
479,252
190,253
191,253
193,253
301,253
366,253
367,253
369,253
378,253
402,253
479,253
188,254
301,254
366,254
378,254
402,254
479,254
186,255
301,255
366,255
367,255
369,255
378,255
402,255
479,255
183,256
300,256
367,256
379,256
402,256
479,256
182,257
300,257
367,257
379,257
402,257
479,257
182,258
300,258
367,258
379,258
389,258
391,258
403,258
479,258
182,259
300,259
368,259
380,259
390,259
392,259
403,259
479,259
182,260
300,260
368,260
380,260
390,260
391,260
403,260
479,260
182,261
300,261
368,261
381,261
384,261
384,261
390,261
392,261
403,261
479,261
182,262
300,262
369,262
386,262
390,262
393,262
399,262
399,262
402,262
479,262
182,263
299,263
369,263
387,263
390,263
393,263
399,263
400,263
402,263
479,263
174,264
179,264
181,264
299,264
370,264
388,264
390,264
393,264
399,264
479,264
170,265
299,265
370,265
393,265
398,265
479,265
169,266
299,266
370,266
393,266
398,266
479,266
167,267
299,267
370,267
393,267
398,267
479,267
167,268
299,268
371,268
395,268
398,268
479,268
165,269
298,269
371,269
479,269
166,270
298,270
372,270
479,270
164,271
298,271
372,271
479,271
160,272
160,272
163,272
298,272
372,272
479,272
160,273
298,273
373,273
479,273
160,274
298,274
373,274
479,274
160,275
298,275
373,275
479,275
156,276
156,276
159,276
297,276
374,276
479,276
152,277
152,277
155,277
297,277
374,277
479,277
152,278
297,278
374,278
479,278
150,279
150,279
152,279
297,279
375,279
479,279
145,280
297,280
375,280
479,280
145,281
297,281
376,281
479,281
145,282
296,282
376,282
479,282
144,283
296,283
377,283
479,283
141,284
296,284
377,284
479,284
141,285
296,285
377,285
479,285
141,286
296,286
378,286
479,286
136,287
295,287
378,287
479,287
136,288
295,288
379,288
479,288
126,289
295,289
379,289
479,289
124,290
295,290
380,290
479,290
122,291
295,291
380,291
479,291
120,292
295,292
381,292
479,292
118,293
294,293
381,293
479,293
116,294
294,294
382,294
479,294
108,295
110,295
114,295
292,295
294,295
294,295
382,295
479,295
105,296
293,296
383,296
479,296
100,297
293,297
383,297
479,297
100,298
293,298
384,298
479,298
100,299
293,299
384,299
479,299
100,300
292,300
385,300
479,300
100,301
292,301
385,301
479,301
95,302
95,302
100,302
292,302
386,302
479,302
77,303
292,303
387,303
479,303
77,304
291,304
387,304
479,304
62,305
291,305
388,305
479,305
62,306
291,306
388,306
479,306
48,307
291,307
389,307
479,307
48,308
288,308
290,308
290,308
389,308
479,308
48,309
290,309
390,309
479,309
48,310
290,310
390,310
479,310
0,311
289,311
391,311
479,311
0,312
289,312
391,312
479,312
0,313
289,313
392,313
479,313
0,314
289,314
393,314
479,314
0,315
289,315
393,315
479,315
0,316
288,316
394,316
479,316
0,317
288,317
395,317
479,317
0,318
288,318
395,318
479,318
0,319
288,319
395,319
479,319
0,320
288,320
396,320
479,320
0,321
287,321
397,321
479,321
0,322
287,322
397,322
479,322
0,323
287,323
398,323
479,323
0,324
287,324
398,324
479,324
0,325
287,325
399,325
479,325
0,326
287,326
400,326
479,326
0,327
286,327
400,327
479,327
0,328
286,328
401,328
479,328
0,329
286,329
401,329
479,329
0,330
286,330
402,330
479,330
0,331
286,331
402,331
479,331
0,332
286,332
403,332
479,332
0,333
286,333
403,333
479,333
0,334
286,334
403,334
479,334
0,335
285,335
404,335
479,335
0,336
286,336
405,336
479,336
0,337
285,337
405,337
479,337
0,338
286,338
406,338
479,338
0,339
285,339
406,339
479,339
0,340
285,340
407,340
479,340
0,341
285,341
407,341
479,341
0,342
285,342
407,342
479,342
0,343
285,343
408,343
479,343
0,344
285,344
408,344
479,344
0,345
285,345
409,345
479,345
0,346
285,346
409,346
479,346
0,347
285,347
410,347
479,347
0,348
285,348
410,348
479,348
0,349
285,349
410,349
479,349
0,350
284,350
411,350
479,350
0,351
284,351
411,351
479,351
0,352
284,352
412,352
479,352
0,353
284,353
412,353
479,353
0,354
284,354
413,354
479,354
0,355
284,355
413,355
479,355
0,356
284,356
414,356
479,356
0,357
284,357
414,357
479,357
0,358
284,358
414,358
479,358
0,359
284,359
414,359
479,359
