305,0
479,0
305,1
479,1
305,2
479,2
305,3
479,3
305,4
479,4
305,5
479,5
305,6
479,6
305,7
479,7
305,8
479,8
305,9
479,9
305,10
479,10
305,11
479,11
305,12
479,12
305,13
479,13
305,14
479,14
305,15
479,15
303,16
479,16
303,17
479,17
303,18
479,18
303,19
479,19
303,20
479,20
303,21
479,21
303,22
479,22
303,23
479,23
303,24
479,24
303,25
479,25
303,26
479,26
303,27
479,27
303,28
479,28
303,29
479,29
303,30
479,30
303,31
479,31
299,32
479,32
299,33
479,33
299,34
479,34
299,35
479,35
302,36
302,36
304,36
479,36
302,37
302,37
304,37
479,37
302,38
302,38
304,38
479,38
302,39
302,39
304,39
479,39
302,40
302,40
304,40
479,40
302,41
302,41
304,41
479,41
302,42
302,42
304,42
479,42
302,43
302,43
304,43
479,43
302,44
302,44
304,44
479,44
302,45
302,45
304,45
479,45
302,46
302,46
304,46
479,46
302,47
302,47
304,47
479,47
306,48
479,48
306,49
479,49
306,50
479,50
306,51
479,51
306,52
479,52
306,53
479,53
306,54
479,54
306,55
479,55
302,56
479,56
302,57
479,57
302,58
479,58
302,59
479,59
302,60
479,60
302,61
479,61
303,62
479,62
287,63
287,63
305,63
479,63
281,64
290,64
304,64
479,64
276,65
277,65
286,65
287,65
290,65
290,65
302,65
479,65
278,66
284,66
291,66
291,66
302,66
479,66
291,67
293,67
301,67
479,67
287,68
287,68
291,68
479,68
272,69
272,69
295,69
479,69
272,70
272,70
291,70
292,70
297,70
479,70
298,71
479,71
272,72
272,72
296,72
479,72
272,73
272,73
304,73
479,73
301,74
302,74
307,74
479,74
304,75
304,75
308,75
479,75
273,76
273,76
308,76
479,76
307,77
307,77
313,77
479,77
308,78
309,78
313,78
479,78
311,79
479,79
274,80
274,80
312,80
479,80
275,81
275,81
316,81
479,81
275,82
275,82
318,82
321,82
324,82
479,82
276,83
276,83
320,83
321,83
324,83
479,83
322,84
479,84
324,85
479,85
324,86
325,86
327,86
479,86
275,87
276,87
278,87
278,87
325,87
326,87
328,87
479,87
274,88
274,88
326,88
326,88
330,88
479,88
276,89
276,89
327,89
328,89
331,89
479,89
275,90
275,90
328,90
329,90
332,90
479,90
274,91
274,91
329,91
479,91
330,92
479,92
273,93
273,93
331,93
479,93
332,94
479,94
332,95
479,95
271,96
271,96
332,96
333,96
335,96
479,96
271,97
271,97
333,97
333,97
335,97
479,97
270,98
270,98
333,98
479,98
334,99
479,99
334,100
479,100
334,101
479,101
270,102
270,102
334,102
479,102
269,103
269,103
335,103
479,103
269,104
269,104
335,104
479,104
268,105
270,105
336,105
479,105
272,106
272,106
335,106
479,106
269,107
269,107
271,107
272,107
336,107
479,107
272,108
272,108
336,108
479,108
336,109
479,109
273,110
273,110
336,110
479,110
273,111
274,111
336,111
479,111
273,112
274,112
336,112
479,112
274,113
274,113
336,113
479,113
275,114
275,114
278,114
278,114
336,114
479,114
275,115
276,115
278,115
279,115
336,115
479,115
276,116
276,116
280,116
280,116
336,116
479,116
275,117
276,117
279,117
279,117
336,117
479,117
274,118
274,118
336,118
479,118
336,119
479,119
336,120
479,120
337,121
479,121
277,122
277,122
337,122
479,122
272,123
272,123
276,123
277,123
279,123
279,123
337,123
479,123
276,124
276,124
279,124
280,124
337,124
479,124
274,125
275,125
337,125
479,125
274,126
275,126
337,126
479,126
337,127
479,127
274,128
275,128
281,128
282,128
337,128
479,128
274,129
276,129
282,129
282,129
337,129
479,129
171,130
171,130
274,130
279,130
338,130
338,130
340,130
479,130
274,131
281,131
283,131
283,131
338,131
338,131
340,131
479,131
274,132
281,132
283,132
283,132
339,132
340,132
342,132
479,132
274,133
281,133
284,133
284,133
339,133
340,133
342,133
479,133
274,134
283,134
340,134
479,134
274,135
287,135
292,135
292,135
340,135
479,135
273,136
285,136
287,136
289,136
291,136
292,136
341,136
479,136
273,137
287,137
289,137
289,137
341,137
479,137
273,138
286,138
288,138
289,138
341,138
479,138
252,139
252,139
254,139
258,139
274,139
275,139
278,139
286,139
288,139
288,139
341,139
479,139
247,140
247,140
251,140
251,140
260,140
261,140
275,140
275,140
278,140
279,140
283,140
287,140
342,140
479,140
247,141
247,141
262,141
273,141
287,141
288,141
290,141
290,141
342,141
479,141
162,142
162,142
246,142
246,142
269,142
283,142
286,142
287,142
290,142
291,142
342,142
479,142
207,143
207,143
240,143
241,143
245,143
245,143
284,143
289,143
342,143
479,143
212,144
213,144
240,144
241,144
246,144
246,144
249,144
249,144
285,144
287,144
342,144
479,144
215,145
215,145
236,145
236,145
238,145
241,145
248,145
249,145
343,145
479,145
220,146
220,146
236,146
236,146
239,146
240,146
343,146
479,146
229,147
229,147
343,147
479,147
238,148
240,148
343,148
479,148
233,149
233,149
343,149
479,149
232,150
232,150
343,150
479,150
343,151
479,151
191,152
192,152
343,152
479,152
192,153
193,153
343,153
479,153
344,154
479,154
197,155
198,155
344,155
479,155
199,156
201,156
346,156
479,156
203,157
204,157
347,157
479,157
206,158
206,158
348,158
479,158
350,159
479,159
351,160
479,160
353,161
479,161
353,162
353,162
356,162
479,162
355,163
479,163
221,164
221,164
356,164
479,164
227,165
241,165
282,165
282,165
357,165
479,165
219,166
221,166
241,166
241,166
280,166
281,166
358,166
479,166
217,167
223,167
241,167
241,167
277,167
278,167
281,167
281,167
358,167
479,167
219,168
223,168
228,168
228,168
249,168
249,168
273,168
275,168
281,168
281,168
359,168
479,168
229,169
229,169
231,169
231,169
236,169
236,169
243,169
243,169
247,169
247,169
249,169
249,169
271,169
272,169
280,169
280,169
359,169
479,169
229,170
239,170
243,170
243,170
250,170
250,170
268,170
272,170
279,170
280,170
359,170
479,170
231,171
231,171
237,171
238,171
244,171
245,171
250,171
250,171
267,171
269,171
271,171
272,171
279,171
279,171
359,171
359,171
361,171
479,171
241,172
244,172
248,172
248,172
251,172
251,172
264,172
266,172
270,172
273,172
278,172
278,172
359,172
359,172
361,172
479,172
241,173
243,173
251,173
251,173
261,173
264,173
266,173
266,173
268,173
269,173
359,173
359,173
361,173
479,173
241,174
243,174
249,174
249,174
260,174
263,174
266,174
269,174
271,174
272,174
277,174
277,174
358,174
479,174
247,175
250,175
254,175
263,175
267,175
269,175
271,175
273,175
277,175
277,175
358,175
479,175
247,176
251,176
253,176
253,176
259,176
259,176
261,176
273,176
276,176
276,176
359,176
359,176
361,176
479,176
247,177
251,177
253,177
253,177
259,177
272,177
276,177
276,177
359,177
359,177
361,177
479,177
247,178
272,178
275,178
276,178
359,178
359,178
361,178
479,178
247,179
272,179
275,179
276,179
360,179
479,179
247,180
272,180
275,180
275,180
360,180
479,180
247,181
272,181
275,181
275,181
361,181
479,181
247,182
272,182
275,182
275,182
361,182
479,182
246,183
272,183
275,183
275,183
361,183
479,183
247,184
271,184
274,184
275,184
359,184
479,184
247,185
271,185
274,185
275,185
359,185
479,185
246,186
272,186
275,186
275,186
360,186
479,186
243,187
243,187
245,187
272,187
275,187
275,187
360,187
479,187
239,188
239,188
242,188
272,188
275,188
275,188
361,188
479,188
238,189
239,189
241,189
274,189
276,189
276,189
361,189
479,189
237,190
237,190
239,190
277,190
362,190
479,190
239,191
275,191
277,191
277,191
362,191
479,191
239,192
275,192
277,192
278,192
363,192
479,192
239,193
279,193
364,193
479,193
236,194
236,194
238,194
280,194
364,194
479,194
236,195
281,195
365,195
479,195
236,196
280,196
282,196
283,196
365,196
479,196
236,197
281,197
284,197
285,197
365,197
479,197
236,198
281,198
287,198
288,198
366,198
479,198
229,199
229,199
232,199
232,199
235,199
283,199
288,199
288,199
346,199
346,199
366,199
479,199
231,200
285,200
287,200
288,200
346,200
346,200
366,200
479,200
230,201
288,201
345,201
346,201
366,201
479,201
229,202
286,202
288,202
289,202
345,202
345,202
347,202
347,202
366,202
479,202
229,203
286,203
288,203
289,203
345,203
345,203
347,203
347,203
366,203
479,203
228,204
286,204
288,204
289,204
345,204
345,204
347,204
347,204
366,204
479,204
229,205
286,205
288,205
289,205
345,205
345,205
347,205
347,205
366,205
479,205
229,206
286,206
288,206
289,206
345,206
347,206
366,206
479,206
228,207
286,207
288,207
289,207
344,207
347,207
366,207
479,207
228,208
286,208
288,208
289,208
344,208
347,208
367,208
479,208
223,209
223,209
225,209
225,209
227,209
290,209
344,209
347,209
367,209
479,209
223,210
289,210
344,210
347,210
367,210
479,210
222,211
290,211
344,211
348,211
367,211
479,211
221,212
290,212
344,212
348,212
367,212
479,212
220,213
288,213
290,213
290,213
344,213
348,213
367,213
479,213
219,214
288,214
290,214
290,214
343,214
348,214
367,214
479,214
218,215
288,215
290,215
291,215
343,215
348,215
367,215
479,215
218,216
291,216
343,216
348,216
367,216
479,216
218,217
292,217
343,217
348,217
367,217
479,217
217,218
292,218
343,218
348,218
367,218
479,218
216,219
289,219
292,219
292,219
343,219
348,219
367,219
479,219
207,220
207,220
213,220
213,220
215,220
289,220
292,220
292,220
343,220
349,220
367,220
479,220
208,221
289,221
291,221
292,221
343,221
349,221
367,221
479,221
208,222
289,222
291,222
291,222
343,222
349,222
367,222
479,222
208,223
291,223
342,223
349,223
367,223
479,223
206,224
291,224
342,224
349,224
367,224
479,224
206,225
291,225
341,225
349,225
367,225
479,225
206,226
291,226
341,226
350,226
367,226
479,226
206,227
291,227
341,227
350,227
367,227
479,227
206,228
290,228
342,228
350,228
367,228
479,228
206,229
290,229
342,229
350,229
367,229
479,229
206,230
290,230
342,230
350,230
367,230
479,230
198,231
198,231
206,231
290,231
342,231
350,231
367,231
479,231
199,232
289,232
342,232
351,232
368,232
479,232
199,233
289,233
343,233
351,233
368,233
479,233
199,234
289,234
343,234
351,234
368,234
479,234
192,235
192,235
199,235
289,235
344,235
351,235
367,235
479,235
192,236
192,236
197,236
289,236
344,236
351,236
367,236
479,236
197,237
288,237
344,237
351,237
367,237
479,237
193,238
288,238
345,238
351,238
367,238
479,238
193,239
288,239
345,239
351,239
368,239
479,239
184,240
185,240
187,240
288,240
346,240
351,240
368,240
479,240
183,241
288,241
346,241
351,241
368,241
370,241
372,241
479,241
181,242
288,242
346,242
351,242
368,242
479,242
180,243
287,243
347,243
351,243
369,243
479,243
180,244
287,244
347,244
348,244
350,244
350,244
369,244
479,244
180,245
287,245
347,245
350,245
370,245
479,245
180,246
287,246
348,246
350,246
370,246
479,246
180,247
287,247
348,247
350,247
370,247
479,247
180,248
287,248
349,248
349,248
370,248
479,248
180,249
287,249
349,249
349,249
370,249
479,249
171,250
171,250
179,250
287,250
349,250
349,250
371,250
479,250
170,251
173,251
176,251
286,251
371,251
479,251
168,252
286,252
371,252
479,252
168,253
286,253
371,253
479,253
168,254
286,254
371,254
479,254
168,255
286,255
371,255
479,255
167,256
285,256
371,256
479,256
167,257
285,257
371,257
479,257
167,258
285,258
371,258
371,258
373,258
479,258
166,259
285,259
371,259
479,259
159,260
160,260
163,260
285,260
371,260
479,260
159,261
284,261
372,261
479,261
156,262
284,262
372,262
372,262
374,262
479,262
155,263
284,263
372,263
479,263
153,264
284,264
373,264
479,264
152,265
283,265
374,265
479,265
149,266
283,266
375,266
479,266
145,267
284,267
375,267
479,267
145,268
284,268
369,268
369,268
375,268
479,268
135,269
135,269
138,269
140,269
142,269
283,269
370,269
370,269
375,269
479,269
135,270
135,270
138,270
283,270
371,270
479,270
137,271
283,271
371,271
479,271
136,272
282,272
372,272
479,272
134,273
282,273
365,273
365,273
372,273
479,273
134,274
282,274
366,274
366,274
372,274
479,274
134,275
282,275
367,275
368,275
371,275
479,275
134,276
282,276
367,276
479,276
134,277
281,277
367,277
479,277
130,278
281,278
362,278
362,278
368,278
479,278
130,279
281,279
362,279
363,279
368,279
479,279
118,280
118,280
121,280
281,280
359,280
479,280
118,281
281,281
359,281
479,281
115,282
281,282
360,282
479,282
109,283
280,283
360,283
479,283
109,284
280,284
361,284
479,284
108,285
280,285
361,285
479,285
108,286
279,286
361,286
479,286
106,287
279,287
362,287
479,287
104,288
279,288
362,288
479,288
100,289
279,289
363,289
479,289
90,290
93,290
100,290
278,290
363,290
479,290
89,291
278,291
363,291
479,291
89,292
278,292
364,292
479,292
87,293
277,293
364,293
479,293
82,294
277,294
364,294
479,294
76,295
276,295
365,295
479,295
64,296
276,296
366,296
479,296
64,297
276,297
366,297
479,297
61,298
276,298
366,298
479,298
48,299
275,299
367,299
479,299
48,300
275,300
367,300
479,300
48,301
275,301
368,301
479,301
32,302
274,302
368,302
479,302
0,303
274,303
369,303
479,303
0,304
274,304
370,304
479,304
0,305
273,305
370,305
479,305
0,306
273,306
370,306
479,306
0,307
273,307
371,307
479,307
0,308
272,308
371,308
479,308
0,309
272,309
371,309
479,309
0,310
272,310
372,310
479,310
0,311
272,311
372,311
479,311
0,312
271,312
373,312
479,312
0,313
271,313
374,313
479,313
0,314
271,314
375,314
479,314
0,315
270,315
375,315
479,315
0,316
270,316
375,316
479,316
0,317
270,317
375,317
479,317
0,318
269,318
376,318
479,318
0,319
269,319
376,319
479,319
0,320
269,320
377,320
479,320
0,321
269,321
377,321
479,321
0,322
268,322
378,322
479,322
0,323
268,323
378,323
479,323
0,324
268,324
379,324
479,324
0,325
267,325
379,325
479,325
0,326
267,326
380,326
479,326
0,327
267,327
380,327
479,327
0,328
266,328
381,328
479,328
0,329
266,329
381,329
479,329
0,330
266,330
382,330
479,330
0,331
266,331
382,331
479,331
0,332
266,332
382,332
479,332
0,333
266,333
383,333
479,333
0,334
266,334
383,334
479,334
0,335
265,335
384,335
479,335
0,336
265,336
384,336
479,336
0,337
265,337
385,337
479,337
0,338
265,338
385,338
479,338
0,339
265,339
386,339
479,339
0,340
265,340
386,340
479,340
0,341
264,341
386,341
479,341
0,342
264,342
386,342
479,342
0,343
264,343
387,343
479,343
0,344
264,344
387,344
479,344
0,345
264,345
387,345
479,345
0,346
264,346
388,346
479,346
0,347
263,347
388,347
479,347
0,348
263,348
388,348
479,348
0,349
263,349
389,349
479,349
0,350
263,350
389,350
479,350
0,351
263,351
389,351
479,351
0,352
263,352
390,352
479,352
0,353
262,353
390,353
479,353
0,354
262,354
390,354
479,354
0,355
262,355
390,355
479,355
0,356
262,356
391,356
479,356
0,357
262,357
391,357
479,357
0,358
262,358
391,358
479,358
0,359
262,359
392,359
479,359
