306,0
479,0
306,1
479,1
306,2
479,2
306,3
479,3
306,4
479,4
306,5
479,5
306,6
479,6
306,7
479,7
306,8
479,8
306,9
479,9
306,10
479,10
306,11
479,11
306,12
479,12
306,13
479,13
306,14
479,14
306,15
479,15
305,16
479,16
305,17
479,17
305,18
479,18
305,19
479,19
305,20
479,20
305,21
479,21
305,22
479,22
305,23
479,23
305,24
479,24
305,25
479,25
305,26
479,26
305,27
479,27
305,28
479,28
305,29
479,29
305,30
479,30
305,31
479,31
300,32
479,32
300,33
479,33
300,34
479,34
300,35
479,35
306,36
479,36
306,37
479,37
306,38
479,38
306,39
479,39
306,40
479,40
306,41
479,41
306,42
479,42
306,43
479,43
306,44
479,44
306,45
479,45
306,46
479,46
306,47
479,47
308,48
479,48
308,49
479,49
308,50
479,50
308,51
479,51
308,52
479,52
308,53
479,53
308,54
479,54
308,55
479,55
303,56
479,56
303,57
479,57
303,58
479,58
303,59
479,59
303,60
479,60
303,61
479,61
304,62
479,62
288,63
288,63
305,63
479,63
278,64
292,64
295,64
479,64
282,65
479,65
274,66
283,66
288,66
479,66
288,67
479,67
288,68
479,68
292,69
479,69
288,70
289,70
294,70
479,70
289,71
290,71
295,71
479,71
293,72
294,72
298,72
479,72
301,73
479,73
298,74
298,74
305,74
479,74
301,75
302,75
306,75
479,75
303,76
303,76
305,76
479,76
304,77
305,77
312,77
479,77
271,78
271,78
305,78
306,78
311,78
479,78
271,79
271,79
308,79
479,79
272,80
272,80
310,80
479,80
314,81
479,81
272,82
273,82
316,82
318,82
320,82
479,82
272,83
272,83
318,83
319,83
322,83
479,83
273,84
274,84
320,84
320,84
322,84
479,84
274,85
274,85
321,85
479,85
274,86
275,86
322,86
323,86
325,86
479,86
272,87
272,87
275,87
275,87
323,87
323,87
326,87
479,87
272,88
272,88
275,88
275,88
324,88
324,88
326,88
479,88
273,89
274,89
325,89
326,89
328,89
479,89
273,90
273,90
326,90
326,90
330,90
479,90
270,91
270,91
272,91
272,91
327,91
327,91
330,91
479,91
328,92
328,92
330,92
479,92
329,93
479,93
329,94
479,94
267,95
267,95
330,95
330,95
332,95
479,95
267,96
267,96
330,96
330,96
332,96
479,96
267,97
267,97
332,97
479,97
268,98
268,98
331,98
479,98
331,99
479,99
332,100
479,100
267,101
267,101
332,101
479,101
268,102
268,102
332,102
479,102
332,103
479,103
333,104
479,104
266,105
266,105
333,105
479,105
267,106
268,106
333,106
479,106
267,107
267,107
269,107
269,107
333,107
479,107
266,108
266,108
269,108
269,108
334,108
479,108
334,109
479,109
334,110
479,110
334,111
479,111
272,112
272,112
334,112
479,112
272,113
272,113
334,113
479,113
272,114
272,114
276,114
276,114
334,114
479,114
272,115
272,115
274,115
274,115
276,115
276,115
334,115
479,115
278,116
279,116
334,116
479,116
274,117
274,117
277,117
278,117
334,117
479,117
334,118
479,118
334,119
479,119
334,120
479,120
275,121
275,121
334,121
479,121
275,122
275,122
334,122
479,122
274,123
277,123
335,123
479,123
273,124
274,124
277,124
278,124
335,124
479,124
272,125
274,125
278,125
278,125
335,125
479,125
272,126
274,126
278,126
278,126
335,126
479,126
279,127
279,127
335,127
479,127
280,128
280,128
336,128
479,128
171,129
172,129
280,129
280,129
336,129
479,129
275,130
275,130
280,130
280,130
336,130
337,130
339,130
479,130
275,131
277,131
281,131
281,131
336,131
337,131
339,131
479,131
275,132
278,132
281,132
282,132
337,132
479,132
275,133
279,133
282,133
282,133
338,133
338,133
340,133
479,133
275,134
280,134
283,134
283,134
338,134
479,134
275,135
281,135
288,135
291,135
338,135
479,135
275,136
288,136
290,136
290,136
339,136
479,136
275,137
283,137
287,137
287,137
339,137
479,137
247,138
247,138
251,138
251,138
257,138
259,138
274,138
274,138
278,138
284,138
287,138
287,138
340,138
479,138
159,139
159,139
250,139
250,139
260,139
262,139
278,139
284,139
340,139
479,139
242,140
244,140
262,140
263,140
280,140
285,140
340,140
479,140
245,141
245,141
249,141
249,141
265,141
271,141
273,141
273,141
282,141
283,141
285,141
285,141
288,141
288,141
340,141
479,141
246,142
248,142
271,142
280,142
284,142
285,142
289,142
289,142
341,142
479,142
218,143
219,143
239,143
240,143
248,143
248,143
281,143
287,143
341,143
479,143
222,144
224,144
227,144
227,144
239,144
240,144
283,144
286,144
341,144
479,144
226,145
229,145
238,145
240,145
341,145
479,145
176,146
176,146
235,146
235,146
341,146
479,146
341,147
479,147
341,148
479,148
341,149
479,149
188,150
189,150
341,150
479,150
189,151
190,151
341,151
479,151
341,152
479,152
195,153
196,153
341,153
479,153
197,154
198,154
201,154
201,154
341,154
341,154
343,154
479,154
203,155
203,155
341,155
479,155
205,156
205,156
342,156
479,156
343,157
479,157
344,158
479,158
214,159
215,159
346,159
479,159
347,160
479,160
222,161
222,161
225,161
226,161
348,161
479,161
227,162
232,162
349,162
479,162
350,163
351,163
353,163
479,163
352,164
479,164
238,165
238,165
240,165
240,165
247,165
247,165
353,165
479,165
229,166
229,166
232,166
236,166
238,166
238,166
246,166
247,166
279,166
280,166
354,166
479,166
230,167
233,167
240,167
241,167
244,167
245,167
274,167
280,167
355,167
479,167
240,168
243,168
248,168
248,168
269,168
273,168
279,168
279,168
356,168
479,168
246,169
248,169
266,169
270,169
278,169
279,169
356,169
479,169
248,170
248,170
263,170
266,170
277,170
278,170
356,170
479,170
240,171
241,171
249,171
249,171
261,171
264,171
268,171
270,171
277,171
278,171
356,171
479,171
242,172
242,172
247,172
247,172
250,172
250,172
258,172
261,172
263,172
264,172
267,172
271,172
277,172
277,172
356,172
479,172
246,173
248,173
251,173
260,173
264,173
264,173
271,173
272,173
276,173
276,173
356,173
357,173
359,173
479,173
246,174
249,174
256,174
258,174
264,174
272,174
356,174
479,174
250,175
250,175
259,175
272,175
275,175
275,175
355,175
479,175
252,176
257,176
260,176
271,176
274,176
275,176
354,176
479,176
251,177
271,177
274,177
275,177
356,177
479,177
252,178
270,178
274,178
274,178
356,178
479,178
252,179
270,179
273,179
274,179
356,179
356,179
358,179
479,179
250,180
270,180
273,180
274,180
356,180
479,180
250,181
270,181
273,181
273,181
357,181
479,181
251,182
270,182
273,182
273,182
357,182
479,182
251,183
270,183
273,183
273,183
357,183
479,183
251,184
270,184
273,184
273,184
357,184
479,184
248,185
248,185
251,185
270,185
273,185
273,185
355,185
479,185
248,186
270,186
273,186
273,186
355,186
479,186
244,187
244,187
247,187
270,187
273,187
274,187
356,187
479,187
245,188
271,188
273,188
274,188
357,188
479,188
245,189
271,189
274,189
274,189
357,189
479,189
245,190
272,190
275,190
275,190
358,190
479,190
245,191
272,191
275,191
275,191
358,191
479,191
243,192
273,192
275,192
276,192
359,192
479,192
242,193
277,193
359,193
479,193
240,194
240,194
242,194
275,194
277,194
278,194
360,194
479,194
240,195
276,195
278,195
279,195
361,195
479,195
240,196
281,196
361,196
479,196
240,197
278,197
282,197
283,197
362,197
479,197
240,198
280,198
283,198
286,198
362,198
479,198
236,199
236,199
239,199
280,199
286,199
287,199
362,199
479,199
233,200
233,200
235,200
287,200
363,200
479,200
232,201
287,201
363,201
479,201
232,202
287,202
363,202
479,202
233,203
287,203
363,203
479,203
232,204
287,204
363,204
479,204
232,205
288,205
364,205
479,205
232,206
288,206
364,206
479,206
232,207
288,207
364,207
479,207
232,208
288,208
344,208
344,208
364,208
479,208
227,209
227,209
229,209
229,209
231,209
288,209
344,209
344,209
364,209
479,209
227,210
288,210
344,210
345,210
364,210
479,210
225,211
288,211
344,211
345,211
364,211
479,211
224,212
289,212
344,212
345,212
364,212
479,212
222,213
289,213
344,213
345,213
364,213
479,213
222,214
289,214
344,214
345,214
364,214
479,214
221,215
289,215
344,215
346,215
364,215
479,215
221,216
290,216
344,216
344,216
346,216
346,216
364,216
479,216
221,217
290,217
344,217
344,217
346,217
346,217
364,217
479,217
220,218
291,218
344,218
346,218
365,218
479,218
210,219
210,219
219,219
287,219
290,219
291,219
344,219
346,219
365,219
479,219
218,220
288,220
290,220
291,220
344,220
346,220
365,220
479,220
211,221
290,221
344,221
347,221
365,221
479,221
211,222
290,222
343,222
347,222
365,222
479,222
211,223
290,223
343,223
347,223
365,223
479,223
209,224
289,224
344,224
347,224
365,224
479,224
209,225
289,225
344,225
345,225
347,225
348,225
366,225
479,225
209,226
289,226
345,226
348,226
366,226
479,226
209,227
289,227
345,227
348,227
366,227
479,227
209,228
288,228
346,228
348,228
366,228
479,228
209,229
288,229
346,229
348,229
366,229
479,229
201,230
201,230
209,230
288,230
346,230
346,230
348,230
348,230
366,230
479,230
209,231
288,231
346,231
346,231
348,231
349,231
366,231
479,231
202,232
288,232
346,232
346,232
348,232
349,232
366,232
479,232
202,233
288,233
346,233
349,233
367,233
479,233
202,234
287,234
347,234
349,234
367,234
479,234
195,235
195,235
202,235
287,235
347,235
349,235
367,235
479,235
200,236
287,236
347,236
350,236
367,236
479,236
200,237
287,237
347,237
350,237
367,237
479,237
196,238
287,238
347,238
350,238
367,238
479,238
196,239
286,239
347,239
350,239
367,239
479,239
186,240
186,240
189,240
286,240
347,240
351,240
367,240
479,240
183,241
286,241
347,241
351,241
367,241
479,241
183,242
286,242
347,242
347,242
349,242
351,242
367,242
479,242
182,243
286,243
347,243
347,243
349,243
351,243
367,243
479,243
182,244
286,244
347,244
350,244
368,244
479,244
182,245
286,245
347,245
350,245
368,245
479,245
182,246
285,246
347,246
350,246
368,246
479,246
182,247
285,247
347,247
350,247
369,247
479,247
182,248
285,248
347,248
347,248
349,248
350,248
370,248
479,248
182,249
285,249
347,249
350,249
370,249
479,249
172,250
172,250
181,250
285,250
348,250
349,250
370,250
479,250
173,251
174,251
177,251
284,251
348,251
349,251
370,251
479,251
171,252
284,252
348,252
348,252
370,252
479,252
171,253
284,253
349,253
349,253
371,253
479,253
171,254
284,254
349,254
349,254
371,254
479,254
171,255
284,255
349,255
349,255
371,255
479,255
170,256
283,256
371,256
479,256
170,257
283,257
371,257
479,257
170,258
284,258
371,258
479,258
169,259
284,259
371,259
479,259
168,260
283,260
371,260
371,260
373,260
479,260
164,261
283,261
371,261
371,261
373,261
479,261
159,262
159,262
161,262
283,262
371,262
479,262
158,263
283,263
372,263
479,263
156,264
283,264
372,264
372,264
374,264
479,264
155,265
282,265
372,265
479,265
152,266
282,266
373,266
479,266
148,267
282,267
375,267
479,267
148,268
281,268
375,268
479,268
145,269
281,269
376,269
479,269
144,270
281,270
370,270
370,270
374,270
479,270
135,271
135,271
138,271
140,271
142,271
281,271
370,271
373,271
376,271
479,271
138,272
281,272
371,272
479,272
137,273
281,273
372,273
479,273
135,274
281,274
373,274
479,274
134,275
280,275
355,275
355,275
366,275
366,275
373,275
479,275
134,276
280,276
367,276
367,276
373,276
479,276
134,277
280,277
356,277
356,277
368,277
479,277
134,278
280,278
356,278
356,278
368,278
479,278
134,279
280,279
357,279
357,279
368,279
479,279
130,280
279,280
357,280
359,280
368,280
479,280
130,281
279,281
357,281
359,281
362,281
364,281
368,281
479,281
118,282
118,282
121,282
279,282
358,282
479,282
118,283
278,283
358,283
479,283
115,284
278,284
358,284
479,284
109,285
278,285
359,285
479,285
109,286
277,286
359,286
479,286
108,287
277,287
360,287
479,287
108,288
277,288
360,288
479,288
106,289
277,289
360,289
479,289
104,290
276,290
361,290
479,290
90,291
93,291
100,291
276,291
361,291
479,291
89,292
95,292
100,292
276,292
362,292
479,292
89,293
276,293
362,293
479,293
87,294
275,294
362,294
479,294
82,295
275,295
363,295
479,295
80,296
274,296
363,296
479,296
76,297
274,297
364,297
479,297
64,298
274,298
364,298
479,298
64,299
274,299
365,299
479,299
61,300
273,300
365,300
479,300
48,301
273,301
366,301
479,301
48,302
273,302
366,302
479,302
48,303
272,303
367,303
479,303
32,304
272,304
367,304
479,304
0,305
272,305
368,305
479,305
0,306
271,306
368,306
479,306
0,307
271,307
369,307
479,307
0,308
271,308
369,308
479,308
0,309
270,309
370,309
479,309
0,310
270,310
370,310
479,310
0,311
270,311
370,311
479,311
0,312
270,312
371,312
479,312
0,313
269,313
371,313
479,313
0,314
269,314
372,314
479,314
0,315
269,315
372,315
479,315
0,316
268,316
373,316
479,316
0,317
268,317
373,317
479,317
0,318
268,318
374,318
479,318
0,319
267,319
374,319
479,319
0,320
267,320
375,320
479,320
0,321
266,321
375,321
479,321
0,322
266,322
376,322
479,322
0,323
266,323
376,323
479,323
0,324
265,324
377,324
479,324
0,325
265,325
377,325
479,325
0,326
265,326
378,326
479,326
0,327
265,327
378,327
479,327
0,328
265,328
379,328
479,328
0,329
265,329
379,329
479,329
0,330
264,330
380,330
479,330
0,331
264,331
381,331
479,331
0,332
264,332
381,332
479,332
0,333
264,333
381,333
479,333
0,334
264,334
381,334
479,334
0,335
263,335
382,335
479,335
0,336
263,336
382,336
479,336
0,337
263,337
382,337
479,337
0,338
263,338
383,338
479,338
0,339
262,339
383,339
479,339
0,340
262,340
383,340
479,340
0,341
262,341
384,341
479,341
0,342
262,342
384,342
479,342
0,343
262,343
384,343
479,343
0,344
262,344
385,344
479,344
0,345
262,345
385,345
479,345
0,346
261,346
386,346
479,346
0,347
261,347
386,347
479,347
0,348
261,348
386,348
479,348
0,349
261,349
386,349
479,349
0,350
261,350
387,350
479,350
0,351
261,351
387,351
479,351
0,352
260,352
388,352
479,352
0,353
260,353
388,353
479,353
0,354
260,354
388,354
479,354
0,355
260,355
388,355
479,355
0,356
260,356
389,356
479,356
0,357
260,357
389,357
479,357
0,358
260,358
389,358
479,358
0,359
260,359
389,359
479,359
