0,0
87,0
0,1
87,1
0,2
87,2
0,3
87,3
0,4
87,4
0,5
87,5
0,6
87,6
0,7
87,7
0,8
87,8
0,9
87,9
0,10
87,10
0,11
87,11
0,12
87,12
0,13
87,13
0,14
87,14
0,15
87,15
0,16
88,16
0,17
87,17
0,18
87,18
0,19
87,19
0,20
87,20
0,21
87,21
0,22
87,22
0,23
87,23
0,24
87,24
0,25
87,25
0,26
87,26
0,27
87,27
0,28
87,28
0,29
87,29
0,30
87,30
0,31
95,31
0,32
87,32
0,33
87,33
0,34
87,34
0,35
87,35
0,36
87,36
0,37
87,37
0,38
87,38
0,39
88,39
0,40
90,40
0,41
90,41
0,42
90,42
0,43
90,43
0,44
90,44
0,45
90,45
0,46
90,46
0,47
90,47
0,48
87,48
0,49
87,49
0,50
87,50
0,51
87,51
0,52
87,52
0,53
87,53
0,54
87,54
0,55
87,55
0,56
87,56
0,57
87,57
0,58
87,58
0,59
87,59
0,60
87,60
0,61
88,61
0,62
91,62
0,63
93,63
0,64
92,64
0,65
92,65
0,66
92,66
0,67
92,67
0,68
92,68
0,69
92,69
0,70
92,70
0,71
92,71
0,72
93,72
0,73
93,73
0,74
93,74
0,75
93,75
0,76
93,76
0,77
93,77
0,78
93,78
0,79
93,79
0,80
94,80
0,81
94,81
0,82
94,82
0,83
94,83
0,84
94,84
96,84
99,84
0,85
95,85
0,86
95,86
0,87
99,87
0,88
99,88
0,89
99,89
0,90
99,90
0,91
99,91
0,92
99,92
0,93
99,93
0,94
99,94
0,95
99,95
0,96
99,96
0,97
99,97
0,98
99,98
0,99
99,99
0,100
99,100
0,101
99,101
0,102
31,102
35,102
99,102
0,103
15,103
37,103
99,103
0,104
12,104
14,104
14,104
39,104
42,104
44,104
99,104
0,105
10,105
42,105
42,105
44,105
99,105
0,106
8,106
44,106
44,106
46,106
99,106
0,107
7,107
46,107
99,107
0,108
5,108
49,108
99,108
0,109
3,109
50,109
99,109
0,110
1,110
51,110
99,110
0,111
1,111
52,111
99,111
0,112
0,112
54,112
101,112
54,113
101,113
54,114
101,114
55,115
101,115
57,116
101,116
58,117
101,117
58,118
101,118
58,119
101,119
59,120
101,120
59,121
101,121
60,122
101,122
60,123
101,123
61,124
101,124
62,125
102,125
62,126
102,126
62,127
102,127
63,128
113,128
63,129
113,129
63,130
113,130
63,131
113,131
64,132
113,132
64,133
113,133
65,134
113,134
65,135
113,135
65,136
113,136
65,137
113,137
65,138
113,138
65,139
113,139
66,140
113,140
66,141
113,141
66,142
113,142
66,143
113,143
66,144
119,144
68,145
119,145
68,146
119,146
68,147
119,147
68,148
119,148
68,149
119,149
0,150
4,150
68,150
119,150
0,151
4,151
68,151
119,151
0,152
4,152
68,152
119,152
0,153
4,153
68,153
119,153
0,154
6,154
69,154
119,154
0,155
8,155
69,155
119,155
0,156
9,156
69,156
119,156
0,157
10,157
69,157
119,157
0,158
12,158
69,158
119,158
0,159
12,159
69,159
119,159
0,160
12,160
69,160
126,160
0,161
12,161
70,161
126,161
0,162
12,162
70,162
126,162
0,163
12,163
70,163
126,163
0,164
12,164
71,164
126,164
0,165
12,165
71,165
126,165
0,166
12,166
71,166
126,166
0,167
12,167
71,167
126,167
0,168
12,168
70,168
127,168
0,169
12,169
71,169
127,169
0,170
12,170
72,170
127,170
0,171
12,171
72,171
127,171
0,172
9,172
72,172
127,172
0,173
8,173
72,173
127,173
0,174
7,174
72,174
127,174
0,175
7,175
73,175
127,175
0,176
8,176
73,176
125,176
0,177
7,177
74,177
125,177
0,178
8,178
74,178
125,178
0,179
9,179
74,179
125,179
0,180
9,180
74,180
125,180
0,181
8,181
74,181
125,181
0,182
8,182
74,182
125,182
0,183
7,183
74,183
125,183
0,184
7,184
74,184
125,184
0,185
6,185
74,185
125,185
0,186
6,186
74,186
125,186
0,187
5,187
75,187
125,187
0,188
5,188
76,188
125,188
0,189
5,189
76,189
125,189
0,190
5,190
76,190
128,190
0,191
5,191
77,191
128,191
0,192
4,192
77,192
134,192
0,193
4,193
77,193
138,193
0,194
4,194
77,194
140,194
144,194
144,194
0,195
3,195
77,195
140,195
144,195
144,195
0,196
3,196
77,196
140,196
144,196
144,196
0,197
3,197
77,197
140,197
144,197
144,197
0,198
3,198
78,198
140,198
144,198
144,198
0,199
3,199
78,199
140,199
144,199
144,199
0,200
2,200
78,200
140,200
144,200
144,200
0,201
2,201
78,201
140,201
144,201
144,201
0,202
1,202
78,202
140,202
144,202
144,202
0,203
1,203
78,203
142,203
144,203
146,203
0,204
1,204
78,204
142,204
144,204
146,204
0,205
1,205
78,205
142,205
144,205
146,205
0,206
1,206
78,206
142,206
144,206
146,206
0,207
1,207
78,207
142,207
144,207
146,207
0,208
2,208
78,208
136,208
139,208
140,208
144,208
144,208
0,209
2,209
78,209
136,209
139,209
140,209
144,209
144,209
0,210
3,210
78,210
136,210
139,210
140,210
144,210
144,210
0,211
3,211
78,211
136,211
139,211
140,211
144,211
144,211
0,212
3,212
79,212
136,212
139,212
140,212
144,212
144,212
0,213
3,213
79,213
136,213
139,213
140,213
144,213
144,213
0,214
4,214
79,214
136,214
139,214
140,214
144,214
144,214
0,215
4,215
79,215
153,215
0,216
4,216
79,216
137,216
139,216
142,216
144,216
144,216
0,217
4,217
79,217
137,217
139,217
142,217
144,217
144,217
0,218
5,218
79,218
153,218
0,219
5,219
80,219
153,219
0,220
5,220
80,220
153,220
0,221
6,221
80,221
153,221
0,222
6,222
80,222
153,222
0,223
7,223
80,223
153,223
0,224
7,224
81,224
155,224
0,225
7,225
81,225
155,225
0,226
7,226
81,226
156,226
0,227
7,227
81,227
156,227
0,228
7,228
82,228
156,228
0,229
7,229
82,229
156,229
0,230
7,230
82,230
156,230
0,231
7,231
82,231
156,231
0,232
7,232
82,232
156,232
0,233
7,233
82,233
156,233
0,234
7,234
82,234
158,234
0,235
7,235
82,235
158,235
0,236
7,236
82,236
157,236
0,237
7,237
82,237
158,237
0,238
7,238
83,238
158,238
0,239
7,239
83,239
158,239
0,240
7,240
83,240
160,240
0,241
7,241
83,241
160,241
0,242
7,242
83,242
160,242
0,243
7,243
83,243
160,243
0,244
7,244
83,244
161,244
0,245
7,245
83,245
161,245
0,246
7,246
83,246
161,246
0,247
7,247
83,247
163,247
0,248
7,248
83,248
163,248
0,249
7,249
83,249
163,249
0,250
7,250
83,250
164,250
0,251
7,251
83,251
164,251
0,252
7,252
83,252
167,252
0,253
7,253
83,253
167,253
0,254
7,254
83,254
161,254
0,255
7,255
84,255
161,255
0,256
5,256
84,256
157,256
160,256
160,256
0,257
5,257
84,257
157,257
0,258
5,258
84,258
157,258
0,259
5,259
84,259
157,259
0,260
5,260
84,260
157,260
0,261
5,261
84,261
157,261
0,262
5,262
84,262
157,262
0,263
5,263
85,263
157,263
0,264
5,264
85,264
159,264
176,264
191,264
0,265
4,265
85,265
159,265
176,265
191,265
0,266
4,266
85,266
159,266
176,266
191,266
0,267
3,267
85,267
159,267
176,267
191,267
0,268
4,268
85,268
159,268
176,268
191,268
0,269
2,269
86,269
159,269
176,269
191,269
0,270
1,270
85,270
159,270
176,270
191,270
0,271
1,271
86,271
191,271
0,272
1,272
86,272
207,272
0,273
0,273
86,273
207,273
0,274
0,274
86,274
223,274
86,275
223,275
86,276
223,276
86,277
227,277
86,278
230,278
87,279
230,279
87,280
234,280
87,281
239,281
87,282
239,282
87,283
239,283
87,284
239,284
87,285
239,285
87,286
239,286
87,287
239,287
88,288
257,288
0,289
0,289
88,289
257,289
0,290
3,290
88,290
257,290
1,291
3,291
88,291
257,291
0,292
3,292
88,292
257,292
0,293
3,293
88,293
257,293
0,294
3,294
88,294
261,294
0,295
3,295
88,295
261,295
0,296
4,296
89,296
261,296
0,297
3,297
89,297
262,297
0,298
3,298
89,298
262,298
0,299
3,299
89,299
269,299
286,299
288,299
0,300
3,300
89,300
269,300
272,300
288,300
476,300
479,300
0,301
3,301
89,301
269,301
272,301
292,301
476,301
479,301
0,302
3,302
89,302
301,302
464,302
479,302
0,303
3,303
89,303
301,303
464,303
479,303
0,304
3,304
89,304
317,304
448,304
479,304
0,305
3,305
89,305
317,305
448,305
479,305
0,306
3,306
89,306
317,306
448,306
479,306
0,307
3,307
89,307
317,307
448,307
479,307
0,308
3,308
89,308
317,308
448,308
479,308
0,309
3,309
89,309
319,309
432,309
447,309
452,309
479,309
0,310
3,310
89,310
319,310
427,310
447,310
452,310
479,310
0,311
3,311
89,311
326,311
330,311
330,311
411,311
447,311
452,311
479,311
0,312
3,312
91,312
326,312
330,312
330,312
368,312
378,312
384,312
384,312
411,312
447,312
451,312
479,312
0,313
3,313
89,313
346,313
368,313
378,313
384,313
384,313
410,313
447,313
451,313
479,313
0,314
3,314
87,314
346,314
368,314
378,314
384,314
384,314
400,314
401,314
406,314
479,314
0,315
3,315
82,315
346,315
368,315
378,315
384,315
384,315
400,315
401,315
405,315
479,315
0,316
3,316
82,316
348,316
368,316
378,316
383,316
479,316
0,317
3,317
82,317
378,317
383,317
479,317
0,318
3,318
82,318
479,318
0,319
3,319
83,319
479,319
0,320
3,320
83,320
479,320
0,321
3,321
83,321
479,321
0,322
3,322
83,322
479,322
0,323
3,323
83,323
479,323
0,324
3,324
83,324
479,324
0,325
3,325
83,325
479,325
0,326
3,326
84,326
479,326
0,327
3,327
84,327
479,327
0,328
3,328
84,328
479,328
0,329
3,329
84,329
479,329
0,330
2,330
85,330
479,330
0,331
1,331
85,331
479,331
0,332
1,332
85,332
479,332
0,333
1,333
85,333
479,333
0,334
1,334
86,334
479,334
0,335
1,335
86,335
479,335
0,336
1,336
86,336
479,336
0,337
1,337
86,337
479,337
0,338
1,338
86,338
479,338
0,339
1,339
86,339
479,339
0,340
1,340
87,340
479,340
0,341
1,341
87,341
479,341
0,342
1,342
87,342
479,342
0,343
0,343
87,343
479,343
0,344
0,344
87,344
479,344
0,345
0,345
88,345
479,345
0,346
0,346
88,346
479,346
0,347
0,347
88,347
479,347
0,348
0,348
89,348
479,348
89,349
479,349
89,350
479,350
89,351
479,351
90,352
479,352
90,353
479,353
90,354
479,354
91,355
479,355
91,356
479,356
91,357
479,357
91,358
479,358
91,359
479,359
