0,0
270,0
0,1
270,1
0,2
270,2
0,3
270,3
0,4
270,4
0,5
270,5
0,6
270,6
0,7
270,7
0,8
270,8
0,9
270,9
0,10
270,10
0,11
270,11
0,12
270,12
0,13
270,13
0,14
270,14
0,15
270,15
0,16
271,16
0,17
271,17
0,18
271,18
0,19
271,19
0,20
271,20
0,21
271,21
0,22
271,22
0,23
271,23
0,24
271,24
0,25
271,25
0,26
271,26
0,27
271,27
0,28
271,28
0,29
271,29
0,30
271,30
0,31
271,31
0,32
274,32
0,33
274,33
0,34
274,34
0,35
274,35
0,36
274,36
0,37
274,37
0,38
274,38
0,39
274,39
0,40
274,40
0,41
274,41
0,42
274,42
0,43
274,43
0,44
274,44
0,45
274,45
0,46
274,46
0,47
274,47
0,48
276,48
0,49
276,49
0,50
276,50
0,51
276,51
0,52
276,52
0,53
276,53
0,54
276,54
0,55
276,55
0,56
276,56
0,57
276,57
0,58
276,58
0,59
276,59
0,60
276,60
0,61
276,61
0,62
276,62
0,63
276,63
0,64
277,64
280,64
280,64
0,65
281,65
0,66
280,66
0,67
280,67
0,68
280,68
0,69
280,69
0,70
280,70
0,71
280,71
0,72
280,72
0,73
280,73
0,74
280,74
0,75
281,75
0,76
280,76
0,77
281,77
0,78
283,78
285,78
286,78
0,79
283,79
0,80
238,80
258,80
261,80
264,80
285,80
0,81
234,81
261,81
261,81
266,81
267,81
270,81
287,81
0,82
232,82
270,82
287,82
0,83
229,83
265,83
265,83
270,83
287,83
0,84
228,84
267,84
267,84
271,84
287,84
0,85
226,85
269,85
269,85
273,85
287,85
0,86
224,86
269,86
270,86
273,86
287,86
0,87
222,87
271,87
271,87
275,87
280,87
285,87
287,87
0,88
220,88
273,88
273,88
276,88
280,88
285,88
287,88
0,89
219,89
274,89
274,89
276,89
279,89
286,89
286,89
0,90
217,90
274,90
275,90
277,90
279,90
0,91
216,91
275,91
275,91
278,91
279,91
0,92
215,92
277,92
277,92
279,92
281,92
285,92
285,92
0,93
214,93
278,93
279,93
281,93
281,93
285,93
285,93
0,94
213,94
0,95
209,95
211,95
212,95
0,96
208,96
279,96
279,96
0,97
210,97
279,97
279,97
288,97
291,97
0,98
209,98
288,98
292,98
0,99
208,99
281,99
281,99
288,99
292,99
0,100
208,100
281,100
283,100
286,100
292,100
0,101
207,101
284,101
294,101
0,102
207,102
286,102
294,102
0,103
206,103
287,103
294,103
0,104
206,104
288,104
296,104
0,105
206,105
288,105
296,105
0,106
205,106
288,106
296,106
0,107
205,107
284,107
284,107
288,107
296,107
0,108
205,108
286,108
296,108
0,109
202,109
204,109
204,109
286,109
296,109
0,110
204,110
286,110
296,110
0,111
204,111
286,111
287,111
290,111
296,111
0,112
201,112
203,112
204,112
292,112
298,112
0,113
203,113
287,113
287,113
293,113
298,113
0,114
203,114
287,114
287,114
293,114
298,114
0,115
203,115
287,115
287,115
292,115
298,115
0,116
203,116
292,116
298,116
0,117
202,117
291,117
298,117
0,118
202,118
291,118
298,118
0,119
202,119
291,119
298,119
0,120
202,120
293,120
298,120
0,121
202,121
293,121
298,121
0,122
202,122
293,122
298,122
0,123
202,123
294,123
298,123
0,124
202,124
294,124
298,124
0,125
202,125
294,125
298,125
0,126
202,126
289,126
289,126
293,126
298,126
0,127
203,127
289,127
289,127
292,127
298,127
0,128
205,128
290,128
290,128
292,128
301,128
0,129
206,129
290,129
290,129
293,129
301,129
0,130
206,130
290,130
290,130
293,130
301,130
0,131
207,131
290,131
291,131
293,131
301,131
0,132
208,132
290,132
291,132
293,132
301,132
0,133
208,133
210,133
210,133
290,133
291,133
293,133
301,133
0,134
209,134
291,134
291,134
295,134
301,134
0,135
211,135
291,135
291,135
294,135
301,135
0,136
212,136
291,136
291,136
294,136
301,136
0,137
213,137
218,137
219,137
291,137
296,137
0,138
210,138
212,138
215,138
218,138
220,138
291,138
291,138
294,138
296,138
0,139
219,139
291,139
292,139
294,139
296,139
0,140
217,140
291,140
292,140
294,140
296,140
0,141
216,141
291,141
292,141
294,141
299,141
0,142
216,142
291,142
292,142
294,142
294,142
299,142
299,142
0,143
218,143
292,143
292,143
294,143
294,143
300,143
300,143
0,144
218,144
291,144
292,144
294,144
294,144
298,144
300,144
304,144
304,144
0,145
217,145
219,145
221,145
291,145
292,145
294,145
294,145
298,145
300,145
304,145
304,145
0,146
222,146
292,146
292,146
294,146
294,146
298,146
300,146
304,146
304,146
0,147
222,147
292,147
292,147
294,147
294,147
297,147
300,147
302,147
311,147
0,148
223,148
292,148
292,148
294,148
294,148
297,148
311,148
0,149
223,149
292,149
292,149
295,149
295,149
297,149
312,149
0,150
225,150
292,150
292,150
296,150
315,150
0,151
226,151
292,151
293,151
297,151
317,151
0,152
227,152
292,152
292,152
295,152
317,152
0,153
228,153
292,153
293,153
297,153
316,153
0,154
229,154
292,154
293,154
295,154
316,154
320,154
320,154
0,155
230,155
292,155
293,155
295,155
316,155
320,155
320,155
0,156
230,156
292,156
293,156
295,156
316,156
319,156
320,156
0,157
231,157
293,157
316,157
320,157
320,157
0,158
231,158
293,158
317,158
319,158
321,158
0,159
232,159
293,159
321,159
0,160
231,160
293,160
295,160
297,160
322,160
0,161
231,161
293,161
293,161
295,161
325,161
0,162
231,162
293,162
293,162
295,162
327,162
0,163
231,163
293,163
293,163
295,163
327,163
0,164
231,164
293,164
293,164
295,164
327,164
0,165
231,165
293,165
329,165
0,166
231,166
293,166
329,166
0,167
228,167
230,167
230,167
294,167
329,167
0,168
230,168
294,168
334,168
0,169
227,169
230,169
230,169
294,169
334,169
0,170
227,170
229,170
229,170
294,170
334,170
0,171
229,171
294,171
334,171
0,172
223,172
226,172
228,172
294,172
334,172
0,173
223,173
225,173
227,173
295,173
334,173
0,174
225,174
295,174
334,174
0,175
223,175
295,175
334,175
0,176
222,176
295,176
339,176
0,177
221,177
295,177
339,177
343,177
343,177
0,178
220,178
295,178
339,178
343,178
343,178
0,179
220,179
296,179
343,179
0,180
217,180
219,180
220,180
296,180
343,180
0,181
220,181
296,181
343,181
0,182
220,182
296,182
343,182
0,183
220,183
296,183
343,183
0,184
220,184
296,184
345,184
0,185
219,185
297,185
345,185
0,186
219,186
297,186
345,186
0,187
220,187
297,187
297,187
299,187
345,187
0,188
220,188
297,188
297,188
299,188
345,188
0,189
217,189
219,189
219,189
297,189
345,189
0,190
216,190
218,190
219,190
298,190
345,190
0,191
216,191
218,191
218,191
298,191
345,191
0,192
215,192
217,192
218,192
298,192
344,192
0,193
217,193
298,193
344,193
0,194
217,194
298,194
345,194
0,195
216,195
298,195
298,195
300,195
345,195
0,196
216,196
298,196
298,196
300,196
345,196
0,197
215,197
299,197
345,197
349,197
349,197
0,198
215,198
299,198
356,198
0,199
215,199
299,199
356,199
0,200
215,200
299,200
359,200
0,201
215,201
299,201
360,201
0,202
215,202
299,202
300,202
302,202
360,202
0,203
214,203
299,203
300,203
302,203
360,203
0,204
214,204
300,204
360,204
0,205
214,205
300,205
364,205
0,206
213,206
300,206
364,206
0,207
213,207
300,207
363,207
0,208
212,208
300,208
364,208
0,209
212,209
300,209
368,209
0,210
209,210
211,210
211,210
300,210
368,210
0,211
211,211
301,211
368,211
0,212
211,212
301,212
301,212
303,212
365,212
368,212
369,212
0,213
211,213
301,213
301,213
303,213
370,213
0,214
208,214
210,214
210,214
301,214
301,214
303,214
372,214
375,214
375,214
379,214
379,214
0,215
210,215
301,215
301,215
303,215
372,215
375,215
375,215
379,215
379,215
0,216
210,216
301,216
372,216
375,216
375,216
379,216
379,216
0,217
210,217
301,217
375,217
377,217
377,217
0,218
210,218
301,218
383,218
0,219
210,219
301,219
383,219
0,220
210,220
301,220
376,220
380,220
380,220
0,221
210,221
301,221
376,221
380,221
380,221
0,222
210,222
301,222
376,222
380,222
380,222
0,223
210,223
301,223
377,223
380,223
381,223
383,223
384,223
0,224
210,224
301,224
385,224
0,225
210,225
301,225
388,225
0,226
210,226
301,226
389,226
0,227
210,227
301,227
391,227
0,228
211,228
302,228
302,228
304,228
395,228
0,229
211,229
302,229
395,229
0,230
211,230
301,230
395,230
0,231
211,231
301,231
394,231
396,231
398,231
0,232
211,232
301,232
400,232
0,233
212,233
301,233
401,233
0,234
212,234
301,234
401,234
0,235
212,235
301,235
401,235
0,236
212,236
302,236
394,236
396,236
401,236
0,237
213,237
302,237
401,237
0,238
213,238
302,238
401,238
0,239
213,239
302,239
400,239
0,240
213,240
302,240
401,240
404,240
404,240
0,241
214,241
302,241
415,241
0,242
214,242
302,242
415,242
0,243
214,243
302,243
415,243
0,244
214,244
303,244
419,244
0,245
215,245
303,245
418,245
0,246
215,246
303,246
418,246
0,247
215,247
303,247
419,247
0,248
215,248
303,248
418,248
0,249
215,249
303,249
419,249
0,250
216,250
303,250
420,250
0,251
216,251
303,251
431,251
434,251
434,251
0,252
216,252
303,252
431,252
434,252
435,252
0,253
216,253
303,253
442,253
0,254
216,254
303,254
441,254
0,255
216,255
304,255
442,255
0,256
216,256
304,256
441,256
0,257
216,257
304,257
442,257
0,258
216,258
304,258
443,258
0,259
217,259
304,259
447,259
0,260
217,260
304,260
448,260
0,261
217,261
304,261
449,261
0,262
217,262
304,262
467,262
0,263
217,263
304,263
466,263
0,264
217,264
304,264
467,264
0,265
217,265
304,265
468,265
0,266
217,266
304,266
470,266
0,267
217,267
304,267
471,267
0,268
217,268
304,268
472,268
0,269
217,269
304,269
473,269
0,270
217,270
304,270
479,270
0,271
217,271
304,271
479,271
0,272
217,272
304,272
479,272
0,273
217,273
305,273
479,273
0,274
218,274
305,274
479,274
0,275
218,275
305,275
479,275
0,276
218,276
305,276
479,276
0,277
218,277
305,277
479,277
0,278
218,278
305,278
479,278
0,279
218,279
305,279
479,279
0,280
218,280
305,280
479,280
0,281
218,281
305,281
479,281
0,282
218,282
305,282
479,282
0,283
218,283
305,283
479,283
0,284
217,284
305,284
479,284
0,285
217,285
305,285
479,285
0,286
217,286
305,286
479,286
0,287
217,287
305,287
479,287
0,288
217,288
305,288
479,288
0,289
217,289
305,289
479,289
0,290
217,290
305,290
479,290
0,291
217,291
305,291
479,291
0,292
216,292
305,292
479,292
0,293
216,293
305,293
479,293
0,294
216,294
305,294
479,294
0,295
216,295
305,295
479,295
0,296
215,296
304,296
479,296
0,297
215,297
304,297
479,297
0,298
215,298
304,298
479,298
0,299
214,299
304,299
479,299
0,300
214,300
304,300
479,300
0,301
214,301
304,301
479,301
0,302
214,302
304,302
479,302
0,303
213,303
304,303
479,303
0,304
213,304
304,304
479,304
0,305
213,305
304,305
479,305
0,306
213,306
304,306
479,306
0,307
212,307
304,307
479,307
0,308
212,308
304,308
479,308
0,309
212,309
304,309
479,309
0,310
212,310
304,310
479,310
0,311
211,311
304,311
479,311
0,312
211,312
304,312
479,312
0,313
211,313
304,313
479,313
0,314
210,314
304,314
479,314
0,315
209,315
304,315
479,315
0,316
209,316
304,316
479,316
0,317
208,317
304,317
479,317
0,318
208,318
304,318
479,318
0,319
207,319
304,319
479,319
0,320
206,320
304,320
479,320
0,321
206,321
304,321
479,321
0,322
205,322
304,322
479,322
0,323
205,323
304,323
479,323
0,324
204,324
304,324
479,324
0,325
203,325
304,325
479,325
0,326
203,326
304,326
479,326
0,327
202,327
304,327
479,327
0,328
202,328
304,328
479,328
0,329
201,329
303,329
479,329
0,330
201,330
303,330
479,330
0,331
201,331
303,331
479,331
0,332
202,332
303,332
479,332
0,333
202,333
204,333
205,333
303,333
479,333
0,334
200,334
205,334
206,334
303,334
479,334
0,335
200,335
303,335
479,335
0,336
201,336
204,336
204,336
303,336
479,336
0,337
204,337
303,337
479,337
0,338
204,338
303,338
479,338
0,339
203,339
303,339
479,339
0,340
203,340
303,340
479,340
0,341
203,341
303,341
479,341
0,342
203,342
303,342
479,342
0,343
204,343
303,343
479,343
0,344
206,344
303,344
479,344
0,345
210,345
303,345
479,345
0,346
211,346
303,346
479,346
0,347
213,347
303,347
479,347
0,348
212,348
303,348
479,348
0,349
212,349
303,349
479,349
0,350
212,350
303,350
479,350
0,351
212,351
303,351
479,351
0,352
212,352
303,352
479,352
0,353
212,353
303,353
479,353
0,354
212,354
303,354
479,354
0,355
212,355
303,355
479,355
0,356
212,356
303,356
479,356
0,357
212,357
303,357
479,357
0,358
212,358
303,358
479,358
0,359
212,359
303,359
479,359
