0,0
273,0
0,1
273,1
0,2
273,2
0,3
273,3
0,4
273,4
0,5
273,5
0,6
273,6
0,7
273,7
0,8
273,8
0,9
273,9
0,10
273,10
0,11
273,11
0,12
273,12
0,13
273,13
0,14
273,14
0,15
273,15
0,16
275,16
0,17
275,17
0,18
275,18
0,19
275,19
0,20
275,20
0,21
275,21
0,22
275,22
0,23
275,23
0,24
275,24
0,25
275,25
0,26
275,26
0,27
275,27
0,28
275,28
0,29
275,29
0,30
275,30
0,31
275,31
0,32
278,32
0,33
278,33
0,34
278,34
0,35
278,35
0,36
278,36
0,37
278,37
0,38
278,38
0,39
278,39
0,40
278,40
0,41
278,41
0,42
278,42
0,43
278,43
0,44
278,44
0,45
278,45
0,46
278,46
0,47
278,47
0,48
280,48
0,49
280,49
0,50
280,50
0,51
280,51
0,52
280,52
0,53
280,53
0,54
280,54
0,55
280,55
0,56
280,56
0,57
280,57
0,58
280,58
0,59
280,59
0,60
280,60
0,61
280,61
0,62
280,62
0,63
280,63
0,64
284,64
0,65
284,65
0,66
284,66
0,67
284,67
0,68
284,68
0,69
284,69
0,70
284,70
0,71
284,71
0,72
284,72
0,73
284,73
0,74
284,74
0,75
242,75
244,75
246,75
256,75
284,75
0,76
243,76
245,76
249,76
254,76
258,76
261,76
284,76
0,77
244,77
246,77
257,77
263,77
285,77
287,77
287,77
289,77
289,77
0,78
242,78
258,78
263,78
266,78
287,78
289,78
289,78
0,79
237,79
261,79
262,79
267,79
287,79
0,80
233,80
264,80
264,80
271,80
289,80
0,81
231,81
266,81
266,81
271,81
289,81
0,82
229,82
267,82
267,82
272,82
289,82
0,83
226,83
268,83
269,83
274,83
289,83
0,84
225,84
270,84
271,84
273,84
289,84
0,85
223,85
271,85
272,85
275,85
289,85
0,86
221,86
277,86
282,86
286,86
289,86
0,87
220,87
275,87
275,87
278,87
282,87
286,87
289,87
0,88
218,88
276,88
276,88
278,88
281,88
288,88
288,88
0,89
217,89
276,89
277,89
279,89
281,89
0,90
216,90
277,90
277,90
280,90
281,90
0,91
214,91
279,91
279,91
281,91
283,91
287,91
287,91
0,92
213,92
280,92
281,92
283,92
283,92
287,92
287,92
0,93
212,93
0,94
208,94
211,94
211,94
0,95
210,95
281,95
281,95
0,96
210,96
281,96
281,96
289,96
289,96
0,97
209,97
290,97
291,97
293,97
295,97
0,98
208,98
282,98
283,98
290,98
296,98
0,99
208,99
283,99
285,99
288,99
296,99
0,100
207,100
284,100
284,100
286,100
296,100
0,101
207,101
286,101
298,101
0,102
206,102
288,102
298,102
0,103
206,103
285,103
285,103
289,103
298,103
0,104
206,104
290,104
300,104
0,105
205,105
286,105
286,105
290,105
300,105
0,106
205,106
286,106
286,106
290,106
300,106
0,107
205,107
286,107
286,107
288,107
300,107
0,108
202,108
204,108
204,108
288,108
300,108
0,109
204,109
288,109
300,109
0,110
204,110
288,110
290,110
292,110
300,110
0,111
201,111
203,111
204,111
288,111
289,111
293,111
300,111
0,112
203,112
288,112
289,112
294,112
300,112
0,113
203,113
289,113
289,113
293,113
300,113
0,114
203,114
289,114
290,114
292,114
300,114
0,115
203,115
290,115
300,115
0,116
202,116
291,116
300,116
0,117
202,117
291,117
291,117
293,117
300,117
0,118
202,118
293,118
300,118
0,119
202,119
293,119
300,119
0,120
202,120
291,120
291,120
295,120
300,120
0,121
202,121
291,121
291,121
295,121
300,121
0,122
202,122
295,122
300,122
0,123
202,123
295,123
300,123
0,124
202,124
295,124
300,124
0,125
202,125
291,125
291,125
293,125
300,125
0,126
203,126
205,126
205,126
291,126
303,126
0,127
206,127
291,127
303,127
0,128
206,128
291,128
303,128
0,129
207,129
292,129
303,129
0,130
207,130
292,130
303,130
0,131
208,131
292,131
303,131
0,132
208,132
210,132
210,132
292,132
292,132
294,132
303,132
0,133
209,133
292,133
292,133
294,133
303,133
0,134
211,134
292,134
292,134
294,134
294,134
296,134
303,134
0,135
212,135
219,135
219,135
292,135
293,135
296,135
303,135
0,136
214,136
218,136
218,136
292,136
293,136
295,136
303,136
0,137
216,137
218,137
220,137
293,137
298,137
300,137
300,137
0,138
219,138
293,138
293,138
295,138
298,138
0,139
218,139
293,139
298,139
0,140
217,140
293,140
293,140
295,140
298,140
300,140
300,140
0,141
216,141
293,141
301,141
0,142
217,142
293,142
296,142
301,142
301,142
0,143
218,143
293,143
296,143
301,143
302,143
0,144
221,144
293,144
293,144
295,144
295,144
299,144
302,144
304,144
314,144
0,145
222,145
293,145
293,145
299,145
302,145
304,145
314,145
0,146
222,146
293,146
293,146
299,146
302,146
304,146
314,146
0,147
223,147
293,147
293,147
295,147
296,147
299,147
302,147
304,147
317,147
322,147
322,147
0,148
223,148
293,148
296,148
299,148
319,148
322,148
322,148
0,149
224,149
293,149
294,149
296,149
296,149
299,149
319,149
322,149
322,149
0,150
225,150
294,150
294,150
296,150
319,150
322,150
322,150
0,151
226,151
294,151
294,151
298,151
319,151
321,151
322,151
0,152
228,152
294,152
294,152
296,152
319,152
321,152
322,152
0,153
229,153
294,153
294,153
298,153
319,153
321,153
322,153
0,154
229,154
294,154
294,154
296,154
319,154
321,154
322,154
0,155
230,155
294,155
294,155
296,155
319,155
321,155
322,155
0,156
231,156
294,156
294,156
296,156
323,156
325,156
325,156
0,157
231,157
294,157
325,157
0,158
232,158
295,158
327,158
0,159
232,159
296,159
327,159
0,160
232,160
294,160
328,160
0,161
232,161
295,161
331,161
0,162
231,162
295,162
333,162
0,163
231,163
295,163
333,163
0,164
231,164
295,164
333,164
0,165
231,165
295,165
335,165
0,166
231,166
295,166
335,166
0,167
231,167
295,167
335,167
0,168
231,168
296,168
340,168
0,169
230,169
296,169
340,169
0,170
230,170
296,170
340,170
0,171
229,171
296,171
340,171
0,172
223,172
226,172
228,172
296,172
340,172
0,173
223,173
225,173
227,173
296,173
340,173
0,174
226,174
296,174
340,174
0,175
224,175
296,175
340,175
0,176
223,176
296,176
345,176
0,177
221,177
297,177
345,177
348,177
349,177
0,178
220,178
297,178
345,178
348,178
349,178
0,179
220,179
297,179
349,179
0,180
217,180
219,180
220,180
297,180
349,180
0,181
217,181
219,181
220,181
297,181
349,181
0,182
220,182
297,182
349,182
0,183
220,183
298,183
349,183
0,184
220,184
298,184
351,184
0,185
220,185
298,185
351,185
0,186
219,186
298,186
298,186
300,186
351,186
0,187
219,187
298,187
298,187
300,187
351,187
0,188
220,188
298,188
298,188
300,188
351,188
0,189
217,189
219,189
220,189
298,189
351,189
0,190
219,190
299,190
351,190
0,191
216,191
218,191
219,191
299,191
351,191
0,192
215,192
217,192
218,192
299,192
350,192
0,193
215,193
217,193
218,193
299,193
350,193
0,194
217,194
299,194
351,194
0,195
217,195
299,195
351,195
0,196
216,196
299,196
351,196
0,197
215,197
300,197
351,197
354,197
355,197
0,198
215,198
300,198
361,198
0,199
215,199
300,199
361,199
0,200
215,200
300,200
364,200
0,201
215,201
300,201
365,201
0,202
215,202
300,202
301,202
303,202
365,202
0,203
215,203
301,203
301,203
303,203
365,203
0,204
214,204
301,204
365,204
0,205
214,205
301,205
369,205
0,206
213,206
301,206
369,206
0,207
212,207
301,207
369,207
0,208
212,208
301,208
367,208
0,209
212,209
302,209
370,209
372,209
373,209
0,210
211,210
302,210
370,210
372,210
373,210
0,211
211,211
302,211
373,211
0,212
211,212
302,212
374,212
0,213
211,213
302,213
375,213
377,213
377,213
0,214
210,214
302,214
377,214
380,214
380,214
384,214
384,214
0,215
210,215
302,215
377,215
380,215
380,215
384,215
384,215
0,216
210,216
302,216
377,216
380,216
380,216
384,216
384,216
0,217
210,217
302,217
380,217
382,217
382,217
384,217
384,217
386,217
386,217
388,217
388,217
0,218
210,218
302,218
388,218
0,219
210,219
302,219
388,219
0,220
210,220
303,220
381,220
384,220
385,220
0,221
210,221
303,221
381,221
384,221
385,221
0,222
210,222
303,222
381,222
384,222
385,222
0,223
210,223
303,223
382,223
384,223
386,223
388,223
388,223
390,223
390,223
0,224
210,224
303,224
391,224
0,225
210,225
303,225
394,225
0,226
210,226
303,226
395,226
0,227
210,227
303,227
397,227
0,228
210,228
303,228
401,228
0,229
210,229
303,229
401,229
0,230
210,230
303,230
401,230
0,231
210,231
303,231
400,231
402,231
404,231
0,232
210,232
303,232
406,232
0,233
211,233
303,233
407,233
0,234
211,234
303,234
407,234
0,235
211,235
303,235
407,235
0,236
212,236
303,236
400,236
402,236
407,236
0,237
212,237
303,237
407,237
0,238
212,238
303,238
407,238
0,239
213,239
303,239
407,239
0,240
213,240
303,240
421,240
0,241
213,241
303,241
421,241
0,242
213,242
303,242
421,242
0,243
214,243
304,243
421,243
0,244
214,244
304,244
421,244
0,245
214,245
304,245
421,245
0,246
214,246
304,246
422,246
0,247
214,247
304,247
433,247
436,247
436,247
0,248
215,248
304,248
433,248
436,248
437,248
0,249
215,249
304,249
444,249
0,250
215,250
304,250
444,250
0,251
215,251
304,251
444,251
0,252
216,252
304,252
444,252
0,253
216,253
304,253
444,253
0,254
216,254
305,254
445,254
0,255
216,255
305,255
450,255
0,256
216,256
305,256
450,256
0,257
216,257
305,257
451,257
0,258
216,258
305,258
469,258
0,259
216,259
305,259
469,259
0,260
216,260
305,260
469,260
0,261
216,261
305,261
470,261
0,262
216,262
306,262
472,262
0,263
216,263
306,263
474,263
0,264
216,264
306,264
474,264
0,265
216,265
306,265
475,265
0,266
217,266
306,266
478,266
0,267
217,267
306,267
479,267
0,268
217,268
306,268
479,268
0,269
217,269
306,269
479,269
0,270
217,270
306,270
479,270
0,271
217,271
306,271
479,271
0,272
217,272
306,272
479,272
0,273
217,273
306,273
479,273
0,274
217,274
306,274
479,274
0,275
217,275
306,275
479,275
0,276
217,276
306,276
479,276
0,277
217,277
306,277
479,277
0,278
217,278
306,278
479,278
0,279
217,279
306,279
479,279
0,280
217,280
306,280
479,280
0,281
217,281
306,281
479,281
0,282
217,282
307,282
479,282
0,283
217,283
307,283
479,283
0,284
217,284
307,284
479,284
0,285
217,285
307,285
479,285
0,286
217,286
307,286
479,286
0,287
217,287
307,287
479,287
0,288
217,288
307,288
479,288
0,289
217,289
307,289
479,289
0,290
217,290
307,290
479,290
0,291
217,291
307,291
479,291
0,292
217,292
307,292
479,292
0,293
216,293
306,293
479,293
0,294
216,294
306,294
479,294
0,295
216,295
306,295
479,295
0,296
216,296
306,296
479,296
0,297
215,297
306,297
479,297
0,298
215,298
306,298
479,298
0,299
215,299
306,299
479,299
0,300
215,300
306,300
479,300
0,301
214,301
306,301
479,301
0,302
214,302
306,302
479,302
0,303
214,303
306,303
479,303
0,304
214,304
306,304
479,304
0,305
213,305
306,305
479,305
0,306
213,306
306,306
479,306
0,307
213,307
307,307
479,307
0,308
212,308
307,308
479,308
0,309
212,309
307,309
479,309
0,310
212,310
307,310
479,310
0,311
212,311
307,311
479,311
0,312
211,312
307,312
479,312
0,313
211,313
307,313
479,313
0,314
211,314
306,314
479,314
0,315
211,315
305,315
479,315
0,316
210,316
305,316
479,316
0,317
210,317
305,317
479,317
0,318
210,318
305,318
479,318
0,319
209,319
305,319
479,319
0,320
208,320
305,320
479,320
0,321
208,321
305,321
479,321
0,322
207,322
305,322
479,322
0,323
206,323
305,323
479,323
0,324
206,324
305,324
479,324
0,325
205,325
305,325
479,325
0,326
205,326
305,326
479,326
0,327
204,327
305,327
479,327
0,328
204,328
305,328
479,328
0,329
203,329
305,329
479,329
0,330
202,330
305,330
479,330
0,331
202,331
304,331
479,331
0,332
201,332
304,332
479,332
0,333
201,333
304,333
479,333
0,334
200,334
304,334
479,334
0,335
200,335
304,335
479,335
0,336
201,336
304,336
479,336
0,337
200,337
304,337
479,337
0,338
201,338
204,338
205,338
304,338
479,338
0,339
199,339
304,339
479,339
0,340
199,340
304,340
479,340
0,341
201,341
304,341
479,341
0,342
203,342
304,342
479,342
0,343
203,343
304,343
479,343
0,344
202,344
304,344
479,344
0,345
202,345
304,345
479,345
0,346
202,346
304,346
479,346
0,347
202,347
304,347
479,347
0,348
203,348
304,348
479,348
0,349
205,349
304,349
479,349
0,350
209,350
304,350
479,350
0,351
210,351
304,351
479,351
0,352
212,352
304,352
479,352
0,353
212,353
304,353
479,353
0,354
212,354
304,354
479,354
0,355
212,355
304,355
479,355
0,356
212,356
304,356
479,356
0,357
212,357
304,357
479,357
0,358
212,358
304,358
479,358
0,359
212,359
304,359
479,359
