0,0
288,0
0,1
288,1
0,2
288,2
0,3
288,3
0,4
288,4
0,5
288,5
0,6
288,6
0,7
288,7
0,8
288,8
0,9
288,9
0,10
288,10
0,11
288,11
0,12
288,12
0,13
288,13
0,14
288,14
0,15
288,15
0,16
290,16
0,17
290,17
0,18
290,18
0,19
290,19
0,20
290,20
0,21
290,21
0,22
290,22
0,23
290,23
0,24
290,24
0,25
290,25
0,26
290,26
0,27
290,27
0,28
290,28
0,29
290,29
0,30
290,30
0,31
290,31
0,32
292,32
0,33
292,33
0,34
292,34
0,35
292,35
0,36
292,36
0,37
292,37
0,38
292,38
0,39
292,39
0,40
292,40
0,41
292,41
0,42
292,42
0,43
292,43
0,44
292,44
0,45
292,45
0,46
292,46
0,47
292,47
0,48
297,48
0,49
297,49
0,50
297,50
0,51
297,51
0,52
297,52
0,53
297,53
0,54
297,54
0,55
297,55
0,56
297,56
0,57
297,57
0,58
297,58
0,59
297,59
0,60
297,60
0,61
297,61
0,62
297,62
0,63
297,63
0,64
301,64
0,65
301,65
0,66
301,66
0,67
301,67
0,68
251,68
253,68
253,68
263,68
301,68
0,69
248,69
251,69
251,69
263,69
264,69
268,69
301,69
0,70
264,70
270,70
301,70
0,71
246,71
265,71
268,71
272,71
301,71
0,72
242,72
268,72
270,72
272,72
272,72
275,72
301,72
0,73
239,73
271,73
271,73
276,73
301,73
0,74
236,74
273,74
273,74
280,74
301,74
0,75
233,75
275,75
275,75
280,75
301,75
0,76
231,76
276,76
276,76
281,76
301,76
0,77
229,77
277,77
278,77
283,77
303,77
0,78
226,78
279,78
280,78
282,78
304,78
0,79
224,79
280,79
281,79
284,79
304,79
0,80
223,80
285,80
306,80
0,81
221,81
286,81
307,81
0,82
220,82
284,82
285,82
287,82
307,82
0,83
216,83
218,83
219,83
285,83
285,83
289,83
307,83
0,84
217,84
286,84
286,84
290,84
307,84
0,85
216,85
287,85
287,85
290,85
307,85
0,86
215,86
288,86
288,86
290,86
307,86
0,87
212,87
214,87
214,87
288,87
307,87
0,88
213,88
289,88
307,88
0,89
213,89
291,89
301,89
303,89
306,89
0,90
212,90
292,90
300,90
304,90
304,90
0,91
211,91
291,91
303,91
0,92
211,92
291,92
303,92
0,93
210,93
292,93
296,93
299,93
303,93
0,94
210,94
292,94
292,94
300,94
303,94
0,95
209,95
293,95
293,95
299,95
307,95
0,96
209,96
293,96
293,96
297,96
297,96
300,96
309,96
311,96
311,96
0,97
208,97
294,97
294,97
297,97
297,97
301,97
309,97
311,97
313,97
0,98
208,98
300,98
309,98
311,98
314,98
0,99
208,99
301,99
309,99
311,99
314,99
0,100
207,100
295,100
295,100
301,100
309,100
311,100
314,100
0,101
207,101
295,101
295,101
301,101
309,101
311,101
316,101
0,102
206,102
295,102
295,102
302,102
309,102
311,102
316,102
0,103
206,103
302,103
309,103
311,103
316,103
0,104
205,104
296,104
297,104
302,104
309,104
311,104
318,104
0,105
203,105
205,105
205,105
297,105
297,105
302,105
309,105
311,105
318,105
0,106
205,106
297,106
297,106
300,106
309,106
311,106
318,106
0,107
202,107
204,107
205,107
297,107
297,107
300,107
309,107
311,107
318,107
0,108
202,108
204,108
204,108
300,108
309,108
311,108
318,108
0,109
204,109
300,109
309,109
311,109
318,109
0,110
204,110
301,110
309,110
311,110
318,110
0,111
204,111
299,111
299,111
301,111
318,111
0,112
203,112
299,112
323,112
0,113
203,113
299,113
299,113
301,113
323,113
0,114
203,114
299,114
299,114
301,114
323,114
0,115
204,115
299,115
299,115
301,115
323,115
0,116
204,116
299,116
299,116
301,116
323,116
0,117
204,117
299,117
300,117
302,117
323,117
0,118
204,118
207,118
207,118
299,118
300,118
302,118
323,118
0,119
204,119
207,119
207,119
300,119
300,119
302,119
323,119
0,120
205,120
207,120
207,120
300,120
300,120
302,120
323,120
0,121
207,121
300,121
300,121
303,121
323,121
0,122
208,122
300,122
300,122
303,122
323,122
0,123
208,123
300,123
300,123
303,123
323,123
0,124
208,124
300,124
300,124
303,124
323,124
0,125
209,125
300,125
301,125
303,125
323,125
0,126
209,126
300,126
301,126
303,126
323,126
0,127
210,127
212,127
212,127
300,127
301,127
303,127
323,127
0,128
211,128
300,128
324,128
0,129
213,129
300,129
326,129
329,129
329,129
0,130
213,130
300,130
326,130
329,130
329,130
0,131
215,131
221,131
221,131
300,131
326,131
329,131
329,131
0,132
216,132
221,132
221,132
301,132
326,132
329,132
329,132
0,133
218,133
220,133
221,133
301,133
331,133
0,134
220,134
301,134
331,134
0,135
219,135
301,135
331,135
0,136
218,136
301,136
331,136
0,137
217,137
301,137
331,137
0,138
218,138
301,138
302,138
304,138
331,138
0,139
219,139
301,139
302,139
304,139
331,139
340,139
340,139
0,140
220,140
301,140
301,140
303,140
334,140
340,140
340,140
0,141
222,141
301,141
334,141
340,141
340,141
0,142
221,142
223,142
223,142
301,142
302,142
304,142
336,142
340,142
340,142
0,143
223,143
302,143
302,143
304,143
336,143
340,143
340,143
0,144
224,144
302,144
303,144
305,144
336,144
340,144
340,144
0,145
224,145
302,145
337,145
340,145
340,145
0,146
225,146
302,146
302,146
304,146
340,146
0,147
226,147
302,147
302,147
304,147
340,147
0,148
226,148
302,148
302,148
304,148
341,148
343,148
343,148
0,149
227,149
302,149
302,149
304,149
343,149
0,150
228,150
302,150
345,150
0,151
229,151
302,151
345,151
0,152
230,152
302,152
346,152
0,153
231,153
302,153
350,153
0,154
231,154
302,154
351,154
0,155
232,155
302,155
351,155
0,156
233,156
302,156
353,156
0,157
234,157
302,157
353,157
0,158
234,158
302,158
357,158
0,159
233,159
302,159
357,159
0,160
233,160
302,160
358,160
0,161
233,161
302,161
358,161
0,162
233,162
302,162
358,162
0,163
233,163
302,163
358,163
0,164
233,164
302,164
355,164
0,165
233,165
302,165
355,165
0,166
233,166
302,166
358,166
0,167
230,167
232,167
233,167
302,167
362,167
0,168
230,168
232,168
232,168
302,168
362,168
0,169
230,169
232,169
232,169
302,169
355,169
360,169
362,169
0,170
229,170
232,170
232,170
302,170
355,170
360,170
362,170
0,171
231,171
302,171
354,171
356,171
362,171
368,171
368,171
0,172
227,172
230,172
230,172
302,172
354,172
356,172
362,172
368,172
368,172
0,173
225,173
228,173
229,173
302,173
362,173
368,173
368,173
0,174
228,174
303,174
362,174
368,174
368,174
0,175
226,175
303,175
362,175
368,175
368,175
0,176
226,176
302,176
369,176
0,177
224,177
303,177
369,177
0,178
223,178
303,178
370,178
0,179
221,179
303,179
370,179
0,180
220,180
303,180
370,180
0,181
220,181
303,181
370,181
0,182
217,182
219,182
219,182
303,182
370,182
0,183
217,183
219,183
219,183
304,183
370,183
0,184
219,184
304,184
370,184
0,185
220,185
304,185
370,185
0,186
220,186
304,186
369,186
0,187
220,187
304,187
370,187
0,188
220,188
304,188
370,188
0,189
219,189
304,189
370,189
0,190
220,190
304,190
370,190
0,191
220,191
304,191
370,191
0,192
220,192
305,192
374,192
0,193
219,193
305,193
380,193
0,194
216,194
218,194
219,194
305,194
380,194
0,195
215,195
217,195
218,195
305,195
385,195
0,196
215,196
217,196
217,196
305,196
385,196
0,197
214,197
216,197
217,197
305,197
385,197
0,198
216,198
305,198
385,198
0,199
216,199
306,199
388,199
0,200
215,200
306,200
386,200
0,201
214,201
306,201
386,201
0,202
214,202
306,202
388,202
0,203
214,203
306,203
388,203
0,204
214,204
306,204
389,204
0,205
214,205
306,205
389,205
0,206
214,206
307,206
391,206
0,207
214,207
307,207
394,207
0,208
213,208
307,208
394,208
0,209
213,209
307,209
395,209
0,210
212,210
307,210
396,210
0,211
212,211
307,211
399,211
407,211
407,211
0,212
211,212
307,212
401,212
403,212
403,212
407,212
407,212
0,213
211,213
307,213
405,213
0,214
210,214
307,214
401,214
406,214
406,214
0,215
210,215
308,215
401,215
0,216
210,216
308,216
401,216
0,217
210,217
308,217
402,217
405,217
408,217
411,217
411,217
0,218
209,218
308,218
423,218
0,219
209,219
308,219
423,219
0,220
209,220
308,220
423,220
0,221
209,221
308,221
423,221
0,222
208,222
308,222
423,222
0,223
208,223
308,223
423,223
0,224
208,224
308,224
426,224
0,225
208,225
308,225
429,225
0,226
207,226
308,226
429,226
0,227
207,227
309,227
430,227
0,228
207,228
309,228
431,228
0,229
207,229
309,229
431,229
0,230
207,230
309,230
431,230
0,231
207,231
309,231
431,231
0,232
208,232
309,232
431,232
0,233
208,233
309,233
431,233
441,233
442,233
0,234
208,234
309,234
442,234
0,235
208,235
309,235
442,235
0,236
208,236
309,236
446,236
0,237
208,237
309,237
446,237
448,237
448,237
0,238
208,238
309,238
446,238
448,238
448,238
455,238
455,238
0,239
209,239
309,239
445,239
448,239
448,239
455,239
455,239
0,240
209,240
309,240
456,240
0,241
209,241
309,241
455,241
0,242
209,242
309,242
455,242
0,243
209,243
309,243
456,243
0,244
210,244
309,244
461,244
0,245
210,245
309,245
461,245
0,246
210,246
308,246
462,246
0,247
211,247
309,247
479,247
0,248
211,248
309,248
479,248
0,249
211,249
309,249
479,249
0,250
211,250
309,250
479,250
0,251
212,251
309,251
479,251
0,252
212,252
309,252
479,252
0,253
212,253
309,253
479,253
0,254
212,254
309,254
479,254
0,255
213,255
309,255
479,255
0,256
213,256
310,256
479,256
0,257
213,257
310,257
479,257
0,258
213,258
310,258
479,258
0,259
213,259
310,259
479,259
0,260
214,260
310,260
479,260
0,261
214,261
310,261
479,261
0,262
214,262
310,262
479,262
0,263
214,263
310,263
479,263
0,264
214,264
310,264
479,264
0,265
214,265
310,265
479,265
0,266
214,266
311,266
479,266
0,267
215,267
311,267
479,267
0,268
215,268
311,268
479,268
0,269
215,269
311,269
479,269
0,270
215,270
311,270
479,270
0,271
215,271
311,271
479,271
0,272
215,272
311,272
479,272
0,273
215,273
311,273
479,273
0,274
215,274
311,274
479,274
0,275
215,275
311,275
479,275
0,276
215,276
311,276
479,276
0,277
215,277
311,277
479,277
0,278
215,278
311,278
479,278
0,279
215,279
311,279
479,279
0,280
215,280
311,280
479,280
0,281
215,281
311,281
479,281
0,282
216,282
312,282
479,282
0,283
216,283
312,283
479,283
0,284
216,284
312,284
479,284
0,285
216,285
312,285
479,285
0,286
216,286
312,286
479,286
0,287
216,287
312,287
479,287
0,288
216,288
312,288
479,288
0,289
216,289
312,289
479,289
0,290
216,290
312,290
479,290
0,291
216,291
312,291
479,291
0,292
216,292
312,292
479,292
0,293
216,293
312,293
479,293
0,294
215,294
312,294
479,294
0,295
215,295
312,295
479,295
0,296
215,296
312,296
479,296
0,297
215,297
312,297
479,297
0,298
215,298
312,298
479,298
0,299
214,299
312,299
479,299
0,300
214,300
312,300
479,300
0,301
214,301
312,301
479,301
0,302
214,302
312,302
479,302
0,303
214,303
312,303
479,303
0,304
214,304
312,304
479,304
0,305
214,305
312,305
479,305
0,306
214,306
312,306
479,306
0,307
213,307
312,307
479,307
0,308
213,308
312,308
479,308
0,309
213,309
312,309
479,309
0,310
213,310
312,310
479,310
0,311
213,311
312,311
479,311
0,312
213,312
312,312
479,312
0,313
213,313
312,313
479,313
0,314
212,314
312,314
479,314
0,315
212,315
312,315
479,315
0,316
212,316
312,316
479,316
0,317
212,317
312,317
479,317
0,318
212,318
312,318
479,318
0,319
212,319
312,319
479,319
0,320
211,320
312,320
479,320
0,321
211,321
312,321
479,321
0,322
211,322
312,322
479,322
0,323
211,323
312,323
312,323
314,323
479,323
0,324
210,324
312,324
312,324
314,324
479,324
0,325
210,325
312,325
312,325
314,325
479,325
0,326
210,326
312,326
479,326
0,327
209,327
311,327
479,327
0,328
209,328
311,328
479,328
0,329
209,329
311,329
479,329
0,330
209,330
311,330
479,330
0,331
208,331
311,331
479,331
0,332
208,332
311,332
479,332
0,333
207,333
311,333
479,333
0,334
207,334
311,334
479,334
0,335
206,335
312,335
479,335
0,336
206,336
311,336
479,336
0,337
205,337
311,337
479,337
0,338
204,338
311,338
479,338
0,339
204,339
311,339
479,339
0,340
203,340
311,340
479,340
0,341
203,341
311,341
479,341
0,342
202,342
311,342
479,342
0,343
202,343
311,343
479,343
0,344
201,344
311,344
479,344
0,345
200,345
310,345
479,345
0,346
200,346
310,346
479,346
0,347
200,347
310,347
479,347
0,348
199,348
310,348
479,348
0,349
198,349
310,349
479,349
0,350
198,350
310,350
479,350
0,351
197,351
310,351
479,351
0,352
197,352
310,352
479,352
0,353
196,353
310,353
479,353
0,354
196,354
310,354
479,354
0,355
195,355
310,355
479,355
0,356
195,356
310,356
479,356
0,357
195,357
310,357
479,357
0,358
194,358
310,358
479,358
0,359
193,359
310,359
479,359
