0,0
403,0
0,1
403,1
0,2
403,2
0,3
403,3
0,4
403,4
0,5
403,5
0,6
403,6
0,7
403,7
0,8
403,8
0,9
403,9
0,10
403,10
0,11
403,11
0,12
403,12
0,13
403,13
0,14
403,14
0,15
403,15
0,16
410,16
0,17
410,17
0,18
410,18
0,19
410,19
0,20
410,20
0,21
410,21
0,22
410,22
0,23
410,23
0,24
410,24
0,25
410,25
0,26
410,26
0,27
410,27
0,28
410,28
0,29
410,29
0,30
410,30
0,31
410,31
0,32
414,32
0,33
414,33
0,34
414,34
0,35
414,35
0,36
414,36
0,37
414,37
0,38
414,38
0,39
414,39
0,40
414,40
0,41
414,41
0,42
414,42
0,43
414,43
0,44
414,44
0,45
414,45
0,46
414,46
0,47
262,47
280,47
414,47
0,48
254,48
286,48
422,48
0,49
250,49
290,49
422,49
0,50
246,50
294,50
422,50
0,51
243,51
295,51
422,51
0,52
239,52
296,52
422,52
0,53
233,53
236,53
237,53
298,53
422,53
0,54
234,54
300,54
422,54
0,55
232,55
302,55
422,55
0,56
230,56
303,56
422,56
432,56
433,56
0,57
228,57
305,57
422,57
432,57
433,57
0,58
226,58
306,58
422,58
432,58
433,58
0,59
224,59
307,59
308,59
310,59
422,59
432,59
433,59
0,60
222,60
308,60
422,60
432,60
433,60
0,61
221,61
309,61
422,61
432,61
433,61
0,62
219,62
309,62
426,62
432,62
433,62
0,63
219,63
310,63
311,63
313,63
426,63
432,63
436,63
0,64
217,64
313,64
433,64
0,65
216,65
312,65
436,65
0,66
215,66
313,66
436,66
0,67
214,67
315,67
436,67
0,68
213,68
316,68
436,68
0,69
213,69
317,69
436,69
0,70
212,70
318,70
436,70
0,71
211,71
319,71
436,71
0,72
210,72
320,72
436,72
0,73
210,73
320,73
436,73
0,74
209,74
321,74
436,74
0,75
209,75
322,75
322,75
324,75
437,75
0,76
208,76
323,76
437,76
0,77
207,77
323,77
437,77
440,77
440,77
0,78
207,78
324,78
437,78
440,78
440,78
0,79
206,79
324,79
437,79
0,80
206,80
325,80
443,80
449,80
449,80
0,81
205,81
325,81
450,81
0,82
205,82
326,82
450,82
0,83
204,83
326,83
450,83
0,84
204,84
326,84
450,84
0,85
204,85
327,85
450,85
0,86
203,86
327,86
450,86
0,87
203,87
327,87
450,87
0,88
202,88
328,88
454,88
0,89
202,89
328,89
454,89
456,89
457,89
0,90
202,90
329,90
454,90
456,90
457,90
0,91
201,91
329,91
454,91
456,91
457,91
0,92
201,92
329,92
330,92
332,92
452,92
0,93
200,93
329,93
330,93
332,93
452,93
0,94
200,94
330,94
330,94
332,94
454,94
456,94
457,94
0,95
200,95
330,95
330,95
332,95
458,95
0,96
199,96
330,96
331,96
333,96
455,96
0,97
199,97
330,97
331,97
333,97
455,97
0,98
199,98
331,98
460,98
0,99
198,99
331,99
460,99
0,100
198,100
331,100
460,100
0,101
198,101
332,101
464,101
0,102
197,102
332,102
464,102
0,103
197,103
332,103
464,103
0,104
197,104
333,104
465,104
0,105
194,105
196,105
197,105
333,105
465,105
0,106
197,106
201,106
201,106
333,106
465,106
0,107
196,107
201,107
201,107
333,107
465,107
0,108
196,108
200,108
201,108
333,108
465,108
0,109
196,109
200,109
201,109
333,109
465,109
0,110
196,110
199,110
201,110
334,110
465,110
0,111
201,111
334,111
465,111
0,112
202,112
334,112
473,112
479,112
479,112
0,113
202,113
334,113
479,113
0,114
202,114
334,114
479,114
0,115
202,115
334,115
479,115
0,116
202,116
334,116
479,116
0,117
203,117
334,117
479,117
0,118
203,118
334,118
479,118
0,119
203,119
335,119
479,119
0,120
204,120
335,120
479,120
0,121
207,121
335,121
479,121
0,122
207,122
335,122
479,122
0,123
205,123
207,123
207,123
335,123
479,123
0,124
209,124
335,124
479,124
0,125
208,125
336,125
479,125
0,126
209,126
336,126
479,126
0,127
208,127
336,127
479,127
0,128
211,128
214,128
214,128
218,128
219,128
336,128
479,128
0,129
212,129
214,129
220,129
336,129
479,129
0,130
211,130
213,130
221,130
336,130
479,130
0,131
213,131
215,131
219,131
221,131
221,131
336,131
479,131
0,132
221,132
336,132
479,132
0,133
220,133
336,133
479,133
0,134
219,134
336,134
479,134
0,135
217,135
336,135
479,135
0,136
216,136
336,136
479,136
0,137
213,137
215,137
216,137
336,137
479,137
0,138
213,138
215,138
216,138
336,138
479,138
0,139
216,139
336,139
479,139
0,140
218,140
336,140
479,140
0,141
218,141
336,141
479,141
0,142
220,142
336,142
479,142
0,143
222,143
336,143
479,143
0,144
222,144
336,144
479,144
0,145
223,145
336,145
479,145
0,146
223,146
336,146
479,146
0,147
223,147
336,147
479,147
0,148
223,148
336,148
479,148
0,149
224,149
336,149
479,149
0,150
224,150
336,150
479,150
0,151
225,151
336,151
479,151
0,152
227,152
336,152
479,152
0,153
227,153
336,153
479,153
0,154
227,154
336,154
479,154
0,155
227,155
337,155
479,155
0,156
229,156
337,156
479,156
0,157
230,157
337,157
479,157
0,158
231,158
337,158
479,158
0,159
231,159
337,159
479,159
0,160
232,160
337,160
479,160
0,161
232,161
337,161
479,161
0,162
232,162
337,162
479,162
0,163
233,163
337,163
479,163
0,164
234,164
337,164
479,164
0,165
234,165
337,165
479,165
0,166
236,166
337,166
479,166
0,167
239,167
337,167
479,167
0,168
239,168
336,168
479,168
0,169
239,169
336,169
479,169
0,170
239,170
336,170
479,170
0,171
239,171
336,171
479,171
0,172
238,172
336,172
479,172
0,173
238,173
336,173
479,173
0,174
238,174
336,174
479,174
0,175
238,175
336,175
479,175
0,176
238,176
336,176
479,176
0,177
238,177
336,177
479,177
0,178
238,178
336,178
479,178
0,179
238,179
336,179
479,179
0,180
238,180
336,180
479,180
0,181
237,181
336,181
479,181
0,182
237,182
335,182
479,182
0,183
237,183
335,183
479,183
0,184
237,184
335,184
479,184
0,185
237,185
335,185
479,185
0,186
237,186
335,186
479,186
0,187
237,187
335,187
479,187
0,188
236,188
335,188
479,188
0,189
231,189
233,189
235,189
335,189
479,189
0,190
233,190
335,190
479,190
0,191
232,191
335,191
479,191
0,192
231,192
335,192
479,192
0,193
230,193
335,193
479,193
0,194
229,194
335,194
479,194
0,195
225,195
227,195
228,195
335,195
479,195
0,196
227,196
335,196
479,196
0,197
224,197
226,197
227,197
335,197
479,197
0,198
226,198
335,198
479,198
0,199
225,199
335,199
479,199
0,200
223,200
335,200
479,200
0,201
223,201
335,201
479,201
0,202
223,202
335,202
479,202
0,203
224,203
335,203
479,203
0,204
224,204
335,204
479,204
0,205
225,205
336,205
479,205
0,206
224,206
336,206
479,206
0,207
224,207
336,207
479,207
0,208
224,208
336,208
479,208
0,209
224,209
336,209
479,209
0,210
222,210
336,210
479,210
0,211
223,211
336,211
479,211
0,212
222,212
336,212
479,212
0,213
219,213
221,213
222,213
336,213
479,213
0,214
218,214
220,214
221,214
336,214
479,214
0,215
221,215
337,215
479,215
0,216
217,216
219,216
220,216
337,216
479,216
0,217
218,217
337,217
479,217
0,218
217,218
337,218
479,218
0,219
216,219
337,219
479,219
0,220
212,220
215,220
215,220
337,220
479,220
0,221
213,221
337,221
479,221
0,222
212,222
337,222
479,222
0,223
211,223
337,223
479,223
0,224
211,224
337,224
479,224
0,225
210,225
337,225
479,225
0,226
215,226
338,226
479,226
0,227
214,227
338,227
479,227
0,228
214,228
338,228
479,228
0,229
213,229
338,229
479,229
0,230
213,230
338,230
479,230
0,231
212,231
338,231
479,231
0,232
209,232
211,232
211,232
338,232
479,232
0,233
211,233
338,233
479,233
0,234
210,234
338,234
479,234
0,235
210,235
338,235
479,235
0,236
210,236
338,236
479,236
0,237
209,237
338,237
479,237
0,238
209,238
338,238
479,238
0,239
209,239
339,239
479,239
0,240
209,240
339,240
479,240
0,241
208,241
339,241
479,241
0,242
209,242
339,242
479,242
0,243
209,243
339,243
479,243
0,244
207,244
209,244
209,244
339,244
479,244
0,245
209,245
339,245
479,245
0,246
208,246
339,246
479,246
0,247
208,247
339,247
479,247
0,248
207,248
340,248
479,248
0,249
207,249
339,249
479,249
0,250
206,250
340,250
479,250
0,251
205,251
340,251
479,251
0,252
205,252
340,252
479,252
0,253
202,253
204,253
204,253
340,253
479,253
0,254
201,254
203,254
204,254
340,254
479,254
0,255
201,255
203,255
203,255
340,255
479,255
0,256
201,256
203,256
203,256
340,256
479,256
0,257
203,257
340,257
479,257
0,258
202,258
341,258
479,258
0,259
202,259
341,259
479,259
0,260
202,260
341,260
479,260
0,261
201,261
341,261
479,261
0,262
201,262
341,262
479,262
0,263
201,263
341,263
479,263
0,264
201,264
341,264
479,264
0,265
201,265
341,265
479,265
0,266
200,266
341,266
479,266
0,267
200,267
341,267
479,267
0,268
200,268
341,268
479,268
0,269
200,269
341,269
479,269
0,270
200,270
341,270
479,270
0,271
200,271
341,271
479,271
0,272
200,272
341,272
479,272
0,273
200,273
341,273
479,273
0,274
200,274
341,274
479,274
0,275
200,275
341,275
479,275
0,276
200,276
341,276
479,276
0,277
200,277
341,277
479,277
0,278
200,278
341,278
479,278
0,279
200,279
341,279
479,279
0,280
200,280
341,280
479,280
0,281
200,281
341,281
479,281
0,282
200,282
341,282
479,282
0,283
201,283
341,283
479,283
0,284
201,284
341,284
479,284
0,285
201,285
341,285
479,285
0,286
201,286
341,286
479,286
0,287
202,287
341,287
479,287
0,288
200,288
202,288
202,288
341,288
479,288
0,289
202,289
341,289
479,289
0,290
202,290
341,290
479,290
0,291
203,291
341,291
479,291
0,292
203,292
341,292
479,292
0,293
203,293
341,293
479,293
0,294
204,294
341,294
479,294
0,295
204,295
341,295
479,295
0,296
204,296
341,296
479,296
0,297
205,297
341,297
479,297
0,298
205,298
341,298
479,298
0,299
205,299
341,299
479,299
0,300
206,300
340,300
479,300
0,301
206,301
340,301
479,301
0,302
206,302
340,302
479,302
0,303
207,303
340,303
479,303
0,304
207,304
341,304
479,304
0,305
207,305
341,305
479,305
0,306
208,306
341,306
479,306
0,307
208,307
341,307
479,307
0,308
208,308
341,308
479,308
0,309
208,309
341,309
479,309
0,310
209,310
341,310
479,310
0,311
209,311
341,311
479,311
0,312
209,312
341,312
479,312
0,313
210,313
341,313
479,313
0,314
210,314
341,314
479,314
0,315
210,315
341,315
479,315
0,316
211,316
341,316
479,316
0,317
211,317
341,317
479,317
0,318
211,318
341,318
479,318
0,319
211,319
341,319
479,319
0,320
211,320
341,320
479,320
0,321
211,321
341,321
479,321
0,322
211,322
341,322
479,322
0,323
212,323
341,323
479,323
0,324
212,324
341,324
479,324
0,325
212,325
341,325
479,325
0,326
212,326
341,326
479,326
0,327
212,327
342,327
479,327
0,328
212,328
342,328
479,328
0,329
212,329
342,329
479,329
0,330
212,330
342,330
479,330
0,331
212,331
342,331
479,331
0,332
212,332
342,332
479,332
0,333
212,333
342,333
479,333
0,334
213,334
342,334
479,334
0,335
213,335
342,335
479,335
0,336
213,336
342,336
479,336
0,337
213,337
342,337
479,337
0,338
213,338
342,338
479,338
0,339
213,339
342,339
479,339
0,340
213,340
342,340
479,340
0,341
213,341
342,341
479,341
0,342
213,342
342,342
479,342
0,343
213,343
343,343
479,343
0,344
213,344
343,344
479,344
0,345
213,345
343,345
479,345
0,346
213,346
343,346
479,346
0,347
213,347
343,347
479,347
0,348
213,348
343,348
479,348
0,349
213,349
343,349
479,349
0,350
213,350
343,350
479,350
0,351
213,351
343,351
479,351
0,352
213,352
343,352
479,352
0,353
213,353
343,353
479,353
0,354
213,354
343,354
479,354
0,355
213,355
343,355
479,355
0,356
213,356
343,356
479,356
0,357
214,357
343,357
479,357
0,358
214,358
343,358
479,358
0,359
214,359
342,359
479,359
