0,0
432,0
0,1
432,1
0,2
432,2
0,3
432,3
0,4
432,4
0,5
432,5
0,6
432,6
0,7
432,7
0,8
432,8
0,9
432,9
0,10
432,10
0,11
432,11
0,12
432,12
0,13
432,13
0,14
432,14
0,15
432,15
0,16
439,16
0,17
439,17
0,18
439,18
0,19
439,19
0,20
439,20
0,21
439,21
0,22
439,22
0,23
439,23
0,24
439,24
0,25
439,25
0,26
439,26
0,27
439,27
0,28
439,28
0,29
439,29
0,30
439,30
0,31
439,31
0,32
449,32
0,33
449,33
0,34
449,34
0,35
449,35
0,36
449,36
0,37
449,37
0,38
449,38
0,39
449,39
0,40
449,40
0,41
449,41
0,42
449,42
0,43
449,43
0,44
449,44
0,45
449,45
0,46
449,46
0,47
449,47
0,48
460,48
0,49
460,49
0,50
460,50
0,51
460,51
0,52
248,52
250,52
250,52
265,52
460,52
0,53
242,53
269,53
460,53
0,54
237,54
274,54
460,54
0,55
235,55
276,55
460,55
0,56
231,56
278,56
460,56
467,56
467,56
0,57
224,57
227,57
228,57
280,57
460,57
467,57
467,57
0,58
225,58
282,58
460,58
467,58
467,58
0,59
223,59
284,59
460,59
467,59
467,59
0,60
220,60
285,60
460,60
467,60
467,60
0,61
218,61
287,61
460,61
467,61
467,61
0,62
216,62
289,62
464,62
467,62
467,62
0,63
213,63
290,63
464,63
467,63
479,63
0,64
212,64
291,64
468,64
0,65
211,65
292,65
479,65
0,66
209,66
293,66
479,66
0,67
208,67
295,67
479,67
0,68
206,68
298,68
479,68
0,69
204,69
298,69
479,69
0,70
204,70
300,70
479,70
0,71
202,71
300,71
479,71
0,72
201,72
302,72
479,72
0,73
200,73
302,73
479,73
0,74
199,74
304,74
479,74
0,75
198,75
304,75
479,75
0,76
197,76
305,76
479,76
0,77
196,77
306,77
479,77
0,78
195,78
307,78
479,78
0,79
193,79
195,79
195,79
307,79
479,79
0,80
194,80
307,80
479,80
0,81
194,81
307,81
479,81
0,82
193,82
308,82
479,82
0,83
192,83
308,83
479,83
0,84
192,84
309,84
479,84
0,85
191,85
309,85
479,85
0,86
191,86
310,86
479,86
0,87
190,87
311,87
479,87
0,88
190,88
310,88
479,88
0,89
190,89
311,89
479,89
0,90
189,90
312,90
479,90
0,91
188,91
312,91
479,91
0,92
188,92
312,92
479,92
0,93
188,93
313,93
479,93
0,94
187,94
313,94
479,94
0,95
187,95
313,95
479,95
0,96
187,96
313,96
314,96
316,96
479,96
0,97
186,97
314,97
314,97
316,97
479,97
0,98
186,98
314,98
314,98
316,98
479,98
0,99
186,99
316,99
479,99
0,100
185,100
316,100
479,100
0,101
185,101
316,101
479,101
0,102
185,102
316,102
479,102
0,103
185,103
316,103
479,103
0,104
184,104
317,104
479,104
0,105
184,105
317,105
479,105
0,106
183,106
317,106
479,106
0,107
183,107
318,107
479,107
0,108
183,108
318,108
479,108
0,109
183,109
318,109
479,109
0,110
182,110
318,110
479,110
0,111
182,111
318,111
479,111
0,112
183,112
319,112
479,112
0,113
182,113
319,113
479,113
0,114
182,114
319,114
479,114
0,115
182,115
319,115
479,115
0,116
182,116
319,116
479,116
0,117
182,117
187,117
187,117
320,117
479,117
0,118
182,118
320,118
479,118
0,119
182,119
186,119
187,119
320,119
479,119
0,120
182,120
186,120
187,120
320,120
479,120
0,121
182,121
185,121
187,121
321,121
479,121
0,122
187,122
321,122
479,122
0,123
185,123
187,123
188,123
321,123
479,123
0,124
185,124
187,124
188,124
321,124
479,124
0,125
188,125
321,125
479,125
0,126
189,126
321,126
479,126
0,127
189,127
321,127
479,127
0,128
189,128
321,128
479,128
0,129
189,129
321,129
479,129
0,130
190,130
321,130
479,130
0,131
194,131
321,131
479,131
0,132
194,132
321,132
479,132
0,133
194,133
321,133
479,133
0,134
195,134
321,134
479,134
0,135
196,135
321,135
479,135
0,136
196,136
322,136
479,136
0,137
197,137
205,137
205,137
322,137
479,137
0,138
198,138
205,138
206,138
322,138
479,138
0,139
199,139
205,139
207,139
322,139
479,139
0,140
208,140
322,140
479,140
0,141
208,141
322,141
479,141
0,142
205,142
207,142
207,142
322,142
479,142
0,143
205,143
322,143
479,143
0,144
205,144
322,144
479,144
0,145
204,145
322,145
479,145
0,146
204,146
323,146
479,146
0,147
204,147
323,147
479,147
0,148
204,148
323,148
479,148
0,149
206,149
323,149
479,149
0,150
207,150
323,150
479,150
0,151
209,151
323,151
479,151
0,152
210,152
323,152
479,152
0,153
211,153
323,153
479,153
0,154
211,154
323,154
479,154
0,155
211,155
323,155
479,155
0,156
211,156
323,156
479,156
0,157
212,157
323,157
479,157
0,158
212,158
323,158
479,158
0,159
213,159
323,159
479,159
0,160
215,160
323,160
479,160
0,161
215,161
323,161
479,161
0,162
216,162
323,162
479,162
0,163
218,163
322,163
479,163
0,164
219,164
322,164
479,164
0,165
220,165
322,165
479,165
0,166
218,166
220,166
220,166
322,166
479,166
0,167
221,167
322,167
479,167
0,168
221,168
322,168
479,168
0,169
221,169
322,169
479,169
0,170
222,170
322,170
479,170
0,171
223,171
322,171
479,171
0,172
223,172
322,172
479,172
0,173
225,173
322,173
479,173
0,174
225,174
322,174
479,174
0,175
225,175
322,175
479,175
0,176
225,176
323,176
479,176
0,177
225,177
323,177
479,177
0,178
225,178
323,178
479,178
0,179
224,179
323,179
479,179
0,180
225,180
323,180
479,180
0,181
224,181
323,181
479,181
0,182
224,182
323,182
479,182
0,183
224,183
323,183
479,183
0,184
224,184
323,184
479,184
0,185
224,185
323,185
479,185
0,186
223,186
323,186
479,186
0,187
223,187
323,187
479,187
0,188
224,188
323,188
479,188
0,189
224,189
323,189
479,189
0,190
223,190
323,190
479,190
0,191
223,191
323,191
479,191
0,192
223,192
323,192
479,192
0,193
223,193
323,193
479,193
0,194
223,194
323,194
479,194
0,195
223,195
323,195
479,195
0,196
223,196
323,196
479,196
0,197
223,197
323,197
479,197
0,198
223,198
323,198
479,198
0,199
222,199
323,199
479,199
0,200
221,200
323,200
479,200
0,201
220,201
323,201
479,201
0,202
220,202
324,202
479,202
0,203
220,203
324,203
479,203
0,204
219,204
324,204
479,204
0,205
218,205
324,205
479,205
0,206
217,206
324,206
479,206
0,207
217,207
324,207
479,207
0,208
217,208
324,208
479,208
0,209
217,209
324,209
479,209
0,210
216,210
324,210
479,210
0,211
216,211
324,211
479,211
0,212
213,212
215,212
215,212
324,212
479,212
0,213
212,213
214,213
215,213
324,213
479,213
0,214
214,214
324,214
479,214
0,215
213,215
324,215
479,215
0,216
209,216
211,216
212,216
326,216
479,216
0,217
211,217
326,217
479,217
0,218
208,218
210,218
210,218
326,218
479,218
0,219
207,219
209,219
210,219
326,219
479,219
0,220
209,220
326,220
479,220
0,221
203,221
205,221
207,221
326,221
479,221
0,222
206,222
326,222
479,222
0,223
206,223
326,223
479,223
0,224
204,224
325,224
479,224
0,225
204,225
325,225
479,225
0,226
202,226
325,226
479,226
0,227
201,227
325,227
479,227
0,228
201,228
326,228
479,228
0,229
200,229
326,229
479,229
0,230
200,230
326,230
479,230
0,231
200,231
206,231
208,231
326,231
479,231
0,232
207,232
327,232
479,232
0,233
207,233
327,233
479,233
0,234
203,234
205,234
206,234
327,234
479,234
0,235
203,235
205,235
206,235
327,235
479,235
0,236
205,236
328,236
479,236
0,237
205,237
328,237
479,237
0,238
204,238
328,238
479,238
0,239
203,239
328,239
479,239
0,240
201,240
327,240
479,240
0,241
201,241
203,241
203,241
327,241
479,241
0,242
202,242
328,242
479,242
0,243
202,243
328,243
479,243
0,244
201,244
327,244
479,244
0,245
201,245
327,245
479,245
0,246
201,246
327,246
479,246
0,247
201,247
327,247
479,247
0,248
201,248
327,248
479,248
0,249
201,249
328,249
479,249
0,250
201,250
328,250
479,250
0,251
201,251
328,251
479,251
0,252
201,252
328,252
479,252
0,253
200,253
202,253
202,253
328,253
479,253
0,254
202,254
328,254
479,254
0,255
201,255
328,255
479,255
0,256
201,256
329,256
479,256
0,257
200,257
329,257
479,257
0,258
200,258
329,258
479,258
0,259
200,259
329,259
479,259
0,260
199,260
329,260
479,260
0,261
199,261
329,261
479,261
0,262
196,262
198,262
199,262
329,262
479,262
0,263
198,263
329,263
479,263
0,264
198,264
329,264
479,264
0,265
197,265
329,265
479,265
0,266
197,266
329,266
479,266
0,267
197,267
329,267
479,267
0,268
197,268
329,268
479,268
0,269
197,269
329,269
479,269
0,270
197,270
329,270
479,270
0,271
196,271
329,271
479,271
0,272
196,272
329,272
479,272
0,273
196,273
329,273
479,273
0,274
196,274
329,274
479,274
0,275
196,275
329,275
479,275
0,276
195,276
329,276
479,276
0,277
195,277
329,277
479,277
0,278
195,278
329,278
479,278
0,279
195,279
329,279
479,279
0,280
195,280
329,280
479,280
0,281
195,281
329,281
479,281
0,282
195,282
329,282
479,282
0,283
196,283
329,283
479,283
0,284
196,284
329,284
479,284
0,285
196,285
329,285
479,285
0,286
196,286
329,286
479,286
0,287
196,287
329,287
479,287
0,288
197,288
329,288
479,288
0,289
197,289
329,289
479,289
0,290
197,290
329,290
479,290
0,291
197,291
329,291
479,291
0,292
198,292
329,292
479,292
0,293
198,293
329,293
479,293
0,294
198,294
329,294
479,294
0,295
199,295
329,295
479,295
0,296
199,296
329,296
479,296
0,297
199,297
329,297
479,297
0,298
200,298
329,298
479,298
0,299
200,299
329,299
479,299
0,300
200,300
329,300
479,300
0,301
200,301
329,301
479,301
0,302
201,302
329,302
479,302
0,303
201,303
329,303
479,303
0,304
202,304
329,304
479,304
0,305
202,305
329,305
479,305
0,306
203,306
330,306
330,306
332,306
479,306
0,307
203,307
330,307
479,307
0,308
203,308
331,308
479,308
0,309
204,309
332,309
479,309
0,310
204,310
332,310
479,310
0,311
205,311
333,311
479,311
0,312
205,312
334,312
479,312
0,313
205,313
334,313
479,313
0,314
206,314
335,314
479,314
0,315
206,315
335,315
479,315
0,316
206,316
336,316
479,316
0,317
206,317
336,317
479,317
0,318
206,318
337,318
479,318
0,319
206,319
337,319
479,319
0,320
205,320
338,320
479,320
0,321
205,321
338,321
479,321
0,322
205,322
339,322
479,322
0,323
205,323
339,323
479,323
0,324
204,324
340,324
479,324
0,325
204,325
340,325
479,325
0,326
204,326
341,326
479,326
0,327
202,327
204,327
204,327
341,327
479,327
0,328
204,328
342,328
479,328
0,329
204,329
342,329
479,329
0,330
204,330
343,330
479,330
0,331
204,331
343,331
479,331
0,332
204,332
344,332
479,332
0,333
203,333
344,333
479,333
0,334
203,334
345,334
479,334
0,335
203,335
345,335
479,335
0,336
203,336
346,336
479,336
0,337
203,337
347,337
479,337
0,338
203,338
347,338
479,338
0,339
202,339
347,339
479,339
0,340
202,340
347,340
479,340
0,341
202,341
348,341
479,341
0,342
200,342
202,342
202,342
348,342
479,342
0,343
200,343
202,343
202,343
349,343
479,343
0,344
202,344
349,344
479,344
0,345
201,345
350,345
479,345
0,346
202,346
350,346
479,346
0,347
202,347
350,347
479,347
0,348
201,348
350,348
479,348
0,349
201,349
352,349
479,349
0,350
201,350
351,350
479,350
0,351
201,351
352,351
479,351
0,352
201,352
352,352
479,352
0,353
201,353
353,353
479,353
0,354
201,354
353,354
479,354
0,355
200,355
353,355
479,355
0,356
200,356
353,356
479,356
0,357
200,357
354,357
479,357
0,358
200,358
354,358
479,358
0,359
200,359
354,359
479,359
