0,0
314,0
0,1
314,1
0,2
314,2
0,3
314,3
0,4
314,4
0,5
314,5
0,6
314,6
0,7
314,7
0,8
314,8
0,9
314,9
0,10
314,10
0,11
314,11
0,12
314,12
0,13
314,13
0,14
314,14
0,15
314,15
0,16
320,16
0,17
320,17
0,18
320,18
0,19
320,19
0,20
320,20
0,21
320,21
0,22
325,22
0,23
325,23
0,24
325,24
0,25
325,25
0,26
325,26
0,27
325,27
0,28
325,28
0,29
325,29
0,30
325,30
0,31
325,31
0,32
325,32
0,33
325,33
0,34
325,34
0,35
325,35
0,36
325,36
0,37
327,37
0,38
330,38
0,39
330,39
0,40
335,40
0,41
335,41
0,42
335,42
0,43
335,43
0,44
335,44
0,45
335,45
0,46
335,46
0,47
335,47
0,48
335,48
0,49
335,49
0,50
335,50
0,51
335,51
0,52
335,52
0,53
335,53
0,54
338,54
0,55
338,55
0,56
340,56
0,57
340,57
0,58
340,58
0,59
341,59
0,60
342,60
0,61
343,61
0,62
343,62
0,63
343,63
0,64
343,64
0,65
343,65
0,66
347,66
0,67
347,67
0,68
347,68
0,69
347,69
0,70
347,70
0,71
347,71
0,72
276,72
300,72
303,72
305,72
308,72
310,72
348,72
0,73
265,73
305,73
351,73
0,74
264,74
308,74
310,74
312,74
351,74
0,75
260,75
311,75
311,75
313,75
351,75
0,76
258,76
316,76
351,76
0,77
255,77
317,77
351,77
0,78
252,78
321,78
353,78
0,79
245,79
248,79
249,79
320,79
353,79
0,80
247,80
323,80
354,80
0,81
245,81
324,81
354,81
0,82
243,82
329,82
354,82
0,83
241,83
327,83
328,83
331,83
354,83
0,84
239,84
328,84
328,84
331,84
354,84
0,85
235,85
237,85
237,85
329,85
330,85
332,85
354,85
0,86
234,86
331,86
354,86
0,87
233,87
332,87
354,87
0,88
232,88
334,88
354,88
0,89
230,89
335,89
354,89
0,90
227,90
229,90
229,90
336,90
354,90
0,91
225,91
336,91
354,91
0,92
223,92
225,92
226,92
338,92
354,92
0,93
224,93
340,93
354,93
0,94
223,94
341,94
363,94
0,95
222,95
342,95
367,95
0,96
221,96
343,96
367,96
0,97
218,97
345,97
367,97
0,98
218,98
346,98
369,98
0,99
217,99
347,99
369,99
0,100
217,100
347,100
369,100
0,101
216,101
348,101
371,101
0,102
214,102
349,102
371,102
0,103
214,103
350,103
371,103
0,104
213,104
351,104
372,104
0,105
212,105
352,105
375,105
0,106
211,106
353,106
375,106
0,107
211,107
354,107
375,107
0,108
210,108
354,108
354,108
356,108
376,108
0,109
210,109
356,109
377,109
0,110
210,110
356,110
378,110
0,111
209,111
356,111
378,111
0,112
208,112
356,112
380,112
0,113
208,113
357,113
381,113
0,114
207,114
358,114
381,114
0,115
207,115
358,115
382,115
0,116
207,116
358,116
383,116
0,117
207,117
359,117
385,117
0,118
207,118
359,118
385,118
0,119
206,119
359,119
386,119
0,120
205,120
361,120
388,120
0,121
205,121
361,121
388,121
0,122
205,122
361,122
389,122
0,123
204,123
361,123
392,123
0,124
204,124
362,124
392,124
0,125
204,125
362,125
392,125
0,126
204,126
362,126
393,126
0,127
203,127
362,127
396,127
401,127
401,127
0,128
203,128
362,128
396,128
0,129
203,129
362,129
396,129
401,129
401,129
0,130
203,130
363,130
398,130
401,130
401,130
0,131
202,131
363,131
398,131
401,131
402,131
0,132
202,132
363,132
398,132
401,132
402,132
0,133
202,133
363,133
403,133
0,134
201,134
363,134
405,134
0,135
201,135
364,135
404,135
0,136
201,136
363,136
405,136
0,137
201,137
363,137
404,137
0,138
200,138
364,138
405,138
0,139
200,139
364,139
409,139
0,140
200,140
363,140
411,140
0,141
200,141
364,141
412,141
0,142
200,142
364,142
415,142
0,143
199,143
364,143
415,143
0,144
199,144
364,144
415,144
0,145
199,145
364,145
415,145
0,146
199,146
364,146
417,146
0,147
199,147
364,147
420,147
0,148
199,148
364,148
420,148
0,149
198,149
364,149
420,149
0,150
198,150
364,150
421,150
0,151
198,151
364,151
420,151
0,152
198,152
364,152
421,152
0,153
198,153
364,153
422,153
432,153
432,153
0,154
198,154
364,154
434,154
0,155
197,155
364,155
434,155
0,156
197,156
364,156
434,156
0,157
197,157
364,157
438,157
0,158
198,158
364,158
438,158
0,159
198,159
364,159
438,159
0,160
197,160
199,160
200,160
364,160
442,160
0,161
200,161
364,161
442,161
0,162
201,162
364,162
442,162
0,163
201,163
365,163
443,163
0,164
202,164
363,164
444,164
0,165
202,165
363,165
444,165
0,166
203,166
363,166
445,166
0,167
203,167
363,167
447,167
0,168
204,168
363,168
447,168
0,169
205,169
363,169
447,169
0,170
203,170
205,170
205,170
363,170
450,170
0,171
206,171
363,171
450,171
0,172
206,172
362,172
454,172
0,173
207,173
362,173
459,173
0,174
207,174
362,174
461,174
0,175
207,175
362,175
463,175
0,176
211,176
363,176
479,176
0,177
211,177
362,177
479,177
0,178
215,178
361,178
479,178
0,179
216,179
361,179
479,179
0,180
217,180
361,180
479,180
0,181
216,181
361,181
479,181
0,182
216,182
361,182
479,182
0,183
216,183
360,183
479,183
0,184
215,184
359,184
479,184
0,185
214,185
359,185
479,185
0,186
214,186
359,186
479,186
0,187
214,187
359,187
479,187
0,188
213,188
359,188
479,188
0,189
213,189
359,189
479,189
0,190
212,190
359,190
479,190
0,191
212,191
358,191
479,191
0,192
211,192
357,192
479,192
0,193
211,193
357,193
479,193
0,194
210,194
357,194
479,194
0,195
210,195
228,195
229,195
357,195
479,195
0,196
209,196
229,196
229,196
357,196
479,196
0,197
209,197
229,197
229,197
357,197
479,197
0,198
208,198
227,198
227,198
229,198
230,198
357,198
479,198
0,199
207,199
227,199
227,199
229,199
230,199
355,199
479,199
0,200
207,200
226,200
232,200
355,200
479,200
0,201
206,201
226,201
232,201
355,201
479,201
0,202
206,202
225,202
232,202
355,202
479,202
0,203
205,203
225,203
232,203
354,203
479,203
0,204
205,204
224,204
231,204
354,204
479,204
0,205
205,205
224,205
231,205
354,205
354,205
356,205
479,205
0,206
203,206
224,206
231,206
354,206
354,206
356,206
479,206
0,207
203,207
222,207
231,207
353,207
354,207
356,207
479,207
0,208
203,208
222,208
229,208
353,208
479,208
0,209
202,209
222,209
229,209
353,209
479,209
0,210
202,210
222,210
228,210
352,210
479,210
0,211
201,211
222,211
228,211
352,211
479,211
0,212
201,212
221,212
227,212
352,212
479,212
0,213
200,213
221,213
227,213
352,213
479,213
0,214
199,214
219,214
227,214
352,214
479,214
0,215
199,215
219,215
226,215
352,215
479,215
0,216
198,216
218,216
226,216
352,216
479,216
0,217
198,217
218,217
225,217
351,217
479,217
0,218
197,218
217,218
225,218
351,218
479,218
0,219
197,219
217,219
224,219
351,219
479,219
0,220
196,220
217,220
224,220
351,220
479,220
0,221
195,221
216,221
223,221
350,221
479,221
0,222
195,222
214,222
223,222
350,222
479,222
0,223
195,223
214,223
223,223
350,223
479,223
0,224
191,224
193,224
193,224
213,224
222,224
350,224
479,224
0,225
193,225
212,225
221,225
350,225
479,225
0,226
192,226
212,226
220,226
350,226
479,226
0,227
191,227
212,227
220,227
350,227
479,227
0,228
190,228
211,228
220,228
350,228
479,228
0,229
189,229
211,229
218,229
350,229
479,229
0,230
189,230
210,230
218,230
350,230
479,230
0,231
189,231
210,231
217,231
350,231
479,231
0,232
188,232
209,232
217,232
350,232
479,232
0,233
187,233
208,233
217,233
350,233
479,233
0,234
186,234
208,234
216,234
350,234
350,234
352,234
479,234
0,235
186,235
208,235
216,235
350,235
350,235
352,235
479,235
0,236
185,236
206,236
216,236
350,236
350,236
352,236
479,236
0,237
185,237
206,237
215,237
351,237
479,237
0,238
184,238
206,238
215,238
351,238
479,238
0,239
183,239
205,239
206,239
208,239
215,239
352,239
479,239
0,240
182,240
204,240
212,240
352,240
479,240
0,241
182,241
203,241
211,241
351,241
479,241
0,242
181,242
202,242
211,242
347,242
347,242
351,242
479,242
0,243
180,243
202,243
209,243
351,243
479,243
0,244
179,244
202,244
205,244
208,244
208,244
351,244
479,244
0,245
179,245
202,245
207,245
351,245
479,245
0,246
179,246
201,246
206,246
352,246
479,246
0,247
178,247
199,247
199,247
201,247
204,247
352,247
479,247
0,248
177,248
199,248
199,248
203,248
204,248
353,248
354,248
356,248
479,248
0,249
176,249
199,249
202,249
354,249
479,249
0,250
175,250
198,250
201,250
356,250
479,250
0,251
174,251
198,251
200,251
357,251
479,251
0,252
174,252
197,252
199,252
358,252
479,252
0,253
173,253
196,253
198,253
359,253
479,253
0,254
172,254
360,254
479,254
0,255
172,255
195,255
195,255
360,255
479,255
0,256
171,256
362,256
479,256
0,257
167,257
169,257
170,257
363,257
479,257
0,258
169,258
364,258
479,258
0,259
169,259
364,259
479,259
0,260
168,260
365,260
479,260
0,261
167,261
366,261
479,261
0,262
167,262
367,262
479,262
0,263
166,263
368,263
479,263
0,264
165,264
369,264
479,264
0,265
164,265
370,265
371,265
373,265
479,265
0,266
164,266
371,266
479,266
0,267
162,267
372,267
479,267
0,268
162,268
373,268
479,268
0,269
160,269
373,269
374,269
376,269
479,269
0,270
160,270
374,270
479,270
0,271
160,271
375,271
479,271
0,272
159,272
376,272
479,272
0,273
155,273
157,273
158,273
377,273
479,273
0,274
155,274
157,274
157,274
378,274
479,274
0,275
157,275
379,275
479,275
0,276
156,276
379,276
479,276
0,277
155,277
380,277
479,277
0,278
154,278
381,278
479,278
0,279
154,279
382,279
479,279
0,280
153,280
384,280
479,280
0,281
152,281
384,281
479,281
0,282
152,282
385,282
479,282
0,283
151,283
386,283
479,283
0,284
151,284
387,284
479,284
0,285
149,285
388,285
479,285
0,286
149,286
389,286
479,286
0,287
147,287
390,287
479,287
0,288
147,288
391,288
479,288
0,289
146,289
392,289
479,289
0,290
145,290
393,290
479,290
0,291
145,291
394,291
479,291
0,292
144,292
396,292
479,292
0,293
144,293
397,293
479,293
0,294
143,294
398,294
479,294
0,295
142,295
398,295
479,295
0,296
141,296
399,296
400,296
402,296
479,296
0,297
140,297
401,297
479,297
0,298
140,298
402,298
479,298
0,299
139,299
403,299
479,299
0,300
135,300
137,300
138,300
201,300
201,300
404,300
479,300
0,301
137,301
200,301
201,301
405,301
479,301
0,302
135,302
199,302
201,302
406,302
479,302
0,303
135,303
199,303
201,303
407,303
479,303
0,304
133,304
199,304
201,304
409,304
479,304
0,305
133,305
198,305
199,305
201,305
201,305
410,305
479,305
0,306
130,306
198,306
201,306
411,306
479,306
0,307
130,307
197,307
201,307
412,307
479,307
0,308
129,308
197,308
201,308
414,308
479,308
0,309
128,309
196,309
200,309
415,309
479,309
0,310
127,310
196,310
197,310
416,310
479,310
0,311
127,311
195,311
197,311
417,311
479,311
0,312
124,312
195,312
197,312
419,312
419,312
421,312
479,312
0,313
123,313
194,313
196,313
420,313
479,313
0,314
122,314
194,314
195,314
421,314
479,314
0,315
121,315
172,315
172,315
193,315
195,315
422,315
479,315
0,316
120,316
193,316
193,316
423,316
479,316
0,317
119,317
192,317
192,317
425,317
479,317
0,318
116,318
192,318
192,318
427,318
479,318
0,319
116,319
191,319
191,319
428,319
479,319
0,320
115,320
429,320
479,320
0,321
114,321
430,321
479,321
0,322
113,322
432,322
479,322
0,323
111,323
433,323
479,323
0,324
110,324
434,324
479,324
0,325
109,325
436,325
479,325
0,326
108,326
437,326
479,326
0,327
107,327
438,327
479,327
0,328
103,328
105,328
106,328
439,328
479,328
0,329
106,329
441,329
479,329
0,330
105,330
442,330
479,330
0,331
104,331
443,331
479,331
0,332
103,332
444,332
479,332
0,333
102,333
446,333
479,333
0,334
99,334
101,334
101,334
447,334
479,334
0,335
100,335
448,335
479,335
0,336
99,336
450,336
450,336
452,336
479,336
0,337
98,337
451,337
479,337
0,338
97,338
452,338
479,338
0,339
96,339
454,339
479,339
0,340
96,340
150,340
150,340
454,340
479,340
0,341
95,341
149,341
149,341
456,341
479,341
0,342
93,342
148,342
148,342
457,342
479,342
0,343
93,343
459,343
479,343
0,344
92,344
147,344
147,344
460,344
479,344
0,345
90,345
461,345
479,345
0,346
89,346
145,346
145,346
462,346
479,346
0,347
88,347
333,347
334,347
463,347
479,347
0,348
87,348
143,348
143,348
334,348
337,348
464,348
479,348
0,349
83,349
85,349
87,349
334,349
338,349
466,349
479,349
0,350
83,350
85,350
86,350
334,350
340,350
467,350
479,350
0,351
85,351
334,351
342,351
468,351
479,351
0,352
85,352
333,352
333,352
336,352
344,352
469,352
470,352
472,352
479,352
0,353
83,353
187,353
187,353
334,353
346,353
470,353
479,353
0,354
82,354
334,354
347,354
472,354
479,354
0,355
77,355
79,355
81,355
334,355
349,355
472,355
479,355
0,356
77,356
79,356
80,356
185,356
186,356
334,356
350,356
474,356
479,356
0,357
78,357
185,357
185,357
334,357
351,357
475,357
479,357
0,358
78,358
184,358
185,358
334,358
353,358
476,358
479,358
0,359
78,359
184,359
184,359
334,359
354,359
476,359
479,359
