0,0
219,0
0,1
219,1
0,2
219,2
0,3
219,3
0,4
219,4
0,5
219,5
0,6
219,6
0,7
219,7
0,8
219,8
0,9
219,9
0,10
219,10
0,11
219,11
0,12
219,12
0,13
219,13
0,14
219,14
0,15
219,15
0,16
223,16
0,17
223,17
0,18
223,18
0,19
223,19
0,20
223,20
0,21
223,21
0,22
227,22
0,23
227,23
0,24
227,24
0,25
227,25
0,26
227,26
0,27
227,27
0,28
227,28
0,29
227,29
0,30
227,30
0,31
227,31
0,32
227,32
0,33
227,33
0,34
230,34
0,35
230,35
0,36
230,36
0,37
230,37
0,38
230,38
0,39
230,39
0,40
230,40
0,41
230,41
0,42
230,42
0,43
230,43
0,44
232,44
0,45
232,45
0,46
232,46
0,47
232,47
0,48
233,48
0,49
233,49
0,50
233,50
0,51
233,51
0,52
233,52
0,53
233,53
0,54
237,54
240,54
240,54
0,55
237,55
240,55
240,55
0,56
237,56
240,56
240,56
0,57
237,57
240,57
240,57
0,58
237,58
240,58
240,58
0,59
237,59
240,59
240,59
0,60
237,60
240,60
240,60
0,61
237,61
240,61
240,61
0,62
233,62
0,63
233,63
0,64
240,64
0,65
240,65
0,66
242,66
0,67
242,67
0,68
242,68
0,69
243,69
0,70
246,70
0,71
246,71
0,72
246,72
0,73
246,73
0,74
246,74
0,75
246,75
0,76
246,76
0,77
247,77
0,78
247,78
0,79
250,79
0,80
250,80
0,81
250,81
0,82
250,82
0,83
159,83
165,83
250,83
0,84
250,84
0,85
156,85
158,85
158,85
160,85
250,85
0,86
154,86
173,86
250,86
0,87
151,87
180,87
250,87
0,88
147,88
190,88
250,88
0,89
143,89
194,89
195,89
203,89
250,89
0,90
139,90
205,90
250,90
0,91
138,91
206,91
206,91
208,91
250,91
0,92
136,92
208,92
250,92
0,93
133,93
211,93
250,93
0,94
131,94
216,94
216,94
218,94
250,94
0,95
128,95
221,95
250,95
0,96
124,96
126,96
126,96
239,96
255,96
0,97
125,97
240,97
255,97
0,98
123,98
240,98
256,98
0,99
118,99
120,99
120,99
240,99
256,99
0,100
117,100
240,100
256,100
0,101
116,101
240,101
259,101
0,102
115,102
240,102
262,102
0,103
113,103
241,103
262,103
0,104
107,104
109,104
110,104
241,104
266,104
0,105
109,105
240,105
269,105
0,106
108,106
240,106
269,106
0,107
106,107
239,107
269,107
0,108
105,108
237,108
269,108
0,109
103,109
239,109
269,109
0,110
102,110
238,110
269,110
0,111
100,111
234,111
269,111
0,112
98,112
233,112
269,112
0,113
97,113
234,113
269,113
0,114
95,114
235,114
269,114
0,115
94,115
235,115
269,115
0,116
92,116
236,116
269,116
0,117
91,117
238,117
269,117
0,118
89,118
238,118
269,118
0,119
89,119
240,119
269,119
0,120
87,120
240,120
269,120
0,121
85,121
240,121
269,121
0,122
85,122
241,122
269,122
0,123
83,123
241,123
269,123
0,124
82,124
243,124
269,124
0,125
81,125
243,125
269,125
0,126
80,126
244,126
245,126
247,126
271,126
0,127
79,127
245,127
245,127
247,127
271,127
0,128
78,128
248,128
272,128
0,129
76,129
248,129
272,129
0,130
75,130
248,130
278,130
0,131
75,131
248,131
278,131
0,132
73,132
247,132
278,132
0,133
72,133
244,133
278,133
0,134
72,134
245,134
278,134
0,135
71,135
245,135
278,135
0,136
69,136
245,136
279,136
0,137
66,137
68,137
69,137
246,137
279,137
0,138
68,138
247,138
279,138
0,139
67,139
249,139
279,139
0,140
66,140
250,140
282,140
0,141
63,141
65,141
65,141
254,141
282,141
0,142
63,142
256,142
282,142
0,143
64,143
256,143
282,143
0,144
62,144
255,144
287,144
0,145
61,145
255,145
287,145
0,146
61,146
255,146
291,146
0,147
60,147
254,147
291,147
0,148
60,148
245,148
245,148
254,148
291,148
0,149
59,149
245,149
245,149
254,149
292,149
0,150
58,150
255,150
294,150
0,151
58,151
242,151
245,151
255,151
295,151
0,152
57,152
242,152
245,152
254,152
297,152
0,153
56,153
242,153
245,153
255,153
298,153
0,154
56,154
239,154
245,154
254,154
300,154
0,155
55,155
238,155
246,155
254,155
300,155
0,156
55,156
238,156
249,156
253,156
300,156
0,157
54,157
237,157
249,157
253,157
302,157
0,158
54,158
237,158
249,158
254,158
302,158
0,159
53,159
237,159
249,159
255,159
302,159
0,160
52,160
237,160
248,160
256,160
302,160
0,161
52,161
237,161
243,161
245,161
247,161
256,161
302,161
0,162
52,162
238,162
241,162
245,162
247,162
256,162
302,162
0,163
51,163
240,163
240,163
242,163
247,163
256,163
303,163
0,164
51,164
256,164
302,164
304,164
305,164
0,165
50,165
256,165
302,165
304,165
305,165
0,166
50,166
256,166
305,166
0,167
50,167
256,167
305,167
0,168
49,168
256,168
305,168
0,169
49,169
256,169
305,169
0,170
48,170
256,170
310,170
0,171
48,171
256,171
310,171
0,172
48,172
256,172
318,172
0,173
47,173
256,173
318,173
0,174
47,174
256,174
318,174
0,175
47,175
255,175
315,175
317,175
318,175
0,176
46,176
255,176
316,176
0,177
46,177
256,177
319,177
0,178
46,178
256,178
319,178
0,179
46,179
256,179
319,179
0,180
46,180
259,180
323,180
0,181
45,181
260,181
323,181
0,182
45,182
261,182
323,182
0,183
45,183
261,183
323,183
0,184
45,184
261,184
324,184
0,185
45,185
262,185
324,185
0,186
44,186
262,186
328,186
0,187
44,187
262,187
329,187
0,188
44,188
262,188
329,188
0,189
44,189
262,189
329,189
0,190
43,190
262,190
332,190
0,191
43,191
262,191
334,191
0,192
44,192
261,192
340,192
0,193
44,193
261,193
340,193
0,194
44,194
260,194
340,194
0,195
44,195
260,195
340,195
0,196
44,196
260,196
343,196
0,197
44,197
260,197
345,197
0,198
44,198
260,198
345,198
0,199
44,199
260,199
345,199
0,200
44,200
260,200
346,200
0,201
44,201
261,201
346,201
0,202
44,202
261,202
263,202
266,202
346,202
0,203
44,203
264,203
264,203
266,203
346,203
0,204
45,204
265,204
348,204
362,204
362,204
0,205
45,205
267,205
348,205
362,205
362,205
0,206
45,206
267,206
348,206
352,206
352,206
362,206
362,206
0,207
44,207
267,207
348,207
352,207
352,207
362,207
362,207
0,208
45,208
266,208
362,208
0,209
45,209
266,209
367,209
0,210
45,210
266,210
367,210
0,211
44,211
265,211
367,211
0,212
44,212
265,212
367,212
0,213
44,213
265,213
372,213
0,214
44,214
265,214
372,214
0,215
44,215
266,215
372,215
0,216
43,216
266,216
375,216
0,217
43,217
266,217
382,217
0,218
43,218
266,218
382,218
0,219
42,219
267,219
382,219
0,220
42,220
268,220
383,220
0,221
42,221
268,221
383,221
0,222
42,222
268,222
383,222
0,223
41,223
268,223
383,223
0,224
42,224
268,224
386,224
0,225
41,225
268,225
386,225
0,226
41,226
268,226
390,226
0,227
41,227
268,227
390,227
0,228
41,228
267,228
394,228
0,229
41,229
266,229
394,229
0,230
40,230
265,230
397,230
0,231
40,231
264,231
397,231
0,232
40,232
263,232
397,232
0,233
40,233
261,233
406,233
0,234
39,234
260,234
406,234
0,235
39,235
259,235
411,235
414,235
414,235
0,236
39,236
257,236
414,236
0,237
39,237
254,237
415,237
418,237
418,237
0,238
39,238
253,238
422,238
0,239
39,239
249,239
250,239
252,239
427,239
0,240
39,240
247,240
427,240
0,241
39,241
246,241
427,241
0,242
39,242
245,242
427,242
0,243
39,243
244,243
427,243
0,244
39,244
244,244
431,244
0,245
39,245
245,245
434,245
0,246
39,246
243,246
438,246
0,247
39,247
242,247
438,247
0,248
39,248
242,248
442,248
0,249
39,249
241,249
463,249
0,250
39,250
241,250
463,250
0,251
39,251
241,251
463,251
0,252
39,252
241,252
463,252
0,253
39,253
240,253
479,253
0,254
39,254
240,254
479,254
0,255
39,255
240,255
479,255
0,256
39,256
240,256
479,256
0,257
39,257
240,257
479,257
0,258
39,258
241,258
479,258
0,259
39,259
242,259
479,259
0,260
39,260
242,260
479,260
0,261
39,261
243,261
479,261
0,262
39,262
243,262
479,262
0,263
39,263
244,263
479,263
0,264
39,264
245,264
479,264
0,265
39,265
245,265
479,265
0,266
39,266
244,266
479,266
0,267
39,267
242,267
479,267
0,268
39,268
240,268
479,268
0,269
39,269
240,269
479,269
0,270
39,270
240,270
479,270
0,271
39,271
240,271
479,271
0,272
39,272
240,272
479,272
0,273
39,273
240,273
479,273
0,274
39,274
241,274
479,274
0,275
39,275
241,275
479,275
0,276
39,276
243,276
479,276
0,277
39,277
244,277
479,277
0,278
39,278
244,278
479,278
0,279
39,279
245,279
479,279
0,280
40,280
246,280
479,280
0,281
40,281
247,281
479,281
0,282
40,282
247,282
479,282
0,283
40,283
248,283
479,283
0,284
40,284
250,284
479,284
0,285
40,285
253,285
479,285
0,286
40,286
255,286
278,286
282,286
479,286
0,287
40,287
257,287
271,287
284,287
479,287
0,288
40,288
286,288
479,288
0,289
40,289
289,289
479,289
0,290
40,290
290,290
479,290
0,291
40,291
290,291
479,291
0,292
40,292
292,292
479,292
0,293
40,293
294,293
479,293
0,294
41,294
295,294
479,294
0,295
41,295
295,295
479,295
0,296
41,296
296,296
479,296
0,297
39,297
41,297
41,297
297,297
479,297
0,298
41,298
297,298
479,298
0,299
41,299
296,299
479,299
0,300
41,300
294,300
479,300
0,301
41,301
293,301
479,301
0,302
41,302
292,302
479,302
0,303
41,303
290,303
479,303
0,304
41,304
291,304
479,304
0,305
41,305
293,305
479,305
0,306
41,306
294,306
479,306
0,307
41,307
295,307
479,307
0,308
42,308
295,308
479,308
0,309
42,309
298,309
479,309
0,310
42,310
299,310
479,310
0,311
42,311
300,311
479,311
0,312
42,312
302,312
479,312
0,313
40,313
42,313
42,313
304,313
479,313
0,314
42,314
304,314
479,314
0,315
42,315
305,315
479,315
0,316
42,316
305,316
479,316
0,317
42,317
307,317
479,317
0,318
42,318
308,318
479,318
0,319
42,319
309,319
479,319
0,320
42,320
310,320
479,320
0,321
42,321
311,321
479,321
0,322
42,322
313,322
479,322
0,323
42,323
313,323
479,323
0,324
43,324
314,324
479,324
0,325
43,325
315,325
479,325
0,326
43,326
316,326
479,326
0,327
43,327
316,327
479,327
0,328
43,328
318,328
479,328
0,329
43,329
320,329
479,329
0,330
43,330
321,330
479,330
0,331
43,331
321,331
479,331
0,332
43,332
322,332
479,332
0,333
43,333
323,333
479,333
0,334
43,334
324,334
479,334
0,335
43,335
325,335
479,335
0,336
43,336
327,336
479,336
0,337
44,337
327,337
479,337
0,338
44,338
329,338
479,338
0,339
44,339
330,339
479,339
0,340
44,340
330,340
479,340
0,341
44,341
331,341
479,341
0,342
44,342
334,342
479,342
0,343
44,343
334,343
479,343
0,344
44,344
335,344
479,344
0,345
44,345
337,345
479,345
0,346
44,346
338,346
479,346
0,347
45,347
338,347
479,347
0,348
45,348
339,348
479,348
0,349
45,349
339,349
479,349
0,350
45,350
340,350
479,350
0,351
45,351
342,351
479,351
0,352
45,352
342,352
479,352
0,353
45,353
344,353
479,353
0,354
45,354
345,354
479,354
0,355
45,355
346,355
479,355
0,356
45,356
347,356
479,356
0,357
45,357
347,357
479,357
0,358
45,358
348,358
479,358
0,359
45,359
349,359
479,359
