0,0
207,0
0,1
207,1
0,2
207,2
0,3
207,3
0,4
207,4
0,5
207,5
0,6
207,6
0,7
207,7
0,8
207,8
0,9
207,9
0,10
207,10
0,11
207,11
0,12
207,12
0,13
207,13
0,14
207,14
0,15
207,15
0,16
210,16
0,17
210,17
0,18
210,18
0,19
210,19
0,20
210,20
0,21
210,21
0,22
212,22
0,23
212,23
0,24
212,24
0,25
212,25
0,26
212,26
0,27
212,27
0,28
212,28
0,29
212,29
0,30
212,30
0,31
212,31
0,32
211,32
0,33
211,33
0,34
215,34
0,35
215,35
0,36
215,36
0,37
215,37
0,38
215,38
0,39
215,39
0,40
215,40
0,41
215,41
0,42
215,42
0,43
215,43
0,44
217,44
0,45
217,45
0,46
217,46
0,47
217,47
0,48
221,48
0,49
221,49
0,50
221,50
0,51
221,51
0,52
221,52
0,53
221,53
0,54
223,54
0,55
223,55
0,56
223,56
0,57
223,57
0,58
223,58
0,59
223,59
0,60
223,60
0,61
223,61
0,62
223,62
0,63
223,63
0,64
224,64
0,65
224,65
0,66
226,66
0,67
226,67
0,68
226,68
0,69
226,69
0,70
228,70
0,71
228,71
0,72
228,72
0,73
229,73
0,74
229,74
0,75
229,75
0,76
230,76
0,77
230,77
0,78
230,78
0,79
231,79
0,80
231,80
0,81
231,81
0,82
231,82
0,83
231,83
0,84
231,84
0,85
231,85
0,86
231,86
0,87
231,87
0,88
233,88
0,89
233,89
0,90
233,90
0,91
233,91
0,92
233,92
0,93
233,93
0,94
233,94
0,95
233,95
0,96
239,96
0,97
239,97
0,98
239,98
0,99
240,99
242,99
242,99
0,100
243,100
0,101
244,101
0,102
244,102
0,103
245,103
0,104
245,104
0,105
245,105
0,106
245,106
0,107
245,107
0,108
245,108
0,109
245,109
0,110
245,110
0,111
245,111
0,112
248,112
0,113
248,113
0,114
248,114
0,115
248,115
0,116
248,116
0,117
248,117
0,118
248,118
0,119
248,119
0,120
248,120
0,121
248,121
0,122
248,122
0,123
248,123
0,124
248,124
0,125
248,125
0,126
253,126
0,127
257,127
0,128
258,128
0,129
260,129
0,130
261,130
0,131
50,131
52,131
57,131
75,131
75,131
77,131
78,131
80,131
261,131
0,132
53,132
55,132
55,132
81,132
261,132
0,133
51,133
84,133
261,133
0,134
47,134
90,134
261,134
0,135
44,135
96,135
261,135
0,136
36,136
38,136
41,136
104,136
261,136
0,137
37,137
114,137
263,137
0,138
34,138
116,138
263,138
0,139
33,139
118,139
263,139
0,140
30,140
119,140
264,140
0,141
29,141
122,141
265,141
0,142
27,142
125,142
265,142
0,143
23,143
128,143
266,143
0,144
22,144
130,144
268,144
0,145
20,145
132,145
268,145
0,146
17,146
135,146
269,146
0,147
16,147
137,147
269,147
0,148
10,148
13,148
13,148
139,148
140,148
142,148
269,148
0,149
10,149
144,149
269,149
0,150
9,150
145,150
269,150
0,151
7,151
147,151
270,151
0,152
6,152
147,152
272,152
0,153
3,153
149,153
273,153
0,154
2,154
151,154
274,154
0,155
0,155
152,155
274,155
153,156
278,156
153,157
279,157
151,158
279,158
147,159
275,159
147,160
279,160
282,160
282,160
148,161
284,161
148,162
285,162
148,163
285,163
149,164
285,164
150,165
285,165
151,166
287,166
153,167
287,167
153,168
287,168
154,169
287,169
154,170
287,170
154,171
287,171
155,172
289,172
156,173
290,173
156,174
290,174
158,175
290,175
158,176
292,176
159,177
292,177
159,178
293,178
160,179
293,179
160,180
294,180
160,181
294,181
159,182
300,182
157,183
157,183
159,183
300,183
157,184
304,184
157,185
304,185
157,186
305,186
158,187
305,187
158,188
303,188
159,189
303,189
159,190
303,190
159,191
307,191
159,192
311,192
159,193
313,193
159,194
313,194
159,195
313,195
159,196
314,196
158,197
316,197
158,198
316,198
158,199
316,199
158,200
318,200
157,201
323,201
157,202
323,202
156,203
323,203
155,204
326,204
154,205
328,205
153,206
328,206
152,207
328,207
153,208
329,208
152,209
330,209
149,210
330,210
148,211
330,211
148,212
330,212
147,213
332,213
147,214
340,214
149,215
155,215
157,215
340,215
150,216
155,216
157,216
164,216
168,216
342,216
153,217
154,217
159,217
162,217
169,217
344,217
170,218
344,218
170,219
344,219
170,220
350,220
170,221
351,221
170,222
351,222
170,223
351,223
169,224
353,224
169,225
354,225
169,226
358,226
169,227
358,227
169,228
358,228
169,229
358,229
169,230
364,230
168,231
364,231
168,232
364,232
168,233
366,233
169,234
367,234
171,235
368,235
171,236
372,236
172,237
372,237
172,238
375,238
173,239
377,239
174,240
383,240
174,241
383,241
175,242
383,242
175,243
383,243
175,244
383,244
175,245
385,245
175,246
387,246
175,247
390,247
174,248
395,248
173,249
395,249
173,250
395,250
173,251
395,251
172,252
399,252
172,253
402,253
172,254
402,254
172,255
406,255
173,256
415,256
173,257
415,257
174,258
422,258
175,259
423,259
176,260
423,260
178,261
427,261
179,262
429,262
179,263
429,263
179,264
429,264
432,264
443,264
179,265
447,265
179,266
447,266
178,267
447,267
178,268
447,268
178,269
447,269
178,270
447,270
178,271
463,271
179,272
463,272
179,273
472,273
179,274
477,274
180,275
479,275
180,276
479,276
180,277
479,277
180,278
479,278
180,279
479,279
180,280
479,280
180,281
479,281
180,282
479,282
181,283
479,283
180,284
479,284
180,285
479,285
180,286
479,286
180,287
479,287
180,288
479,288
178,289
479,289
177,290
479,290
175,291
479,291
175,292
479,292
174,293
479,293
171,294
479,294
170,295
479,295
168,296
479,296
167,297
479,297
166,298
479,298
164,299
479,299
161,300
479,300
160,301
479,301
156,302
157,302
160,302
479,302
154,303
479,303
154,304
479,304
153,305
479,305
154,306
479,306
154,307
479,307
154,308
479,308
155,309
479,309
156,310
479,310
156,311
479,311
157,312
479,312
158,313
479,313
158,314
479,314
159,315
479,315
160,316
479,316
161,317
479,317
162,318
479,318
162,319
479,319
162,320
479,320
162,321
479,321
161,322
479,322
157,323
158,323
161,323
479,323
157,324
479,324
156,325
479,325
155,326
479,326
154,327
479,327
152,328
479,328
152,329
479,329
152,330
479,330
152,331
479,331
151,332
479,332
151,333
479,333
151,334
479,334
151,335
479,335
151,336
479,336
152,337
479,337
155,338
479,338
157,339
479,339
161,340
479,340
164,341
479,341
166,342
180,342
195,342
479,342
168,343
173,343
197,343
479,343
200,344
479,344
201,345
479,345
202,346
479,346
201,347
479,347
201,348
479,348
200,349
479,349
200,350
479,350
200,351
479,351
212,352
479,352
214,353
479,353
217,354
479,354
218,355
479,355
227,356
479,356
230,357
479,357
233,358
479,358
235,359
479,359
