0,0
66,0
0,1
66,1
0,2
66,2
0,3
66,3
0,4
66,4
0,5
66,5
0,6
66,6
0,7
66,7
0,8
66,8
0,9
66,9
0,10
66,10
0,11
66,11
0,12
66,12
0,13
66,13
0,14
66,14
0,15
66,15
0,16
66,16
0,17
66,17
0,18
66,18
0,19
66,19
0,20
66,20
0,21
66,21
0,22
66,22
0,23
66,23
0,24
66,24
0,25
66,25
0,26
66,26
0,27
66,27
0,28
66,28
0,29
66,29
0,30
66,30
0,31
66,31
0,32
63,32
0,33
63,33
0,34
63,34
0,35
63,35
0,36
63,36
0,37
63,37
0,38
65,38
0,39
65,39
0,40
65,40
0,41
65,41
0,42
65,42
0,43
65,43
0,44
65,44
0,45
65,45
0,46
65,46
0,47
65,47
0,48
64,48
0,49
64,49
0,50
64,50
0,51
64,51
0,52
64,52
0,53
64,53
0,54
64,54
0,55
64,55
0,56
64,56
0,57
64,57
0,58
64,58
0,59
64,59
0,60
64,60
0,61
64,61
0,62
64,62
0,63
64,63
0,64
64,64
0,65
64,65
0,66
64,66
0,67
64,67
0,68
64,68
0,69
64,69
0,70
64,70
0,71
64,71
0,72
64,72
0,73
64,73
0,74
64,74
0,75
64,75
0,76
64,76
0,77
64,77
0,78
64,78
0,79
63,79
0,80
61,80
64,80
64,80
0,81
64,81
0,82
64,82
0,83
65,83
0,84
65,84
0,85
65,85
0,86
65,86
0,87
65,87
0,88
65,88
0,89
65,89
0,90
66,90
0,91
66,91
0,92
66,92
0,93
66,93
0,94
66,94
0,95
66,95
0,96
67,96
0,97
67,97
0,98
67,98
0,99
67,99
0,100
67,100
0,101
67,101
0,102
67,102
0,103
67,103
0,104
67,104
0,105
67,105
0,106
67,106
0,107
67,107
0,108
67,108
0,109
67,109
0,110
67,110
0,111
69,111
0,112
72,112
0,113
72,113
0,114
72,114
0,115
72,115
0,116
72,116
0,117
72,117
0,118
72,118
0,119
73,119
0,120
73,120
0,121
73,121
0,122
73,122
0,123
74,123
0,124
74,124
0,125
74,125
0,126
75,126
0,127
75,127
0,128
75,128
0,129
75,129
0,130
77,130
0,131
77,131
0,132
77,132
0,133
77,133
0,134
77,134
0,135
77,135
0,136
77,136
0,137
77,137
0,138
77,138
0,139
77,139
0,140
77,140
0,141
77,141
0,142
78,142
0,143
79,143
0,144
79,144
0,145
79,145
0,146
79,146
0,147
79,147
0,148
79,148
0,149
79,149
0,150
79,150
0,151
79,151
0,152
79,152
0,153
79,153
0,154
79,154
0,155
79,155
0,156
79,156
0,157
79,157
0,158
79,158
0,159
79,159
0,160
75,160
0,161
75,161
0,162
75,162
0,163
77,163
0,164
77,164
0,165
77,165
0,166
77,166
0,167
78,167
80,167
80,167
0,168
76,168
79,168
79,168
0,169
76,169
0,170
73,170
0,171
75,171
0,172
74,172
0,173
72,173
0,174
71,174
0,175
71,175
0,176
66,176
69,176
69,176
0,177
66,177
69,177
69,177
0,178
66,178
68,178
68,178
0,179
65,179
68,179
68,179
0,180
65,180
68,180
68,180
0,181
65,181
67,181
67,181
0,182
65,182
67,182
67,182
0,183
65,183
67,183
67,183
0,184
65,184
0,185
63,185
67,185
67,185
0,186
63,186
67,186
67,186
0,187
63,187
67,187
67,187
0,188
63,188
67,188
67,188
0,189
64,189
0,190
64,190
0,191
64,191
0,192
65,192
113,192
113,192
0,193
65,193
112,193
112,193
0,194
65,194
111,194
111,194
0,195
65,195
110,195
111,195
0,196
65,196
0,197
65,197
0,198
65,198
0,199
63,199
65,199
65,199
0,200
63,200
65,200
65,200
0,201
63,201
65,201
65,201
107,201
107,201
0,202
63,202
65,202
65,202
106,202
106,202
0,203
63,203
65,203
65,203
106,203
106,203
0,204
63,204
65,204
65,204
0,205
63,205
65,205
65,205
0,206
65,206
0,207
63,207
65,207
65,207
103,207
103,207
0,208
63,208
103,208
103,208
0,209
63,209
0,210
63,210
0,211
63,211
101,211
101,211
0,212
63,212
0,213
63,213
100,213
100,213
0,214
63,214
100,214
100,214
0,215
63,215
98,215
98,215
0,216
63,216
97,216
98,216
0,217
63,217
97,217
98,217
0,218
63,218
97,218
97,218
0,219
63,219
97,219
97,219
0,220
63,220
0,221
63,221
0,222
63,222
0,223
63,223
0,224
63,224
0,225
63,225
0,226
63,226
93,226
93,226
134,226
134,226
0,227
63,227
133,227
133,227
0,228
63,228
132,228
133,228
0,229
63,229
131,229
132,229
0,230
63,230
131,230
131,230
0,231
60,231
62,231
63,231
0,232
60,232
62,232
62,232
0,233
62,233
127,233
127,233
0,234
61,234
126,234
126,234
0,235
61,235
0,236
61,236
0,237
61,237
123,237
123,237
0,238
60,238
122,238
122,238
0,239
58,239
60,239
60,239
0,240
58,240
60,240
60,240
0,241
58,241
60,241
60,241
119,241
119,241
0,242
58,242
60,242
60,242
116,242
116,242
118,242
118,242
0,243
57,243
60,243
60,243
116,243
116,243
0,244
56,244
60,244
60,244
116,244
117,244
0,245
56,245
115,245
115,245
0,246
56,246
114,246
115,246
0,247
56,247
59,247
59,247
114,247
114,247
0,248
53,248
55,248
56,248
59,248
59,248
0,249
53,249
55,249
56,249
0,250
53,250
55,250
56,250
0,251
48,251
55,251
56,251
0,252
43,252
45,252
46,252
58,252
58,252
0,253
44,253
0,254
43,254
0,255
43,255
0,256
38,256
0,257
38,257
0,258
37,258
142,258
142,258
0,259
34,259
0,260
34,260
0,261
32,261
0,262
32,262
0,263
32,263
0,264
31,264
0,265
31,265
0,266
31,266
0,267
31,267
0,268
31,268
0,269
31,269
0,270
31,270
0,271
31,271
0,272
31,272
0,273
32,273
0,274
32,274
158,274
158,274
0,275
32,275
155,275
155,275
0,276
32,276
152,276
152,276
0,277
33,277
149,277
149,277
0,278
33,278
147,278
147,278
0,279
33,279
0,280
33,280
141,280
141,280
0,281
31,281
33,281
34,281
0,282
34,282
0,283
34,283
0,284
34,284
0,285
34,285
0,286
35,286
0,287
35,287
131,287
131,287
0,288
36,288
130,288
131,288
0,289
36,289
130,289
131,289
0,290
34,290
36,290
36,290
131,290
132,290
0,291
34,291
36,291
37,291
131,291
131,291
0,292
37,292
0,293
37,293
0,294
37,294
131,294
131,294
0,295
38,295
129,295
129,295
131,295
131,295
0,296
38,296
129,296
133,296
0,297
38,297
130,297
133,297
0,298
39,298
129,298
133,298
0,299
39,299
130,299
134,299
0,300
39,300
130,300
134,300
0,301
40,301
128,301
128,301
130,301
134,301
0,302
40,302
128,302
143,302
0,303
40,303
128,303
143,303
0,304
39,304
128,304
145,304
0,305
38,305
128,305
146,305
0,306
38,306
127,306
150,306
0,307
38,307
127,307
150,307
0,308
37,308
125,308
151,308
0,309
37,309
124,309
154,309
0,310
37,310
124,310
154,310
0,311
37,311
124,311
154,311
0,312
36,312
124,312
155,312
0,313
36,313
124,313
157,313
0,314
36,314
127,314
157,314
0,315
35,315
127,315
157,315
0,316
35,316
127,316
159,316
0,317
35,317
122,317
122,317
127,317
159,317
0,318
34,318
126,318
159,318
0,319
34,319
126,319
159,319
0,320
33,320
126,320
167,320
0,321
33,321
126,321
167,321
0,322
33,322
125,322
170,322
0,323
33,323
125,323
170,323
0,324
33,324
125,324
171,324
0,325
33,325
125,325
171,325
0,326
15,326
21,326
33,326
123,326
173,326
0,327
15,327
23,327
33,327
123,327
173,327
0,328
13,328
24,328
32,328
121,328
173,328
176,328
182,328
0,329
10,329
25,329
32,329
120,329
173,329
176,329
183,329
0,330
8,330
27,330
32,330
119,330
173,330
176,330
183,330
0,331
7,331
27,331
32,331
120,331
173,331
176,331
183,331
0,332
7,332
115,332
116,332
119,332
173,332
176,332
183,332
0,333
7,333
115,333
115,333
119,333
183,333
0,334
7,334
115,334
191,334
0,335
7,335
113,335
191,335
0,336
7,336
12,336
12,336
112,336
201,336
0,337
6,337
9,337
10,337
111,337
201,337
208,337
210,337
0,338
6,338
111,338
214,338
0,339
6,339
111,339
214,339
0,340
0,340
2,340
5,340
109,340
214,340
2,341
3,341
108,341
217,341
0,342
0,342
108,342
217,342
107,343
220,343
105,344
225,344
106,345
225,345
107,346
225,346
107,347
225,347
109,348
227,348
109,349
227,349
112,350
227,350
112,351
230,351
113,352
239,352
114,353
239,353
116,354
239,354
116,355
239,355
118,356
239,356
119,357
239,357
120,358
239,358
120,359
239,359
