0,0
6,0
0,1
6,1
0,2
6,2
0,3
6,3
0,4
6,4
0,5
6,5
0,6
6,6
0,7
6,7
0,8
6,8
0,9
6,9
0,10
6,10
0,11
6,11
0,12
6,12
0,13
6,13
0,14
6,14
0,15
6,15
0,16
6,16
0,17
6,17
0,18
6,18
0,19
6,19
0,20
6,20
0,21
6,21
0,22
6,22
0,23
6,23
0,24
6,24
0,25
6,25
0,26
6,26
0,27
6,27
0,28
6,28
0,29
6,29
0,30
6,30
0,31
6,31
0,32
6,32
0,33
6,33
0,34
6,34
0,35
6,35
0,36
6,36
0,37
6,37
0,38
7,38
0,39
7,39
0,40
7,40
0,41
7,41
0,42
7,42
0,43
7,43
0,44
7,44
0,45
7,45
0,46
7,46
0,47
7,47
0,48
8,48
0,49
8,49
0,50
8,50
0,51
8,51
0,52
8,52
0,53
8,53
0,54
8,54
0,55
8,55
0,56
8,56
0,57
8,57
0,58
8,58
0,59
8,59
0,60
8,60
0,61
8,61
0,62
8,62
0,63
9,63
0,64
11,64
0,65
11,65
0,66
11,66
0,67
11,67
0,68
11,68
0,69
11,69
0,70
11,70
0,71
11,71
0,72
11,72
0,73
11,73
0,74
11,74
0,75
11,75
0,76
11,76
0,77
11,77
0,78
11,78
0,79
11,79
0,80
11,80
0,81
11,81
0,82
11,82
0,83
11,83
0,84
11,84
0,85
11,85
0,86
11,86
0,87
11,87
0,88
11,88
0,89
11,89
0,90
11,90
0,91
11,91
0,92
11,92
0,93
11,93
0,94
11,94
0,95
11,95
0,96
13,96
0,97
13,97
0,98
13,98
0,99
13,99
0,100
13,100
0,101
13,101
0,102
13,102
0,103
13,103
0,104
13,104
0,105
13,105
0,106
13,106
0,107
13,107
0,108
13,108
0,109
13,109
0,110
13,110
0,111
15,111
0,112
16,112
0,113
16,113
0,114
17,114
0,115
17,115
0,116
17,116
0,117
17,117
0,118
17,118
0,119
17,119
0,120
17,120
0,121
18,121
0,122
18,122
0,123
18,123
0,124
18,124
0,125
18,125
0,126
19,126
0,127
19,127
0,128
21,128
0,129
21,129
0,130
22,130
0,131
22,131
0,132
22,132
0,133
22,133
0,134
22,134
0,135
22,135
0,136
22,136
0,137
22,137
0,138
22,138
0,139
22,139
0,140
22,140
0,141
22,141
0,142
22,142
0,143
23,143
0,144
26,144
0,145
26,145
0,146
27,146
0,147
27,147
0,148
27,148
0,149
28,149
0,150
28,150
0,151
28,151
0,152
28,152
0,153
28,153
0,154
28,154
0,155
28,155
0,156
28,156
0,157
28,157
0,158
28,158
0,159
29,159
0,160
31,160
0,161
31,161
0,162
31,162
0,163
31,163
0,164
31,164
0,165
31,165
0,166
31,166
0,167
31,167
0,168
31,168
0,169
31,169
0,170
31,170
0,171
31,171
0,172
31,172
0,173
31,173
0,174
31,174
0,175
34,175
0,176
35,176
0,177
35,177
0,178
38,178
0,179
38,179
0,180
38,180
0,181
38,181
0,182
38,182
0,183
38,183
0,184
39,184
0,185
39,185
0,186
39,186
0,187
39,187
0,188
39,188
0,189
39,189
0,190
39,190
0,191
39,191
0,192
39,192
0,193
39,193
0,194
39,194
0,195
39,195
0,196
39,196
0,197
39,197
0,198
39,198
0,199
39,199
0,200
39,200
0,201
39,201
0,202
39,202
0,203
39,203
0,204
25,204
28,204
38,204
0,205
28,205
34,205
35,205
37,205
38,205
0,206
23,206
25,206
26,206
35,206
35,206
37,206
38,206
41,206
43,206
0,207
23,207
25,207
25,207
37,207
43,207
0,208
21,208
23,208
23,208
37,208
51,208
0,209
21,209
37,209
51,209
0,210
19,210
38,210
51,210
0,211
19,211
39,211
51,211
0,212
18,212
39,212
51,212
0,213
17,213
39,213
51,213
0,214
15,214
40,214
51,214
0,215
15,215
41,215
51,215
0,216
14,216
41,216
51,216
0,217
13,217
40,217
51,217
0,218
13,218
40,218
51,218
0,219
12,219
41,219
51,219
0,220
12,220
40,220
51,220
0,221
12,221
41,221
53,221
70,221
70,221
0,222
11,222
41,222
54,222
0,223
11,223
41,223
54,223
68,223
68,223
0,224
11,224
41,224
55,224
0,225
8,225
10,225
10,225
41,225
55,225
66,225
66,225
0,226
8,226
10,226
10,226
41,226
55,226
0,227
8,227
10,227
10,227
41,227
42,227
45,227
55,227
64,227
64,227
0,228
8,228
41,228
42,228
45,228
55,228
0,229
6,229
10,229
10,229
41,229
42,229
45,229
55,229
0,230
6,230
10,230
10,230
41,230
55,230
0,231
6,231
10,231
10,231
41,231
55,231
60,231
60,231
0,232
6,232
9,232
9,232
40,232
55,232
59,232
59,232
0,233
6,233
9,233
9,233
40,233
55,233
59,233
59,233
0,234
6,234
9,234
9,234
40,234
55,234
57,234
58,234
0,235
6,235
9,235
9,235
40,235
55,235
57,235
57,235
0,236
7,236
40,236
55,236
0,237
7,237
39,237
55,237
0,238
7,238
39,238
55,238
0,239
7,239
39,239
55,239
0,240
7,240
39,240
53,240
0,241
7,241
39,241
53,241
0,242
7,242
38,242
50,242
52,242
52,242
0,243
6,243
8,243
8,243
38,243
50,243
0,244
5,244
7,244
7,244
38,244
50,244
0,245
5,245
7,245
7,245
38,245
49,245
0,246
5,246
38,246
48,246
0,247
5,247
7,247
7,247
39,247
49,247
76,247
76,247
0,248
5,248
7,248
7,248
38,248
48,248
0,249
5,249
7,249
7,249
39,249
48,249
75,249
75,249
104,249
104,249
0,250
7,250
39,250
47,250
75,250
75,250
0,251
5,251
7,251
7,251
39,251
46,251
75,251
75,251
0,252
5,252
39,252
46,252
0,253
5,253
39,253
43,253
45,253
46,253
75,253
75,253
0,254
5,254
36,254
36,254
38,254
45,254
0,255
5,255
36,255
36,255
38,255
44,255
0,256
5,256
36,256
44,256
73,256
73,256
0,257
5,257
36,257
43,257
72,257
72,257
0,258
5,258
36,258
42,258
72,258
72,258
0,259
5,259
36,259
42,259
0,260
5,260
36,260
41,260
0,261
5,261
36,261
40,261
72,261
72,261
0,262
5,262
36,262
40,262
85,262
86,262
0,263
5,263
36,263
39,263
69,263
69,263
0,264
5,264
36,264
38,264
0,265
5,265
36,265
38,265
0,266
5,266
35,266
35,266
37,266
38,266
68,266
69,266
81,266
81,266
0,267
5,267
35,267
35,267
37,267
37,267
68,267
69,267
80,267
80,267
0,268
5,268
35,268
35,268
67,268
69,268
79,268
79,268
0,269
2,269
4,269
4,269
35,269
35,269
68,269
71,269
77,269
78,269
0,270
2,270
4,270
4,270
35,270
35,270
67,270
71,270
77,270
77,270
0,271
4,271
35,271
35,271
67,271
71,271
75,271
76,271
0,272
3,272
66,272
69,272
74,272
74,272
0,273
3,273
66,273
69,273
0,274
3,274
65,274
69,274
0,275
3,275
65,275
71,275
0,276
0,276
2,276
2,276
64,276
70,276
0,277
0,277
2,277
2,277
63,277
67,277
0,278
2,278
62,278
67,278
0,279
2,279
62,279
63,279
65,279
67,279
0,280
2,280
61,280
61,280
65,280
65,280
93,280
93,280
0,281
1,281
60,281
60,281
65,281
65,281
93,281
93,281
0,282
1,282
60,282
60,282
63,282
63,282
93,282
93,282
0,283
1,283
60,283
62,283
92,283
92,283
0,284
1,284
60,284
62,284
92,284
92,284
0,285
1,285
60,285
61,285
89,285
90,285
92,285
93,285
0,286
0,286
58,286
58,286
60,286
60,286
92,286
92,286
0,287
0,287
59,287
59,287
0,288
0,288
57,288
57,288
0,289
0,289
56,289
57,289
56,290
56,290
83,292
83,292
83,293
83,293
89,296
90,296
79,299
79,299
79,300
79,300
124,303
124,303
118,308
118,308
116,309
116,309
107,312
110,312
104,313
106,313
101,314
104,314
98,315
104,315
94,316
113,316
94,317
114,317
88,318
94,318
98,318
114,318
87,319
94,319
97,319
114,319
86,320
112,320
83,321
111,321
82,322
112,322
80,323
112,323
78,324
114,324
77,325
115,325
75,326
118,326
74,327
118,327
74,328
122,328
74,329
122,329
74,330
124,330
73,331
124,331
73,332
125,332
72,333
125,333
72,334
127,334
72,335
127,335
72,336
129,336
72,337
130,337
71,338
138,338
71,339
138,339
71,340
140,340
71,341
141,341
71,342
143,342
70,343
143,343
69,344
150,344
68,345
151,345
68,346
158,346
68,347
159,347
68,348
160,348
68,349
162,349
67,350
162,350
67,351
163,351
66,352
163,352
66,353
163,353
65,354
163,354
65,355
163,355
64,356
163,356
64,357
163,357
63,358
165,358
63,359
165,359
