235,336
237,336
233,337
239,337
244,337
245,337
230,338
247,338
229,339
239,339
241,339
248,339
229,340
249,340
228,341
251,341
226,342
252,342
225,343
252,343
225,344
252,344
225,345
254,345
224,346
254,346
224,347
255,347
224,348
255,348
223,349
255,349
223,350
255,350
222,351
256,351
221,352
257,352
220,353
257,353
219,354
220,354
222,354
256,354
221,355
256,355
222,356
255,356
223,357
255,357
76,358
77,358
224,358
255,358
258,358
258,358
69,359
77,359
220,359
220,359
224,359
258,359
393,359
401,359
