97,175
97,175
253,175
253,175
97,176
97,176
250,176
254,176
94,177
97,177
250,177
253,177
95,178
95,178
97,178
98,178
249,178
253,178
95,179
99,179
248,179
252,179
95,180
99,180
243,180
252,180
95,181
96,181
98,181
99,181
232,181
234,181
241,181
244,181
246,181
252,181
95,182
101,182
232,182
237,182
239,182
253,182
405,182
405,182
96,183
102,183
230,183
251,183
253,183
253,183
405,183
406,183
96,184
103,184
230,184
239,184
241,184
251,184
253,184
254,184
405,184
405,184
95,185
102,185
230,185
253,185
405,185
405,185
94,186
104,186
231,186
255,186
405,186
406,186
93,187
103,187
193,187
194,187
231,187
255,187
405,187
406,187
91,188
103,188
191,188
196,188
231,188
256,188
406,188
406,188
91,189
103,189
190,189
192,189
194,189
196,189
231,189
256,189
406,189
406,189
89,190
103,190
189,190
196,190
231,190
256,190
406,190
406,190
88,191
104,191
188,191
197,191
231,191
257,191
406,191
406,191
88,192
103,192
105,192
105,192
188,192
198,192
230,192
257,192
406,192
407,192
87,193
106,193
188,193
198,193
229,193
257,193
405,193
410,193
85,194
107,194
188,194
198,194
209,194
209,194
229,194
259,194
404,194
405,194
409,194
411,194
84,195
108,195
187,195
199,195
207,195
207,195
209,195
211,195
213,195
213,195
228,195
259,195
403,195
413,195
79,196
79,196
84,196
84,196
86,196
110,196
187,196
201,196
207,196
207,196
209,196
210,196
214,196
215,196
228,196
259,196
403,196
414,196
78,197
80,197
83,197
114,197
187,197
202,197
207,197
207,197
209,197
211,197
215,197
215,197
227,197
261,197
402,197
416,197
77,198
115,198
187,198
203,198
206,198
207,198
209,198
209,198
211,198
212,198
227,198
260,198
402,198
417,198
75,199
77,199
79,199
116,199
187,199
207,199
209,199
212,199
228,199
258,199
401,199
401,199
403,199
419,199
77,200
115,200
187,200
214,200
229,200
257,200
400,200
420,200
79,201
114,201
187,201
198,201
201,201
215,201
229,201
256,201
399,201
421,201
79,202
114,202
187,202
195,202
202,202
218,202
229,202
256,202
399,202
422,202
79,203
113,203
188,203
188,203
190,203
195,203
202,203
202,203
204,203
214,203
216,203
220,203
228,203
256,203
398,203
399,203
401,203
426,203
430,203
431,203
79,204
113,204
188,204
193,204
204,204
222,204
230,204
256,204
397,204
430,204
80,205
113,205
189,205
191,205
201,205
201,205
204,205
224,205
230,205
255,205
397,205
429,205
81,206
113,206
201,206
201,206
204,206
218,206
221,206
225,206
229,206
255,206
396,206
426,206
429,206
429,206
81,207
113,207
202,207
202,207
204,207
218,207
223,207
226,207
228,207
255,207
396,207
426,207
81,208
113,208
202,208
218,208
224,208
226,208
228,208
254,208
395,208
396,208
398,208
426,208
80,209
113,209
202,209
219,209
224,209
225,209
228,209
254,209
395,209
427,209
80,210
114,210
202,210
219,210
228,210
228,210
230,210
254,210
388,210
427,210
79,211
114,211
202,211
219,211
224,211
224,211
231,211
254,211
391,211
427,211
79,212
115,212
202,212
224,212
230,212
254,212
390,212
427,212
79,213
115,213
201,213
209,213
212,213
224,213
230,213
254,213
391,213
428,213
455,213
455,213
79,214
116,214
200,214
208,214
213,214
214,214
216,214
224,214
229,214
253,214
392,214
428,214
455,214
455,214
79,215
116,215
200,215
209,215
214,215
225,215
229,215
251,215
254,215
254,215
394,215
429,215
454,215
455,215
82,216
116,216
200,216
209,216
216,216
226,216
229,216
251,216
254,216
254,216
394,216
429,216
454,216
454,216
83,217
116,217
200,217
208,217
217,217
250,217
394,217
430,217
453,217
453,217
83,218
83,218
85,218
116,218
200,218
208,218
218,218
250,218
394,218
428,218
430,218
430,218
86,219
117,219
199,219
207,219
218,219
248,219
250,219
250,219
394,219
430,219
87,220
117,220
199,220
207,220
217,220
250,220
394,220
430,220
452,220
452,220
87,221
117,221
199,221
206,221
216,221
247,221
394,221
430,221
451,221
451,221
87,222
117,222
199,222
206,222
212,222
247,222
394,222
429,222
451,222
451,222
87,223
117,223
198,223
206,223
211,223
248,223
250,223
250,223
257,223
257,223
394,223
429,223
450,223
450,223
87,224
117,224
198,224
257,224
394,224
427,224
450,224
450,224
87,225
117,225
197,225
257,225
394,225
427,225
449,225
449,225
88,226
116,226
197,226
258,226
394,226
424,226
427,226
427,226
449,226
449,226
90,227
116,227
197,227
258,227
394,227
424,227
426,227
426,227
448,227
448,227
91,228
115,228
196,228
258,228
394,228
423,228
448,228
448,228
91,229
115,229
196,229
257,229
394,229
423,229
447,229
447,229
91,230
114,230
196,230
256,230
394,230
423,230
447,230
447,230
91,231
111,231
197,231
205,231
209,231
256,231
394,231
423,231
446,231
446,231
89,232
105,232
108,232
109,232
198,232
211,232
214,232
256,232
394,232
421,232
423,232
423,232
445,232
446,232
87,233
105,233
201,233
201,233
203,233
205,233
223,233
256,233
394,233
422,233
445,233
445,233
86,234
105,234
223,234
256,234
394,234
422,234
444,234
445,234
85,235
105,235
222,235
255,235
394,235
395,235
397,235
422,235
444,235
444,235
85,236
105,236
221,236
254,236
394,236
422,236
443,236
443,236
85,237
105,237
221,237
254,237
395,237
421,237
443,237
443,237
85,238
106,238
220,238
254,238
395,238
421,238
442,238
443,238
85,239
106,239
220,239
253,239
395,239
419,239
442,239
442,239
84,240
111,240
219,240
250,240
398,240
418,240
431,240
432,240
441,240
442,240
85,241
111,241
219,241
248,241
400,241
427,241
429,241
433,241
441,241
441,241
84,242
111,242
219,242
246,242
401,242
433,242
440,242
441,242
84,243
112,243
218,243
246,243
401,243
423,243
425,243
432,243
440,243
440,243
83,244
112,244
218,244
245,244
398,244
398,244
400,244
432,244
439,244
439,244
83,245
112,245
218,245
245,245
397,245
432,245
438,245
439,245
83,246
112,246
218,246
243,246
245,246
245,246
397,246
439,246
82,247
112,247
218,247
243,247
396,247
434,247
436,247
439,247
81,248
112,248
218,248
244,248
395,248
441,248
444,248
444,248
81,249
111,249
218,249
244,249
394,249
448,249
81,250
110,250
218,250
244,250
392,250
451,250
80,251
110,251
218,251
244,251
392,251
454,251
79,252
111,252
218,252
244,252
392,252
460,252
79,253
111,253
218,253
244,253
392,253
463,253
79,254
111,254
218,254
244,254
392,254
465,254
79,255
111,255
218,255
244,255
392,255
467,255
79,256
110,256
218,256
244,256
392,256
471,256
78,257
110,257
218,257
244,257
391,257
474,257
78,258
110,258
218,258
244,258
391,258
477,258
78,259
109,259
218,259
242,259
391,259
479,259
78,260
108,260
218,260
219,260
221,260
241,260
391,260
479,260
78,261
108,261
218,261
241,261
391,261
433,261
439,261
479,261
77,262
108,262
219,262
242,262
391,262
432,262
440,262
479,262
77,263
108,263
221,263
242,263
391,263
431,263
440,263
479,263
76,264
108,264
220,264
242,264
391,264
430,264
441,264
479,264
75,265
108,265
220,265
243,265
391,265
429,265
442,265
479,265
74,266
75,266
77,266
107,266
220,266
244,266
390,266
429,266
444,266
479,266
72,267
75,267
77,267
107,267
220,267
245,267
391,267
428,267
446,267
479,267
71,268
107,268
219,268
246,268
389,268
426,268
428,268
428,268
447,268
479,268
69,269
107,269
219,269
246,269
389,269
427,269
449,269
479,269
68,270
107,270
219,270
247,270
388,270
427,270
450,270
479,270
18,271
24,271
67,271
107,271
218,271
247,271
388,271
427,271
453,271
466,271
12,272
20,272
24,272
26,272
65,272
66,272
68,272
107,272
218,272
248,272
388,272
427,272
455,272
467,272
4,273
15,273
21,273
26,273
63,273
66,273
68,273
77,273
81,273
107,273
217,273
248,273
388,273
427,273
457,273
458,273
1,274
9,274
14,274
26,274
62,274
74,274
76,274
76,274
81,274
107,274
217,274
248,274
388,274
427,274
0,275
4,275
9,275
26,275
60,275
74,275
81,275
107,275
217,275
249,275
389,275
426,275
0,276
2,276
4,276
27,276
59,276
72,276
81,276
106,276
216,276
249,276
389,276
389,276
391,276
426,276
0,277
28,277
59,277
72,277
81,277
106,277
216,277
249,277
391,277
426,277
0,278
30,278
58,278
70,278
82,278
106,278
216,278
250,278
390,278
425,278
0,279
33,279
57,279
69,279
82,279
106,279
215,279
250,279
391,279
425,279
0,280
35,280
53,280
53,280
55,280
69,280
82,280
105,280
215,280
250,280
390,280
424,280
0,281
44,281
46,281
68,281
82,281
105,281
215,281
250,281
390,281
423,281
0,282
67,282
81,282
106,282
214,282
251,282
389,282
420,282
422,282
422,282
0,283
66,283
79,283
107,283
214,283
251,283
388,283
421,283
0,284
62,284
78,284
108,284
214,284
251,284
387,284
421,284
0,285
61,285
78,285
109,285
214,285
251,285
388,285
420,285
0,286
56,286
60,286
60,286
78,286
109,286
213,286
252,286
388,286
419,286
0,287
56,287
74,287
110,287
213,287
252,287
389,287
419,287
0,288
56,288
59,288
59,288
72,288
111,288
213,288
252,288
391,288
391,288
393,288
415,288
417,288
418,288
0,289
111,289
213,289
253,289
390,289
415,289
417,289
417,289
0,290
112,290
212,290
253,290
390,290
417,290
0,291
112,291
212,291
253,291
390,291
417,291
0,292
112,292
212,292
254,292
391,292
391,292
393,292
417,292
0,293
74,293
77,293
80,293
82,293
113,293
211,293
254,293
390,293
418,293
0,294
74,294
77,294
79,294
82,294
113,294
211,294
254,294
389,294
419,294
0,295
78,295
82,295
114,295
211,295
254,295
388,295
420,295
1,296
79,296
81,296
114,296
210,296
255,296
388,296
420,296
3,297
115,297
210,297
255,297
387,297
421,297
5,298
115,298
210,298
210,298
212,298
255,298
386,298
421,298
8,299
116,299
210,299
257,299
386,299
422,299
9,300
116,300
209,300
257,300
386,300
422,300
11,301
117,301
209,301
256,301
385,301
422,301
14,302
117,302
209,302
258,302
385,302
423,302
16,303
117,303
209,303
258,303
385,303
423,303
19,304
118,304
208,304
259,304
385,304
423,304
21,305
119,305
208,305
260,305
384,305
423,305
22,306
119,306
208,306
260,306
384,306
423,306
24,307
119,307
208,307
261,307
384,307
424,307
26,308
120,308
208,308
262,308
384,308
424,308
29,309
120,309
208,309
262,309
383,309
424,309
30,310
120,310
208,310
263,310
383,310
425,310
34,311
121,311
208,311
264,311
383,311
425,311
35,312
122,312
208,312
265,312
382,312
425,312
38,313
122,313
207,313
266,313
382,313
425,313
39,314
122,314
207,314
266,314
382,314
426,314
43,315
123,315
207,315
267,315
381,315
426,315
44,316
123,316
207,316
268,316
382,316
426,316
48,317
123,317
207,317
268,317
381,317
426,317
47,318
124,318
206,318
268,318
380,318
426,318
51,319
124,319
206,319
269,319
380,319
427,319
52,320
125,320
206,320
269,320
380,320
427,320
53,321
125,321
207,321
270,321
379,321
427,321
56,322
125,322
207,322
269,322
379,322
427,322
60,323
126,323
208,323
268,323
378,323
428,323
60,324
126,324
208,324
269,324
378,324
428,324
62,325
126,325
208,325
269,325
377,325
428,325
65,326
127,326
208,326
266,326
377,326
428,326
66,327
127,327
208,327
266,327
376,327
429,327
68,328
127,328
209,328
263,328
265,328
266,328
376,328
429,328
68,329
127,329
210,329
265,329
376,329
429,329
68,330
127,330
211,330
263,330
375,330
430,330
68,331
127,331
211,331
261,331
375,331
430,331
68,332
127,332
214,332
242,332
244,332
258,332
374,332
430,332
69,333
122,333
216,333
222,333
224,333
238,333
244,333
244,333
246,333
249,333
252,333
260,333
373,333
431,333
69,334
121,334
221,334
222,334
224,334
231,334
233,334
234,334
238,334
239,334
252,334
261,334
373,334
431,334
69,335
119,335
222,335
231,335
233,335
233,335
252,335
261,335
373,335
432,335
72,336
118,336
222,336
229,336
253,336
262,336
372,336
432,336
74,337
116,337
222,337
229,337
253,337
263,337
371,337
432,337
75,338
113,338
222,338
229,338
254,338
263,338
371,338
433,338
80,339
103,339
107,339
107,339
223,339
229,339
254,339
263,339
370,339
434,339
82,340
104,340
222,340
229,340
254,340
264,340
370,340
434,340
82,341
103,341
221,341
229,341
255,341
264,341
369,341
435,341
83,342
103,342
221,342
229,342
256,342
264,342
369,342
435,342
83,343
102,343
221,343
229,343
256,343
265,343
368,343
436,343
83,344
102,344
221,344
229,344
256,344
265,344
368,344
435,344
82,345
101,345
221,345
229,345
257,345
265,345
368,345
436,345
82,346
101,346
221,346
229,346
257,346
265,346
368,346
436,346
82,347
101,347
221,347
229,347
257,347
266,347
368,347
437,347
82,348
101,348
221,348
229,348
258,348
258,348
260,348
266,348
368,348
435,348
82,349
100,349
221,349
229,349
258,349
266,349
368,349
435,349
82,350
100,350
222,350
229,350
258,350
266,350
369,350
434,350
82,351
99,351
222,351
229,351
259,351
266,351
370,351
433,351
82,352
99,352
222,352
229,352
259,352
265,352
371,352
371,352
373,352
430,352
82,353
99,353
222,353
229,353
259,353
260,353
262,353
265,353
374,353
430,353
82,354
98,354
223,354
229,354
259,354
266,354
374,354
429,354
82,355
98,355
223,355
229,355
260,355
266,355
374,355
428,355
82,356
97,356
223,356
229,356
260,356
267,356
377,356
427,356
82,357
97,357
223,357
229,357
261,357
267,357
378,357
426,357
82,358
96,358
223,358
229,358
261,358
267,358
382,358
425,358
82,359
96,359
223,359
229,359
261,359
267,359
384,359
424,359
