399,109
399,109
400,110
400,110
401,111
401,111
401,112
401,112
401,113
401,113
401,114
401,114
401,115
401,115
400,116
400,116
398,117
399,117
395,118
398,118
394,119
397,119
393,120
399,120
391,121
399,121
240,122
243,122
390,122
400,122
239,123
243,123
388,123
399,123
401,123
401,123
240,124
240,124
243,124
244,124
387,124
402,124
103,125
103,125
240,125
243,125
383,125
402,125
103,126
103,126
240,126
242,126
381,126
403,126
102,127
104,127
240,127
242,127
379,127
404,127
103,128
104,128
239,128
245,128
375,128
375,128
378,128
405,128
101,129
104,129
238,129
246,129
376,129
403,129
405,129
405,129
101,130
105,130
237,130
238,130
240,130
244,130
246,130
247,130
374,130
374,130
376,130
403,130
405,130
406,130
100,131
106,131
236,131
248,131
374,131
374,131
376,131
407,131
100,132
107,132
235,132
249,132
374,132
374,132
376,132
408,132
100,133
100,133
103,133
108,133
234,133
248,133
250,133
250,133
375,133
407,133
410,133
411,133
100,134
108,134
233,134
250,134
376,134
410,134
99,135
108,135
232,135
253,135
376,135
410,135
97,136
98,136
100,136
108,136
232,136
255,136
377,136
409,136
412,136
412,136
96,137
97,137
99,137
108,137
231,137
256,137
259,137
259,137
377,137
408,137
412,137
412,137
95,138
107,138
230,138
259,138
377,138
410,138
93,139
107,139
224,139
226,139
229,139
259,139
377,139
409,139
92,140
107,140
225,140
258,140
376,140
408,140
91,141
108,141
225,141
257,141
376,141
408,141
89,142
109,142
226,142
256,142
376,142
408,142
88,143
89,143
91,143
110,143
227,143
256,143
376,143
409,143
87,144
110,144
227,144
256,144
376,144
407,144
79,145
83,145
87,145
111,145
228,145
256,145
376,145
409,145
79,146
83,146
85,146
111,146
228,146
257,146
376,146
409,146
81,147
86,147
88,147
112,147
229,147
255,147
257,147
258,147
375,147
410,147
443,147
445,147
81,148
113,148
229,148
258,148
376,148
410,148
444,148
446,148
82,149
114,149
229,149
258,149
376,149
410,149
445,149
447,149
82,150
117,150
229,150
258,150
376,150
410,150
444,150
445,150
82,151
118,151
228,151
258,151
376,151
410,151
83,152
119,152
228,152
259,152
376,152
410,152
83,153
117,153
228,153
259,153
376,153
410,153
83,154
117,154
228,154
229,154
231,154
259,154
370,154
370,154
376,154
410,154
412,154
414,154
83,155
116,155
228,155
259,155
369,155
372,155
376,155
410,155
82,156
115,156
229,156
260,156
368,156
372,156
376,156
409,156
82,157
115,157
230,157
260,157
367,157
373,157
376,157
409,157
82,158
115,158
231,158
232,158
234,158
261,158
367,158
408,158
82,159
115,159
234,159
261,159
367,159
407,159
81,160
115,160
235,160
260,160
367,160
407,160
81,161
116,161
236,161
259,161
367,161
406,161
81,162
116,162
235,162
259,162
367,162
403,162
405,162
405,162
81,163
116,163
235,163
259,163
368,163
403,163
405,163
405,163
82,164
116,164
238,164
260,164
344,164
347,164
367,164
404,164
83,165
83,165
85,165
117,165
238,165
260,165
340,165
343,165
345,165
347,165
361,165
362,165
364,165
404,165
85,166
117,166
239,166
261,166
338,166
342,166
344,166
347,166
364,166
398,166
401,166
402,166
87,167
117,167
239,167
261,167
337,167
349,167
364,167
397,167
401,167
401,167
87,168
117,168
239,168
260,168
337,168
351,168
364,168
397,168
88,169
118,169
238,169
255,169
257,169
258,169
338,169
349,169
364,169
400,169
87,170
118,170
234,170
234,170
236,170
255,170
258,170
258,170
335,170
335,170
338,170
349,170
363,170
403,170
88,171
118,171
232,171
235,171
238,171
256,171
339,171
350,171
362,171
405,171
88,172
118,172
227,172
256,172
339,172
351,172
360,172
407,172
88,173
119,173
227,173
258,173
339,173
350,173
358,173
408,173
88,174
119,174
227,174
262,174
340,174
350,174
357,174
408,174
88,175
119,175
217,175
218,175
226,175
227,175
230,175
264,175
341,175
350,175
357,175
408,175
89,176
90,176
92,176
118,176
213,176
214,176
216,176
219,176
226,176
262,176
264,176
267,176
341,176
350,176
356,176
408,176
90,177
118,177
213,177
216,177
218,177
219,177
224,177
267,177
341,177
350,177
356,177
408,177
90,178
92,178
94,178
117,178
211,178
219,178
223,178
268,178
341,178
350,178
355,178
408,178
92,179
117,179
211,179
267,179
341,179
350,179
354,179
408,179
92,180
92,180
96,180
115,180
211,180
266,180
341,180
351,180
353,180
408,180
96,181
111,181
212,181
266,181
341,181
408,181
96,182
109,182
212,182
265,182
343,182
407,182
94,183
109,183
213,183
265,183
343,183
407,183
89,184
108,184
212,184
264,184
342,184
362,184
364,184
365,184
369,184
407,184
89,185
89,185
93,185
108,185
212,185
263,185
342,185
361,185
370,185
406,185
88,186
109,186
212,186
263,186
342,186
360,186
369,186
405,186
88,187
110,187
211,187
262,187
343,187
359,187
369,187
403,187
88,188
110,188
194,188
195,188
208,188
261,188
342,188
358,188
368,188
401,188
89,189
110,189
193,189
197,189
206,189
258,189
260,189
261,189
343,189
355,189
368,189
400,189
89,190
111,190
193,190
258,190
260,190
260,190
343,190
355,190
368,190
400,190
87,191
111,191
194,191
209,191
212,191
258,191
343,191
354,191
368,191
399,191
87,192
113,192
193,192
206,192
211,192
211,192
214,192
224,192
228,192
229,192
231,192
259,192
343,192
351,192
368,192
398,192
86,193
113,193
194,193
207,193
211,193
221,193
228,193
231,193
233,193
259,193
343,193
351,193
368,193
398,193
86,194
113,194
194,194
206,194
211,194
221,194
229,194
258,194
345,194
349,194
368,194
398,194
86,195
113,195
195,195
206,195
210,195
210,195
212,195
220,195
231,195
231,195
233,195
258,195
368,195
398,195
85,196
113,196
195,196
205,196
209,196
218,196
233,196
258,196
367,196
397,196
85,197
113,197
196,197
205,197
209,197
215,197
217,197
218,197
233,197
258,197
367,197
397,197
85,198
113,198
197,198
204,198
210,198
217,198
233,198
259,198
367,198
397,198
84,199
114,199
198,199
204,199
209,199
216,199
234,199
259,199
367,199
397,199
84,200
114,200
198,200
205,200
212,200
215,200
234,200
260,200
367,200
397,200
83,201
114,201
199,201
204,201
211,201
213,201
235,201
260,201
367,201
396,201
82,202
114,202
201,202
204,202
235,202
261,202
367,202
396,202
80,203
114,203
202,203
204,203
235,203
261,203
366,203
394,203
396,203
396,203
77,204
81,204
84,204
115,204
236,204
261,204
366,204
396,204
75,205
115,205
236,205
262,205
366,205
396,205
71,206
77,206
79,206
115,206
237,206
262,206
366,206
396,206
67,207
115,207
237,207
263,207
366,207
396,207
63,208
87,208
89,208
116,208
237,208
259,208
261,208
263,208
366,208
396,208
21,209
35,209
62,209
86,209
89,209
116,209
238,209
259,209
366,209
396,209
17,210
29,210
35,210
36,210
61,210
83,210
90,210
116,210
238,210
259,210
366,210
396,210
10,211
18,211
21,211
33,211
35,211
36,211
58,211
81,211
90,211
116,211
238,211
259,211
366,211
396,211
3,212
36,212
52,212
78,212
90,212
117,212
238,212
260,212
368,212
394,212
0,213
35,213
37,213
38,213
43,213
74,213
90,213
117,213
237,213
260,213
368,213
394,213
0,214
39,214
41,214
71,214
91,214
117,214
236,214
260,214
368,214
393,214
0,215
41,215
49,215
63,215
65,215
70,215
91,215
118,215
235,215
260,215
368,215
393,215
0,216
44,216
54,216
61,216
64,216
66,216
92,216
119,216
235,216
261,216
368,216
393,216
0,217
46,217
48,217
48,217
55,217
60,217
92,217
119,217
235,217
261,217
368,217
394,217
0,218
49,218
55,218
56,218
92,218
119,218
234,218
262,218
367,218
392,218
394,218
395,218
0,219
52,219
55,219
56,219
92,219
120,219
234,219
262,219
367,219
395,219
0,220
57,220
84,220
84,220
90,220
120,220
233,220
262,220
366,220
396,220
0,221
59,221
84,221
121,221
233,221
263,221
365,221
397,221
0,222
62,222
83,222
121,222
232,222
263,222
365,222
398,222
0,223
68,223
80,223
121,223
232,223
263,223
364,223
398,223
0,224
122,224
231,224
263,224
364,224
398,224
0,225
122,225
231,225
263,225
364,225
399,225
0,226
122,226
230,226
264,226
363,226
399,226
4,227
122,227
230,227
264,227
362,227
399,227
7,228
121,228
230,228
264,228
362,228
400,228
9,229
121,229
230,229
264,229
361,229
400,229
11,230
96,230
100,230
122,230
230,230
264,230
361,230
400,230
14,231
93,231
101,231
123,231
229,231
264,231
361,231
400,231
17,232
95,232
101,232
124,232
229,232
265,232
360,232
400,232
19,233
97,233
101,233
125,233
229,233
265,233
360,233
401,233
21,234
125,234
228,234
265,234
360,234
401,234
24,235
126,235
228,235
265,235
359,235
401,235
26,236
124,236
126,236
127,236
227,236
265,236
359,236
402,236
29,237
127,237
227,237
265,237
358,237
402,237
32,238
127,238
226,238
266,238
358,238
402,238
33,239
128,239
226,239
266,239
357,239
403,239
37,240
128,240
226,240
266,240
356,240
403,240
39,241
129,241
225,241
267,241
356,241
403,241
42,242
129,242
225,242
267,242
355,242
404,242
44,243
129,243
225,243
267,243
355,243
404,243
47,244
130,244
225,244
267,244
354,244
404,244
49,245
130,245
224,245
267,245
353,245
404,245
51,246
131,246
224,246
268,246
353,246
405,246
54,247
131,247
224,247
268,247
352,247
405,247
57,248
131,248
224,248
268,248
351,248
405,248
59,249
132,249
223,249
269,249
351,249
405,249
62,250
132,250
222,250
269,250
350,250
405,250
64,251
132,251
222,251
270,251
349,251
404,251
406,251
406,251
66,252
132,252
222,252
270,252
349,252
404,252
406,252
407,252
68,253
133,253
221,253
270,253
347,253
407,253
71,254
133,254
221,254
270,254
347,254
407,254
74,255
133,255
220,255
271,255
346,255
346,255
348,255
407,255
76,256
134,256
220,256
271,256
344,256
408,256
79,257
91,257
93,257
134,257
220,257
271,257
343,257
408,257
81,258
87,258
93,258
134,258
219,258
272,258
343,258
409,258
93,259
135,259
219,259
273,259
342,259
409,259
93,260
135,260
218,260
273,260
341,260
409,260
93,261
136,261
218,261
273,261
341,261
410,261
92,262
136,262
218,262
274,262
340,262
410,262
91,263
136,263
217,263
274,263
340,263
410,263
91,264
137,264
217,264
274,264
340,264
411,264
91,265
137,265
217,265
275,265
340,265
411,265
90,266
138,266
217,266
275,266
341,266
411,266
90,267
138,267
217,267
275,267
341,267
412,267
90,268
138,268
216,268
275,268
341,268
342,268
344,268
412,268
89,269
139,269
217,269
275,269
342,269
412,269
88,270
139,270
217,270
276,270
343,270
412,270
88,271
139,271
218,271
219,271
221,271
276,271
343,271
412,271
87,272
140,272
221,272
276,272
345,272
412,272
87,273
141,273
222,273
276,273
346,273
412,273
87,274
141,274
224,274
275,274
347,274
412,274
87,275
141,275
227,275
275,275
349,275
412,275
87,276
142,276
230,276
274,276
350,276
356,276
358,276
411,276
86,277
142,277
233,277
268,277
270,277
272,277
354,277
411,277
86,278
143,278
233,278
271,278
356,278
361,278
363,278
411,278
86,279
143,279
233,279
269,279
360,279
411,279
87,280
87,280
89,280
143,280
233,280
241,280
247,280
260,280
263,280
267,280
360,280
362,280
364,280
379,280
381,280
390,280
394,280
394,280
397,280
412,280
87,281
143,281
233,281
241,281
250,281
260,281
366,281
394,281
399,281
412,281
88,282
141,282
232,282
240,282
252,282
260,282
367,282
381,282
383,282
383,282
400,282
412,282
91,283
137,283
140,283
141,283
232,283
241,283
252,283
261,283
368,283
380,283
400,283
412,283
90,284
138,284
232,284
240,284
252,284
261,284
369,284
369,284
371,284
380,284
400,284
413,284
90,285
138,285
232,285
240,285
253,285
261,285
369,285
369,285
371,285
379,285
401,285
413,285
89,286
131,286
133,286
136,286
232,286
240,286
253,286
261,286
369,286
379,286
401,286
413,286
88,287
134,287
232,287
240,287
253,287
261,287
369,287
379,287
402,287
413,287
88,288
132,288
232,288
240,288
253,288
261,288
369,288
379,288
402,288
413,288
87,289
126,289
128,289
129,289
232,289
239,289
254,289
261,289
369,289
379,289
403,289
414,289
86,290
104,290
108,290
122,290
232,290
239,290
254,290
261,290
369,290
378,290
403,290
414,290
86,291
101,291
112,291
119,291
232,291
239,291
254,291
259,291
261,291
261,291
369,291
378,291
404,291
414,291
85,292
102,292
232,292
239,292
255,292
259,292
261,292
261,292
369,292
379,292
404,292
415,292
84,293
101,293
232,293
239,293
255,293
262,293
369,293
378,293
404,293
415,293
84,294
100,294
233,294
239,294
256,294
262,294
369,294
378,294
405,294
415,294
83,295
100,295
233,295
239,295
256,295
262,295
368,295
378,295
405,295
415,295
83,296
100,296
233,296
238,296
257,296
263,296
368,296
377,296
406,296
416,296
82,297
101,297
233,297
238,297
256,297
263,297
368,297
377,297
406,297
416,297
82,298
99,298
101,298
102,298
233,298
235,298
237,298
237,298
256,298
264,298
368,298
377,298
407,298
416,298
82,299
103,299
232,299
235,299
237,299
238,299
256,299
261,299
263,299
264,299
368,299
377,299
407,299
417,299
82,300
104,300
232,300
235,300
237,300
238,300
256,300
264,300
367,300
377,300
407,300
417,300
82,301
104,301
232,301
238,301
257,301
263,301
367,301
377,301
407,301
417,301
82,302
105,302
231,302
239,302
257,302
263,302
367,302
377,302
407,302
417,302
83,303
105,303
231,303
239,303
257,303
264,303
367,303
376,303
408,303
417,303
83,304
106,304
231,304
236,304
238,304
239,304
258,304
264,304
367,304
376,304
407,304
417,304
84,305
107,305
231,305
238,305
257,305
264,305
367,305
377,305
407,305
417,305
85,306
107,306
232,306
237,306
257,306
264,306
367,306
376,306
408,306
417,306
85,307
108,307
232,307
237,307
257,307
264,307
367,307
376,307
408,307
417,307
86,308
108,308
232,308
237,308
257,308
264,308
367,308
376,308
408,308
417,308
87,309
109,309
233,309
236,309
257,309
265,309
367,309
376,309
408,309
417,309
89,310
109,310
232,310
236,310
257,310
265,310
367,310
376,310
408,310
417,310
90,311
110,311
232,311
237,311
257,311
265,311
368,311
376,311
408,311
417,311
92,312
111,312
232,312
238,312
257,312
265,312
367,312
376,312
408,312
417,312
93,313
111,313
231,313
238,313
257,313
266,313
368,313
375,313
409,313
417,313
94,314
113,314
231,314
239,314
256,314
266,314
368,314
375,314
409,314
416,314
95,315
111,315
113,315
114,315
231,315
239,315
256,315
266,315
368,315
375,315
409,315
416,315
98,316
115,316
230,316
239,316
257,316
267,316
368,316
375,316
409,316
416,316
99,317
116,317
230,317
239,317
256,317
267,317
368,317
375,317
410,317
416,317
100,318
118,318
230,318
240,318
256,318
267,318
368,318
375,318
410,318
416,318
102,319
120,319
231,319
240,319
255,319
267,319
368,319
375,319
410,319
416,319
104,320
121,320
231,320
240,320
255,320
255,320
257,320
267,320
369,320
375,320
410,320
416,320
104,321
121,321
231,321
241,321
257,321
267,321
369,321
374,321
410,321
417,321
105,322
120,322
231,322
242,322
257,322
266,322
369,322
374,322
409,322
417,322
105,323
121,323
231,323
242,323
258,323
266,323
368,323
375,323
409,323
417,323
106,324
122,324
231,324
242,324
260,324
264,324
369,324
375,324
409,324
418,324
107,325
123,325
232,325
242,325
368,325
375,325
409,325
419,325
109,326
123,326
232,326
240,326
368,326
376,326
409,326
418,326
109,327
122,327
124,327
124,327
367,327
376,327
410,327
418,327
110,328
126,328
367,328
376,328
411,328
417,328
111,329
127,329
367,329
376,329
411,329
417,329
110,330
129,330
368,330
376,330
411,330
416,330
109,331
130,331
369,331
375,331
411,331
416,331
105,332
131,332
369,332
375,332
410,332
417,332
103,333
130,333
370,333
374,333
410,333
417,333
102,334
131,334
370,334
374,334
409,334
417,334
101,335
132,335
369,335
375,335
409,335
417,335
99,336
100,336
102,336
132,336
370,336
375,336
409,336
417,336
97,337
97,337
99,337
100,337
102,337
132,337
368,337
375,337
409,337
418,337
96,338
97,338
99,338
131,338
368,338
375,338
409,338
419,338
95,339
96,339
98,339
131,339
368,339
376,339
409,339
419,339
94,340
127,340
129,340
129,340
368,340
376,340
409,340
419,340
93,341
129,341
367,341
377,341
409,341
419,341
93,342
108,342
111,342
128,342
367,342
377,342
409,342
421,342
94,343
102,343
110,343
126,343
367,343
379,343
409,343
422,343
95,344
101,344
109,344
126,344
367,344
380,344
409,344
422,344
98,345
98,345
108,345
124,345
368,345
380,345
409,345
422,345
107,346
123,346
368,346
382,346
409,346
422,346
106,347
122,347
368,347
382,347
409,347
423,347
105,348
122,348
369,348
382,348
409,348
423,348
104,349
120,349
369,349
383,349
410,349
423,349
104,350
119,350
370,350
384,350
412,350
423,350
104,351
118,351
370,351
385,351
412,351
424,351
105,352
114,352
371,352
385,352
412,352
423,352
107,353
113,353
372,353
385,353
418,353
422,353
374,354
385,354
374,355
385,355
378,356
384,356
