411,49
411,49
411,50
411,50
411,51
412,51
412,52
412,52
274,53
277,53
412,53
412,53
274,54
277,54
412,54
412,54
273,55
278,55
274,56
277,56
413,56
413,56
275,57
276,57
413,57
413,57
275,58
277,58
413,58
413,58
271,59
277,59
413,59
416,59
270,60
278,60
412,60
418,60
113,61
113,61
270,61
279,61
411,61
420,61
113,62
113,62
268,62
280,62
410,62
418,62
420,62
422,62
112,63
113,63
267,63
281,63
409,63
424,63
109,64
110,64
112,64
113,64
267,64
282,64
409,64
426,64
110,65
114,65
260,65
261,65
266,65
283,65
408,65
428,65
438,65
438,65
110,66
115,66
257,66
283,66
408,66
431,66
437,66
437,66
111,67
116,67
256,67
284,67
407,67
437,67
111,68
114,68
257,68
257,68
259,68
285,68
407,68
436,68
110,69
118,69
257,69
257,69
259,69
286,69
407,69
435,69
110,70
110,70
113,70
119,70
258,70
286,70
289,70
290,70
406,70
435,70
114,71
121,71
258,71
290,71
406,71
435,71
111,72
121,72
259,72
259,72
261,72
291,72
405,72
435,72
110,73
121,73
259,73
292,73
404,73
435,73
109,74
122,74
260,74
291,74
404,74
435,74
108,75
121,75
260,75
289,75
404,75
435,75
106,76
121,76
260,76
289,76
403,76
435,76
105,77
121,77
259,77
289,77
400,77
400,77
403,77
436,77
104,78
121,78
259,78
288,78
399,78
436,78
103,79
121,79
258,79
287,79
397,79
437,79
102,80
122,80
258,80
287,80
398,80
400,80
402,80
437,80
101,81
122,81
258,81
288,81
400,81
438,81
100,82
123,82
258,82
288,82
401,82
437,82
99,83
124,83
258,83
288,83
402,83
438,83
92,84
94,84
98,84
126,84
258,84
288,84
402,84
438,84
92,85
127,85
258,85
288,85
404,85
438,85
92,86
129,86
258,86
287,86
404,86
438,86
456,86
456,86
93,87
133,87
258,87
287,87
404,87
437,87
455,87
457,87
94,88
133,88
257,88
283,88
286,88
287,88
404,88
436,88
455,88
457,88
94,89
131,89
257,89
286,89
404,89
434,89
436,89
436,89
456,89
456,89
95,90
131,90
257,90
284,90
404,90
433,90
436,90
436,90
453,90
453,90
96,91
130,91
258,91
284,91
404,91
433,91
452,91
452,91
454,91
454,91
96,92
130,92
258,92
283,92
404,92
433,92
96,93
129,93
258,93
283,93
404,93
433,93
450,93
450,93
97,94
128,94
258,94
279,94
283,94
283,94
404,94
433,94
449,94
449,94
97,95
128,95
257,95
280,95
404,95
433,95
448,95
449,95
96,96
129,96
257,96
280,96
404,96
433,96
96,97
130,97
257,97
280,97
404,97
433,97
447,97
447,97
96,98
130,98
258,98
279,98
405,98
433,98
446,98
446,98
95,99
130,99
257,99
279,99
405,99
431,99
445,99
445,99
95,100
131,100
257,100
279,100
405,100
431,100
444,100
445,100
95,101
131,101
257,101
283,101
405,101
431,101
443,101
444,101
95,102
129,102
131,102
132,102
257,102
284,102
406,102
431,102
441,102
445,102
95,103
96,103
98,103
130,103
132,103
132,103
255,103
289,103
406,103
448,103
451,103
452,103
464,103
469,103
96,104
130,104
132,104
133,104
253,104
289,104
406,104
409,104
411,104
465,104
470,104
471,104
97,105
98,105
100,105
133,105
251,105
289,105
406,105
407,105
409,105
409,105
413,105
468,105
470,105
479,105
99,106
133,106
248,106
288,106
406,106
409,106
413,106
479,106
101,107
133,107
248,107
288,107
413,107
479,107
101,108
134,108
248,108
288,108
414,108
479,108
101,109
102,109
104,109
134,109
249,109
288,109
402,109
403,109
414,109
479,109
102,110
102,110
104,110
134,110
250,110
289,110
402,110
409,110
411,110
479,110
102,111
134,111
250,111
289,111
402,111
479,111
102,112
134,112
251,112
290,112
402,112
479,112
103,113
133,113
251,113
292,113
402,113
479,113
103,114
133,114
252,114
293,114
295,114
297,114
402,114
479,114
104,115
132,115
252,115
295,115
297,115
298,115
402,115
479,115
105,116
131,116
252,116
295,116
297,116
299,116
402,116
472,116
474,116
479,116
107,117
131,117
253,117
298,117
402,117
479,117
108,118
128,118
253,118
298,118
402,118
470,118
472,118
475,118
477,118
478,118
108,119
123,119
126,119
126,119
253,119
298,119
301,119
301,119
402,119
447,119
451,119
470,119
472,119
476,119
108,120
123,120
254,120
298,120
300,120
301,120
402,120
441,120
455,120
474,120
108,121
125,121
254,121
281,121
284,121
300,121
402,121
403,121
405,121
441,121
460,121
472,121
104,122
126,122
254,122
281,122
286,122
300,122
402,122
440,122
464,122
471,122
102,123
127,123
254,123
281,123
286,123
301,123
402,123
440,123
101,124
103,124
105,124
128,124
254,124
282,124
286,124
301,124
403,124
441,124
101,125
129,125
254,125
301,125
403,125
441,125
100,126
130,126
254,126
301,126
404,126
442,126
100,127
131,127
254,127
302,127
404,127
442,127
99,128
132,128
253,128
304,128
404,128
442,128
99,129
130,129
132,129
132,129
253,129
299,129
301,129
305,129
404,129
443,129
99,130
130,130
132,130
133,130
252,130
299,130
303,130
306,130
404,130
443,130
100,131
134,131
252,131
299,131
303,131
308,131
404,131
443,131
100,132
134,132
252,132
299,132
304,132
311,132
405,132
443,132
100,133
135,133
251,133
287,133
292,133
299,133
304,133
317,133
405,133
443,133
101,134
135,134
251,134
283,134
285,134
286,134
293,134
298,134
304,134
317,134
410,134
443,134
101,135
136,135
251,135
277,135
294,135
297,135
304,135
314,135
316,135
317,135
411,135
442,135
101,136
136,136
250,136
275,136
304,136
314,136
316,136
317,136
412,136
442,136
101,137
136,137
251,137
275,137
304,137
313,137
315,137
316,137
412,137
442,137
101,138
135,138
252,138
275,138
304,138
312,138
314,138
315,138
412,138
442,138
101,139
134,139
252,139
275,139
304,139
311,139
313,139
314,139
412,139
442,139
100,140
134,140
252,140
275,140
304,140
313,140
412,140
441,140
99,141
135,141
253,141
275,141
304,141
312,141
412,141
441,141
97,142
135,142
253,142
276,142
305,142
310,142
412,142
441,142
41,143
46,143
95,143
132,143
134,143
135,143
253,143
277,143
305,143
306,143
308,143
309,143
412,143
441,143
36,144
48,144
93,144
135,144
252,144
277,144
305,144
307,144
412,144
440,144
31,145
48,145
89,145
134,145
252,145
278,145
411,145
439,145
28,146
49,146
86,146
134,146
252,146
279,146
410,146
439,146
22,147
49,147
83,147
134,147
251,147
279,147
409,147
439,147
17,148
50,148
83,148
134,148
251,148
279,148
409,148
439,148
13,149
51,149
81,149
100,149
105,149
135,149
251,149
280,149
410,149
439,149
9,150
53,150
80,150
98,150
105,150
135,150
250,150
280,150
411,150
438,150
7,151
54,151
75,151
95,151
105,151
106,151
108,151
135,151
250,151
281,151
412,151
438,151
7,152
8,152
10,152
57,152
66,152
94,152
106,152
135,152
249,152
281,152
411,152
438,152
7,153
60,153
64,153
73,153
75,153
91,153
107,153
135,153
249,153
281,153
411,153
438,153
7,154
62,154
64,154
68,154
71,154
72,154
74,154
89,154
107,154
136,154
250,154
281,154
411,154
437,154
7,155
67,155
75,155
84,155
86,155
87,155
108,155
136,155
250,155
282,155
410,155
436,155
8,156
67,156
78,156
79,156
81,156
82,156
109,156
136,156
249,156
282,156
409,156
435,156
8,157
9,157
11,157
68,157
78,157
79,157
111,157
136,157
249,157
283,157
407,157
435,157
8,158
9,158
11,158
72,158
78,158
78,158
111,158
136,158
249,158
283,158
406,158
435,158
9,159
10,159
12,159
73,159
77,159
78,159
111,159
136,159
249,159
283,159
406,159
435,159
11,160
78,160
112,160
136,160
249,160
284,160
405,160
436,160
12,161
74,161
76,161
79,161
111,161
136,161
249,161
284,161
404,161
437,161
14,162
80,162
110,162
136,162
249,162
284,162
404,162
434,162
436,162
437,162
16,163
83,163
106,163
106,163
109,163
134,163
136,163
136,163
249,163
285,163
403,163
437,163
18,164
86,164
105,164
134,164
249,164
285,164
402,164
437,164
20,165
88,165
105,165
135,165
249,165
286,165
402,165
437,165
23,166
90,166
99,166
138,166
248,166
286,166
402,166
438,166
24,167
100,167
103,167
140,167
248,167
286,167
401,167
438,167
26,168
140,168
248,168
287,168
401,168
438,168
28,169
141,169
248,169
287,169
400,169
438,169
31,170
142,170
248,170
288,170
400,170
438,170
32,171
143,171
248,171
288,171
399,171
439,171
34,172
144,172
248,172
288,172
399,172
439,172
36,173
144,173
247,173
289,173
398,173
439,173
39,174
111,174
115,174
145,174
247,174
289,174
398,174
439,174
40,175
111,175
115,175
145,175
247,175
289,175
397,175
439,175
42,176
146,176
246,176
289,176
397,176
439,176
44,177
146,177
246,177
290,177
397,177
439,177
46,178
147,178
246,178
290,178
396,178
439,178
48,179
145,179
147,179
147,179
245,179
291,179
395,179
439,179
50,180
148,180
245,180
291,180
395,180
439,180
52,181
148,181
245,181
292,181
394,181
439,181
54,182
149,182
244,182
292,182
394,182
439,182
56,183
149,183
244,183
292,183
393,183
440,183
59,184
150,184
243,184
292,184
392,184
440,184
60,185
150,185
243,185
292,185
392,185
440,185
62,186
151,186
242,186
293,186
391,186
440,186
64,187
151,187
242,187
293,187
391,187
440,187
66,188
152,188
242,188
293,188
390,188
440,188
68,189
153,189
241,189
294,189
389,189
440,189
69,190
153,190
241,190
294,190
389,190
441,190
71,191
152,191
154,191
154,191
241,191
294,191
388,191
441,191
74,192
154,192
240,192
294,192
388,192
441,192
76,193
155,193
240,193
292,193
294,193
294,193
387,193
441,193
78,194
155,194
240,194
292,194
294,194
294,194
386,194
442,194
80,195
156,195
239,195
293,195
385,195
442,195
82,196
157,196
239,196
293,196
385,196
443,196
83,197
157,197
239,197
292,197
384,197
443,197
86,198
158,198
239,198
290,198
384,198
444,198
88,199
158,199
240,199
288,199
384,199
441,199
443,199
444,199
90,200
159,200
241,200
284,200
286,200
286,200
383,200
444,200
91,201
159,201
242,201
282,201
383,201
446,201
93,202
160,202
242,202
282,202
382,202
446,202
95,203
107,203
110,203
160,203
243,203
281,203
382,203
447,203
97,204
104,204
111,204
161,204
244,204
281,204
383,204
447,204
110,205
161,205
246,205
247,205
249,205
263,205
265,205
273,205
275,205
282,205
383,205
448,205
110,206
162,206
249,206
260,206
274,206
282,206
384,206
446,206
448,206
448,206
110,207
162,207
250,207
259,207
275,207
283,207
384,207
447,207
110,208
162,208
250,208
258,208
275,208
283,208
387,208
447,208
110,209
162,209
249,209
258,209
275,209
283,209
387,209
446,209
110,210
161,210
249,210
257,210
275,210
283,210
388,210
445,210
109,211
160,211
249,211
257,211
275,211
283,211
389,211
445,211
109,212
159,212
249,212
256,212
276,212
283,212
390,212
444,212
109,213
158,213
249,213
256,213
276,213
283,213
392,213
442,213
108,214
157,214
249,214
256,214
276,214
283,214
395,214
439,214
108,215
154,215
248,215
255,215
276,215
283,215
397,215
433,215
435,215
438,215
107,216
150,216
249,216
255,216
276,216
283,216
397,216
432,216
434,216
437,216
107,217
150,217
249,217
254,217
277,217
283,217
397,217
409,217
413,217
433,217
107,218
134,218
136,218
149,218
249,218
254,218
277,218
283,218
397,218
409,218
420,218
432,218
106,219
146,219
249,219
254,219
277,219
283,219
397,219
408,219
420,219
430,219
106,220
134,220
136,220
137,220
248,220
254,220
277,220
283,220
397,220
408,220
420,220
430,220
105,221
134,221
248,221
254,221
278,221
282,221
397,221
408,221
420,221
430,221
105,222
133,222
247,222
254,222
278,222
282,222
397,222
407,222
420,222
429,222
105,223
133,223
247,223
254,223
278,223
282,223
397,223
407,223
420,223
429,223
105,224
132,224
248,224
253,224
278,224
282,224
397,224
407,224
420,224
429,224
104,225
131,225
248,225
253,225
278,225
282,225
397,225
407,225
420,225
429,225
104,226
131,226
248,226
253,226
277,226
283,226
397,226
406,226
420,226
429,226
103,227
130,227
248,227
253,227
277,227
283,227
397,227
406,227
420,227
429,227
103,228
129,228
248,228
253,228
277,228
284,228
396,228
406,228
420,228
429,228
103,229
128,229
247,229
254,229
277,229
284,229
395,229
406,229
420,229
429,229
103,230
128,230
247,230
254,230
277,230
284,230
393,230
405,230
420,230
428,230
103,231
127,231
247,231
254,231
278,231
283,231
392,231
404,231
420,231
428,231
103,232
126,232
247,232
254,232
278,232
282,232
391,232
404,232
419,232
428,232
104,233
125,233
247,233
254,233
278,233
282,233
390,233
403,233
419,233
428,233
104,234
124,234
246,234
254,234
278,234
282,234
390,234
402,234
419,234
428,234
105,235
124,235
246,235
255,235
278,235
282,235
389,235
401,235
418,235
428,235
106,236
124,236
246,236
255,236
277,236
282,236
389,236
400,236
418,236
428,236
108,237
126,237
246,237
255,237
277,237
283,237
388,237
399,237
418,237
427,237
111,238
129,238
246,238
255,238
276,238
283,238
388,238
399,238
417,238
427,238
112,239
131,239
246,239
255,239
276,239
283,239
387,239
398,239
417,239
426,239
114,240
132,240
245,240
256,240
276,240
284,240
387,240
397,240
417,240
426,240
116,241
130,241
132,241
132,241
245,241
256,241
276,241
284,241
387,241
396,241
417,241
425,241
117,242
133,242
245,242
256,242
276,242
284,242
386,242
395,242
417,242
425,242
118,243
133,243
246,243
256,243
275,243
284,243
386,243
394,243
417,243
425,243
120,244
133,244
247,244
255,244
275,244
284,244
385,244
394,244
416,244
424,244
121,245
134,245
249,245
250,245
275,245
284,245
385,245
393,245
416,245
424,245
122,246
135,246
274,246
284,246
384,246
392,246
416,246
423,246
122,247
137,247
274,247
284,247
383,247
391,247
416,247
422,247
123,248
138,248
274,248
284,248
382,248
390,248
415,248
422,248
124,249
139,249
274,249
283,249
381,249
390,249
415,249
421,249
125,250
140,250
275,250
282,250
381,250
389,250
414,250
421,250
126,251
140,251
380,251
389,251
414,251
421,251
127,252
141,252
380,252
389,252
413,252
420,252
127,253
141,253
381,253
388,253
412,253
421,253
127,254
140,254
381,254
388,254
413,254
421,254
127,255
140,255
380,255
388,255
412,255
420,255
125,256
141,256
379,256
385,256
412,256
420,256
124,257
141,257
378,257
385,257
413,257
420,257
123,258
141,258
377,258
384,258
413,258
420,258
123,259
144,259
377,259
384,259
413,259
416,259
418,259
419,259
120,260
145,260
377,260
384,260
412,260
418,260
118,261
146,261
376,261
384,261
412,261
417,261
117,262
118,262
120,262
132,262
135,262
146,262
377,262
385,262
411,262
416,262
116,263
130,263
135,263
145,263
377,263
386,263
410,263
417,263
116,264
129,264
135,264
145,264
377,264
386,264
410,264
417,264
116,265
117,265
119,265
129,265
135,265
146,265
377,265
386,265
409,265
417,265
117,266
127,266
135,266
146,266
377,266
387,266
409,266
418,266
118,267
126,267
136,267
146,267
377,267
388,267
409,267
418,267
137,268
147,268
377,268
388,268
409,268
419,268
138,269
148,269
377,269
388,269
409,269
419,269
140,270
148,270
377,270
388,270
409,270
420,270
141,271
148,271
378,271
389,271
409,271
420,271
141,272
149,272
377,272
389,272
409,272
420,272
141,273
150,273
378,273
390,273
409,273
421,273
139,274
150,274
378,274
390,274
409,274
421,274
135,275
151,275
379,275
391,275
409,275
421,275
134,276
151,276
379,276
391,276
409,276
421,276
131,277
151,277
380,277
390,277
409,277
422,277
128,278
151,278
383,278
389,278
410,278
422,278
126,279
150,279
410,279
422,279
124,280
150,280
411,280
421,280
122,281
149,281
413,281
420,281
122,282
146,282
122,283
145,283
122,284
142,284
122,285
139,285
123,286
136,286
126,287
130,287
