257,37
258,37
260,37
260,37
258,38
260,38
256,39
261,39
257,40
260,40
258,41
260,41
258,42
260,42
416,42
416,42
257,43
261,43
416,43
416,43
255,44
262,44
416,44
416,44
255,45
263,45
416,45
416,45
109,46
109,46
254,46
264,46
417,46
417,46
109,47
109,47
252,47
265,47
417,47
417,47
109,48
109,48
252,48
266,48
417,48
417,48
106,49
106,49
108,49
110,49
251,49
267,49
417,49
417,49
106,50
110,50
249,50
268,50
417,50
417,50
107,51
111,51
248,51
269,51
417,51
419,51
107,52
112,52
248,52
269,52
416,52
421,52
107,53
112,53
247,53
270,53
415,53
423,53
107,54
107,54
109,54
113,54
247,54
271,54
276,54
276,54
414,54
425,54
106,55
106,55
110,55
114,55
243,55
273,55
275,55
275,55
413,55
426,55
110,56
116,56
241,56
276,56
413,56
428,56
108,57
117,57
241,57
275,57
412,57
429,57
106,58
117,58
242,58
273,58
412,58
431,58
105,59
117,59
243,59
273,59
411,59
432,59
104,60
117,60
244,60
273,60
411,60
433,60
441,60
441,60
103,61
116,61
245,61
272,61
410,61
410,61
412,61
437,61
439,61
440,61
102,62
116,62
245,62
272,62
409,62
410,62
412,62
440,62
101,63
117,63
246,63
272,63
409,63
439,63
100,64
118,64
245,64
273,64
408,64
439,64
99,65
119,65
245,65
273,65
408,65
439,65
98,66
120,66
245,66
273,66
407,66
438,66
97,67
121,67
245,67
273,67
407,67
438,67
90,68
90,68
96,68
122,68
244,68
273,68
407,68
438,68
89,69
91,69
95,69
125,69
245,69
273,69
406,69
438,69
89,70
126,70
245,70
274,70
401,70
438,70
89,71
128,71
245,71
274,71
400,71
439,71
89,72
130,72
245,72
274,72
402,72
439,72
476,72
476,72
90,73
129,73
246,73
274,73
403,73
440,73
475,73
476,73
91,74
128,74
246,74
274,74
404,74
441,74
474,74
475,74
92,75
127,75
246,75
275,75
404,75
441,75
473,75
473,75
475,75
475,75
92,76
127,76
246,76
275,76
405,76
441,76
472,76
472,76
93,77
126,77
248,77
274,77
406,77
441,77
471,77
472,77
93,78
126,78
247,78
273,78
275,78
275,78
406,78
441,78
470,78
471,78
94,79
126,79
247,79
273,79
406,79
441,79
470,79
470,79
94,80
126,80
247,80
274,80
405,80
440,80
469,80
470,80
94,81
126,81
247,81
274,81
405,81
439,81
468,81
469,81
93,82
127,82
247,82
271,82
405,82
437,82
467,82
467,82
93,83
127,83
248,83
270,83
405,83
435,83
92,84
127,84
248,84
270,84
406,84
434,84
92,85
128,85
248,85
270,85
406,85
434,85
464,85
464,85
92,86
93,86
95,86
129,86
247,86
270,86
406,86
435,86
463,86
464,86
92,87
93,87
95,87
129,87
245,87
270,87
406,87
435,87
463,87
464,87
93,88
93,88
95,88
129,88
243,88
270,88
405,88
435,88
462,88
463,88
93,89
130,89
241,89
244,89
246,89
272,89
406,89
434,89
461,89
462,89
95,90
130,90
240,90
277,90
406,90
434,90
460,90
461,90
97,91
130,91
236,91
279,91
406,91
434,91
459,91
460,91
99,92
131,92
236,92
279,92
407,92
433,92
458,92
459,92
100,93
131,93
238,93
279,93
406,93
433,93
457,93
457,93
100,94
100,94
102,94
131,94
238,94
278,94
406,94
433,94
456,94
457,94
100,95
131,95
239,95
278,95
407,95
431,95
455,95
457,95
100,96
131,96
240,96
278,96
407,96
431,96
454,96
456,96
101,97
131,97
240,97
278,97
407,97
432,97
454,97
455,97
101,98
130,98
238,98
278,98
407,98
437,98
442,98
444,98
453,98
454,98
101,99
130,99
239,99
278,99
407,99
407,99
410,99
410,99
413,99
444,99
452,99
453,99
102,100
129,100
239,100
278,100
409,100
410,100
413,100
445,100
451,100
452,100
103,101
129,101
239,101
278,101
413,101
446,101
450,101
451,101
105,102
126,102
239,102
278,102
414,102
452,102
105,103
122,103
125,103
125,103
239,103
278,103
280,103
280,103
414,103
452,103
105,104
120,104
239,104
282,104
412,104
454,104
456,104
457,104
104,105
120,105
240,105
283,105
408,105
460,105
100,106
120,106
240,106
284,106
403,106
463,106
100,107
121,107
240,107
284,107
403,107
467,107
99,108
122,108
240,108
284,108
402,108
472,108
98,109
123,109
240,109
285,109
402,109
475,109
98,110
124,110
240,110
285,110
401,110
476,110
98,111
124,111
240,111
285,111
401,111
479,111
98,112
125,112
240,112
285,112
401,112
479,112
98,113
126,113
240,113
285,113
401,113
479,113
98,114
127,114
240,114
285,114
401,114
479,114
98,115
99,115
101,115
128,115
240,115
285,115
401,115
479,115
98,116
99,116
101,116
129,116
240,116
265,116
268,116
283,116
402,116
439,116
450,116
479,116
99,117
99,117
101,117
130,117
239,117
265,117
270,117
283,117
403,117
439,117
451,117
479,117
98,118
130,118
239,118
264,118
270,118
283,118
404,118
439,118
453,118
479,118
98,119
131,119
239,119
265,119
271,119
283,119
404,119
439,119
455,119
479,119
99,120
131,120
239,120
264,120
275,120
281,120
405,120
440,120
457,120
479,120
99,121
131,121
239,121
264,121
276,121
280,121
405,121
406,121
408,121
440,121
459,121
479,121
99,122
131,122
239,122
264,122
406,122
406,122
408,122
440,122
461,122
468,122
470,122
479,122
99,123
130,123
239,123
263,123
406,123
441,123
463,123
479,123
99,124
129,124
239,124
263,124
407,124
441,124
465,124
479,124
99,125
129,125
239,125
262,125
408,125
441,125
467,125
471,125
99,126
129,126
239,126
262,126
408,126
441,126
98,127
129,127
240,127
262,127
408,127
441,127
98,128
129,128
240,128
262,128
408,128
441,128
98,129
129,129
240,129
264,129
409,129
441,129
97,130
129,130
240,130
265,130
409,130
441,130
97,131
129,131
240,131
265,131
409,131
440,131
95,132
129,132
240,132
266,132
409,132
439,132
94,133
128,133
240,133
267,133
409,133
439,133
93,134
128,134
240,134
267,134
409,134
439,134
91,135
128,135
240,135
268,135
409,135
438,135
88,136
128,136
239,136
269,136
409,136
438,136
40,137
45,137
87,137
128,137
239,137
269,137
409,137
437,137
36,138
47,138
84,138
128,138
239,138
270,138
407,138
437,138
32,139
47,139
82,139
99,139
104,139
128,139
238,139
270,139
406,139
436,139
28,140
47,140
81,140
97,140
104,140
128,140
238,140
271,140
405,140
436,140
22,141
48,141
80,141
95,141
105,141
128,141
238,141
271,141
404,141
435,141
18,142
49,142
77,142
93,142
105,142
128,142
238,142
272,142
404,142
434,142
14,143
49,143
73,143
92,143
105,143
129,143
238,143
272,143
404,143
434,143
9,144
51,144
64,144
90,144
105,144
129,144
238,144
273,144
406,144
434,144
6,145
53,145
62,145
70,145
75,145
88,145
105,145
128,145
238,145
273,145
407,145
433,145
6,146
55,146
61,146
66,146
69,146
87,146
105,146
128,146
238,146
274,146
407,146
433,146
6,147
6,147
9,147
58,147
61,147
62,147
72,147
78,147
81,147
85,147
105,147
128,147
238,147
275,147
406,147
432,147
6,148
63,148
76,148
81,148
107,148
128,148
238,148
275,148
406,148
431,148
6,149
63,149
76,149
77,149
80,149
80,149
107,149
128,149
238,149
276,149
406,149
431,149
6,150
65,150
76,150
77,150
104,150
105,150
107,150
129,150
238,150
276,150
404,150
431,150
7,151
7,151
9,151
67,151
75,151
76,151
102,151
103,151
106,151
130,151
238,151
276,151
403,151
431,151
7,152
8,152
10,152
69,152
74,152
75,152
101,152
131,152
239,152
278,152
402,152
432,152
8,153
9,153
11,153
70,153
97,153
132,153
239,153
279,153
402,153
433,153
8,154
73,154
97,154
130,154
132,154
133,154
239,154
279,154
401,154
433,154
10,155
71,155
74,155
74,155
94,155
134,155
239,155
281,155
400,155
433,155
12,156
85,156
88,156
135,156
239,156
281,156
400,156
434,156
14,157
135,157
239,157
282,157
399,157
434,157
16,158
136,158
239,158
282,158
399,158
434,158
18,159
137,159
239,159
283,159
398,159
434,159
20,160
91,160
93,160
95,160
98,160
99,160
103,160
137,160
239,160
284,160
398,160
435,160
22,161
91,161
99,161
100,161
103,161
103,161
105,161
135,161
137,161
138,161
239,161
285,161
397,161
435,161
24,162
91,162
109,162
135,162
137,162
138,162
239,162
283,162
285,162
286,162
397,162
435,162
26,163
94,163
108,163
139,163
239,163
287,163
397,163
435,163
28,164
96,164
108,164
139,164
239,164
287,164
396,164
436,164
29,165
98,165
107,165
108,165
110,165
138,165
140,165
140,165
239,165
287,165
396,165
436,165
31,166
97,166
99,166
100,166
107,166
140,166
240,166
288,166
396,166
436,166
33,167
103,167
107,167
141,167
240,167
289,167
395,167
436,167
36,168
103,168
105,168
142,168
240,168
289,168
395,168
437,168
37,169
142,169
240,169
289,169
394,169
437,169
39,170
143,170
240,170
290,170
394,170
437,170
41,171
143,171
240,171
290,171
394,171
437,171
43,172
144,172
240,172
290,172
393,172
437,172
45,173
145,173
240,173
291,173
393,173
437,173
46,174
145,174
240,174
291,174
392,174
437,174
48,175
146,175
240,175
291,175
392,175
438,175
50,176
147,176
240,176
291,176
392,176
438,176
52,177
147,177
240,177
291,177
392,177
438,177
54,178
148,178
240,178
291,178
391,178
438,178
57,179
148,179
240,179
291,179
390,179
438,179
57,180
149,180
240,180
289,180
291,180
291,180
389,180
439,180
60,181
150,181
240,181
291,181
389,181
439,181
61,182
150,182
240,182
290,182
388,182
439,182
63,183
151,183
240,183
289,183
388,183
439,183
65,184
151,184
240,184
288,184
387,184
439,184
67,185
152,185
240,185
286,185
387,185
439,185
69,186
153,186
240,186
283,186
386,186
440,186
71,187
151,187
153,187
153,187
240,187
281,187
385,187
440,187
73,188
154,188
240,188
277,188
385,188
440,188
75,189
155,189
241,189
276,189
384,189
440,189
77,190
155,190
241,190
276,190
383,190
440,190
79,191
156,191
241,191
276,191
383,191
441,191
80,192
157,192
241,192
277,192
382,192
441,192
83,193
157,193
241,193
250,193
269,193
277,193
381,193
441,193
85,194
157,194
241,194
249,194
270,194
278,194
381,194
441,194
86,195
156,195
241,195
248,195
270,195
278,195
381,195
441,195
89,196
155,196
241,196
248,196
271,196
278,196
380,196
441,196
91,197
154,197
240,197
248,197
271,197
279,197
380,197
441,197
93,198
152,198
240,198
248,198
271,198
272,198
274,198
279,198
380,198
440,198
94,199
147,199
240,199
248,199
271,199
272,199
274,199
279,199
380,199
441,199
97,200
148,200
239,200
248,200
272,200
272,200
274,200
280,200
381,200
441,200
99,201
99,201
102,201
102,201
104,201
144,201
239,201
247,201
272,201
272,201
274,201
280,201
381,201
440,201
104,202
142,202
239,202
247,202
272,202
280,202
382,202
439,202
106,203
138,203
239,203
247,203
272,203
273,203
275,203
280,203
385,203
439,203
106,204
132,204
239,204
247,204
273,204
273,204
275,204
280,204
385,204
437,204
106,205
133,205
240,205
247,205
273,205
273,205
275,205
280,205
385,205
436,205
106,206
132,206
240,206
247,206
273,206
280,206
387,206
433,206
106,207
132,207
240,207
247,207
274,207
280,207
388,207
433,207
105,208
131,208
240,208
246,208
273,208
280,208
392,208
430,208
105,209
131,209
241,209
246,209
274,209
280,209
396,209
429,209
105,210
131,210
241,210
246,210
275,210
280,210
398,210
428,210
105,211
130,211
241,211
246,211
275,211
280,211
399,211
410,211
416,211
427,211
105,212
130,212
241,212
246,212
275,212
280,212
399,212
410,212
417,212
424,212
426,212
427,212
105,213
130,213
242,213
246,213
275,213
280,213
399,213
410,213
417,213
426,213
104,214
114,214
117,214
130,214
242,214
246,214
275,214
281,214
399,214
409,214
417,214
426,214
104,215
114,215
117,215
129,215
242,215
247,215
276,215
280,215
399,215
409,215
417,215
426,215
105,216
129,216
241,216
247,216
276,216
280,216
399,216
409,216
417,216
426,216
105,217
128,217
241,217
247,217
276,217
281,217
399,217
409,217
417,217
426,217
105,218
128,218
240,218
247,218
276,218
281,218
399,218
409,218
417,218
426,218
105,219
127,219
240,219
247,219
275,219
282,219
399,219
409,219
417,219
426,219
105,220
106,220
108,220
127,220
241,220
247,220
275,220
282,220
399,220
408,220
417,220
426,220
106,221
125,221
127,221
127,221
242,221
246,221
275,221
282,221
399,221
408,221
417,221
426,221
107,222
107,222
109,222
127,222
242,222
246,222
275,222
282,222
398,222
408,222
417,222
426,222
110,223
126,223
242,223
246,223
276,223
281,223
397,223
408,223
417,223
425,223
109,224
127,224
242,224
247,224
277,224
281,224
396,224
407,224
416,224
425,224
111,225
127,225
242,225
247,225
277,225
281,225
395,225
407,225
416,225
425,225
111,226
127,226
241,226
247,226
278,226
281,226
394,226
406,226
416,226
425,226
112,227
129,227
241,227
247,227
278,227
281,227
393,227
406,227
416,227
425,227
113,228
130,228
241,228
248,228
277,228
281,228
393,228
405,228
416,228
425,228
113,229
131,229
241,229
248,229
277,229
282,229
392,229
393,229
395,229
404,229
415,229
424,229
115,230
132,230
241,230
248,230
276,230
282,230
392,230
401,230
403,230
403,230
415,230
424,230
116,231
130,231
132,231
133,231
240,231
248,231
276,231
282,231
391,231
402,231
415,231
424,231
117,232
133,232
240,232
248,232
276,232
283,232
391,232
402,232
415,232
423,232
117,233
131,233
134,233
134,233
240,233
249,233
276,233
283,233
390,233
401,233
415,233
423,233
118,234
135,234
240,234
249,234
275,234
283,234
390,234
400,234
414,234
423,234
120,235
135,235
240,235
250,235
275,235
283,235
390,235
399,235
414,235
422,235
120,236
134,236
240,236
250,236
275,236
284,236
389,236
398,236
414,236
422,236
121,237
134,237
136,237
137,237
240,237
250,237
275,237
284,237
389,237
398,237
414,237
422,237
121,238
137,238
240,238
250,238
274,238
284,238
389,238
397,238
414,238
421,238
121,239
137,239
242,239
250,239
274,239
284,239
389,239
396,239
414,239
421,239
122,240
138,240
242,240
249,240
274,240
283,240
388,240
395,240
413,240
420,240
122,241
139,241
244,241
244,241
246,241
246,241
248,241
248,241
273,241
283,241
387,241
395,241
413,241
420,241
123,242
139,242
273,242
283,242
386,242
394,242
413,242
419,242
124,243
140,243
273,243
282,243
385,243
393,243
413,243
419,243
126,244
140,244
276,244
279,244
385,244
393,244
413,244
418,244
127,245
140,245
384,245
393,245
412,245
418,245
128,246
141,246
384,246
392,246
411,246
419,246
128,247
141,247
385,247
392,247
411,247
419,247
126,248
141,248
384,248
385,248
387,248
392,248
411,248
419,248
125,249
141,249
383,249
391,249
410,249
419,249
123,250
142,250
382,250
389,250
411,250
419,250
121,251
143,251
381,251
389,251
411,251
418,251
120,252
144,252
381,252
389,252
411,252
417,252
119,253
145,253
381,253
389,253
412,253
416,253
117,254
146,254
380,254
389,254
411,254
416,254
116,255
131,255
135,255
146,255
380,255
389,255
410,255
416,255
114,256
130,256
136,256
146,256
380,256
389,256
409,256
416,256
113,257
129,257
135,257
145,257
380,257
387,257
389,257
389,257
409,257
415,257
112,258
127,258
135,258
145,258
380,258
387,258
389,258
390,258
408,258
415,258
112,259
126,259
135,259
146,259
380,259
388,259
390,259
390,259
408,259
416,259
112,260
125,260
136,260
146,260
380,260
388,260
390,260
390,260
408,260
416,260
113,261
123,261
137,261
146,261
380,261
391,261
408,261
417,261
114,262
119,262
138,262
147,262
381,262
389,262
391,262
391,262
408,262
417,262
139,263
147,263
381,263
389,263
391,263
391,263
408,263
418,263
141,264
148,264
381,264
392,264
408,264
418,264
141,265
148,265
381,265
392,265
408,265
419,265
141,266
149,266
381,266
392,266
408,266
419,266
140,267
150,267
381,267
393,267
408,267
420,267
139,268
150,268
381,268
393,268
408,268
420,268
135,269
150,269
382,269
393,269
408,269
420,269
133,270
150,270
382,270
392,270
408,270
420,270
130,271
150,271
383,271
391,271
408,271
420,271
128,272
150,272
384,272
392,272
409,272
420,272
125,273
150,273
409,273
420,273
123,274
150,274
410,274
420,274
122,275
149,275
412,275
418,275
122,276
147,276
121,277
144,277
121,278
141,278
122,279
138,279
123,280
135,280
125,281
128,281
