242,21
243,21
242,22
244,22
240,23
244,23
241,24
245,24
241,25
244,25
240,26
243,26
399,26
399,26
239,27
243,27
400,27
400,27
238,28
244,28
400,28
400,28
236,29
244,29
400,29
400,29
236,30
245,30
400,30
400,30
234,31
246,31
400,31
400,31
234,32
247,32
399,32
400,32
85,33
85,33
230,33
230,33
232,33
247,33
398,33
399,33
85,34
85,34
229,34
247,34
398,34
398,34
85,35
85,35
222,35
222,35
228,35
247,35
394,35
395,35
397,35
398,35
82,36
83,36
85,36
86,36
221,36
222,36
224,36
224,36
227,36
249,36
395,36
395,36
397,36
397,36
83,37
86,37
221,37
249,37
394,37
397,37
83,38
84,38
86,38
87,38
222,38
250,38
392,38
398,38
83,39
88,39
222,39
250,39
390,39
399,39
83,40
88,40
222,40
251,40
389,40
390,40
392,40
400,40
83,41
83,41
86,41
89,41
223,41
252,41
388,41
401,41
86,42
90,42
224,42
254,42
387,42
402,42
85,43
90,43
224,43
254,43
386,43
403,43
84,44
91,44
223,44
254,44
256,44
256,44
385,44
404,44
82,45
91,45
224,45
255,45
383,45
405,45
82,46
91,46
224,46
252,46
254,46
254,46
382,46
405,46
80,47
80,47
82,47
91,47
222,47
253,47
381,47
406,47
79,48
91,48
222,48
253,48
375,48
375,48
380,48
407,48
78,49
92,49
222,49
252,49
375,49
375,49
380,49
408,49
77,50
92,50
222,50
252,50
375,50
378,50
380,50
409,50
76,51
93,51
223,51
252,51
372,51
378,51
380,51
411,51
75,52
94,52
222,52
253,52
372,52
373,52
375,52
413,52
415,52
415,52
73,53
95,53
222,53
253,53
374,53
375,53
377,53
415,53
73,54
96,54
221,54
253,54
374,54
414,54
67,55
67,55
71,55
97,55
222,55
253,55
375,55
375,55
377,55
412,55
66,56
103,56
223,56
253,56
375,56
376,56
378,56
411,56
65,57
104,57
227,57
253,57
376,57
411,57
64,58
105,58
225,58
253,58
377,58
410,58
63,59
106,59
226,59
254,59
377,59
410,59
65,60
106,60
227,60
254,60
378,60
409,60
65,61
105,61
227,61
254,61
377,61
409,61
66,62
104,62
227,62
254,62
377,62
409,62
67,63
104,63
226,63
255,63
376,63
409,63
67,64
104,64
227,64
255,64
376,64
409,64
67,65
103,65
227,65
256,65
375,65
410,65
68,66
102,66
228,66
257,66
375,66
410,66
69,67
102,67
228,67
254,67
375,67
410,67
68,68
103,68
229,68
254,68
374,68
410,68
68,69
104,69
229,69
254,69
374,69
410,69
68,70
104,70
202,70
202,70
228,70
254,70
374,70
410,70
68,71
104,71
201,71
201,71
203,71
206,71
226,71
254,71
373,71
410,71
68,72
105,72
198,72
206,72
224,72
254,72
374,72
410,72
68,73
105,73
198,73
206,73
217,73
254,73
374,73
410,73
68,74
106,74
198,74
199,74
201,74
207,74
212,74
247,74
251,74
251,74
253,74
254,74
374,74
410,74
68,75
68,75
71,75
106,75
199,75
199,75
201,75
247,75
251,75
252,75
374,75
410,75
69,76
107,76
200,76
212,76
215,76
247,76
252,76
252,76
374,76
410,76
69,77
107,77
179,77
179,77
200,77
211,77
216,77
248,77
252,77
252,77
375,77
410,77
70,78
107,78
178,78
180,78
198,78
210,78
216,78
255,78
375,78
410,78
71,79
107,79
178,79
181,79
198,79
210,79
214,79
257,79
375,79
410,79
75,80
108,80
179,80
186,80
194,80
195,80
198,80
258,80
375,80
408,80
76,81
108,81
179,81
258,81
376,81
408,81
76,82
108,82
178,82
181,82
183,82
258,82
376,82
407,82
437,82
439,82
77,83
109,83
178,83
178,83
180,83
181,83
183,83
187,83
189,83
190,83
192,83
258,83
377,83
407,83
439,83
441,83
77,84
77,84
79,84
109,84
178,84
178,84
180,84
181,84
183,84
193,84
195,84
196,84
199,84
257,84
379,84
407,84
440,84
442,84
77,85
77,85
79,85
109,85
178,85
181,85
183,85
192,85
195,85
196,85
199,85
256,85
379,85
407,85
438,85
439,85
442,85
442,85
76,86
77,86
79,86
109,86
179,86
190,86
195,86
196,86
199,86
256,86
378,86
406,86
77,87
108,87
179,87
189,87
195,87
196,87
199,87
256,87
375,87
406,87
78,88
108,88
179,88
189,88
199,88
255,88
367,88
367,88
369,88
402,88
79,89
106,89
180,89
188,89
199,89
254,89
363,89
400,89
80,90
106,90
181,90
187,90
197,90
253,90
331,90
333,90
363,90
399,90
80,91
103,91
181,91
186,91
198,91
253,91
329,91
331,91
333,91
334,91
363,91
402,91
80,92
101,92
104,92
104,92
181,92
184,92
186,92
186,92
197,92
252,92
326,92
335,92
363,92
402,92
79,93
96,93
99,93
99,93
101,93
101,93
182,93
186,93
197,93
210,93
215,93
252,93
325,93
336,93
363,93
403,93
78,94
96,94
183,94
185,94
197,94
209,94
216,94
251,94
325,94
337,94
357,94
405,94
78,95
96,95
185,95
185,95
195,95
196,95
198,95
208,95
219,95
248,95
324,95
325,95
329,95
331,95
333,95
335,95
337,95
338,95
350,95
351,95
353,95
355,95
357,95
409,95
78,96
78,96
80,96
97,96
196,96
207,96
219,96
247,96
325,96
326,96
328,96
339,96
355,96
407,96
409,96
409,96
77,97
78,97
80,97
98,97
195,97
201,97
203,97
204,97
219,97
246,97
324,97
324,97
326,97
340,97
353,97
354,97
356,97
407,97
409,97
409,97
78,98
78,98
80,98
98,98
195,98
204,98
219,98
246,98
323,98
324,98
327,98
339,98
354,98
409,98
77,99
99,99
195,99
200,99
219,99
246,99
326,99
340,99
354,99
409,99
77,100
99,100
196,100
200,100
219,100
246,100
327,100
340,100
352,100
409,100
76,101
100,101
197,101
199,101
219,101
246,101
327,101
339,101
352,101
409,101
75,102
100,102
220,102
246,102
328,102
341,102
350,102
410,102
75,103
100,103
220,103
246,103
329,103
341,103
349,103
350,103
352,103
410,103
74,104
100,104
220,104
247,104
330,104
341,104
347,104
411,104
74,105
102,105
220,105
247,105
331,105
342,105
347,105
411,105
74,106
102,106
221,106
248,106
331,106
343,106
346,106
412,106
74,107
103,107
221,107
248,107
332,107
345,107
347,107
363,107
367,107
412,107
73,108
103,108
221,108
248,108
333,108
359,108
367,108
411,108
73,109
103,109
222,109
249,109
334,109
358,109
367,109
411,109
72,110
102,110
222,110
249,110
334,110
356,110
367,110
411,110
72,111
72,111
74,111
102,111
222,111
249,111
335,111
356,111
366,111
411,111
71,112
102,112
223,112
249,112
336,112
354,112
366,112
410,112
71,113
102,113
223,113
244,113
247,113
249,113
336,113
352,113
366,113
409,113
69,114
102,114
224,114
244,114
337,114
350,114
365,114
406,114
68,115
102,115
225,115
246,115
337,115
350,115
365,115
405,115
66,116
103,116
224,116
247,116
338,116
346,116
365,116
405,116
66,117
103,117
224,117
247,117
338,117
346,117
364,117
404,117
62,118
103,118
223,118
247,118
340,118
345,118
364,118
403,118
61,119
103,119
223,119
247,119
364,119
402,119
58,120
103,120
222,120
248,120
364,120
399,120
56,121
58,121
60,121
102,121
222,121
248,121
363,121
396,121
54,122
67,122
69,122
71,122
73,122
74,122
77,122
102,122
222,122
249,122
363,122
396,122
52,123
65,123
67,123
70,123
74,123
102,123
220,123
250,123
363,123
396,123
50,124
61,124
68,124
68,124
75,124
102,124
220,124
250,124
362,124
395,124
49,125
60,125
62,125
66,125
75,125
75,125
77,125
102,125
220,125
250,125
362,125
394,125
12,126
21,126
49,126
64,126
77,126
102,126
219,126
250,126
363,126
393,126
9,127
22,127
47,127
61,127
76,127
102,127
219,127
251,127
361,127
393,127
4,128
22,128
44,128
59,128
76,128
103,128
218,128
251,128
361,128
392,128
0,129
23,129
36,129
58,129
77,129
104,129
218,129
251,129
361,129
392,129
0,130
23,130
32,130
41,130
44,130
57,130
77,130
78,130
80,130
104,130
217,130
251,130
360,130
392,130
0,131
24,131
29,131
35,131
38,131
54,131
78,131
104,131
217,131
251,131
361,131
361,131
363,131
392,131
0,132
24,132
28,132
35,132
37,132
51,132
54,132
54,132
78,132
105,132
217,132
251,132
362,132
391,132
0,133
28,133
31,133
31,133
40,133
49,133
79,133
106,133
216,133
252,133
362,133
390,133
0,134
29,134
43,134
46,134
80,134
106,134
216,134
252,134
363,134
390,134
0,135
29,135
44,135
45,135
80,135
106,135
216,135
252,135
363,135
389,135
0,136
31,136
43,136
44,136
81,136
106,136
215,136
252,136
363,136
389,136
0,137
33,137
42,137
42,137
81,137
106,137
215,137
253,137
363,137
390,137
0,138
35,138
42,138
42,138
82,138
106,138
215,138
253,138
362,138
390,138
0,139
37,139
82,139
107,139
214,139
253,139
361,139
391,139
0,140
39,140
82,140
108,140
214,140
253,140
360,140
392,140
0,141
41,141
78,141
109,141
214,141
253,141
360,141
392,141
0,142
43,142
74,142
110,142
213,142
253,142
359,142
360,142
362,142
393,142
0,143
40,143
43,143
44,143
72,143
74,143
77,143
111,143
213,143
253,143
359,143
359,143
361,143
394,143
0,144
47,144
69,144
71,144
73,144
111,144
212,144
253,144
358,144
359,144
361,144
394,144
0,145
49,145
69,145
112,145
212,145
254,145
358,145
394,145
0,146
51,146
66,146
113,146
212,146
254,146
358,146
395,146
0,147
113,147
211,147
211,147
213,147
254,147
357,147
395,147
0,148
114,148
211,148
254,148
357,148
396,148
0,149
114,149
210,149
254,149
357,149
396,149
0,150
115,150
210,150
254,150
357,150
396,150
0,151
66,151
71,151
80,151
86,151
116,151
209,151
255,151
356,151
397,151
0,152
65,152
70,152
73,152
75,152
77,152
79,152
79,152
85,152
114,152
116,152
116,152
209,152
255,152
356,152
397,152
0,153
65,153
70,153
71,153
75,153
77,153
85,153
114,153
116,153
116,153
208,153
256,153
356,153
397,153
0,154
63,154
65,154
66,154
86,154
114,154
117,154
117,154
207,154
256,154
355,154
398,154
0,155
66,155
85,155
115,155
117,155
118,155
207,155
256,155
355,155
398,155
0,156
69,156
84,156
118,156
206,156
256,156
355,156
399,156
2,157
68,157
71,157
72,157
84,157
119,157
205,157
256,157
355,157
399,157
4,158
68,158
71,158
73,158
83,158
119,158
205,158
257,158
355,158
399,158
5,159
76,159
83,159
120,159
204,159
256,159
354,159
400,159
7,160
72,160
74,160
77,160
83,160
118,160
120,160
120,160
204,160
257,160
354,160
401,160
8,161
79,161
82,161
118,161
121,161
121,161
203,161
257,161
353,161
402,161
10,162
119,162
121,162
122,162
203,162
257,162
353,162
402,162
12,163
122,163
202,163
257,163
353,163
403,163
13,164
123,164
202,164
257,164
352,164
403,164
15,165
123,165
202,165
257,165
352,165
404,165
16,166
124,166
202,166
257,166
352,166
404,166
18,167
124,167
202,167
257,167
351,167
405,167
20,168
125,168
201,168
257,168
351,168
406,168
21,169
125,169
201,169
257,169
351,169
407,169
23,170
125,170
202,170
257,170
350,170
408,170
24,171
126,171
203,171
256,171
350,171
409,171
26,172
126,172
203,172
256,172
350,172
410,172
28,173
127,173
204,173
256,173
349,173
412,173
29,174
127,174
205,174
255,174
349,174
412,174
31,175
128,175
207,175
255,175
349,175
413,175
32,176
128,176
209,176
252,176
254,176
255,176
348,176
414,176
34,177
128,177
210,177
254,177
348,177
415,177
35,178
128,178
212,178
254,178
348,178
415,178
38,179
129,179
215,179
253,179
347,179
416,179
39,180
129,180
217,180
251,180
347,180
417,180
41,181
129,181
217,181
251,181
347,181
416,181
42,182
129,182
221,182
250,182
347,182
416,182
44,183
130,183
221,183
229,183
233,183
250,183
348,183
416,183
46,184
130,184
222,184
229,184
240,184
249,184
348,184
417,184
47,185
130,185
221,185
229,185
241,185
250,185
348,185
416,185
49,186
131,186
221,186
229,186
241,186
250,186
348,186
416,186
50,187
130,187
221,187
229,187
242,187
250,187
349,187
416,187
51,188
130,188
221,188
229,188
242,188
251,188
349,188
414,188
54,189
130,189
221,189
229,189
242,189
243,189
245,189
251,189
350,189
412,189
55,190
130,190
220,190
228,190
243,190
251,190
350,190
412,190
56,191
130,191
221,191
228,191
243,191
252,191
351,191
407,191
409,191
409,191
58,192
127,192
129,192
129,192
221,192
228,192
244,192
252,192
351,192
408,192
60,193
124,193
126,193
129,193
221,193
228,193
244,193
252,193
353,193
405,193
62,194
126,194
220,194
228,194
244,194
252,194
353,194
402,194
63,195
65,195
68,195
74,195
77,195
81,195
83,195
124,195
221,195
228,195
244,195
252,195
354,195
401,195
64,196
66,196
68,196
72,196
74,196
78,196
84,196
119,196
121,196
123,196
221,196
228,196
245,196
245,196
247,196
252,196
357,196
400,196
66,197
75,197
84,197
121,197
221,197
228,197
245,197
245,197
247,197
252,197
358,197
399,197
68,198
71,198
83,198
119,198
221,198
228,198
245,198
252,198
359,198
399,198
83,199
116,199
222,199
227,199
246,199
252,199
359,199
400,199
82,200
109,200
112,200
112,200
222,200
227,200
246,200
251,200
359,200
400,200
82,201
107,201
222,201
227,201
246,201
251,201
360,201
371,201
377,201
380,201
385,201
385,201
389,201
400,201
82,202
101,202
222,202
227,202
246,202
252,202
360,202
371,202
390,202
400,202
81,203
97,203
222,203
223,203
225,203
227,203
246,203
252,203
360,203
370,203
390,203
400,203
81,204
81,204
83,204
97,204
222,204
223,204
225,204
227,204
246,204
253,204
360,204
370,204
390,204
400,204
80,205
97,205
222,205
227,205
246,205
253,205
360,205
370,205
391,205
400,205
80,206
98,206
222,206
228,206
245,206
253,206
360,206
370,206
391,206
400,206
79,207
99,207
221,207
228,207
245,207
246,207
248,207
253,207
360,207
370,207
391,207
401,207
80,208
99,208
221,208
228,208
246,208
252,208
360,208
370,208
392,208
401,208
79,209
100,209
221,209
228,209
247,209
252,209
360,209
370,209
392,209
401,209
78,210
101,210
221,210
228,210
247,210
252,210
360,210
370,210
392,210
401,210
78,211
102,211
222,211
227,211
247,211
253,211
360,211
369,211
392,211
402,211
77,212
102,212
223,212
227,212
246,212
253,212
360,212
369,212
393,212
402,212
78,213
102,213
223,213
227,213
246,213
250,213
252,213
253,213
359,213
369,213
393,213
402,213
78,214
103,214
223,214
227,214
246,214
253,214
359,214
368,214
393,214
403,214
77,215
104,215
223,215
227,215
246,215
253,215
358,215
368,215
393,215
403,215
78,216
80,216
82,216
104,216
223,216
228,216
246,216
254,216
358,216
368,216
393,216
403,216
78,217
105,217
222,217
228,217
246,217
254,217
357,217
367,217
393,217
403,217
79,218
105,218
222,218
228,218
246,218
254,218
357,218
357,218
359,218
367,218
393,218
403,218
79,219
105,219
222,219
229,219
246,219
254,219
357,219
357,219
359,219
367,219
394,219
403,219
80,220
106,220
222,220
229,220
245,220
255,220
356,220
357,220
359,220
367,220
394,220
403,220
81,221
106,221
222,221
229,221
245,221
255,221
356,221
366,221
394,221
403,221
82,222
107,222
222,222
230,222
245,222
255,222
356,222
366,222
394,222
403,222
83,223
107,223
221,223
230,223
245,223
255,223
356,223
365,223
394,223
403,223
85,224
108,224
221,224
230,224
244,224
255,224
356,224
365,224
394,224
403,224
86,225
110,225
221,225
230,225
244,225
255,225
356,225
365,225
394,225
403,225
87,226
111,226
221,226
231,226
244,226
256,226
356,226
365,226
394,226
403,226
89,227
111,227
221,227
231,227
245,227
255,227
356,227
364,227
394,227
402,227
90,228
111,228
221,228
232,228
245,228
255,228
356,228
364,228
395,228
402,228
91,229
111,229
221,229
232,229
247,229
254,229
357,229
364,229
395,229
402,229
93,230
111,230
222,230
232,230
357,230
364,230
395,230
402,230
94,231
111,231
223,231
229,231
232,231
232,231
358,231
363,231
395,231
402,231
96,232
112,232
224,232
230,232
357,232
363,232
395,232
402,232
99,233
114,233
357,233
363,233
396,233
402,233
99,234
115,234
356,234
363,234
396,234
401,234
100,235
115,235
356,235
363,235
396,235
401,235
101,236
115,236
356,236
363,236
395,236
402,236
102,237
115,237
355,237
363,237
395,237
402,237
104,238
116,238
355,238
360,238
362,238
363,238
395,238
402,238
105,239
117,239
355,239
363,239
395,239
404,239
104,240
118,240
355,240
362,240
395,240
395,240
397,240
404,240
103,241
119,241
355,241
363,241
396,241
404,241
100,242
121,242
356,242
362,242
396,242
403,242
98,243
123,243
356,243
361,243
397,243
397,243
399,243
402,243
97,244
124,244
355,244
361,244
397,244
402,244
96,245
125,245
355,245
361,245
397,245
402,245
94,246
125,246
354,246
361,246
397,246
402,246
93,247
94,247
97,247
111,247
115,247
126,247
354,247
362,247
396,247
402,247
91,248
108,248
112,248
125,248
355,248
362,248
396,248
402,248
90,249
107,249
112,249
125,249
354,249
362,249
395,249
402,249
90,250
105,250
111,250
125,250
354,250
363,250
395,250
402,250
90,251
103,251
109,251
124,251
353,251
363,251
394,251
403,251
90,252
101,252
109,252
123,252
353,252
364,252
394,252
403,252
90,253
99,253
107,253
122,253
354,253
365,253
394,253
403,253
92,254
92,254
95,254
96,254
107,254
122,254
354,254
365,254
394,254
404,254
106,255
119,255
354,255
365,255
394,255
404,255
105,256
119,256
355,256
366,256
394,256
405,256
103,257
118,257
355,257
367,257
394,257
406,257
101,258
117,258
355,258
367,258
394,258
406,258
100,259
116,259
355,259
368,259
394,259
406,259
100,260
115,260
355,260
368,260
394,260
406,260
100,261
114,261
355,261
369,261
394,261
406,261
100,262
112,262
356,262
369,262
394,262
406,262
100,263
111,263
357,263
369,263
395,263
406,263
102,264
108,264
358,264
369,264
395,264
406,264
360,265
368,265
395,265
406,265
361,266
365,266
396,266
406,266
398,267
403,267
