239,0
240,0
249,0
253,0
239,1
241,1
249,1
253,1
239,2
239,2
241,2
241,2
249,2
253,2
239,3
243,3
249,3
253,3
240,4
243,4
247,4
252,4
240,5
251,5
242,6
251,6
242,7
251,7
242,8
252,8
242,9
253,9
242,10
255,10
241,11
256,11
264,11
264,11
240,12
262,12
264,12
265,12
238,13
267,13
237,14
269,14
235,15
270,15
235,16
276,16
233,17
277,17
233,18
277,18
279,18
280,18
290,18
294,18
232,19
281,19
288,19
296,19
219,20
221,20
231,20
231,20
234,20
282,20
288,20
297,20
218,21
219,21
221,21
223,21
230,21
230,21
233,21
284,21
286,21
287,21
289,21
298,21
218,22
224,22
228,22
285,22
288,22
299,22
218,23
300,23
217,24
301,24
217,25
301,25
217,26
298,26
300,26
301,26
216,27
300,27
215,28
300,28
214,29
214,29
216,29
300,29
214,30
300,30
212,31
300,31
205,32
205,32
207,32
300,32
204,33
301,33
205,34
301,34
206,35
302,35
207,36
303,36
206,37
303,37
197,38
197,38
206,38
303,38
198,39
198,39
207,39
302,39
207,40
302,40
199,41
200,41
208,41
301,41
199,42
201,42
208,42
300,42
199,43
202,43
208,43
297,43
299,43
300,43
201,44
203,44
210,44
298,44
201,45
204,45
210,45
296,45
200,46
205,46
211,46
296,46
200,47
206,47
212,47
296,47
202,48
207,48
211,48
295,48
202,49
208,49
212,49
294,49
201,50
209,50
211,50
294,50
201,51
210,51
212,51
294,51
202,52
292,52
202,53
292,53
202,54
293,54
201,55
293,55
203,56
295,56
204,57
296,57
204,58
294,58
296,58
296,58
205,59
294,59
296,59
297,59
206,60
207,60
209,60
298,60
207,61
207,61
211,61
298,61
211,62
298,62
211,63
299,63
211,64
300,64
212,65
300,65
212,66
300,66
212,67
300,67
212,68
300,68
211,69
301,69
211,70
301,70
376,70
378,70
211,71
301,71
371,71
373,71
376,71
376,71
378,71
378,71
210,72
301,72
369,72
370,72
372,72
373,72
377,72
379,72
209,73
301,73
365,73
365,73
367,73
371,73
376,73
376,73
379,73
380,73
209,74
302,74
364,74
366,74
368,74
369,74
377,74
379,74
208,75
302,75
361,75
364,75
377,75
381,75
208,76
302,76
356,76
362,76
375,76
375,76
377,76
382,76
208,77
302,77
353,77
359,77
375,77
375,77
377,77
382,77
208,78
302,78
349,78
354,78
375,78
375,78
377,78
382,78
208,79
302,79
347,79
352,79
377,79
382,79
207,80
301,80
342,80
344,80
346,80
349,80
374,80
378,80
380,80
380,80
207,81
301,81
340,81
345,81
369,81
372,81
374,81
374,81
207,82
301,82
336,82
341,82
207,83
301,83
331,83
340,83
362,83
365,83
207,84
301,84
327,84
337,84
358,84
358,84
360,84
362,84
207,85
300,85
325,85
332,85
354,85
356,85
207,86
300,86
320,86
328,86
353,86
354,86
0,87
1,87
207,87
300,87
316,87
327,87
348,87
352,87
0,88
2,88
207,88
299,88
311,88
311,88
313,88
315,88
318,88
322,88
345,88
346,88
348,88
348,88
0,89
4,89
207,89
299,89
309,89
319,89
341,89
344,89
0,90
5,90
207,90
302,90
305,90
314,90
338,90
339,90
0,91
5,91
208,91
300,91
302,91
305,91
334,91
335,91
0,92
7,92
208,92
300,92
302,92
308,92
330,92
332,92
0,93
7,93
208,93
302,93
304,93
304,93
326,93
328,93
0,94
7,94
208,94
300,94
321,94
323,94
0,95
6,95
208,95
299,95
317,95
318,95
320,95
321,95
0,96
4,96
209,96
297,96
314,96
317,96
0,97
2,97
209,97
296,97
311,97
313,97
0,98
1,98
209,98
295,98
306,98
311,98
0,99
0,99
210,99
295,99
302,99
306,99
211,100
295,100
300,100
302,100
211,101
298,101
211,102
295,102
211,103
295,103
380,103
384,103
212,104
294,104
382,104
385,104
213,105
293,105
370,105
371,105
380,105
385,105
213,106
293,106
369,106
373,106
379,106
385,106
155,107
165,107
213,107
293,107
368,107
373,107
379,107
385,107
391,107
393,107
152,108
168,108
213,108
292,108
368,108
373,108
379,108
384,108
390,108
395,108
150,109
169,109
213,109
292,109
368,109
373,109
378,109
384,109
390,109
395,109
147,110
171,110
213,110
292,110
360,110
363,110
367,110
373,110
378,110
383,110
388,110
395,110
143,111
172,111
214,111
291,111
359,111
363,111
367,111
373,111
378,111
383,111
388,111
395,111
140,112
174,112
213,112
291,112
302,112
305,112
315,112
315,112
359,112
363,112
368,112
372,112
378,112
383,112
387,112
395,112
138,113
174,113
210,113
305,113
314,113
323,113
325,113
330,113
359,113
363,113
367,113
372,113
378,113
383,113
388,113
395,113
136,114
175,114
206,114
305,114
308,114
334,114
336,114
339,114
342,114
345,114
347,114
347,114
359,114
363,114
366,114
372,114
376,114
383,114
388,114
395,114
134,115
175,115
201,115
203,115
206,115
291,115
299,115
334,115
336,115
355,115
358,115
364,115
366,115
366,115
368,115
372,115
376,115
383,115
387,115
395,115
411,115
411,115
132,116
175,116
205,116
205,116
216,116
291,116
321,116
321,116
325,116
395,116
406,116
413,116
132,117
176,117
193,117
193,117
196,117
205,117
216,117
291,117
338,117
398,117
402,117
414,117
131,118
177,118
188,118
201,118
216,118
291,118
345,118
413,118
415,118
415,118
130,119
177,119
186,119
200,119
216,119
324,119
336,119
341,119
344,119
415,119
129,120
178,120
182,120
193,120
215,120
415,120
126,121
126,121
128,121
178,121
182,121
185,121
214,121
214,121
216,121
415,121
124,122
185,122
208,122
415,122
124,123
185,123
207,123
414,123
424,123
427,123
124,124
175,124
177,124
180,124
204,124
410,124
416,124
416,124
422,124
430,124
124,125
178,125
201,125
203,125
207,125
349,125
355,125
411,125
421,125
427,125
430,125
432,125
123,126
177,126
196,126
198,126
208,126
347,126
355,126
411,126
420,126
432,126
123,127
177,127
192,127
196,127
208,127
347,127
355,127
412,127
419,127
433,127
121,128
177,128
188,128
190,128
192,128
192,128
207,128
346,128
355,128
412,128
418,128
434,128
122,129
178,129
182,129
187,129
208,129
346,129
355,129
413,129
417,129
434,129
124,130
181,130
183,130
183,130
208,130
346,130
355,130
355,130
357,130
414,130
416,130
435,130
125,131
181,131
208,131
346,131
357,131
435,131
126,132
177,132
208,132
346,132
358,132
435,132
126,133
174,133
200,133
200,133
208,133
346,133
357,133
435,133
126,134
170,134
196,134
202,134
204,134
205,134
207,134
346,134
356,134
435,134
126,135
170,135
192,135
194,135
196,135
344,135
356,135
435,135
125,136
165,136
191,136
331,136
355,136
400,136
404,136
435,136
125,137
163,137
191,137
315,137
354,137
399,137
405,137
435,137
124,138
159,138
191,138
315,138
353,138
399,138
408,138
434,138
123,139
159,139
191,139
192,139
194,139
317,139
352,139
399,139
410,139
433,139
123,140
159,140
191,140
317,140
352,140
399,140
412,140
432,140
123,141
159,141
191,141
318,141
350,141
399,141
414,141
431,141
123,142
124,142
126,142
159,142
190,142
318,142
350,142
399,142
415,142
430,142
123,143
159,143
190,143
318,143
348,143
349,143
351,143
399,143
416,143
423,143
425,143
430,143
123,144
158,144
189,144
319,144
347,144
399,144
417,144
421,144
123,145
158,145
186,145
319,145
347,145
399,145
419,145
423,145
124,146
158,146
182,146
319,146
346,146
399,146
124,147
159,147
183,147
320,147
345,147
397,147
124,148
159,148
182,148
320,148
343,148
394,148
398,148
398,148
125,149
159,149
179,149
179,149
181,149
323,149
342,149
393,149
125,150
159,150
178,150
324,150
342,150
392,150
126,151
159,151
177,151
325,151
340,151
341,151
343,151
391,151
126,152
159,152
177,152
326,152
340,152
391,152
126,153
159,153
177,153
328,153
337,153
337,153
339,153
391,153
127,154
159,154
176,154
329,154
337,154
391,154
127,155
159,155
176,155
330,155
335,155
335,155
337,155
390,155
127,156
159,156
175,156
331,156
334,156
390,156
128,157
159,157
175,157
388,157
128,158
159,158
174,158
387,158
128,159
160,159
173,159
386,159
129,160
160,160
171,160
384,160
129,161
160,161
170,161
382,161
129,162
160,162
168,162
170,162
172,162
382,162
130,163
161,163
167,163
380,163
130,164
161,164
166,164
378,164
130,165
162,165
165,165
377,165
130,166
375,166
130,167
373,167
131,168
370,168
131,169
369,169
131,170
368,170
132,171
367,171
131,172
364,172
132,173
363,173
132,174
362,174
132,175
362,175
132,176
298,176
307,176
360,176
132,177
294,177
308,177
358,177
132,178
288,178
290,178
291,178
309,178
357,178
132,179
209,179
211,179
290,179
310,179
356,179
132,180
208,180
212,180
287,180
313,180
356,180
132,181
206,181
212,181
287,181
313,181
354,181
132,182
202,182
211,182
287,182
317,182
354,182
132,183
200,183
211,183
287,183
317,183
353,183
133,184
134,184
136,184
193,184
211,184
287,184
320,184
350,184
133,185
134,185
136,185
190,185
211,185
287,185
321,185
349,185
133,186
189,186
212,186
287,186
322,186
349,186
134,187
187,187
210,187
287,187
324,187
347,187
134,188
185,188
210,188
287,188
328,188
345,188
134,189
183,189
210,189
287,189
330,189
343,189
134,190
182,190
210,190
287,190
332,190
341,190
134,191
180,191
210,191
287,191
332,191
334,191
135,192
179,192
209,192
287,192
135,193
177,193
209,193
288,193
135,194
175,194
209,194
288,194
135,195
174,195
209,195
288,195
135,196
172,196
209,196
288,196
135,197
171,197
209,197
288,197
135,198
169,198
209,198
289,198
137,199
166,199
208,199
289,199
137,200
166,200
208,200
289,200
138,201
161,201
208,201
289,201
139,202
160,202
208,202
289,202
142,203
159,203
207,203
288,203
144,204
153,204
156,204
156,204
207,204
288,204
150,205
153,205
207,205
288,205
207,206
288,206
207,207
288,207
207,208
287,208
207,209
287,209
207,210
287,210
207,211
287,211
206,212
287,212
206,213
286,213
206,214
286,214
206,215
286,215
206,216
286,216
206,217
285,217
207,218
285,218
206,219
285,219
205,220
284,220
205,221
284,221
205,222
284,222
205,223
283,223
205,224
283,224
204,225
282,225
204,226
282,226
204,227
282,227
203,228
281,228
203,229
281,229
203,230
280,230
202,231
280,231
202,232
279,232
202,233
279,233
201,234
279,234
201,235
279,235
201,236
201,236
203,236
278,236
200,237
201,237
203,237
278,237
201,238
277,238
200,239
277,239
200,240
276,240
199,241
276,241
199,242
275,242
199,243
273,243
275,243
275,243
199,244
275,244
198,245
275,245
198,246
274,246
198,247
274,247
199,248
199,248
202,248
273,248
202,249
273,249
202,250
272,250
202,251
202,251
204,251
272,251
202,252
202,252
204,252
271,252
204,253
271,253
207,254
271,254
207,255
271,255
208,256
271,256
207,257
273,257
206,258
274,258
206,259
274,259
206,260
276,260
206,261
274,261
276,261
277,261
206,262
278,262
207,263
278,263
207,264
280,264
207,265
280,265
207,266
281,266
207,267
282,267
206,268
282,268
205,269
283,269
204,270
284,270
204,271
284,271
203,272
285,272
203,273
286,273
203,274
286,274
202,275
287,275
202,276
288,276
201,277
288,277
201,278
289,278
201,279
289,279
200,280
290,280
200,281
290,281
200,282
291,282
200,283
291,283
200,284
292,284
200,285
293,285
199,286
293,286
199,287
293,287
199,288
294,288
198,289
294,289
198,290
295,290
198,291
295,291
198,292
296,292
198,293
297,293
198,294
297,294
198,295
298,295
198,296
298,296
198,297
299,297
197,298
300,298
197,299
300,299
197,300
300,300
197,301
301,301
197,302
301,302
197,303
301,303
197,304
303,304
197,305
303,305
197,306
303,306
197,307
304,307
197,308
305,308
197,309
306,309
196,310
306,310
196,311
307,311
196,312
307,312
196,313
308,313
196,314
309,314
196,315
309,315
196,316
310,316
196,317
311,317
196,318
311,318
196,319
312,319
196,320
313,320
196,321
313,321
196,322
314,322
196,323
314,323
196,324
315,324
196,325
316,325
196,326
316,326
196,327
317,327
196,328
317,328
196,329
318,329
196,330
319,330
196,331
319,331
196,332
320,332
196,333
321,333
196,334
321,334
196,335
323,335
196,336
323,336
196,337
323,337
196,338
324,338
196,339
325,339
196,340
325,340
196,341
325,341
196,342
326,342
196,343
327,343
196,344
328,344
195,345
329,345
195,346
329,346
195,347
330,347
195,348
330,348
195,349
331,349
196,350
332,350
196,351
332,351
195,352
332,352
195,353
332,353
195,354
333,354
195,355
333,355
195,356
334,356
195,357
334,357
195,358
334,358
195,359
334,359
