231,70
232,70
236,71
236,71
233,72
234,72
241,72
241,72
270,72
272,72
238,73
241,73
269,73
273,73
235,74
240,74
242,74
242,74
267,74
267,74
269,74
275,74
390,74
391,74
232,75
232,75
235,75
243,75
266,75
273,75
275,75
277,75
388,75
392,75
235,76
243,76
266,76
279,76
387,76
393,76
234,77
244,77
264,77
279,77
387,77
393,77
234,78
250,78
252,78
252,78
256,78
282,78
284,78
285,78
385,78
395,78
235,79
284,79
385,79
395,79
236,80
287,80
384,80
396,80
236,81
287,81
384,81
396,81
237,82
288,82
383,82
397,82
238,83
287,83
383,83
397,83
237,84
286,84
383,84
398,84
236,85
286,85
382,85
398,85
236,86
285,86
382,86
399,86
236,87
284,87
382,87
399,87
235,88
285,88
381,88
400,88
234,89
284,89
380,89
400,89
233,90
285,90
379,90
400,90
232,91
285,91
378,91
400,91
232,92
285,92
377,92
400,92
232,93
284,93
344,93
345,93
376,93
401,93
232,94
284,94
336,94
337,94
343,94
346,94
375,94
401,94
232,95
285,95
336,95
340,95
343,95
347,95
374,95
401,95
231,96
286,96
335,96
339,96
343,96
346,96
348,96
348,96
373,96
401,96
225,97
226,97
231,97
285,97
287,97
288,97
334,97
339,97
341,97
346,97
348,97
348,97
370,97
402,97
225,98
227,98
230,98
289,98
333,98
344,98
347,98
348,98
368,98
403,98
225,99
290,99
332,99
344,99
347,99
348,99
367,99
403,99
226,100
292,100
331,100
348,100
366,100
403,100
226,101
291,101
330,101
348,101
363,101
403,101
226,102
291,102
329,102
350,102
361,102
403,102
226,103
292,103
328,103
355,103
358,103
403,103
222,104
292,104
329,104
404,104
221,105
292,105
330,105
404,105
221,106
293,106
330,106
404,106
221,107
293,107
331,107
403,107
222,108
294,108
331,108
403,108
222,109
294,109
331,109
363,109
383,109
403,109
222,110
294,110
331,110
363,110
386,110
403,110
222,111
294,111
331,111
363,111
387,111
403,111
220,112
294,112
330,112
364,112
390,112
402,112
219,113
294,113
328,113
365,113
392,113
402,113
219,114
294,114
324,114
352,114
361,114
366,114
395,114
399,114
401,114
402,114
218,115
294,115
321,115
352,115
362,115
367,115
396,115
401,115
219,116
293,116
319,116
352,116
364,116
368,116
398,116
400,116
219,117
293,117
316,117
353,117
364,117
368,117
219,118
293,118
316,118
353,118
365,118
369,118
219,119
293,119
315,119
353,119
366,119
369,119
219,120
292,120
313,120
329,120
331,120
354,120
366,120
369,120
222,121
292,121
312,121
321,121
323,121
325,121
331,121
354,121
366,121
369,121
226,122
291,122
311,122
317,122
319,122
322,122
331,122
354,122
366,122
369,122
227,123
291,123
310,123
317,123
332,123
355,123
366,123
369,123
229,124
288,124
292,124
292,124
306,124
307,124
309,124
314,124
316,124
316,124
332,124
354,124
366,124
368,124
230,125
288,125
292,125
292,125
303,125
314,125
332,125
351,125
365,125
368,125
231,126
287,126
301,126
305,126
307,126
313,126
333,126
351,126
365,126
367,126
232,127
287,127
294,127
294,127
298,127
307,127
309,127
313,127
331,127
351,127
363,127
366,127
232,128
289,128
292,128
301,128
309,128
309,128
312,128
312,128
330,128
350,128
358,128
359,128
361,128
365,128
233,129
290,129
293,129
297,129
309,129
309,129
311,129
311,129
328,129
350,129
358,129
365,129
233,130
295,130
309,130
312,130
326,130
349,130
354,130
363,130
233,131
292,131
309,131
312,131
326,131
351,131
353,131
359,131
361,131
362,131
233,132
290,132
309,132
312,132
323,132
359,132
234,133
290,133
309,133
312,133
322,133
358,133
235,134
290,134
309,134
313,134
321,134
356,134
235,135
289,135
310,135
313,135
320,135
355,135
235,136
291,136
311,136
314,136
318,136
356,136
235,137
291,137
312,137
356,137
236,138
291,138
313,138
356,138
236,139
291,139
313,139
357,139
236,140
292,140
312,140
357,140
237,141
288,141
292,141
293,141
311,141
357,141
237,142
288,142
293,142
294,142
310,142
358,142
237,143
288,143
308,143
358,143
238,144
288,144
305,144
359,144
238,145
288,145
303,145
359,145
239,146
289,146
302,146
359,146
239,147
290,147
301,147
359,147
239,148
289,148
299,148
360,148
239,149
289,149
296,149
361,149
239,150
289,150
294,150
361,150
239,151
289,151
291,151
291,151
294,151
362,151
239,152
325,152
328,152
362,152
239,153
326,153
332,153
363,153
239,154
324,154
333,154
363,154
479,154
479,154
239,155
322,155
333,155
363,155
479,155
479,155
239,156
239,156
242,156
320,156
333,156
335,156
338,156
365,156
478,156
479,156
239,157
239,157
243,157
319,157
333,157
335,157
338,157
365,157
478,157
479,157
239,158
239,158
243,158
319,158
324,158
330,158
333,158
366,158
478,158
479,158
239,159
239,159
243,159
320,159
324,159
366,159
478,159
479,159
239,160
239,160
243,160
243,160
245,160
332,160
335,160
337,160
340,160
367,160
478,160
479,160
243,161
243,161
245,161
333,161
335,161
338,161
340,161
367,161
478,161
479,161
245,162
368,162
477,162
479,162
239,163
239,163
242,163
242,163
244,163
369,163
476,163
479,163
241,164
369,164
476,164
479,164
231,165
370,165
476,165
479,165
230,166
370,166
476,166
479,166
229,167
370,167
476,167
479,167
229,168
372,168
476,168
479,168
229,169
372,169
475,169
479,169
229,170
373,170
475,170
479,170
228,171
373,171
474,171
479,171
228,172
373,172
473,172
479,172
229,173
373,173
475,173
479,173
229,174
372,174
476,174
479,174
229,175
370,175
372,175
372,175
476,175
479,175
230,176
371,176
476,176
479,176
232,177
371,177
476,177
479,177
232,178
370,178
476,178
479,178
232,179
369,179
476,179
479,179
232,180
368,180
476,180
479,180
232,181
366,181
476,181
479,181
232,182
363,182
476,182
479,182
232,183
330,183
346,183
350,183
353,183
357,183
476,183
479,183
233,184
322,184
324,184
329,184
476,184
479,184
234,185
309,185
313,185
314,185
316,185
325,185
476,185
479,185
234,186
310,186
320,186
321,186
476,186
479,186
235,187
310,187
476,187
479,187
236,188
311,188
476,188
479,188
237,189
312,189
475,189
479,189
237,190
312,190
475,190
479,190
237,191
313,191
475,191
479,191
237,192
313,192
474,192
479,192
237,193
314,193
474,193
479,193
238,194
314,194
474,194
479,194
239,195
315,195
474,195
479,195
239,196
315,196
474,196
479,196
239,197
315,197
474,197
479,197
240,198
316,198
474,198
479,198
242,199
316,199
474,199
479,199
244,200
250,200
252,200
316,200
473,200
479,200
245,201
250,201
252,201
316,201
473,201
479,201
251,202
317,202
472,202
479,202
254,203
317,203
472,203
479,203
254,204
317,204
472,204
479,204
255,205
317,205
472,205
479,205
255,206
317,206
472,206
479,206
255,207
317,207
472,207
479,207
256,208
317,208
472,208
479,208
256,209
317,209
471,209
479,209
256,210
317,210
470,210
479,210
256,211
317,211
470,211
479,211
257,212
317,212
470,212
479,212
257,213
317,213
471,213
479,213
258,214
317,214
471,214
479,214
258,215
317,215
471,215
479,215
258,216
317,216
473,216
479,216
258,217
317,217
473,217
479,217
258,218
317,218
474,218
479,218
259,219
317,219
475,219
479,219
259,220
317,220
476,220
479,220
259,221
317,221
477,221
479,221
260,222
316,222
260,223
316,223
260,224
316,224
260,225
316,225
260,226
316,226
260,227
316,227
260,228
316,228
259,229
316,229
259,230
316,230
258,231
316,231
258,232
316,232
258,233
316,233
257,234
315,234
257,235
315,235
257,236
315,236
256,237
315,237
256,238
315,238
255,239
315,239
257,240
315,240
259,241
259,241
261,241
315,241
263,242
315,242
264,243
315,243
264,244
314,244
264,245
314,245
264,246
313,246
263,247
307,247
310,247
312,247
262,248
311,248
261,249
307,249
309,249
309,249
261,250
307,250
309,250
309,250
261,251
310,251
261,252
310,252
261,253
310,253
261,254
311,254
260,255
311,255
259,256
311,256
258,257
311,257
257,258
311,258
257,259
311,259
256,260
312,260
255,261
313,261
255,262
313,262
254,263
313,263
255,264
314,264
254,265
315,265
253,266
315,266
252,267
316,267
253,268
316,268
252,269
317,269
251,270
316,270
250,271
317,271
250,272
318,272
250,273
318,273
249,274
318,274
249,275
319,275
248,276
319,276
248,277
319,277
248,278
320,278
248,279
320,279
248,280
320,280
248,281
321,281
247,282
321,282
247,283
321,283
247,284
322,284
246,285
322,285
246,286
322,286
246,287
322,287
246,288
323,288
246,289
323,289
245,290
324,290
245,291
324,291
245,292
324,292
245,293
325,293
245,294
325,294
244,295
323,295
325,295
325,295
245,296
325,296
245,297
326,297
245,298
326,298
244,299
326,299
244,300
326,300
244,301
326,301
243,302
327,302
243,303
327,303
243,304
328,304
242,305
328,305
242,306
328,306
242,307
329,307
242,308
329,308
242,309
329,309
242,310
330,310
241,311
330,311
241,312
331,312
240,313
331,313
240,314
331,314
240,315
331,315
240,316
332,316
240,317
332,317
240,318
332,318
239,319
332,319
239,320
333,320
239,321
333,321
239,322
334,322
239,323
334,323
238,324
335,324
238,325
335,325
237,326
335,326
238,327
336,327
238,328
336,328
238,329
336,329
237,330
337,330
237,331
337,331
236,332
337,332
235,333
337,333
235,334
338,334
235,335
338,335
234,336
339,336
234,337
339,337
234,338
340,338
234,339
340,339
232,340
340,340
232,341
341,341
232,342
341,342
232,343
341,343
232,344
342,344
232,345
343,345
232,346
343,346
231,347
343,347
231,348
343,348
230,349
344,349
230,350
344,350
229,351
344,351
229,352
345,352
228,353
346,353
228,354
346,354
228,355
347,355
227,356
347,356
227,357
347,357
227,358
348,358
227,359
348,359
