244,68
244,68
245,69
245,69
251,71
254,71
285,71
286,71
245,72
245,72
248,72
255,72
283,72
285,72
248,73
256,73
282,73
290,73
247,74
256,74
281,74
286,74
290,74
291,74
247,75
256,75
280,75
288,75
290,75
292,75
248,76
260,76
279,76
292,76
248,77
258,77
260,77
267,77
272,77
295,77
298,77
298,77
249,78
269,78
271,78
299,78
250,79
299,79
406,79
407,79
250,80
300,80
404,80
408,80
250,81
301,81
403,81
409,81
250,82
300,82
403,82
409,82
0,83
0,83
250,83
299,83
402,83
411,83
0,84
3,84
249,84
296,84
299,84
299,84
402,84
411,84
0,85
4,85
250,85
296,85
298,85
298,85
402,85
412,85
0,86
4,86
249,86
298,86
401,86
413,86
0,87
3,87
248,87
298,87
401,87
413,87
0,88
3,88
247,88
298,88
400,88
414,88
0,89
3,89
247,89
297,89
400,89
414,89
2,90
3,90
246,90
299,90
399,90
414,90
0,91
2,91
246,91
298,91
398,91
415,91
0,92
0,92
246,92
297,92
397,92
415,92
245,93
297,93
396,93
416,93
245,94
298,94
396,94
416,94
239,95
239,95
241,95
241,95
244,95
300,95
395,95
416,95
241,96
301,96
360,96
360,96
394,96
416,96
240,97
303,97
352,97
353,97
359,97
362,97
393,97
417,97
239,98
304,98
352,98
355,98
359,98
363,98
392,98
417,98
240,99
302,99
351,99
356,99
359,99
364,99
391,99
417,99
240,100
303,100
350,100
354,100
358,100
364,100
390,100
417,100
240,101
304,101
348,101
355,101
357,101
360,101
363,101
363,101
387,101
417,101
240,102
305,102
347,102
360,102
363,102
363,102
385,102
418,102
235,103
305,103
346,103
360,103
363,103
363,103
384,103
418,103
235,104
306,104
345,104
361,104
363,104
363,104
383,104
418,104
234,105
306,105
345,105
364,105
379,105
419,105
235,106
306,106
344,106
366,106
368,106
370,106
377,106
419,106
235,107
306,107
345,107
371,107
373,107
419,107
235,108
306,108
345,108
419,108
235,109
306,109
345,109
419,109
235,110
306,110
346,110
419,110
233,111
306,111
346,111
419,111
231,112
307,112
346,112
419,112
231,113
307,113
346,113
380,113
396,113
419,113
231,114
307,114
346,114
378,114
398,114
419,114
231,115
305,115
344,115
378,115
400,115
419,115
231,116
306,116
343,116
379,116
402,116
419,116
231,117
306,117
339,117
368,117
371,117
380,117
405,117
419,117
234,118
306,118
336,118
367,118
376,118
381,118
406,118
418,118
235,119
305,119
333,119
367,119
377,119
382,119
409,119
415,119
417,119
418,119
237,120
305,120
330,120
367,120
379,120
383,120
411,120
417,120
239,121
305,121
330,121
367,121
379,121
383,121
413,121
416,121
241,122
301,122
304,122
305,122
329,122
368,122
380,122
383,122
414,122
415,122
242,123
301,123
304,123
304,123
326,123
345,123
347,123
368,123
381,123
384,123
244,124
302,124
304,124
305,124
325,124
338,124
347,124
368,124
381,124
384,124
245,125
301,125
324,125
330,125
332,125
335,125
347,125
369,125
381,125
384,125
245,126
301,126
323,126
331,126
347,126
369,126
381,126
384,126
246,127
301,127
317,127
328,127
347,127
369,127
381,127
384,127
246,128
302,128
312,128
314,128
316,128
327,128
347,128
369,128
381,128
383,128
247,129
302,129
311,129
319,129
323,129
326,129
347,129
364,129
367,129
367,129
380,129
383,129
247,130
302,130
306,130
315,130
323,130
326,130
346,130
365,130
380,130
382,130
247,131
310,131
323,131
323,131
325,131
325,131
345,131
365,131
378,131
382,131
247,132
309,132
323,132
325,132
343,132
365,132
373,132
373,132
376,132
381,132
247,133
305,133
323,133
325,133
342,133
364,133
373,133
380,133
247,134
303,134
323,134
325,134
340,134
364,134
369,134
378,134
247,135
303,135
323,135
325,135
338,135
371,135
373,135
377,135
247,136
303,136
323,136
326,136
336,136
374,136
247,137
304,137
323,137
326,137
336,137
372,137
248,138
304,138
324,138
327,138
334,138
370,138
248,139
303,139
305,139
305,139
324,139
328,139
333,139
369,139
248,140
300,140
304,140
306,140
325,140
329,140
332,140
369,140
248,141
300,141
326,141
370,141
249,142
301,142
326,142
370,142
249,143
299,143
301,143
301,143
325,143
371,143
249,144
298,144
300,144
301,144
324,144
371,144
249,145
298,145
301,145
302,145
322,145
372,145
251,146
298,146
320,146
372,146
251,147
298,147
319,147
372,147
251,148
298,148
318,148
372,148
251,149
298,149
315,149
373,149
251,150
298,150
313,150
373,150
250,151
298,151
300,151
300,151
312,151
374,151
250,152
299,152
310,152
374,152
250,153
299,153
308,153
375,153
250,154
302,154
306,154
375,154
250,155
376,155
250,156
341,156
346,156
376,156
250,157
341,157
346,157
377,157
250,158
341,158
346,158
377,158
250,159
344,159
346,159
349,159
351,159
378,159
251,160
349,160
352,160
379,160
252,161
379,161
253,162
380,162
250,163
380,163
248,164
380,164
243,165
382,165
243,166
382,166
243,167
383,167
242,168
383,168
241,169
383,169
241,170
385,170
242,171
386,171
242,172
386,172
243,173
386,173
243,174
386,174
243,175
386,175
245,176
386,176
245,177
386,177
245,178
385,178
246,179
384,179
246,180
383,180
246,181
379,181
381,181
382,181
246,182
381,182
246,183
380,183
247,184
341,184
358,184
363,184
365,184
374,184
248,185
339,185
249,186
324,186
328,186
328,186
332,186
333,186
249,187
324,187
250,188
325,188
251,189
325,189
251,190
326,190
251,191
327,191
251,192
327,192
252,193
327,193
252,194
328,194
253,195
328,195
254,196
329,196
255,197
329,197
256,198
329,198
258,199
329,199
259,200
262,200
265,200
329,200
266,201
330,201
266,202
330,202
266,203
330,203
267,204
330,204
268,205
330,205
268,206
330,206
269,207
330,207
269,208
330,208
269,209
330,209
269,210
330,210
270,211
330,211
270,212
330,212
270,213
330,213
271,214
330,214
271,215
330,215
271,216
330,216
271,217
330,217
271,218
330,218
271,219
329,219
272,220
329,220
272,221
329,221
272,222
329,222
272,223
329,223
272,224
329,224
272,225
329,225
272,226
328,226
272,227
328,227
271,228
328,228
271,229
328,229
271,230
328,230
270,231
328,231
270,232
328,232
270,233
328,233
269,234
327,234
268,235
327,235
268,236
328,236
268,237
327,237
268,238
327,238
269,239
327,239
272,240
327,240
274,241
326,241
276,242
326,242
276,243
323,243
325,243
326,243
276,244
326,244
276,245
325,245
275,246
324,246
274,247
322,247
273,248
321,248
273,249
321,249
272,250
322,250
273,251
321,251
273,252
322,252
273,253
322,253
272,254
323,254
272,255
323,255
271,256
323,256
270,257
323,257
269,258
324,258
269,259
324,259
268,260
325,260
267,261
325,261
266,262
326,262
266,263
326,263
265,264
327,264
265,265
327,265
265,266
328,266
265,267
329,267
264,268
329,268
263,269
329,269
263,270
329,270
262,271
330,271
262,272
330,272
262,273
330,273
261,274
331,274
261,275
331,275
261,276
331,276
260,277
332,277
260,278
332,278
260,279
333,279
260,280
333,280
260,281
333,281
260,282
334,282
259,283
334,283
259,284
334,284
259,285
334,285
259,286
335,286
258,287
335,287
258,288
335,288
258,289
335,289
257,290
336,290
257,291
336,291
257,292
336,292
257,293
336,293
257,294
337,294
256,295
337,295
256,296
337,296
257,297
337,297
257,298
338,298
257,299
338,299
256,300
338,300
256,301
338,301
256,302
339,302
255,303
339,303
255,304
339,304
255,305
340,305
255,306
340,306
254,307
340,307
255,308
340,308
255,309
341,309
254,310
341,310
254,311
341,311
254,312
342,312
253,313
342,313
253,314
342,314
253,315
342,315
252,316
343,316
252,317
343,317
252,318
343,318
252,319
343,319
251,320
343,320
251,321
344,321
251,322
345,322
251,323
345,323
251,324
345,324
250,325
346,325
250,326
346,326
250,327
346,327
250,328
347,328
250,329
347,329
250,330
347,330
249,331
348,331
249,332
348,332
249,333
348,333
248,334
348,334
248,335
349,335
248,336
349,336
248,337
350,337
247,338
350,338
246,339
350,339
246,340
351,340
245,341
351,341
245,342
351,342
245,343
352,343
245,344
352,344
244,345
353,345
244,346
351,346
353,346
353,346
244,347
351,347
353,347
354,347
244,348
354,348
244,349
356,349
244,350
356,350
243,351
357,351
243,352
358,352
243,353
358,353
0,354
0,354
242,354
358,354
0,355
0,355
242,355
359,355
0,356
1,356
242,356
359,356
0,357
0,357
2,357
2,357
242,357
360,357
0,358
0,358
2,358
2,358
242,358
362,358
0,359
0,359
242,359
362,359
