70,24
70,24
69,25
71,25
70,26
72,26
68,27
72,27
68,28
72,28
67,29
72,29
66,30
72,30
66,31
72,31
66,32
70,32
72,32
72,32
66,33
72,33
65,34
73,34
57,35
76,35
59,36
78,36
59,37
78,37
60,38
80,38
60,39
82,39
61,40
84,40
61,41
87,41
61,42
88,42
61,43
84,43
86,43
89,43
61,44
89,44
61,45
90,45
60,46
90,46
60,47
72,47
74,47
90,47
59,48
72,48
77,48
90,48
59,49
72,49
78,49
90,49
59,50
72,50
79,50
89,50
58,51
72,51
80,51
89,51
58,52
72,52
81,52
89,52
57,53
72,53
81,53
89,53
56,54
73,54
81,54
88,54
55,55
74,55
82,55
88,55
52,56
75,56
83,56
88,56
51,57
75,57
77,57
77,57
83,57
87,57
50,58
75,58
77,58
77,58
84,58
87,58
49,59
79,59
84,59
87,59
46,60
79,60
45,61
80,61
44,62
81,62
43,63
81,63
40,64
82,64
39,65
83,65
37,66
84,66
423,66
423,66
30,67
31,67
34,67
85,67
423,67
423,67
26,68
27,68
29,68
86,68
420,68
420,68
423,68
423,68
427,68
427,68
25,69
87,69
427,69
427,69
24,70
88,70
421,70
422,70
426,70
426,70
7,71
8,71
24,71
89,71
420,71
425,71
6,72
9,72
23,72
90,72
418,72
426,72
5,73
10,73
14,73
19,73
22,73
91,73
418,73
426,73
4,74
92,74
416,74
416,74
418,74
427,74
4,75
92,75
417,75
427,75
4,76
94,76
417,76
428,76
4,77
95,77
417,77
428,77
4,78
95,78
417,78
427,78
4,79
96,79
418,79
426,79
4,80
96,80
418,80
426,80
3,81
3,81
5,81
97,81
418,81
427,81
5,82
97,82
104,82
104,82
418,82
428,82
6,83
97,83
103,83
104,83
416,83
429,83
8,84
97,84
99,84
104,84
414,84
431,84
8,85
104,85
413,85
431,85
9,86
104,86
413,86
432,86
9,87
105,87
411,87
433,87
10,88
105,88
410,88
434,88
11,89
105,89
409,89
431,89
433,89
435,89
11,90
105,90
113,90
114,90
408,90
436,90
12,91
106,91
108,91
115,91
407,91
436,91
12,92
115,92
406,92
438,92
13,93
115,93
405,93
439,93
14,94
115,94
119,94
119,94
403,94
403,94
405,94
439,94
14,95
115,95
117,95
119,95
403,95
440,95
14,96
118,96
401,96
441,96
15,97
117,97
400,97
442,97
15,98
115,98
400,98
443,98
16,99
114,99
399,99
444,99
16,100
114,100
397,100
444,100
16,101
113,101
397,101
445,101
16,102
112,102
396,102
446,102
16,103
111,103
395,103
447,103
16,104
111,104
394,104
448,104
454,104
456,104
16,105
110,105
387,105
389,105
392,105
448,105
452,105
456,105
16,106
109,106
386,106
457,106
16,107
109,107
378,107
381,107
385,107
458,107
15,108
108,108
379,108
382,108
384,108
460,108
466,108
466,108
14,109
108,109
380,109
461,109
465,109
466,109
13,110
107,110
381,110
465,110
13,111
107,111
382,111
465,111
13,112
106,112
381,112
463,112
13,113
106,113
382,113
462,113
13,114
107,114
383,114
460,114
13,115
107,115
383,115
459,115
12,116
108,116
383,116
459,116
12,117
108,117
384,117
458,117
12,118
109,118
384,118
457,118
11,119
109,119
385,119
457,119
11,120
110,120
385,120
456,120
11,121
110,121
385,121
456,121
11,122
111,122
386,122
455,122
11,123
111,123
386,123
455,123
11,124
111,124
386,124
454,124
11,125
112,125
386,125
454,125
10,126
112,126
386,126
453,126
10,127
112,127
385,127
453,127
11,128
113,128
385,128
453,128
12,129
113,129
384,129
454,129
12,130
113,130
384,130
454,130
12,131
113,131
384,131
455,131
14,132
114,132
383,132
455,132
15,133
114,133
383,133
455,133
16,134
114,134
383,134
456,134
18,135
115,135
383,135
456,135
18,136
115,136
382,136
456,136
19,137
115,137
382,137
456,137
20,138
115,138
382,138
454,138
457,138
457,138
20,139
115,139
381,139
455,139
21,140
22,140
26,140
116,140
381,140
455,140
22,141
22,141
26,141
116,141
381,141
455,141
27,142
116,142
381,142
454,142
23,143
23,143
27,143
116,143
381,143
453,143
27,144
116,144
380,144
453,144
27,145
116,145
380,145
452,145
28,146
117,146
380,146
450,146
28,147
117,147
380,147
448,147
450,147
450,147
28,148
117,148
379,148
445,148
448,148
449,148
28,149
115,149
117,149
117,149
379,149
445,149
28,150
115,150
117,150
117,150
378,150
439,150
442,150
445,150
28,151
117,151
377,151
438,151
442,151
443,151
28,152
117,152
377,152
438,152
442,152
442,152
28,153
117,153
376,153
437,153
28,154
117,154
376,154
437,154
28,155
117,155
375,155
437,155
29,156
117,156
374,156
437,156
30,157
117,157
373,157
435,157
30,158
117,158
372,158
375,158
378,158
435,158
31,159
115,159
371,159
373,159
379,159
436,159
30,160
116,160
370,160
371,160
378,160
437,160
31,161
116,161
368,161
369,161
378,161
436,161
32,162
116,162
368,162
368,162
377,162
435,162
32,163
114,163
367,163
367,163
376,163
435,163
32,164
115,164
377,164
436,164
32,165
114,165
376,165
437,165
32,166
114,166
376,166
438,166
34,167
112,167
375,167
435,167
437,167
440,167
35,168
112,168
373,168
373,168
375,168
441,168
36,169
112,169
373,169
427,169
429,169
429,169
433,169
433,169
438,169
443,169
36,170
38,170
42,170
112,170
373,170
429,170
433,170
433,170
441,170
444,170
37,171
38,171
42,171
112,171
371,171
371,171
373,171
428,171
443,171
445,171
38,172
38,172
47,172
104,172
106,172
109,172
111,172
111,172
374,172
427,172
444,172
446,172
38,173
38,173
49,173
96,173
98,173
104,173
106,173
111,173
375,173
427,173
445,173
448,173
38,174
38,174
50,174
95,174
98,174
103,174
107,174
110,174
376,174
425,174
446,174
450,174
51,175
95,175
98,175
103,175
108,175
109,175
378,175
425,175
447,175
457,175
51,176
51,176
55,176
93,176
98,176
101,176
107,176
109,176
378,176
426,176
447,176
460,176
51,177
51,177
53,177
88,177
90,177
93,177
98,177
98,177
101,177
101,177
378,177
426,177
446,177
463,177
51,178
87,178
91,178
93,178
98,178
98,178
379,178
428,178
446,178
446,178
448,178
459,178
461,178
465,178
49,179
87,179
91,179
92,179
98,179
98,179
379,179
430,179
445,179
459,179
461,179
466,179
48,180
87,180
91,180
92,180
379,180
433,180
445,180
448,180
454,180
468,180
47,181
94,181
96,181
97,181
378,181
438,181
444,181
447,181
456,181
471,181
46,182
96,182
98,182
98,182
378,182
447,182
456,182
472,182
46,183
96,183
99,183
99,183
378,183
448,183
458,183
474,183
45,184
98,184
100,184
100,184
377,184
453,184
460,184
463,184
465,184
477,184
44,185
98,185
101,185
101,185
376,185
453,185
461,185
463,185
465,185
479,185
43,186
100,186
102,186
102,186
376,186
453,186
462,186
479,186
43,187
103,187
373,187
453,187
464,187
479,187
40,188
105,188
370,188
455,188
467,188
479,188
34,189
106,189
367,189
455,189
468,189
479,189
32,190
107,190
364,190
455,190
467,190
479,190
31,191
34,191
36,191
104,191
106,191
107,191
363,191
455,191
467,191
479,191
30,192
108,192
364,192
454,192
466,192
479,192
29,193
108,193
364,193
454,193
466,193
479,193
28,194
109,194
364,194
454,194
465,194
479,194
28,195
108,195
110,195
110,195
365,195
456,195
464,195
479,195
29,196
110,196
367,196
457,196
464,196
479,196
27,197
110,197
368,197
460,197
462,197
479,197
27,198
112,198
369,198
479,198
26,199
113,199
370,199
479,199
26,200
114,200
371,200
479,200
25,201
114,201
372,201
479,201
24,202
115,202
373,202
479,202
24,203
115,203
373,203
479,203
22,204
116,204
373,204
479,204
22,205
116,205
374,205
479,205
21,206
117,206
373,206
479,206
21,207
117,207
374,207
479,207
20,208
117,208
374,208
479,208
19,209
118,209
374,209
479,209
18,210
118,210
375,210
479,210
17,211
118,211
375,211
479,211
17,212
119,212
375,212
479,212
16,213
119,213
375,213
479,213
16,214
119,214
376,214
479,214
15,215
119,215
377,215
479,215
16,216
118,216
377,216
479,216
16,217
118,217
377,217
479,217
17,218
117,218
378,218
479,218
17,219
117,219
379,219
479,219
18,220
117,220
379,220
479,220
19,221
116,221
380,221
479,221
19,222
116,222
380,222
479,222
19,223
117,223
380,223
479,223
19,224
117,224
380,224
479,224
19,225
117,225
380,225
479,225
19,226
117,226
380,226
479,226
19,227
117,227
380,227
479,227
18,228
117,228
380,228
479,228
18,229
117,229
380,229
479,229
17,230
117,230
380,230
479,230
17,231
116,231
380,231
479,231
17,232
115,232
380,232
479,232
17,233
115,233
379,233
479,233
17,234
115,234
379,234
479,234
17,235
115,235
379,235
459,235
462,235
479,235
17,236
114,236
378,236
453,236
455,236
456,236
465,236
479,236
18,237
113,237
378,237
454,237
467,237
479,237
18,238
113,238
378,238
452,238
466,238
479,238
19,239
112,239
378,239
450,239
467,239
479,239
19,240
112,240
378,240
449,240
468,240
479,240
20,241
112,241
378,241
447,241
470,241
479,241
20,242
113,242
378,242
445,242
471,242
479,242
20,243
113,243
378,243
444,243
471,243
479,243
20,244
113,244
377,244
442,244
472,244
479,244
20,245
114,245
376,245
441,245
472,245
479,245
20,246
114,246
376,246
440,246
473,246
474,246
477,246
479,246
20,247
115,247
376,247
439,247
475,247
479,247
19,248
115,248
375,248
439,248
475,248
479,248
19,249
115,249
375,249
438,249
478,249
479,249
19,250
115,250
374,250
438,250
19,251
116,251
374,251
437,251
19,252
116,252
374,252
436,252
18,253
116,253
373,253
435,253
14,254
116,254
373,254
435,254
8,255
117,255
372,255
435,255
4,256
117,256
371,256
434,256
0,257
117,257
370,257
433,257
0,258
117,258
370,258
432,258
0,259
118,259
369,259
432,259
0,260
118,260
369,260
431,260
0,261
118,261
369,261
430,261
0,262
118,262
368,262
430,262
0,263
119,263
368,263
368,263
371,263
429,263
0,264
119,264
368,264
429,264
0,265
119,265
367,265
369,265
371,265
429,265
0,266
119,266
368,266
428,266
0,267
119,267
373,267
427,267
0,268
119,268
376,268
427,268
0,269
119,269
377,269
426,269
0,270
119,270
379,270
425,270
0,271
120,271
378,271
425,271
0,272
120,272
376,272
425,272
0,273
120,273
374,273
425,273
0,274
120,274
373,274
425,274
0,275
120,275
372,275
425,275
0,276
18,276
31,276
120,276
372,276
426,276
0,277
12,277
31,277
120,277
372,277
426,277
0,278
5,278
31,278
120,278
373,278
427,278
0,279
3,279
18,279
21,279
31,279
120,279
374,279
427,279
18,280
120,280
374,280
428,280
18,281
120,281
372,281
428,281
18,282
119,282
372,282
429,282
18,283
119,283
371,283
430,283
17,284
119,284
370,284
430,284
16,285
119,285
369,285
431,285
7,286
119,286
369,286
432,286
0,287
119,287
368,287
432,287
0,288
119,288
368,288
433,288
0,289
119,289
368,289
433,289
0,290
119,290
367,290
434,290
0,291
119,291
367,291
434,291
0,292
116,292
367,292
435,292
0,293
116,293
367,293
435,293
0,294
115,294
366,294
436,294
0,295
115,295
365,295
436,295
0,296
111,296
113,296
114,296
365,296
436,296
0,297
113,297
365,297
437,297
0,298
112,298
364,298
438,298
0,299
111,299
364,299
438,299
0,300
107,300
109,300
110,300
364,300
438,300
0,301
111,301
364,301
438,301
0,302
112,302
364,302
439,302
0,303
113,303
363,303
439,303
0,304
113,304
363,304
440,304
0,305
113,305
363,305
440,305
0,306
112,306
363,306
440,306
0,307
112,307
363,307
440,307
0,308
112,308
362,308
441,308
0,309
114,309
362,309
441,309
0,310
115,310
362,310
441,310
0,311
117,311
362,311
442,311
0,312
118,312
361,312
442,312
0,313
117,313
119,313
120,313
361,313
442,313
0,314
121,314
361,314
443,314
0,315
122,315
361,315
443,315
0,316
123,316
361,316
443,316
0,317
124,317
361,317
443,317
0,318
125,318
361,318
444,318
0,319
126,319
361,319
444,319
0,320
128,320
360,320
444,320
0,321
128,321
360,321
444,321
0,322
128,322
360,322
445,322
0,323
129,323
360,323
445,323
0,324
130,324
360,324
445,324
0,325
131,325
360,325
445,325
0,326
131,326
359,326
446,326
0,327
132,327
359,327
446,327
0,328
132,328
359,328
446,328
0,329
133,329
359,329
447,329
0,330
133,330
358,330
447,330
0,331
134,331
358,331
447,331
0,332
134,332
358,332
447,332
0,333
135,333
358,333
447,333
0,334
135,334
358,334
448,334
0,335
135,335
358,335
448,335
0,336
135,336
357,336
448,336
0,337
136,337
357,337
448,337
0,338
137,338
357,338
449,338
0,339
137,339
357,339
449,339
0,340
137,340
356,340
449,340
0,341
137,341
356,341
449,341
0,342
138,342
356,342
450,342
0,343
138,343
356,343
450,343
0,344
139,344
355,344
450,344
0,345
139,345
355,345
451,345
0,346
139,346
354,346
451,346
0,347
139,347
354,347
451,347
0,348
140,348
354,348
452,348
0,349
140,349
354,349
451,349
0,350
141,350
353,350
452,350
0,351
141,351
353,351
452,351
0,352
141,352
352,352
452,352
0,353
142,353
352,353
453,353
0,354
142,354
352,354
453,354
0,355
142,355
352,355
454,355
0,356
143,356
351,356
454,356
0,357
143,357
351,357
454,357
0,358
144,358
351,358
455,358
0,359
144,359
351,359
455,359
