237,12
238,12
237,13
239,13
236,14
239,14
235,15
239,15
236,16
239,16
235,17
239,17
235,18
239,18
235,19
239,19
235,20
239,20
234,21
239,21
233,22
245,22
227,23
227,23
229,23
247,23
227,24
247,24
228,25
250,25
228,26
253,26
229,27
256,27
230,28
257,28
230,29
258,29
230,30
259,30
230,31
260,31
230,32
260,32
229,33
259,33
229,34
240,34
244,34
259,34
229,35
240,35
245,35
259,35
229,36
240,36
248,36
258,36
228,37
241,37
250,37
258,37
227,38
241,38
251,38
258,38
227,39
241,39
252,39
258,39
227,40
242,40
252,40
258,40
226,41
243,41
252,41
257,41
226,42
244,42
253,42
256,42
225,43
245,43
253,43
257,43
223,44
246,44
254,44
257,44
222,45
222,45
224,45
247,45
254,45
256,45
221,46
223,46
225,46
247,46
221,47
249,47
219,48
250,48
217,49
251,49
217,50
249,50
251,50
252,50
216,51
251,51
253,51
253,51
214,52
254,52
213,53
255,53
212,54
256,54
211,55
258,55
209,56
259,56
206,57
260,57
206,58
261,58
205,59
262,59
204,60
263,60
454,60
459,60
187,61
188,61
204,61
263,61
451,61
460,61
186,62
189,62
194,62
196,62
203,62
264,62
448,62
460,62
462,62
462,62
185,63
193,63
195,63
200,63
202,63
265,63
446,63
462,63
185,64
265,64
445,64
464,64
185,65
266,65
274,65
274,65
443,65
465,65
185,66
266,66
273,66
274,66
444,66
467,66
184,67
267,67
273,67
273,67
441,67
467,67
184,68
268,68
272,68
273,68
441,68
468,68
183,69
266,69
268,69
269,69
272,69
273,69
440,69
468,69
183,70
274,70
439,70
469,70
184,71
272,71
274,71
274,71
438,71
470,71
184,72
275,72
281,72
283,72
437,72
470,72
185,73
276,73
280,73
283,73
436,73
470,73
186,74
282,74
436,74
470,74
187,75
282,75
285,75
285,75
435,75
470,75
188,76
284,76
435,76
470,76
189,77
283,77
435,77
470,77
189,78
282,78
434,78
470,78
190,79
280,79
433,79
470,79
472,79
472,79
474,79
475,79
191,80
280,80
433,80
476,80
478,80
479,80
192,81
279,81
432,81
479,81
192,82
278,82
432,82
471,82
474,82
479,82
192,83
278,83
432,83
471,83
474,83
478,83
192,84
277,84
432,84
479,84
193,85
276,85
432,85
479,85
193,86
276,86
432,86
479,86
194,87
276,87
432,87
479,87
194,88
275,88
432,88
479,88
194,89
275,89
432,89
479,89
195,90
274,90
433,90
479,90
195,91
274,91
433,91
479,91
195,92
274,92
433,92
479,92
194,93
275,93
433,93
479,93
194,94
275,94
433,94
464,94
467,94
479,94
193,95
276,95
434,95
463,95
468,95
479,95
193,96
276,96
434,96
462,96
468,96
479,96
192,97
277,97
435,97
461,97
467,97
479,97
192,98
277,98
435,98
460,98
467,98
479,98
192,99
278,99
437,99
459,99
466,99
479,99
192,100
278,100
437,100
457,100
466,100
479,100
192,101
279,101
438,101
455,101
466,101
466,101
468,101
479,101
192,102
279,102
439,102
441,102
443,102
454,102
466,102
479,102
191,103
280,103
443,103
452,103
466,103
479,103
191,104
280,104
446,104
446,104
466,104
479,104
191,105
280,105
467,105
479,105
191,106
281,106
467,106
479,106
191,107
281,107
467,107
479,107
191,108
281,108
467,108
479,108
191,109
282,109
467,109
479,109
190,110
282,110
467,110
479,110
190,111
282,111
467,111
479,111
190,112
283,112
467,112
479,112
191,113
283,113
466,113
479,113
192,114
283,114
466,114
479,114
192,115
283,115
466,115
479,115
193,116
284,116
466,116
479,116
194,117
284,117
466,117
479,117
195,118
284,118
466,118
479,118
196,119
198,119
200,119
284,119
465,119
479,119
196,120
198,120
201,120
284,120
463,120
479,120
197,121
198,121
201,121
285,121
462,121
479,121
198,122
198,122
202,122
285,122
460,122
479,122
198,123
198,123
203,123
285,123
459,123
461,123
464,123
479,123
204,124
285,124
459,124
479,124
204,125
285,125
458,125
479,125
204,126
285,126
458,126
479,126
204,127
286,127
458,127
479,127
205,128
286,128
457,128
479,128
206,129
286,129
457,129
479,129
206,130
286,130
456,130
479,130
206,131
286,131
456,131
479,131
206,132
286,132
455,132
479,132
206,133
286,133
455,133
479,133
206,134
286,134
455,134
478,134
207,135
285,135
455,135
477,135
207,136
285,136
454,136
476,136
207,137
285,137
453,137
476,137
207,138
284,138
453,138
475,138
207,139
284,139
453,139
474,139
207,140
284,140
452,140
474,140
207,141
284,141
452,141
474,141
208,142
283,142
451,142
473,142
208,143
283,143
451,143
473,143
476,143
479,143
209,144
282,144
450,144
479,144
210,145
282,145
450,145
479,145
210,146
281,146
449,146
479,146
210,147
266,147
268,147
281,147
449,147
479,147
210,148
213,148
216,148
265,148
268,148
281,148
448,148
479,148
210,149
213,149
216,149
264,149
268,149
280,149
448,149
479,149
211,150
213,150
217,150
217,150
220,150
264,150
268,150
274,150
276,150
277,150
279,150
279,150
447,150
479,150
212,151
213,151
220,151
221,151
223,151
264,151
268,151
273,151
279,151
279,151
446,151
479,151
213,152
213,152
223,152
263,152
267,152
271,152
273,152
273,152
278,152
279,152
446,152
479,152
223,153
263,153
267,153
272,153
278,153
278,153
445,153
479,153
224,154
263,154
267,154
267,154
270,154
272,154
445,154
479,154
224,155
262,155
445,155
479,155
224,156
254,156
257,156
262,156
444,156
479,156
223,157
252,157
256,157
259,157
443,157
479,157
221,158
253,158
257,158
258,158
443,158
479,158
221,159
253,159
442,159
479,159
219,160
253,160
442,160
479,160
218,161
254,161
441,161
479,161
217,162
254,162
441,162
479,162
216,163
216,163
218,163
255,163
441,163
479,163
215,164
255,164
441,164
479,164
207,165
207,165
210,165
256,165
258,165
261,165
441,165
479,165
201,166
210,166
212,166
272,166
276,166
276,166
441,166
479,166
199,167
259,167
262,167
276,167
443,167
479,167
198,168
276,168
443,168
479,168
198,169
277,169
444,169
479,169
197,170
277,170
444,170
479,170
197,171
276,171
447,171
471,171
473,171
479,171
196,172
276,172
448,172
463,172
474,172
479,172
196,173
276,173
455,173
455,173
195,174
275,174
195,175
275,175
194,176
194,176
196,176
274,176
194,177
274,177
194,178
274,178
196,179
275,179
195,180
275,180
197,181
275,181
198,182
275,182
198,183
275,183
197,184
275,184
196,185
275,185
195,186
275,186
194,187
274,187
194,188
274,188
193,189
274,189
192,190
274,190
190,191
274,191
190,192
274,192
189,193
275,193
188,194
275,194
188,195
276,195
187,196
276,196
187,197
276,197
187,198
277,198
187,199
277,199
187,200
278,200
187,201
278,201
188,202
278,202
187,203
278,203
186,204
278,204
186,205
278,205
185,206
185,206
187,206
278,206
184,207
185,207
187,207
278,207
184,208
278,208
183,209
278,209
183,210
277,210
182,211
277,211
182,212
276,212
181,213
276,213
180,214
275,214
180,215
274,215
179,216
273,216
179,217
271,217
273,217
273,217
178,218
271,218
273,218
273,218
178,219
273,219
178,220
273,220
177,221
273,221
176,222
273,222
175,223
274,223
174,224
274,224
174,225
274,225
174,226
274,226
173,227
274,227
172,228
274,228
172,229
274,229
171,230
275,230
171,231
275,231
170,232
275,232
170,233
275,233
169,234
275,234
168,235
275,235
166,236
275,236
164,237
275,237
163,238
275,238
161,239
276,239
159,240
275,240
157,241
275,241
155,242
276,242
154,243
154,243
156,243
276,243
152,244
276,244
150,245
276,245
149,246
276,246
147,247
276,247
145,248
276,248
143,249
276,249
479,249
479,249
141,250
276,250
478,250
479,250
140,251
183,251
185,251
276,251
478,251
479,251
136,252
180,252
186,252
277,252
477,252
479,252
134,253
180,253
186,253
276,253
477,253
479,253
131,254
179,254
186,254
276,254
476,254
479,254
128,255
177,255
186,255
276,255
476,255
479,255
126,256
176,256
187,256
276,256
476,256
479,256
124,257
175,257
187,257
276,257
475,257
479,257
124,258
126,258
128,258
172,258
187,258
275,258
475,258
479,258
124,259
124,259
126,259
126,259
128,259
171,259
187,259
275,259
474,259
479,259
123,260
169,260
187,260
275,260
474,260
479,260
123,261
167,261
188,261
275,261
474,261
479,261
123,262
165,262
188,262
275,262
473,262
479,262
25,263
40,263
117,263
164,263
188,263
275,263
472,263
479,263
9,264
45,264
117,264
161,264
188,264
274,264
472,264
479,264
0,265
23,265
26,265
46,265
114,265
117,265
119,265
159,265
188,265
274,265
472,265
479,265
0,266
48,266
83,266
86,266
113,266
158,266
189,266
274,266
472,266
479,266
0,267
47,267
49,267
49,267
79,267
90,267
107,267
156,267
189,267
273,267
471,267
479,267
0,268
49,268
77,268
154,268
189,268
273,268
471,268
479,268
0,269
50,269
77,269
151,269
189,269
272,269
470,269
479,269
0,270
50,270
73,270
149,270
151,270
151,270
190,270
272,270
470,270
479,270
0,271
50,271
72,271
149,271
190,271
271,271
470,271
479,271
0,272
50,272
72,272
148,272
193,272
271,272
469,272
479,272
0,273
50,273
71,273
82,273
84,273
147,273
189,273
190,273
194,273
269,273
469,273
479,273
0,274
51,274
70,274
81,274
93,274
145,274
189,274
190,274
194,274
268,274
469,274
479,274
0,275
53,275
70,275
79,275
81,275
81,275
94,275
145,275
186,275
264,275
468,275
479,275
0,276
56,276
69,276
80,276
98,276
99,276
101,276
144,276
184,276
184,276
186,276
262,276
468,276
479,276
0,277
63,277
69,277
78,277
101,277
143,277
184,277
184,277
186,277
260,277
467,277
479,277
0,278
77,278
105,278
143,278
184,278
184,278
186,278
253,278
255,278
256,278
467,278
479,278
0,279
77,279
107,279
146,279
184,279
254,279
467,279
479,279
0,280
83,280
108,280
152,280
184,280
251,280
467,280
479,280
0,281
85,281
110,281
155,281
174,281
178,281
180,281
181,281
184,281
250,281
466,281
479,281
0,282
90,282
92,282
93,282
110,282
110,282
112,282
250,282
466,282
479,282
0,283
89,283
92,283
100,283
110,283
250,283
466,283
479,283
0,284
103,284
108,284
116,284
121,284
251,284
465,284
479,284
0,285
116,285
122,285
144,285
146,285
252,285
465,285
479,285
0,286
116,286
123,286
140,286
146,286
251,286
253,286
254,286
465,286
479,286
0,287
135,287
146,287
254,287
463,287
479,287
0,288
135,288
146,288
256,288
463,288
479,288
0,289
136,289
145,289
150,289
155,289
256,289
462,289
479,289
0,290
137,290
143,290
149,290
157,290
257,290
462,290
479,290
0,291
149,291
157,291
258,291
462,291
479,291
0,292
150,292
158,292
259,292
461,292
479,292
0,293
259,293
461,293
479,293
0,294
260,294
460,294
479,294
0,295
261,295
460,295
479,295
0,296
185,296
190,296
262,296
459,296
479,296
0,297
185,297
191,297
261,297
459,297
479,297
0,298
185,298
190,298
261,298
263,298
263,298
459,298
479,298
0,299
264,299
458,299
479,299
0,300
264,300
458,300
479,300
0,301
265,301
457,301
479,301
0,302
265,302
456,302
479,302
0,303
265,303
456,303
479,303
0,304
266,304
455,304
479,304
0,305
267,305
454,305
479,305
0,306
267,306
454,306
479,306
0,307
267,307
454,307
479,307
0,308
268,308
453,308
479,308
0,309
268,309
453,309
479,309
0,310
269,310
452,310
479,310
0,311
269,311
350,311
371,311
451,311
479,311
0,312
271,312
347,312
381,312
450,312
479,312
0,313
274,313
341,313
384,313
450,313
479,313
0,314
276,314
279,314
281,314
336,314
387,314
450,314
479,314
0,315
286,315
332,315
387,315
449,315
479,315
0,316
291,316
327,316
387,316
447,316
479,316
0,317
297,317
322,317
388,317
447,317
479,317
0,318
303,318
316,318
389,318
446,318
479,318
0,319
307,319
315,319
389,319
445,319
479,319
4,320
389,320
445,320
479,320
6,321
389,321
443,321
479,321
10,322
389,322
442,322
479,322
13,323
389,323
441,323
442,323
444,323
479,323
15,324
389,324
441,324
479,324
17,325
389,325
441,325
479,325
25,326
389,326
438,326
439,326
441,326
479,326
24,327
389,327
437,327
479,327
26,328
28,328
30,328
389,328
437,328
479,328
31,329
389,329
434,329
479,329
32,330
389,330
432,330
479,330
34,331
389,331
431,331
479,331
38,332
389,332
430,332
479,332
42,333
389,333
430,333
479,333
46,334
389,334
428,334
479,334
47,335
389,335
427,335
479,335
50,336
388,336
426,336
479,336
54,337
388,337
425,337
479,337
58,338
388,338
424,338
479,338
59,339
63,339
67,339
388,339
423,339
479,339
62,340
62,340
64,340
388,340
422,340
479,340
65,341
388,341
422,341
479,341
68,342
388,342
421,342
479,342
70,343
388,343
420,343
479,343
74,344
386,344
420,344
479,344
78,345
386,345
420,345
479,345
80,346
386,346
420,346
479,346
83,347
387,347
420,347
479,347
85,348
387,348
419,348
479,348
89,349
387,349
422,349
479,349
91,350
386,350
423,350
479,350
95,351
386,351
423,351
479,351
97,352
98,352
100,352
386,352
423,352
479,352
101,353
386,353
423,353
479,353
103,354
104,354
106,354
385,354
423,354
479,354
107,355
385,355
424,355
479,355
110,356
384,356
424,356
479,356
112,357
384,357
425,357
479,357
116,358
383,358
426,358
479,358
117,359
383,359
426,359
479,359
