218,178
251,178
208,179
259,179
204,180
264,180
199,181
270,181
195,182
274,182
193,183
279,183
192,184
280,184
188,185
284,185
185,186
287,186
183,187
289,187
182,188
291,188
180,189
293,189
178,190
295,190
177,191
297,191
176,192
299,192
174,193
301,193
173,194
302,194
173,195
303,195
172,196
305,196
171,197
306,197
170,198
308,198
169,199
309,199
168,200
310,200
167,201
310,201
166,202
311,202
166,203
313,203
165,204
314,204
164,205
315,205
163,206
316,206
163,207
316,207
162,208
317,208
161,209
162,209
164,209
318,209
161,210
319,210
160,211
320,211
160,212
320,212
160,213
321,213
159,214
322,214
112,215
134,215
159,215
322,215
345,215
345,215
352,215
359,215
105,216
142,216
158,216
323,216
337,216
371,216
96,217
135,217
138,217
149,217
158,217
324,217
333,217
382,217
89,218
147,218
149,218
153,218
157,218
387,218
85,219
151,219
153,219
393,219
82,220
154,220
157,220
388,220
390,220
396,220
80,221
388,221
390,221
399,221
78,222
401,222
77,223
77,223
79,223
402,223
76,224
403,224
76,225
404,225
75,226
404,226
75,227
404,227
75,228
405,228
75,229
75,229
77,229
405,229
75,230
405,230
75,231
405,231
75,232
405,232
75,233
403,233
405,233
405,233
75,234
75,234
77,234
405,234
76,235
405,235
76,236
405,236
76,237
405,237
76,238
404,238
77,239
404,239
77,240
404,240
77,241
403,241
77,242
403,242
78,243
402,243
79,244
402,244
80,245
402,245
80,246
401,246
80,247
401,247
80,248
400,248
81,249
400,249
81,250
400,250
82,251
399,251
83,252
398,252
84,253
398,253
84,254
397,254
85,255
396,255
85,256
396,256
86,257
396,257
86,258
395,258
87,259
394,259
88,260
393,260
89,261
393,261
89,262
392,262
89,263
392,263
90,264
391,264
91,265
390,265
92,266
389,266
92,267
389,267
93,268
388,268
93,269
388,269
94,270
387,270
95,271
386,271
96,272
385,272
97,273
385,273
98,274
384,274
98,275
383,275
99,276
382,276
100,277
381,277
101,278
381,278
102,279
380,279
102,280
379,280
103,281
104,281
106,281
379,281
104,282
104,282
107,282
379,282
105,283
379,283
106,284
378,284
107,285
378,285
108,286
377,286
108,287
377,287
109,288
376,288
110,289
376,289
111,290
375,290
112,291
375,291
113,292
374,292
114,293
374,293
115,294
373,294
116,295
372,295
117,296
371,296
118,297
371,297
119,298
369,298
120,299
369,299
121,300
360,300
363,300
363,300
365,300
367,300
121,301
364,301
122,302
360,302
123,303
359,303
124,304
357,304
125,305
356,305
126,306
356,306
127,307
355,307
128,308
354,308
128,309
353,309
129,310
352,310
128,311
351,311
128,312
351,312
127,313
351,313
127,314
351,314
127,315
351,315
127,316
352,316
127,317
130,317
133,317
352,317
127,318
130,318
134,318
352,318
126,319
130,319
134,319
353,319
125,320
129,320
134,320
353,320
125,321
129,321
134,321
354,321
125,322
129,322
133,322
354,322
125,323
128,323
133,323
354,323
125,324
128,324
133,324
355,324
124,325
127,325
133,325
355,325
124,326
127,326
133,326
355,326
124,327
127,327
132,327
355,327
123,328
126,328
132,328
355,328
123,329
126,329
132,329
355,329
123,330
125,330
132,330
353,330
355,330
356,330
123,331
124,331
132,331
356,331
122,332
124,332
132,332
356,332
122,333
123,333
132,333
357,333
121,334
123,334
131,334
357,334
121,335
123,335
131,335
357,335
121,336
121,336
131,336
357,336
121,337
121,337
131,337
357,337
120,338
120,338
131,338
358,338
120,339
120,339
131,339
358,339
131,340
358,340
119,341
119,341
131,341
358,341
130,342
349,342
352,342
359,342
130,343
348,343
352,343
359,343
130,344
348,344
352,344
359,344
130,345
348,345
352,345
359,345
130,346
348,346
353,346
360,346
130,347
348,347
353,347
360,347
130,348
348,348
353,348
360,348
129,349
135,349
138,349
349,349
354,349
360,349
129,350
135,350
138,350
348,350
354,350
361,350
129,351
134,351
138,351
348,351
355,351
361,351
128,352
134,352
138,352
348,352
355,352
361,352
128,353
131,353
133,353
133,353
138,353
348,353
356,353
362,353
128,354
133,354
139,354
348,354
357,354
362,354
128,355
132,355
139,355
348,355
358,355
362,355
127,356
127,356
129,356
131,356
139,356
348,356
358,356
363,356
127,357
127,357
129,357
130,357
139,357
348,357
359,357
363,357
127,358
129,358
140,358
348,358
360,358
363,358
126,359
129,359
140,359
348,359
360,359
364,359
