236,143
269,143
226,144
279,144
222,145
281,145
217,146
282,146
286,146
290,146
214,147
287,147
289,147
294,147
296,147
296,147
212,148
299,148
210,149
304,149
207,150
305,150
205,151
307,151
203,152
310,152
202,153
313,153
199,154
202,154
204,154
315,154
199,155
201,155
204,155
316,155
198,156
320,156
197,157
321,157
195,158
323,158
194,159
325,159
193,160
324,160
327,160
327,160
193,161
328,161
192,162
328,162
191,163
329,163
331,163
331,163
190,164
190,164
192,164
331,164
190,165
333,165
189,166
335,166
188,167
335,167
187,168
336,168
187,169
337,169
187,170
338,170
186,171
339,171
185,172
340,172
185,173
342,173
184,174
342,174
184,175
343,175
184,176
344,176
183,177
345,177
182,178
346,178
182,179
346,179
182,180
347,180
181,181
347,181
157,182
158,182
160,182
164,182
181,182
348,182
155,183
166,183
181,183
349,183
355,183
355,183
154,184
170,184
180,184
364,184
154,185
172,185
180,185
371,185
153,186
172,186
179,186
378,186
126,187
173,187
179,187
382,187
117,188
122,188
125,188
388,188
110,189
392,189
106,190
396,190
99,191
99,191
102,191
103,191
105,191
394,191
397,191
398,191
400,191
400,191
96,192
402,192
94,193
399,193
401,193
405,193
90,194
407,194
88,195
408,195
86,196
406,196
408,196
409,196
85,197
409,197
84,198
410,198
84,199
410,199
83,200
410,200
83,201
411,201
83,202
411,202
83,203
411,203
83,204
411,204
84,205
411,205
84,206
409,206
411,206
411,206
85,207
411,207
85,208
411,208
86,209
411,209
86,210
411,210
86,211
411,211
87,212
410,212
88,213
410,213
88,214
409,214
89,215
409,215
89,216
409,216
90,217
409,217
90,218
408,218
92,219
407,219
93,220
407,220
94,221
407,221
95,222
407,222
95,223
406,223
96,224
405,224
96,225
405,225
97,226
404,226
98,227
403,227
98,228
402,228
99,229
402,229
100,230
401,230
101,231
401,231
102,232
400,232
103,233
399,233
104,234
398,234
104,235
398,235
104,236
397,236
105,237
396,237
106,238
395,238
108,239
395,239
110,240
393,240
111,241
393,241
112,242
393,242
113,243
392,243
114,244
391,244
113,245
390,245
114,246
390,246
115,247
389,247
116,248
389,248
117,249
388,249
118,250
388,250
119,251
388,251
119,252
387,252
120,253
387,253
121,254
387,254
389,254
389,254
122,255
122,255
124,255
386,255
389,255
389,255
125,256
386,256
388,256
389,256
127,257
386,257
127,258
386,258
129,259
386,259
130,260
386,260
129,261
386,261
130,262
386,262
130,263
386,263
131,264
387,264
131,265
387,265
131,266
387,266
131,267
387,267
131,268
368,268
374,268
374,268
376,268
388,268
131,269
367,269
374,269
374,269
376,269
388,269
131,270
365,270
375,270
388,270
131,271
364,271
375,271
389,271
131,272
363,272
375,272
375,272
377,272
382,272
384,272
390,272
131,273
363,273
378,273
382,273
384,273
390,273
131,274
363,274
377,274
390,274
130,275
363,275
377,275
390,275
130,276
360,276
378,276
383,276
385,276
390,276
130,277
359,277
378,277
382,277
385,277
390,277
130,278
360,278
379,278
382,278
384,278
390,278
130,279
361,279
379,279
382,279
384,279
390,279
130,280
361,280
380,280
389,280
130,281
361,281
381,281
389,281
130,282
361,282
381,282
386,282
388,282
389,282
129,283
361,283
383,283
386,283
388,283
389,283
129,284
362,284
129,285
362,285
129,286
362,286
130,287
362,287
130,288
363,288
130,289
363,289
130,290
363,290
130,291
363,291
130,292
363,292
130,293
363,293
131,294
364,294
130,295
364,295
130,296
364,296
130,297
364,297
129,298
364,298
129,299
364,299
129,300
365,300
128,301
139,301
142,301
365,301
128,302
139,302
143,302
365,302
127,303
139,303
143,303
365,303
127,304
127,304
129,304
129,304
133,304
139,304
143,304
366,304
126,305
127,305
134,305
139,305
143,305
366,305
126,306
127,306
134,306
139,306
143,306
366,306
125,307
126,307
134,307
139,307
143,307
366,307
124,308
125,308
135,308
366,308
135,309
366,309
136,310
366,310
136,311
364,311
366,311
367,311
136,312
367,312
136,313
367,313
136,314
367,314
137,315
367,315
138,316
367,316
138,317
147,317
150,317
367,317
138,318
145,318
150,318
367,318
139,319
145,319
150,319
367,319
138,320
146,320
150,320
367,320
138,321
146,321
150,321
150,321
152,321
367,321
138,322
145,322
154,322
367,322
137,323
143,323
145,323
145,323
155,323
368,323
136,324
143,324
145,324
145,324
156,324
368,324
136,325
143,325
145,325
145,325
155,325
368,325
136,326
138,326
142,326
143,326
145,326
145,326
155,326
368,326
135,327
138,327
142,327
143,327
145,327
145,327
155,327
368,327
135,328
136,328
144,328
145,328
155,328
368,328
144,329
145,329
154,329
368,329
153,330
368,330
152,331
368,331
152,332
368,332
152,333
368,333
152,334
368,334
151,335
368,335
152,336
368,336
152,337
368,337
151,338
368,338
151,339
368,339
151,340
368,340
151,341
368,341
151,342
368,342
151,343
368,343
150,344
368,344
150,345
368,345
150,346
368,346
150,347
368,347
150,348
368,348
150,349
368,349
150,350
368,350
150,351
368,351
150,352
368,352
151,353
368,353
151,354
368,354
151,355
368,355
151,356
368,356
151,357
368,357
151,358
368,358
151,359
368,359
