101,0
377,0
101,1
379,1
101,2
380,2
101,3
381,3
101,4
382,4
101,5
383,5
101,6
384,6
101,7
385,7
102,8
386,8
102,9
387,9
102,10
388,10
102,11
389,11
102,12
390,12
102,13
102,13
104,13
391,13
102,14
392,14
102,15
393,15
102,16
159,16
166,16
312,16
314,16
324,16
328,16
394,16
103,17
154,17
165,17
165,17
167,17
311,17
313,17
314,17
324,17
395,17
103,18
148,18
150,18
150,18
165,18
165,18
167,18
311,18
313,18
313,18
330,18
395,18
103,19
147,19
166,19
311,19
313,19
314,19
330,19
396,19
103,20
145,20
166,20
315,20
334,20
397,20
103,21
142,21
165,21
315,21
336,21
398,21
104,22
141,22
164,22
315,22
340,22
398,22
104,23
138,23
164,23
315,23
342,23
399,23
104,24
137,24
164,24
315,24
342,24
400,24
104,25
136,25
164,25
315,25
343,25
401,25
104,26
135,26
164,26
314,26
344,26
346,26
348,26
402,26
104,27
134,27
164,27
313,27
345,27
346,27
348,27
402,27
104,28
131,28
133,28
133,28
164,28
314,28
345,28
346,28
348,28
403,28
105,29
131,29
164,29
314,29
350,29
404,29
105,30
129,30
131,30
131,30
164,30
314,30
348,30
348,30
350,30
404,30
105,31
130,31
164,31
315,31
348,31
405,31
104,32
129,32
164,32
315,32
350,32
406,32
103,33
128,33
164,33
315,33
351,33
351,33
353,33
406,33
101,34
126,34
164,34
315,34
351,34
407,34
100,35
100,35
103,35
126,35
164,35
315,35
352,35
408,35
97,36
126,36
164,36
315,36
352,36
409,36
91,37
125,37
164,37
315,37
353,37
409,37
88,38
125,38
164,38
315,38
354,38
410,38
86,39
125,39
164,39
315,39
354,39
410,39
84,40
121,40
123,40
124,40
164,40
315,40
355,40
410,40
83,41
121,41
123,41
124,41
164,41
315,41
355,41
411,41
82,42
123,42
164,42
315,42
356,42
413,42
80,43
80,43
84,43
122,43
164,43
316,43
356,43
413,43
79,44
79,44
83,44
123,44
161,44
316,44
357,44
413,44
79,45
80,45
82,45
122,45
160,45
318,45
320,45
320,45
357,45
414,45
78,46
122,46
158,46
320,46
357,46
414,46
76,47
122,47
158,47
320,47
357,47
415,47
75,48
121,48
159,48
320,48
358,48
415,48
75,49
120,49
159,49
320,49
358,49
416,49
74,50
120,50
159,50
320,50
358,50
417,50
74,51
74,51
76,51
120,51
159,51
320,51
359,51
417,51
74,52
120,52
159,52
320,52
359,52
418,52
73,53
119,53
160,53
320,53
359,53
418,53
72,54
119,54
159,54
320,54
359,54
419,54
72,55
119,55
159,55
320,55
359,55
419,55
72,56
119,56
160,56
319,56
360,56
419,56
71,57
119,57
160,57
319,57
360,57
420,57
71,58
119,58
159,58
319,58
360,58
421,58
71,59
119,59
159,59
319,59
360,59
421,59
71,60
119,60
159,60
319,60
360,60
421,60
71,61
119,61
159,61
319,61
360,61
422,61
71,62
119,62
159,62
319,62
360,62
422,62
71,63
119,63
159,63
320,63
360,63
422,63
71,64
119,64
159,64
320,64
360,64
423,64
71,65
119,65
159,65
320,65
360,65
424,65
71,66
119,66
159,66
320,66
359,66
424,66
71,67
119,67
159,67
320,67
359,67
424,67
71,68
119,68
158,68
321,68
359,68
425,68
71,69
120,69
158,69
321,69
359,69
425,69
71,70
120,70
158,70
321,70
359,70
425,70
72,71
120,71
157,71
322,71
359,71
426,71
72,72
120,72
157,72
322,72
358,72
426,72
72,73
121,73
156,73
323,73
358,73
427,73
72,74
121,74
155,74
324,74
357,74
427,74
72,75
121,75
155,75
324,75
357,75
427,75
73,76
122,76
154,76
325,76
356,76
427,76
74,77
122,77
154,77
325,77
356,77
427,77
74,78
123,78
153,78
326,78
356,78
427,78
74,79
124,79
151,79
326,79
355,79
428,79
74,80
125,80
150,80
329,80
354,80
428,80
74,81
124,81
150,81
330,81
354,81
354,81
356,81
428,81
74,82
124,82
149,82
330,82
356,82
429,82
75,83
123,83
148,83
331,83
356,83
429,83
75,84
123,84
149,84
149,84
151,84
330,84
356,84
429,84
76,85
122,85
149,85
150,85
152,85
329,85
357,85
429,85
78,86
121,86
150,86
328,86
357,86
429,86
80,87
121,87
150,87
328,87
358,87
429,87
80,88
121,88
151,88
328,88
358,88
429,88
81,89
121,89
151,89
328,89
359,89
430,89
81,90
121,90
151,90
328,90
359,90
430,90
81,91
120,91
152,91
328,91
360,91
430,91
85,92
120,92
151,92
325,92
328,92
328,92
359,92
430,92
90,93
90,93
93,93
120,93
152,93
327,93
359,93
430,93
93,94
120,94
152,94
327,94
359,94
430,94
93,95
120,95
153,95
325,95
359,95
430,95
92,96
120,96
152,96
325,96
327,96
327,96
359,96
430,96
92,97
120,97
153,97
327,97
359,97
430,97
92,98
120,98
152,98
326,98
358,98
430,98
90,99
120,99
154,99
325,99
358,99
430,99
89,100
120,100
157,100
321,100
358,100
430,100
88,101
120,101
161,101
319,101
357,101
430,101
88,102
120,102
162,102
318,102
357,102
429,102
86,103
121,103
163,103
316,103
357,103
429,103
86,104
122,104
165,104
315,104
357,104
429,104
85,105
111,105
113,105
122,105
166,105
309,105
311,105
313,105
357,105
429,105
85,106
111,106
113,106
123,106
166,106
308,106
310,106
312,106
356,106
429,106
84,107
111,107
113,107
124,107
168,107
311,107
355,107
428,107
83,108
111,108
113,108
125,108
169,108
310,108
355,108
428,108
83,109
123,109
125,109
125,109
170,109
308,109
353,109
428,109
82,110
124,110
171,110
307,110
355,110
428,110
81,111
124,111
173,111
306,111
355,111
427,111
80,112
123,112
174,112
305,112
356,112
427,112
80,113
122,113
174,113
302,113
357,113
427,113
79,114
122,114
175,114
303,114
358,114
427,114
79,115
120,115
176,115
300,115
302,115
303,115
358,115
426,115
78,116
120,116
177,116
300,116
302,116
302,116
359,116
426,116
77,117
119,117
178,117
300,117
359,117
426,117
76,118
119,118
179,118
297,118
299,118
300,118
360,118
425,118
76,119
118,119
180,119
299,119
361,119
425,119
75,120
118,120
181,120
298,120
361,120
424,120
74,121
117,121
182,121
294,121
297,121
297,121
362,121
424,121
74,122
116,122
183,122
296,122
362,122
424,122
73,123
74,123
76,123
116,123
184,123
292,123
294,123
296,123
363,123
423,123
73,124
74,124
76,124
115,124
184,124
295,124
363,124
422,124
72,125
74,125
76,125
115,125
185,125
294,125
364,125
422,125
72,126
115,126
186,126
293,126
364,126
421,126
71,127
115,127
187,127
293,127
364,127
420,127
71,128
114,128
188,128
292,128
365,128
420,128
70,129
114,129
188,129
291,129
365,129
418,129
420,129
421,129
70,130
112,130
189,130
290,130
365,130
421,130
69,131
112,131
190,131
289,131
366,131
424,131
68,132
113,132
191,132
288,132
366,132
425,132
68,133
112,133
191,133
288,133
367,133
425,133
427,133
428,133
67,134
112,134
192,134
286,134
367,134
429,134
67,135
67,135
70,135
111,135
193,135
286,135
367,135
431,135
66,136
67,136
70,136
111,136
194,136
285,136
368,136
433,136
65,137
111,137
194,137
285,137
368,137
434,137
65,138
73,138
75,138
111,138
195,138
284,138
368,138
435,138
64,139
69,139
75,139
110,139
196,139
283,139
369,139
436,139
63,140
63,140
65,140
69,140
74,140
110,140
197,140
282,140
369,140
437,140
63,141
64,141
66,141
68,141
74,141
110,141
197,141
197,141
199,141
282,141
369,141
437,141
62,142
67,142
74,142
109,142
198,142
281,142
370,142
438,142
62,143
66,143
74,143
109,143
199,143
280,143
370,143
439,143
62,144
64,144
74,144
108,144
200,144
279,144
370,144
439,144
60,145
63,145
74,145
108,145
201,145
275,145
277,145
278,145
370,145
439,145
60,146
61,146
74,146
106,146
108,146
108,146
201,146
278,146
371,146
440,146
59,147
59,147
74,147
106,147
108,147
108,147
202,147
277,147
371,147
440,147
73,148
108,148
203,148
276,148
371,148
441,148
73,149
107,149
204,149
275,149
371,149
442,149
73,150
107,150
204,150
275,150
372,150
443,150
73,151
107,151
205,151
273,151
372,151
443,151
73,152
107,152
206,152
273,152
372,152
443,152
73,153
107,153
208,153
272,153
372,153
444,153
73,154
107,154
207,154
272,154
373,154
444,154
74,155
106,155
208,155
268,155
270,155
271,155
373,155
445,155
73,156
106,156
209,156
270,156
373,156
445,156
73,157
106,157
210,157
267,157
269,157
269,157
373,157
446,157
74,158
105,158
210,158
269,158
373,158
446,158
74,159
105,159
211,159
268,159
374,159
444,159
446,159
447,159
74,160
104,160
212,160
263,160
265,160
267,160
374,160
447,160
74,161
104,161
212,161
263,161
265,161
266,161
375,161
448,161
74,162
104,162
213,162
265,162
375,162
448,162
75,163
104,163
214,163
265,163
375,163
449,163
75,164
103,164
215,164
264,164
375,164
449,164
75,165
103,165
216,165
263,165
375,165
450,165
75,166
103,166
216,166
263,166
375,166
452,166
75,167
103,167
217,167
262,167
375,167
452,167
75,168
78,168
82,168
103,168
218,168
261,168
376,168
453,168
76,169
78,169
82,169
103,169
219,169
260,169
376,169
454,169
76,170
78,170
83,170
103,170
219,170
257,170
259,170
260,170
377,170
455,170
77,171
77,171
83,171
102,171
220,171
259,171
377,171
456,171
77,172
78,172
83,172
102,172
220,172
258,172
377,172
457,172
77,173
77,173
83,173
102,173
221,173
258,173
377,173
458,173
77,174
77,174
83,174
101,174
222,174
257,174
377,174
458,174
83,175
101,175
223,175
256,175
377,175
459,175
83,176
101,176
224,176
255,176
377,176
460,176
84,177
101,177
225,177
254,177
377,177
461,177
84,178
101,178
226,178
254,178
378,178
462,178
84,179
101,179
226,179
253,179
378,179
462,179
84,180
101,180
227,180
252,180
378,180
462,180
84,181
100,181
228,181
251,181
378,181
463,181
84,182
100,182
228,182
250,182
378,182
463,182
85,183
100,183
229,183
250,183
378,183
462,183
85,184
100,184
230,184
249,184
378,184
464,184
85,185
100,185
231,185
248,185
379,185
464,185
85,186
100,186
232,186
232,186
234,186
245,186
247,186
247,186
379,186
465,186
86,187
100,187
233,187
247,187
380,187
465,187
86,188
91,188
96,188
100,188
233,188
234,188
236,188
246,188
380,188
465,188
86,189
91,189
98,189
100,189
234,189
245,189
380,189
465,189
86,190
91,190
99,190
99,190
235,190
244,190
380,190
465,190
86,191
91,191
99,191
99,191
236,191
236,191
238,191
243,191
380,191
465,191
86,192
89,192
99,192
99,192
238,192
242,192
380,192
465,192
87,193
89,193
99,193
99,193
238,193
241,193
380,193
465,193
87,194
89,194
238,194
241,194
380,194
465,194
88,195
88,195
239,195
240,195
380,195
465,195
88,196
89,196
380,196
465,196
88,197
88,197
380,197
464,197
380,198
464,198
380,199
464,199
380,200
464,200
380,201
464,201
380,202
417,202
420,202
463,202
380,203
415,203
420,203
462,203
380,204
415,204
421,204
462,204
380,205
415,205
423,205
457,205
460,205
461,205
380,206
415,206
425,206
429,206
438,206
461,206
380,207
415,207
427,207
427,207
440,207
459,207
380,208
415,208
441,208
459,208
380,209
415,209
441,209
457,209
380,210
415,210
442,210
457,210
380,211
415,211
442,211
454,211
380,212
415,212
443,212
452,212
380,213
415,213
447,213
450,213
380,214
414,214
449,214
449,214
380,215
414,215
380,216
414,216
380,217
414,217
380,218
414,218
380,219
413,219
379,220
414,220
379,221
414,221
378,222
414,222
378,223
414,223
378,224
414,224
378,225
414,225
377,226
414,226
377,227
414,227
377,228
414,228
377,229
414,229
376,230
414,230
376,231
414,231
376,232
414,232
376,233
414,233
376,234
414,234
376,235
414,235
375,236
414,236
375,237
414,237
375,238
414,238
375,239
414,239
375,240
414,240
375,241
414,241
375,242
414,242
374,243
414,243
374,244
414,244
374,245
414,245
374,246
414,246
374,247
414,247
374,248
414,248
374,249
414,249
374,250
414,250
374,251
414,251
374,252
411,252
413,252
414,252
374,253
411,253
413,253
414,253
374,254
414,254
374,255
414,255
375,256
415,256
375,257
415,257
375,258
415,258
375,259
415,259
375,260
415,260
375,261
415,261
375,262
415,262
375,263
415,263
375,264
415,264
375,265
416,265
375,266
416,266
375,267
416,267
375,268
416,268
375,269
416,269
375,270
416,270
375,271
416,271
375,272
417,272
375,273
417,273
375,274
417,274
375,275
418,275
375,276
418,276
375,277
419,277
375,278
420,278
375,279
420,279
374,280
421,280
374,281
421,281
374,282
422,282
374,283
423,283
374,284
423,284
374,285
424,285
374,286
424,286
374,287
425,287
373,288
426,288
374,289
427,289
374,290
427,290
374,291
427,291
375,292
429,292
376,293
427,293
429,293
429,293
376,294
429,294
377,295
429,295
431,295
431,295
378,296
429,296
431,296
432,296
379,297
433,297
379,298
419,298
422,298
430,298
434,298
434,298
381,299
419,299
423,299
431,299
433,299
435,299
382,300
419,300
423,300
430,300
432,300
433,300
436,300
436,300
383,301
419,301
423,301
432,301
436,301
437,301
384,302
419,302
423,302
425,302
431,302
435,302
437,302
438,302
384,303
420,303
424,303
426,303
433,303
436,303
438,303
439,303
388,304
420,304
425,304
426,304
435,304
440,304
391,305
391,305
393,305
420,305
425,305
426,305
438,305
441,305
397,306
420,306
425,306
427,306
399,307
421,307
426,307
427,307
403,308
421,308
426,308
428,308
405,309
421,309
427,309
428,309
404,310
421,310
427,310
428,310
405,311
421,311
428,311
429,311
407,312
407,312
410,312
422,312
428,312
429,312
408,313
422,313
429,313
429,313
408,314
422,314
430,314
430,314
409,315
422,315
430,315
430,315
411,316
423,316
412,317
423,317
431,317
431,317
412,318
423,318
431,318
431,318
412,319
423,319
431,319
431,319
416,320
423,320
416,321
423,321
417,322
423,322
417,323
424,323
433,323
433,323
418,324
424,324
419,325
424,325
420,326
424,326
420,327
424,327
421,328
424,328
435,328
435,328
422,329
424,329
435,329
435,329
422,330
424,330
423,331
425,331
424,332
425,332
424,333
425,333
425,334
425,334
