0,0
479,0
0,1
479,1
0,2
479,2
0,3
479,3
0,4
479,4
0,5
479,5
0,6
479,6
0,7
479,7
0,8
479,8
0,9
479,9
0,10
479,10
0,11
479,11
0,12
479,12
0,13
479,13
0,14
479,14
0,15
479,15
0,16
479,16
0,17
479,17
0,18
479,18
0,19
479,19
0,20
479,20
0,21
479,21
0,22
479,22
0,23
479,23
0,24
479,24
0,25
479,25
0,26
479,26
0,27
479,27
0,28
479,28
0,29
479,29
0,30
479,30
0,31
479,31
0,32
479,32
0,33
479,33
0,34
479,34
0,35
479,35
0,36
479,36
0,37
479,37
0,38
479,38
0,39
479,39
0,40
479,40
0,41
479,41
0,42
479,42
0,43
479,43
0,44
479,44
0,45
479,45
0,46
479,46
0,47
479,47
0,48
479,48
0,49
479,49
0,50
479,50
0,51
479,51
0,52
479,52
0,53
479,53
0,54
479,54
0,55
479,55
0,56
479,56
0,57
479,57
0,58
479,58
0,59
479,59
0,60
479,60
0,61
479,61
0,62
479,62
0,63
479,63
0,64
479,64
0,65
479,65
0,66
479,66
0,67
479,67
0,68
479,68
0,69
479,69
0,70
479,70
0,71
479,71
0,72
479,72
0,73
479,73
0,74
141,74
143,74
479,74
0,75
140,75
144,75
335,75
339,75
479,75
0,76
140,76
144,76
335,76
339,76
479,76
0,77
140,77
144,77
335,77
339,77
479,77
0,78
140,78
145,78
335,78
339,78
479,78
0,79
140,79
146,79
334,79
339,79
479,79
0,80
140,80
147,80
332,80
339,80
479,80
0,81
140,81
148,81
332,81
339,81
479,81
0,82
140,82
148,82
331,82
339,82
479,82
0,83
140,83
149,83
331,83
339,83
479,83
0,84
140,84
149,84
330,84
338,84
479,84
0,85
140,85
150,85
329,85
338,85
479,85
0,86
141,86
150,86
328,86
338,86
479,86
0,87
141,87
151,87
327,87
338,87
479,87
0,88
141,88
152,88
327,88
338,88
479,88
0,89
141,89
153,89
326,89
338,89
479,89
0,90
141,90
154,90
326,90
338,90
479,90
0,91
141,91
155,91
325,91
338,91
479,91
0,92
141,92
156,92
325,92
338,92
479,92
0,93
142,93
156,93
157,93
159,93
324,93
338,93
479,93
0,94
142,94
159,94
322,94
337,94
479,94
0,95
142,95
160,95
320,95
337,95
479,95
0,96
142,96
160,96
319,96
337,96
479,96
0,97
142,97
162,97
318,97
337,97
479,97
0,98
143,98
162,98
318,98
336,98
479,98
0,99
143,99
161,99
317,99
336,99
479,99
0,100
143,100
164,100
316,100
338,100
479,100
0,101
143,101
166,101
314,101
338,101
479,101
0,102
143,102
167,102
314,102
338,102
479,102
0,103
143,103
167,103
313,103
338,103
479,103
0,104
141,104
168,104
311,104
338,104
479,104
0,105
140,105
168,105
311,105
339,105
479,105
0,106
139,106
168,106
311,106
340,106
479,106
0,107
138,107
170,107
310,107
340,107
479,107
0,108
138,108
169,108
310,108
341,108
479,108
0,109
138,109
169,109
310,109
341,109
479,109
0,110
137,110
170,110
307,110
309,110
310,110
342,110
479,110
0,111
137,111
170,111
307,111
309,111
310,111
342,111
479,111
0,112
137,112
170,112
307,112
309,112
309,112
342,112
479,112
0,113
137,113
170,113
309,113
342,113
479,113
0,114
137,114
170,114
309,114
342,114
479,114
0,115
137,115
170,115
309,115
342,115
479,115
0,116
137,116
170,116
308,116
342,116
479,116
0,117
137,117
170,117
308,117
342,117
479,117
0,118
137,118
170,118
308,118
342,118
479,118
0,119
137,119
170,119
308,119
342,119
479,119
0,120
137,120
171,120
306,120
308,120
308,120
342,120
479,120
0,121
137,121
172,121
305,121
342,121
479,121
0,122
137,122
173,122
304,122
342,122
479,122
0,123
137,123
176,123
303,123
341,123
479,123
0,124
137,124
178,124
301,124
341,124
479,124
0,125
138,125
179,125
300,125
341,125
479,125
0,126
139,126
180,126
299,126
341,126
479,126
0,127
138,127
180,127
299,127
341,127
479,127
0,128
138,128
182,128
296,128
341,128
479,128
0,129
138,129
183,129
296,129
341,129
479,129
0,130
137,130
184,130
295,130
341,130
479,130
0,131
137,131
184,131
295,131
341,131
479,131
0,132
137,132
186,132
292,132
342,132
479,132
0,133
137,133
187,133
291,133
342,133
479,133
0,134
135,134
188,134
291,134
344,134
479,134
0,135
134,135
188,135
291,135
344,135
479,135
0,136
134,136
190,136
289,136
345,136
479,136
0,137
134,137
190,137
288,137
345,137
479,137
0,138
133,138
191,138
287,138
346,138
479,138
0,139
133,139
193,139
287,139
346,139
479,139
0,140
133,140
194,140
285,140
347,140
479,140
0,141
132,141
195,141
284,141
347,141
479,141
0,142
132,142
196,142
283,142
348,142
479,142
0,143
131,143
196,143
283,143
348,143
479,143
0,144
130,144
197,144
282,144
349,144
479,144
0,145
130,145
198,145
281,145
349,145
479,145
0,146
130,146
199,146
280,146
350,146
479,146
0,147
0,147
4,147
129,147
200,147
279,147
350,147
479,147
0,148
0,148
4,148
129,148
201,148
278,148
351,148
479,148
0,149
0,149
5,149
128,149
202,149
277,149
351,149
479,149
0,150
1,150
6,150
127,150
203,150
276,150
352,150
479,150
0,151
1,151
7,151
127,151
204,151
275,151
352,151
479,151
0,152
1,152
8,152
127,152
204,152
274,152
352,152
479,152
0,153
1,153
8,153
127,153
205,153
273,153
352,153
479,153
8,154
126,154
206,154
272,154
353,154
479,154
8,155
125,155
206,155
271,155
353,155
479,155
9,156
125,156
206,156
271,156
353,156
479,156
9,157
125,157
207,157
271,157
354,157
479,157
10,158
125,158
209,158
270,158
354,158
479,158
10,159
125,159
210,159
270,159
354,159
479,159
11,160
124,160
210,160
269,160
355,160
479,160
11,161
124,161
211,161
268,161
355,161
479,161
12,162
123,162
212,162
267,162
355,162
479,162
12,163
123,163
212,163
267,163
355,163
479,163
0,164
0,164
13,164
123,164
214,164
264,164
356,164
479,164
0,165
0,165
14,165
123,165
215,165
264,165
356,165
479,165
0,166
0,166
14,166
123,166
216,166
263,166
357,166
479,166
0,167
0,167
14,167
123,167
216,167
263,167
357,167
479,167
0,168
1,168
14,168
122,168
217,168
261,168
358,168
479,168
0,169
1,169
14,169
121,169
218,169
261,169
358,169
479,169
14,170
121,170
219,170
260,170
359,170
479,170
14,171
120,171
220,171
259,171
359,171
479,171
14,172
120,172
221,172
259,172
359,172
479,172
14,173
120,173
222,173
258,173
359,173
479,173
14,174
119,174
223,174
257,174
360,174
479,174
14,175
119,175
224,175
256,175
360,175
479,175
14,176
119,176
223,176
223,176
225,176
255,176
360,176
479,176
14,177
119,177
226,177
254,177
360,177
479,177
14,178
119,178
226,178
253,178
360,178
479,178
14,179
119,179
227,179
253,179
360,179
479,179
14,180
118,180
227,180
252,180
361,180
479,180
14,181
118,181
228,181
252,181
361,181
479,181
13,182
117,182
228,182
251,182
362,182
479,182
13,183
117,183
228,183
251,183
362,183
479,183
13,184
117,184
229,184
249,184
363,184
479,184
13,185
117,185
230,185
248,185
363,185
479,185
12,186
116,186
231,186
247,186
363,186
479,186
12,187
116,187
232,187
247,187
363,187
479,187
12,188
116,188
234,188
246,188
363,188
479,188
12,189
116,189
235,189
245,189
363,189
479,189
12,190
115,190
236,190
243,190
364,190
479,190
12,191
115,191
236,191
241,191
364,191
479,191
12,192
115,192
364,192
479,192
12,193
115,193
364,193
479,193
12,194
115,194
364,194
479,194
12,195
115,195
364,195
479,195
12,196
115,196
364,196
479,196
11,197
115,197
364,197
479,197
11,198
115,198
364,198
479,198
11,199
115,199
364,199
479,199
11,200
115,200
364,200
479,200
11,201
115,201
364,201
479,201
10,202
115,202
364,202
479,202
10,203
115,203
364,203
479,203
10,204
115,204
364,204
479,204
10,205
115,205
364,205
479,205
10,206
115,206
364,206
479,206
10,207
115,207
364,207
479,207
10,208
115,208
365,208
479,208
9,209
115,209
365,209
479,209
8,210
115,210
365,210
479,210
8,211
115,211
365,211
479,211
7,212
115,212
364,212
479,212
6,213
115,213
364,213
479,213
5,214
115,214
364,214
479,214
4,215
115,215
364,215
479,215
2,216
115,216
364,216
479,216
1,217
115,217
364,217
479,217
0,218
115,218
364,218
479,218
0,219
115,219
364,219
479,219
0,220
115,220
364,220
479,220
0,221
115,221
364,221
479,221
0,222
115,222
364,222
479,222
0,223
115,223
364,223
479,223
0,224
115,224
364,224
479,224
0,225
115,225
364,225
479,225
0,226
116,226
363,226
479,226
0,227
116,227
363,227
479,227
0,228
116,228
363,228
479,228
0,229
116,229
363,229
479,229
0,230
116,230
363,230
479,230
0,231
116,231
362,231
479,231
0,232
116,232
362,232
479,232
0,233
116,233
362,233
479,233
0,234
117,234
362,234
479,234
0,235
117,235
362,235
479,235
0,236
117,236
362,236
479,236
0,237
117,237
362,237
479,237
0,238
117,238
362,238
479,238
0,239
117,239
362,239
479,239
0,240
117,240
362,240
479,240
0,241
117,241
362,241
479,241
0,242
117,242
362,242
479,242
0,243
117,243
362,243
479,243
0,244
117,244
362,244
362,244
364,244
479,244
0,245
116,245
362,245
479,245
0,246
116,246
363,246
479,246
0,247
116,247
363,247
479,247
0,248
116,248
364,248
479,248
0,249
116,249
364,249
479,249
1,250
116,250
363,250
479,250
2,251
116,251
363,251
479,251
5,252
116,252
363,252
479,252
6,253
116,253
363,253
479,253
6,254
116,254
364,254
479,254
7,255
116,255
364,255
479,255
7,256
116,256
364,256
479,256
7,257
116,257
364,257
479,257
7,258
116,258
364,258
479,258
7,259
116,259
363,259
479,259
7,260
116,260
363,260
479,260
8,261
116,261
363,261
479,261
8,262
116,262
363,262
479,262
8,263
116,263
363,263
479,263
8,264
116,264
363,264
479,264
8,265
116,265
363,265
479,265
8,266
116,266
363,266
479,266
8,267
116,267
363,267
479,267
8,268
115,268
363,268
479,268
8,269
113,269
364,269
479,269
8,270
112,270
365,270
479,270
9,271
14,271
16,271
111,271
366,271
479,271
9,272
109,272
368,272
479,272
9,273
10,273
12,273
108,273
370,273
479,273
10,274
107,274
372,274
479,274
10,275
107,275
374,275
479,275
10,276
105,276
375,276
479,276
10,277
103,277
379,277
479,277
11,278
99,278
380,278
479,278
11,279
99,279
382,279
479,279
11,280
94,280
384,280
479,280
11,281
93,281
387,281
479,281
11,282
91,282
388,282
479,282
11,283
91,283
391,283
479,283
11,284
88,284
391,284
479,284
11,285
86,285
393,285
479,285
11,286
85,286
394,286
479,286
11,287
84,287
395,287
479,287
11,288
11,288
13,288
82,288
396,288
479,288
11,289
11,289
13,289
82,289
396,289
479,289
11,290
11,290
13,290
81,290
397,290
479,290
11,291
79,291
398,291
479,291
11,292
78,292
401,292
479,292
11,293
77,293
402,293
479,293
10,294
76,294
403,294
479,294
10,295
75,295
404,295
479,295
10,296
73,296
405,296
479,296
10,297
72,297
406,297
479,297
10,298
71,298
407,298
479,298
10,299
71,299
408,299
479,299
10,300
69,300
410,300
479,300
10,301
68,301
411,301
479,301
10,302
67,302
412,302
479,302
10,303
67,303
412,303
479,303
10,304
63,304
414,304
479,304
10,305
61,305
415,305
479,305
10,306
60,306
416,306
417,306
419,306
479,306
10,307
59,307
416,307
417,307
419,307
479,307
9,308
59,308
94,308
95,308
103,308
108,308
372,308
376,308
382,308
385,308
420,308
479,308
9,309
59,309
93,309
108,309
371,309
386,309
419,309
479,309
9,310
59,310
92,310
109,310
370,310
375,310
378,310
386,310
419,310
479,310
9,311
10,311
12,311
59,311
92,311
109,311
370,311
370,311
372,311
386,311
388,311
388,311
420,311
479,311
9,312
10,312
12,312
59,312
91,312
109,312
370,312
389,312
420,312
479,312
9,313
10,313
12,313
59,313
89,313
110,313
369,313
389,313
420,313
479,313
9,314
10,314
12,314
59,314
88,314
111,314
368,314
390,314
420,314
479,314
9,315
10,315
12,315
59,315
88,315
111,315
367,315
392,315
420,315
479,315
9,316
10,316
12,316
55,316
57,316
58,316
87,316
112,316
367,316
393,316
421,316
479,316
9,317
55,317
57,317
58,317
86,317
112,317
367,317
393,317
421,317
479,317
9,318
57,318
86,318
113,318
366,318
394,318
421,318
479,318
9,319
57,319
85,319
113,319
366,319
395,319
422,319
479,319
9,320
57,320
83,320
114,320
366,320
396,320
422,320
479,320
9,321
57,321
83,321
113,321
366,321
397,321
422,321
479,321
9,322
57,322
82,322
115,322
365,322
397,322
422,322
479,322
9,323
56,323
81,323
115,323
364,323
396,323
398,323
398,323
422,323
479,323
9,324
57,324
80,324
115,324
364,324
399,324
422,324
479,324
9,325
57,325
80,325
116,325
364,325
400,325
422,325
422,325
424,325
479,325
9,326
56,326
79,326
116,326
363,326
400,326
422,326
422,326
424,326
479,326
9,327
56,327
58,327
58,327
78,327
78,327
80,327
117,327
362,327
401,327
421,327
421,327
423,327
479,327
9,328
64,328
78,328
119,328
361,328
401,328
415,328
479,328
8,329
64,329
76,329
119,329
124,329
125,329
359,329
403,329
415,329
479,329
8,330
65,330
76,330
120,330
122,330
125,330
358,330
403,330
414,330
479,330
8,331
66,331
78,331
120,331
123,331
125,331
356,331
356,331
358,331
404,331
413,331
479,331
8,332
66,332
72,332
125,332
356,332
356,332
358,332
406,332
412,332
479,332
8,333
125,333
356,333
356,333
358,333
479,333
8,334
123,334
356,334
356,334
358,334
479,334
8,335
123,335
356,335
356,335
358,335
479,335
7,336
123,336
356,336
356,336
358,336
479,336
7,337
124,337
358,337
479,337
7,338
124,338
357,338
479,338
7,339
124,339
357,339
479,339
6,340
124,340
357,340
479,340
6,341
124,341
357,341
479,341
6,342
123,342
358,342
479,342
6,343
123,343
359,343
479,343
6,344
122,344
358,344
479,344
5,345
122,345
358,345
479,345
5,346
122,346
358,346
479,346
4,347
122,347
358,347
479,347
4,348
122,348
358,348
479,348
4,349
62,349
64,349
121,349
359,349
479,349
4,350
61,350
65,350
121,350
360,350
385,350
388,350
479,350
3,351
60,351
66,351
121,351
360,351
384,351
388,351
415,351
418,351
479,351
3,352
60,352
67,352
120,352
360,352
382,352
390,352
413,352
418,352
479,352
3,353
60,353
67,353
87,353
92,353
120,353
360,353
381,353
390,353
413,353
419,353
479,353
2,354
60,354
68,354
85,354
93,354
120,354
360,354
381,354
391,354
411,354
419,354
479,354
2,355
60,355
68,355
85,355
94,355
119,355
360,355
381,355
392,355
411,355
422,355
479,355
2,356
45,356
47,356
57,356
70,356
73,356
78,356
85,356
95,356
119,356
129,356
130,356
360,356
381,356
392,356
409,356
422,356
479,356
2,357
45,357
50,357
55,357
70,357
73,357
79,357
85,357
96,357
119,357
129,357
130,357
360,357
380,357
393,357
399,357
406,357
409,357
422,357
479,357
1,358
44,358
51,358
55,358
70,358
73,358
80,358
84,358
97,358
119,358
129,358
130,358
360,358
379,358
393,358
398,358
422,358
479,358
1,359
44,359
51,359
55,359
70,359
73,359
81,359
84,359
97,359
119,359
128,359
129,359
360,359
379,359
393,359
398,359
422,359
479,359
