0,0
308,0
413,0
413,0
415,0
479,0
0,1
307,1
413,1
413,1
415,1
479,1
0,2
305,2
413,2
479,2
0,3
304,3
413,3
479,3
0,4
301,4
412,4
479,4
0,5
301,5
412,5
479,5
0,6
299,6
412,6
479,6
0,7
299,7
411,7
479,7
0,8
293,8
296,8
297,8
410,8
411,8
413,8
479,8
0,9
295,9
410,9
479,9
0,10
293,10
410,10
479,10
0,11
292,11
409,11
479,11
0,12
289,12
409,12
479,12
0,13
291,13
409,13
479,13
0,14
289,14
408,14
479,14
0,15
288,15
409,15
479,15
0,16
283,16
285,16
286,16
408,16
479,16
0,17
285,17
408,17
479,17
0,18
284,18
407,18
479,18
0,19
283,19
407,19
479,19
0,20
281,20
406,20
479,20
0,21
280,21
406,21
479,21
0,22
279,22
405,22
479,22
0,23
279,23
405,23
479,23
0,24
277,24
404,24
479,24
0,25
275,25
403,25
479,25
0,26
275,26
403,26
479,26
0,27
275,27
403,27
479,27
0,28
270,28
272,28
273,28
403,28
479,28
0,29
272,29
402,29
479,29
0,30
271,30
402,30
479,30
0,31
267,31
269,31
270,31
402,31
479,31
0,32
269,32
402,32
479,32
0,33
268,33
401,33
479,33
0,34
266,34
401,34
479,34
0,35
265,35
400,35
479,35
0,36
265,36
400,36
479,36
0,37
264,37
400,37
479,37
0,38
263,38
400,38
479,38
0,39
263,39
400,39
479,39
0,40
261,40
400,40
479,40
0,41
260,41
400,41
479,41
0,42
259,42
400,42
479,42
0,43
259,43
400,43
479,43
0,44
257,44
400,44
479,44
0,45
256,45
399,45
479,45
0,46
254,46
399,46
479,46
0,47
253,47
399,47
479,47
0,48
251,48
399,48
479,48
0,49
250,49
399,49
479,49
0,50
249,50
399,50
479,50
0,51
248,51
399,51
479,51
0,52
247,52
399,52
479,52
0,53
247,53
399,53
479,53
0,54
245,54
399,54
479,54
0,55
245,55
399,55
479,55
0,56
243,56
398,56
479,56
0,57
242,57
398,57
479,57
0,58
241,58
398,58
479,58
0,59
240,59
398,59
479,59
0,60
235,60
238,60
239,60
398,60
479,60
0,61
237,61
398,61
479,61
0,62
235,62
398,62
479,62
0,63
235,63
398,63
479,63
0,64
232,64
398,64
479,64
0,65
227,65
229,65
231,65
397,65
479,65
0,66
229,66
397,66
479,66
0,67
226,67
228,67
228,67
397,67
479,67
0,68
227,68
397,68
479,68
0,69
224,69
397,69
479,69
0,70
223,70
397,70
479,70
0,71
221,71
397,71
479,71
0,72
218,72
397,72
479,72
0,73
214,73
216,73
217,73
396,73
479,73
0,74
214,74
396,74
479,74
0,75
211,75
396,75
479,75
0,76
211,76
396,76
479,76
0,77
210,77
396,77
479,77
0,78
207,78
396,78
479,78
0,79
206,79
396,79
479,79
0,80
204,80
396,80
479,80
0,81
203,81
395,81
479,81
0,82
201,82
395,82
479,82
0,83
200,83
395,83
479,83
0,84
197,84
395,84
479,84
0,85
197,85
395,85
479,85
0,86
195,86
395,86
479,86
0,87
195,87
395,87
479,87
0,88
190,88
192,88
193,88
396,88
479,88
0,89
192,89
395,89
479,89
0,90
190,90
395,90
479,90
0,91
187,91
189,91
189,91
394,91
479,91
0,92
189,92
394,92
479,92
0,93
188,93
394,93
479,93
0,94
187,94
394,94
479,94
0,95
187,95
393,95
479,95
0,96
185,96
393,96
479,96
0,97
184,97
393,97
479,97
0,98
183,98
393,98
479,98
0,99
183,99
393,99
479,99
0,100
179,100
181,100
182,100
393,100
479,100
0,101
179,101
181,101
181,101
392,101
479,101
0,102
181,102
392,102
479,102
0,103
181,103
392,103
479,103
0,104
179,104
392,104
479,104
0,105
179,105
392,105
479,105
0,106
179,106
392,106
479,106
0,107
177,107
391,107
479,107
0,108
177,108
391,108
479,108
0,109
176,109
391,109
479,109
0,110
176,110
390,110
479,110
0,111
175,111
390,111
479,111
0,112
176,112
390,112
479,112
0,113
175,113
390,113
479,113
0,114
175,114
391,114
479,114
0,115
175,115
391,115
479,115
0,116
174,116
391,116
479,116
0,117
173,117
391,117
479,117
0,118
173,118
391,118
479,118
0,119
173,119
390,119
479,119
0,120
172,120
390,120
479,120
0,121
172,121
390,121
479,121
0,122
172,122
389,122
479,122
0,123
171,123
389,123
479,123
0,124
166,124
169,124
170,124
389,124
479,124
0,125
168,125
389,125
479,125
0,126
166,126
389,126
479,126
0,127
165,127
389,127
479,127
0,128
93,128
96,128
97,128
105,128
163,128
388,128
479,128
0,129
96,129
109,129
160,129
388,129
479,129
0,130
91,130
93,130
94,130
111,130
157,130
388,130
479,130
0,131
91,131
93,131
93,131
114,131
155,131
388,131
479,131
0,132
92,132
118,132
121,132
124,132
126,132
128,132
149,132
388,132
479,132
0,133
93,133
120,133
134,133
137,133
144,133
388,133
479,133
0,134
92,134
122,134
123,134
126,134
138,134
140,134
140,134
388,134
479,134
0,135
92,135
388,135
479,135
0,136
91,136
388,136
479,136
0,137
91,137
388,137
479,137
0,138
91,138
388,138
479,138
0,139
91,139
388,139
479,139
0,140
91,140
388,140
479,140
0,141
91,141
388,141
479,141
0,142
91,142
388,142
479,142
0,143
91,143
388,143
479,143
0,144
89,144
388,144
479,144
0,145
89,145
388,145
479,145
0,146
89,146
388,146
479,146
0,147
89,147
388,147
479,147
0,148
89,148
388,148
479,148
0,149
89,149
388,149
479,149
0,150
89,150
388,150
479,150
0,151
89,151
388,151
479,151
0,152
89,152
388,152
479,152
0,153
89,153
388,153
479,153
0,154
89,154
388,154
479,154
0,155
89,155
104,155
111,155
387,155
479,155
0,156
89,156
92,156
92,156
96,156
111,156
387,156
479,156
0,157
89,157
92,157
111,157
387,157
479,157
0,158
112,158
387,158
479,158
0,159
112,159
387,159
479,159
0,160
113,160
387,160
479,160
0,161
114,161
387,161
479,161
0,162
114,162
387,162
479,162
0,163
116,163
387,163
479,163
0,164
127,164
386,164
479,164
0,165
129,165
386,165
479,165
0,166
129,166
386,166
479,166
0,167
132,167
139,167
140,167
386,167
479,167
0,168
141,168
386,168
479,168
0,169
141,169
386,169
479,169
0,170
143,170
385,170
479,170
0,171
143,171
385,171
479,171
0,172
144,172
385,172
479,172
0,173
143,173
384,173
479,173
0,174
143,174
384,174
479,174
0,175
143,175
384,175
479,175
0,176
142,176
383,176
479,176
0,177
141,177
383,177
479,177
0,178
141,178
383,178
479,178
0,179
140,179
383,179
479,179
0,180
141,180
382,180
479,180
0,181
140,181
382,181
479,181
0,182
140,182
382,182
479,182
0,183
139,183
381,183
479,183
0,184
138,184
381,184
479,184
0,185
138,185
381,185
479,185
0,186
137,186
380,186
479,186
0,187
137,187
380,187
479,187
0,188
137,188
379,188
479,188
0,189
136,189
379,189
479,189
0,190
136,190
379,190
479,190
0,191
135,191
379,191
479,191
0,192
134,192
379,192
479,192
0,193
134,193
379,193
479,193
0,194
133,194
379,194
479,194
0,195
133,195
379,195
479,195
0,196
135,196
379,196
479,196
0,197
135,197
379,197
479,197
0,198
135,198
379,198
479,198
0,199
135,199
379,199
479,199
0,200
135,200
380,200
479,200
0,201
135,201
380,201
479,201
0,202
135,202
146,202
146,202
380,202
479,202
0,203
135,203
145,203
146,203
380,203
479,203
0,204
132,204
134,204
134,204
145,204
146,204
380,204
479,204
0,205
132,205
144,205
145,205
380,205
479,205
0,206
132,206
142,206
146,206
380,206
479,206
0,207
133,207
142,207
146,207
380,207
479,207
0,208
132,208
141,208
145,208
380,208
479,208
0,209
132,209
141,209
145,209
380,209
479,209
0,210
132,210
139,210
145,210
380,210
479,210
0,211
132,211
138,211
145,211
380,211
479,211
0,212
131,212
137,212
145,212
380,212
479,212
0,213
131,213
136,213
145,213
380,213
479,213
0,214
131,214
135,214
145,214
380,214
479,214
0,215
131,215
135,215
145,215
380,215
479,215
0,216
145,216
380,216
479,216
0,217
145,217
380,217
479,217
0,218
145,218
380,218
479,218
0,219
145,219
380,219
479,219
0,220
145,220
381,220
479,220
0,221
145,221
381,221
479,221
0,222
145,222
381,222
479,222
0,223
144,223
381,223
479,223
0,224
144,224
381,224
479,224
0,225
144,225
381,225
479,225
0,226
144,226
382,226
479,226
0,227
143,227
381,227
479,227
0,228
143,228
147,228
147,228
381,228
479,228
0,229
143,229
147,229
147,229
381,229
479,229
0,230
144,230
146,230
148,230
382,230
479,230
0,231
149,231
382,231
479,231
0,232
149,232
382,232
479,232
0,233
149,233
382,233
479,233
0,234
149,234
154,234
154,234
383,234
479,234
0,235
149,235
154,235
154,235
384,235
479,235
0,236
150,236
154,236
155,236
385,236
479,236
0,237
150,237
154,237
155,237
387,237
479,237
0,238
151,238
154,238
156,238
388,238
479,238
0,239
151,239
154,239
156,239
388,239
479,239
0,240
151,240
154,240
156,240
390,240
479,240
0,241
151,241
154,241
156,241
392,241
479,241
0,242
152,242
154,242
157,242
394,242
479,242
0,243
152,243
154,243
157,243
396,243
479,243
0,244
158,244
397,244
479,244
0,245
159,245
398,245
479,245
0,246
159,246
401,246
479,246
0,247
163,247
402,247
479,247
0,248
164,248
403,248
479,248
0,249
165,249
404,249
479,249
0,250
166,250
168,250
168,250
404,250
479,250
0,251
169,251
405,251
479,251
0,252
172,252
405,252
479,252
0,253
173,253
406,253
479,253
0,254
175,254
407,254
479,254
0,255
176,255
407,255
479,255
0,256
178,256
383,256
383,256
408,256
479,256
0,257
177,257
383,257
383,257
408,257
479,257
0,258
177,258
408,258
479,258
0,259
176,259
408,259
479,259
0,260
174,260
382,260
385,260
408,260
479,260
0,261
171,261
173,261
174,261
382,261
385,261
407,261
479,261
0,262
171,262
380,262
380,262
382,262
387,262
406,262
479,262
0,263
171,263
380,263
387,263
403,263
479,263
0,264
168,264
380,264
388,264
402,264
479,264
0,265
163,265
165,265
166,265
380,265
389,265
401,265
479,265
0,266
163,266
165,266
165,266
379,266
390,266
392,266
393,266
400,266
479,266
0,267
163,267
165,267
165,267
379,267
394,267
396,267
479,267
0,268
163,268
379,268
479,268
0,269
164,269
379,269
479,269
0,270
165,270
379,270
479,270
0,271
165,271
379,271
479,271
0,272
165,272
379,272
479,272
0,273
164,273
379,273
479,273
0,274
164,274
379,274
479,274
0,275
164,275
379,275
479,275
0,276
164,276
379,276
479,276
0,277
164,277
378,277
479,277
0,278
165,278
377,278
479,278
0,279
165,279
377,279
479,279
0,280
166,280
377,280
479,280
0,281
167,281
377,281
479,281
0,282
167,282
377,282
479,282
0,283
168,283
377,283
479,283
0,284
171,284
377,284
479,284
0,285
172,285
377,285
479,285
0,286
174,286
376,286
479,286
0,287
175,287
376,287
376,287
378,287
479,287
0,288
179,288
378,288
479,288
0,289
179,289
378,289
479,289
0,290
181,290
378,290
479,290
0,291
181,291
376,291
479,291
0,292
181,292
376,292
479,292
0,293
181,293
376,293
479,293
0,294
181,294
376,294
479,294
0,295
182,295
376,295
479,295
0,296
181,296
378,296
479,296
0,297
181,297
378,297
479,297
0,298
181,298
379,298
479,298
0,299
181,299
379,299
479,299
0,300
181,300
381,300
479,300
0,301
183,301
381,301
382,301
384,301
479,301
0,302
183,302
382,302
479,302
0,303
183,303
383,303
479,303
0,304
183,304
371,304
373,304
383,304
479,304
0,305
184,305
371,305
373,305
385,305
479,305
0,306
185,306
370,306
376,306
386,306
479,306
0,307
186,307
188,307
188,307
370,307
377,307
387,307
479,307
0,308
188,308
370,308
377,308
386,308
479,308
0,309
188,309
369,309
378,309
385,309
479,309
0,310
189,310
354,310
354,310
368,310
380,310
384,310
479,310
0,311
189,311
354,311
354,311
368,311
381,311
383,311
479,311
0,312
189,312
354,312
354,312
368,312
479,312
0,313
190,313
354,313
354,313
368,313
479,313
0,314
190,314
354,314
356,314
368,314
479,314
0,315
190,315
354,315
357,315
368,315
479,315
0,316
195,316
354,316
357,316
367,316
479,316
0,317
195,317
354,317
358,317
366,317
479,317
0,318
196,318
354,318
359,318
366,318
479,318
0,319
196,319
354,319
360,319
366,319
479,319
0,320
197,320
354,320
361,320
365,320
479,320
0,321
197,321
354,321
479,321
0,322
198,322
354,322
479,322
0,323
198,323
354,323
479,323
0,324
199,324
354,324
479,324
0,325
199,325
355,325
479,325
0,326
199,326
356,326
479,326
0,327
200,327
356,327
479,327
0,328
200,328
355,328
479,328
0,329
200,329
355,329
479,329
0,330
201,330
356,330
479,330
0,331
201,331
356,331
479,331
0,332
203,332
356,332
420,332
432,332
479,332
0,333
203,333
356,333
414,333
434,333
479,333
0,334
203,334
356,334
409,334
437,334
479,334
0,335
204,335
329,335
329,335
358,335
403,335
439,335
479,335
0,336
204,336
229,336
230,336
329,336
330,336
358,336
393,336
442,336
479,336
0,337
205,337
229,337
229,337
330,337
330,337
358,337
358,337
360,337
389,337
445,337
479,337
0,338
206,338
226,338
229,338
330,338
331,338
358,338
358,338
360,338
383,338
446,338
479,338
0,339
206,339
220,339
229,339
331,339
333,339
358,339
358,339
360,339
383,339
447,339
479,339
0,340
229,340
331,340
334,340
340,340
343,340
358,340
381,340
447,340
479,340
0,341
228,341
331,341
335,341
342,341
344,341
358,341
380,341
448,341
479,341
0,342
227,342
323,342
323,342
331,342
336,342
342,342
344,342
358,342
375,342
449,342
479,342
0,343
227,343
323,343
323,343
331,343
337,343
343,343
344,343
359,343
375,343
450,343
479,343
0,344
222,344
322,344
323,344
330,344
338,344
343,344
345,344
359,344
374,344
452,344
479,344
0,345
221,345
324,345
326,345
329,345
339,345
342,345
346,345
359,345
373,345
452,345
479,345
0,346
221,346
325,346
326,346
328,346
339,346
342,346
348,346
359,346
371,346
453,346
479,346
0,347
220,347
328,347
342,347
344,347
349,347
359,347
370,347
453,347
479,347
0,348
215,348
217,348
218,348
329,348
349,348
360,348
369,348
455,348
479,348
0,349
217,349
330,349
350,349
359,349
367,349
456,349
479,349
0,350
215,350
331,350
352,350
359,350
366,350
456,350
479,350
0,351
215,351
332,351
353,351
359,351
362,351
365,351
366,351
457,351
479,351
0,352
213,352
334,352
353,352
360,352
361,352
458,352
458,352
460,352
479,352
0,353
212,353
335,353
355,353
360,353
360,353
458,353
479,353
0,354
211,354
337,354
356,354
458,354
479,354
0,355
211,355
338,355
358,355
390,355
390,355
459,355
479,355
0,356
207,356
209,356
209,356
339,356
357,356
387,356
387,356
389,356
391,356
459,356
479,356
0,357
208,357
341,357
356,357
386,357
392,357
459,357
479,357
0,358
208,358
342,358
353,358
384,358
392,358
460,358
479,358
0,359
207,359
343,359
353,359
381,359
382,359
385,359
386,359
388,359
393,359
460,359
479,359
