28,167
47,167
28,168
28,168
19,169
21,169
26,169
62,169
17,170
65,170
14,171
15,171
20,171
59,171
62,171
69,171
442,171
460,171
11,172
75,172
430,172
467,172
10,173
77,173
428,173
470,173
6,174
81,174
420,174
467,174
470,174
475,174
3,175
82,175
84,175
84,175
415,175
467,175
470,175
478,175
0,176
87,176
410,176
479,176
0,177
89,177
406,177
479,177
0,178
90,178
92,178
92,178
402,178
479,178
0,179
94,179
399,179
399,179
402,179
479,179
0,180
99,180
396,180
479,180
0,181
101,181
396,181
479,181
0,182
102,182
389,182
479,182
0,183
104,183
386,183
389,183
392,183
479,183
0,184
108,184
384,184
479,184
0,185
110,185
380,185
479,185
0,186
112,186
378,186
479,186
0,187
114,187
375,187
375,187
378,187
479,187
0,188
116,188
373,188
479,188
0,189
117,189
372,189
479,189
0,190
120,190
368,190
479,190
0,191
123,191
367,191
479,191
0,192
124,192
363,192
479,192
0,193
127,193
362,193
479,193
0,194
128,194
361,194
479,194
0,195
131,195
358,195
479,195
0,196
132,196
359,196
479,196
0,197
134,197
355,197
479,197
0,198
135,198
353,198
479,198
0,199
138,199
349,199
479,199
0,200
1,200
4,200
139,200
347,200
479,200
0,201
141,201
344,201
479,201
2,202
143,202
344,202
479,202
4,203
145,203
342,203
479,203
5,204
148,204
340,204
479,204
7,205
149,205
338,205
479,205
9,206
150,206
336,206
479,206
10,207
152,207
334,207
479,207
13,208
153,208
333,208
479,208
16,209
154,209
331,209
479,209
16,210
16,210
18,210
156,210
330,210
479,210
19,211
157,211
328,211
479,211
20,212
20,212
22,212
159,212
327,212
479,212
25,213
161,213
323,213
479,213
26,214
161,214
323,214
477,214
28,215
163,215
323,215
475,215
30,216
164,216
320,216
472,216
34,217
167,217
320,217
471,217
35,218
167,218
319,218
468,218
36,219
169,219
318,219
467,219
41,220
170,220
315,220
462,220
45,221
171,221
313,221
458,221
460,221
460,221
46,222
174,222
311,222
458,222
50,223
175,223
311,223
455,223
55,224
175,224
311,224
443,224
446,224
452,224
58,225
175,225
230,225
231,225
233,225
255,225
309,225
448,225
62,226
176,226
225,226
257,226
305,226
445,226
64,227
177,227
223,227
261,227
305,227
443,227
69,228
179,228
222,228
268,228
304,228
431,228
434,228
438,228
71,229
183,229
217,229
269,229
303,229
433,229
75,230
183,230
214,230
274,230
301,230
431,230
78,231
183,231
211,231
275,231
301,231
426,231
82,232
184,232
186,232
187,232
208,232
281,232
300,232
423,232
86,233
187,233
205,233
282,233
297,233
416,233
91,234
188,234
203,234
203,234
205,234
286,234
295,234
413,234
93,235
189,235
202,235
287,235
295,235
409,235
97,236
191,236
199,236
287,236
294,236
401,236
101,237
191,237
196,237
397,237
104,238
395,238
106,239
391,239
110,240
111,240
114,240
384,240
386,240
386,240
114,241
383,241
115,242
378,242
118,243
375,243
121,244
369,244
124,245
368,245
128,246
364,246
129,247
361,247
132,248
358,248
135,249
356,249
136,250
352,250
139,251
351,251
141,252
343,252
345,252
347,252
143,253
345,253
145,254
343,254
148,255
340,255
148,256
339,256
151,257
336,257
152,258
335,258
155,259
332,259
156,260
330,260
158,261
328,261
160,262
161,262
163,262
326,262
162,263
325,263
163,264
323,264
164,265
323,265
164,266
324,266
162,267
325,267
160,268
326,268
160,269
327,269
159,270
328,270
158,271
330,271
158,272
331,272
158,273
332,273
155,274
333,274
155,275
333,275
155,276
334,276
154,277
335,277
153,278
335,278
152,279
337,279
151,280
337,280
150,281
338,281
150,282
338,282
149,283
338,283
149,284
339,284
148,285
339,285
148,286
340,286
147,287
340,287
147,288
341,288
147,289
341,289
147,290
341,290
146,291
341,291
146,292
341,292
146,293
341,293
146,294
343,294
146,295
342,295
145,296
342,296
145,297
343,297
145,298
343,298
145,299
344,299
145,300
344,300
144,301
344,301
144,302
344,302
143,303
345,303
143,304
345,304
143,305
345,305
143,306
345,306
143,307
345,307
142,308
345,308
142,309
346,309
141,310
346,310
141,311
347,311
139,312
348,312
139,313
348,313
139,314
349,314
138,315
350,315
137,316
350,316
137,317
350,317
137,318
351,318
136,319
351,319
136,320
352,320
135,321
352,321
135,322
139,322
144,322
353,322
135,323
138,323
143,323
352,323
134,324
138,324
143,324
352,324
134,325
138,325
142,325
353,325
134,326
138,326
142,326
354,326
134,327
137,327
142,327
354,327
134,328
137,328
142,328
354,328
133,329
137,329
141,329
355,329
132,330
136,330
140,330
355,330
132,331
136,331
140,331
355,331
132,332
133,332
135,332
136,332
140,332
347,332
349,332
356,332
132,333
135,333
139,333
346,333
350,333
356,333
132,334
135,334
139,334
346,334
350,334
356,334
131,335
134,335
139,335
347,335
350,335
357,335
131,336
134,336
139,336
347,336
350,336
357,336
131,337
133,337
139,337
347,337
351,337
357,337
131,338
133,338
139,338
347,338
351,338
358,338
130,339
132,339
138,339
348,339
351,339
358,339
130,340
132,340
138,340
348,340
352,340
358,340
130,341
131,341
138,341
348,341
352,341
352,341
354,341
358,341
129,342
130,342
138,342
348,342
352,342
352,342
354,342
359,342
129,343
130,343
138,343
348,343
352,343
359,343
129,344
130,344
138,344
348,344
353,344
359,344
128,345
129,345
138,345
349,345
354,345
359,345
128,346
128,346
138,346
348,346
354,346
359,346
127,347
128,347
138,347
349,347
354,347
355,347
357,347
360,347
127,348
127,348
137,348
349,348
354,348
355,348
357,348
360,348
137,349
349,349
354,349
361,349
137,350
349,350
355,350
361,350
137,351
349,351
356,351
361,351
136,352
349,352
356,352
362,352
136,353
349,353
357,353
362,353
136,354
349,354
357,354
362,354
136,355
349,355
357,355
362,355
136,356
349,356
358,356
363,356
136,357
349,357
359,357
363,357
135,358
349,358
360,358
364,358
135,359
349,359
360,359
364,359
