236,58
253,58
234,59
257,59
230,60
259,60
227,61
259,61
225,62
262,62
223,63
265,63
222,64
267,64
221,65
268,65
220,66
269,66
219,67
271,67
218,68
272,68
217,69
273,69
215,70
274,70
214,71
275,71
214,72
275,72
213,73
275,73
212,74
276,74
211,75
276,75
210,76
277,76
209,77
277,77
208,78
277,78
208,79
277,79
208,80
279,80
207,81
279,81
207,82
280,82
206,83
281,83
206,84
283,84
205,85
283,85
204,86
284,86
204,87
284,87
203,88
285,88
203,89
288,89
203,90
291,90
203,91
294,91
202,92
299,92
202,93
300,93
202,94
304,94
201,95
306,95
201,96
309,96
201,97
312,97
200,98
313,98
200,99
312,99
314,99
315,99
199,100
316,100
199,101
318,101
199,102
320,102
199,103
319,103
321,103
322,103
199,104
323,104
199,105
324,105
199,106
326,106
198,107
328,107
198,108
329,108
197,109
330,109
194,110
331,110
194,111
332,111
190,112
334,112
188,113
335,113
187,114
336,114
186,115
186,115
188,115
337,115
183,116
183,116
185,116
339,116
181,117
339,117
178,118
340,118
176,119
341,119
174,120
343,120
172,121
343,121
170,122
344,122
169,123
345,123
347,123
347,123
167,124
347,124
165,125
348,125
164,126
349,126
163,127
350,127
162,128
162,128
164,128
351,128
161,129
352,129
160,130
353,130
159,131
354,131
158,132
354,132
158,133
355,133
156,134
356,134
155,135
355,135
357,135
357,135
155,136
358,136
154,137
359,137
153,138
360,138
151,139
358,139
360,139
361,139
151,140
359,140
361,140
361,140
150,141
362,141
150,142
363,142
150,143
364,143
149,144
364,144
147,145
365,145
147,146
366,146
146,147
366,147
144,148
367,148
144,149
368,149
143,150
368,150
142,151
368,151
143,152
370,152
141,153
371,153
141,154
372,154
140,155
373,155
139,156
373,156
139,157
374,157
138,158
375,158
138,159
138,159
140,159
375,159
137,160
374,160
136,161
376,161
135,162
377,162
135,163
377,163
134,164
378,164
134,165
379,165
133,166
379,166
133,167
380,167
132,168
380,168
132,169
381,169
131,170
382,170
131,171
382,171
130,172
383,172
130,173
384,173
129,174
384,174
128,175
385,175
128,176
131,176
133,176
385,176
128,177
131,177
134,177
385,177
127,178
131,178
134,178
386,178
127,179
131,179
133,179
387,179
126,180
129,180
132,180
387,180
125,181
127,181
132,181
388,181
124,182
125,182
132,182
387,182
124,183
125,183
132,183
387,183
131,184
387,184
130,185
388,185
130,186
389,186
129,187
130,187
132,187
389,187
128,188
130,188
135,188
389,188
128,189
130,189
135,189
389,189
127,190
129,190
135,190
390,190
127,191
127,191
135,191
390,191
126,192
127,192
135,192
391,192
135,193
392,193
135,194
392,194
135,195
392,195
135,196
392,196
135,197
392,197
134,198
392,198
134,199
393,199
134,200
393,200
134,201
393,201
134,202
393,202
134,203
394,203
134,204
394,204
134,205
394,205
134,206
394,206
134,207
394,207
134,208
395,208
134,209
395,209
134,210
395,210
134,211
395,211
134,212
396,212
134,213
396,213
135,214
396,214
135,215
396,215
135,216
396,216
136,217
396,217
136,218
396,218
136,219
396,219
136,220
396,220
138,221
396,221
139,222
396,222
139,223
396,223
139,224
396,224
139,225
156,225
160,225
396,225
139,226
156,226
161,226
396,226
139,227
156,227
162,227
396,227
142,228
148,228
152,228
156,228
163,228
396,228
152,229
156,229
164,229
396,229
152,230
157,230
165,230
396,230
152,231
157,231
166,231
396,231
154,232
154,232
156,232
158,232
167,232
168,232
171,232
396,232
157,233
158,233
167,233
168,233
171,233
396,233
158,234
158,234
172,234
396,234
158,235
158,235
172,235
396,235
159,236
160,236
175,236
396,236
160,237
160,237
176,237
396,237
160,238
160,238
176,238
395,238
160,239
161,239
176,239
395,239
177,240
395,240
177,241
395,241
177,242
395,242
177,243
395,243
176,244
395,244
176,245
395,245
176,246
395,246
176,247
395,247
175,248
395,248
175,249
395,249
174,250
395,250
174,251
394,251
174,252
394,252
173,253
391,253
393,253
394,253
172,254
391,254
393,254
393,254
171,255
391,255
393,255
393,255
169,256
394,256
169,257
393,257
167,258
167,258
169,258
394,258
165,259
393,259
164,260
393,260
162,261
393,261
161,262
393,262
160,263
393,263
160,264
393,264
160,265
393,265
160,266
393,266
160,267
393,267
162,268
162,268
164,268
393,268
166,269
393,269
167,270
393,270
167,271
393,271
170,272
393,272
172,273
393,273
172,274
393,274
173,275
393,275
173,276
393,276
174,277
393,277
174,278
394,278
175,279
394,279
175,280
394,280
175,281
394,281
175,282
393,282
175,283
393,283
175,284
393,284
175,285
395,285
175,286
395,286
175,287
395,287
176,288
396,288
176,289
396,289
177,290
397,290
177,291
397,291
179,292
397,292
180,293
398,293
180,294
398,294
180,295
399,295
180,296
400,296
180,297
399,297
401,297
401,297
180,298
401,298
180,299
400,299
403,299
403,299
183,300
399,300
184,301
400,301
184,302
400,302
184,303
399,303
401,303
401,303
186,304
400,304
186,305
401,305
186,306
402,306
187,307
403,307
188,308
404,308
188,309
404,309
188,310
404,310
188,311
405,311
188,312
405,312
188,313
406,313
187,314
388,314
392,314
407,314
187,315
387,315
393,315
407,315
187,316
187,316
191,316
386,316
394,316
399,316
405,316
408,316
192,317
386,317
397,317
400,317
406,317
408,317
192,318
225,318
231,318
385,318
399,318
401,318
408,318
409,318
194,319
225,319
232,319
386,319
401,319
402,319
194,320
224,320
231,320
386,320
410,320
411,320
195,321
224,321
231,321
387,321
195,322
224,322
231,322
387,322
196,323
224,323
231,323
387,323
198,324
199,324
206,324
207,324
211,324
219,324
222,324
223,324
232,324
387,324
206,325
207,325
211,325
219,325
232,325
387,325
206,326
206,326
211,326
219,326
232,326
388,326
211,327
219,327
232,327
387,327
389,327
389,327
212,328
214,328
226,328
387,328
390,328
390,328
210,329
210,329
212,329
213,329
226,329
387,329
210,330
213,330
224,330
387,330
210,331
213,331
224,331
387,331
210,332
210,332
212,332
212,332
224,332
387,332
209,333
210,333
224,333
387,333
209,334
209,334
223,334
388,334
208,335
209,335
223,335
388,335
208,336
209,336
225,336
387,336
208,337
208,337
225,337
387,337
207,338
207,338
227,338
387,338
389,338
389,338
227,339
387,339
389,339
389,339
227,340
375,340
378,340
389,340
228,341
375,341
378,341
389,341
228,342
375,342
378,342
389,342
228,343
375,343
378,343
389,343
228,344
391,344
228,345
391,345
228,346
391,346
228,347
391,347
231,348
391,348
231,349
391,349
232,350
392,350
231,351
392,351
231,352
392,352
229,353
393,353
227,354
393,354
225,355
393,355
223,356
395,356
221,357
395,357
220,358
395,358
218,359
396,359
