0,0
107,0
176,0
333,0
335,0
335,0
0,1
107,1
176,1
334,1
0,2
107,2
177,2
334,2
0,3
107,3
177,3
333,3
0,4
108,4
177,4
332,4
0,5
108,5
178,5
329,5
331,5
331,5
0,6
107,6
178,6
327,6
329,6
330,6
0,7
107,7
178,7
329,7
0,8
107,8
179,8
328,8
0,9
108,9
179,9
327,9
0,10
108,10
179,10
327,10
0,11
109,11
180,11
326,11
0,12
109,12
180,12
325,12
398,12
399,12
0,13
110,13
180,13
324,13
398,13
400,13
0,14
110,14
180,14
324,14
398,14
400,14
0,15
111,15
180,15
323,15
397,15
399,15
401,15
402,15
0,16
111,16
181,16
322,16
397,16
401,16
0,17
112,17
181,17
321,17
397,17
403,17
0,18
112,18
182,18
321,18
396,18
404,18
0,19
111,19
182,19
320,19
395,19
406,19
0,20
112,20
182,20
319,20
395,20
406,20
0,21
112,21
183,21
183,21
185,21
319,21
395,21
407,21
0,22
113,22
183,22
318,22
394,22
406,22
408,22
408,22
0,23
113,23
184,23
317,23
394,23
409,23
0,24
113,24
115,24
115,24
184,24
317,24
393,24
410,24
0,25
113,25
115,25
115,25
184,25
316,25
391,25
391,25
393,25
410,25
0,26
115,26
184,26
315,26
391,26
412,26
0,27
115,27
184,27
314,27
390,27
410,27
412,27
413,27
0,28
115,28
185,28
313,28
390,28
410,28
413,28
414,28
0,29
116,29
185,29
313,29
390,29
415,29
0,30
116,30
185,30
312,30
389,30
415,30
0,31
116,31
185,31
311,31
389,31
414,31
416,31
416,31
0,32
117,32
185,32
311,32
388,32
417,32
0,33
118,33
186,33
311,33
388,33
418,33
0,34
119,34
186,34
309,34
386,34
419,34
0,35
119,35
186,35
309,35
385,35
420,35
0,36
119,36
186,36
309,36
384,36
418,36
420,36
421,36
0,37
119,37
187,37
307,37
384,37
418,37
421,37
422,37
0,38
120,38
187,38
307,38
383,38
423,38
0,39
120,39
187,39
306,39
382,39
424,39
0,40
120,40
188,40
306,40
381,40
425,40
0,41
121,41
188,41
306,41
380,41
426,41
0,42
121,42
188,42
305,42
380,42
427,42
0,43
122,43
188,43
304,43
379,43
427,43
0,44
123,44
188,44
303,44
379,44
428,44
0,45
123,45
189,45
303,45
378,45
429,45
0,46
123,46
190,46
302,46
377,46
429,46
0,47
124,47
190,47
302,47
376,47
430,47
0,48
124,48
190,48
302,48
375,48
431,48
0,49
125,49
190,49
301,49
374,49
432,49
0,50
125,50
190,50
300,50
374,50
433,50
0,51
126,51
190,51
300,51
373,51
433,51
0,52
126,52
191,52
299,52
372,52
434,52
0,53
126,53
191,53
299,53
371,53
434,53
0,54
127,54
191,54
298,54
371,54
435,54
0,55
127,55
191,55
298,55
370,55
436,55
0,56
128,56
192,56
297,56
369,56
437,56
0,57
128,57
192,57
297,57
368,57
437,57
0,58
129,58
192,58
296,58
367,58
438,58
0,59
129,59
192,59
296,59
366,59
439,59
0,60
129,60
193,60
295,60
366,60
440,60
0,61
129,61
193,61
295,61
365,61
440,61
0,62
130,62
193,62
294,62
364,62
441,62
0,63
131,63
193,63
294,63
363,63
441,63
0,64
131,64
194,64
293,64
362,64
442,64
0,65
131,65
194,65
293,65
361,65
443,65
0,66
132,66
194,66
292,66
360,66
444,66
0,67
132,67
194,67
292,67
360,67
445,67
0,68
132,68
195,68
291,68
359,68
445,68
0,69
133,69
195,69
291,69
358,69
446,69
0,70
133,70
195,70
291,70
357,70
446,70
0,71
134,71
195,71
290,71
356,71
447,71
0,72
135,72
195,72
290,72
356,72
448,72
0,73
135,73
196,73
289,73
355,73
449,73
0,74
135,74
196,74
289,74
354,74
449,74
0,75
135,75
196,75
289,75
353,75
450,75
0,76
135,76
197,76
288,76
352,76
451,76
0,77
136,77
197,77
288,77
351,77
452,77
0,78
136,78
197,78
287,78
350,78
452,78
0,79
136,79
197,79
287,79
349,79
350,79
352,79
453,79
0,80
136,80
197,80
286,80
349,80
453,80
0,81
137,81
197,81
286,81
348,81
454,81
0,82
138,82
198,82
286,82
347,82
454,82
0,83
138,83
198,83
285,83
347,83
455,83
0,84
139,84
198,84
285,84
347,84
456,84
0,85
139,85
198,85
285,85
346,85
456,85
0,86
140,86
199,86
283,86
345,86
456,86
0,87
140,87
199,87
283,87
344,87
457,87
0,88
140,88
199,88
283,88
343,88
457,88
0,89
140,89
199,89
283,89
342,89
458,89
0,90
140,90
199,90
283,90
341,90
342,90
344,90
458,90
0,91
141,91
199,91
282,91
341,91
342,91
344,91
458,91
0,92
141,92
200,92
282,92
340,92
342,92
344,92
459,92
0,93
141,93
200,93
282,93
339,93
460,93
0,94
142,94
200,94
281,94
338,94
460,94
0,95
142,95
201,95
281,95
338,95
460,95
0,96
143,96
201,96
280,96
337,96
461,96
0,97
143,97
201,97
280,97
337,97
461,97
0,98
144,98
201,98
280,98
336,98
461,98
0,99
144,99
201,99
280,99
335,99
462,99
0,100
144,100
201,100
280,100
335,100
463,100
0,101
144,101
201,101
280,101
334,101
463,101
0,102
145,102
201,102
279,102
334,102
463,102
0,103
145,103
201,103
279,103
334,103
464,103
0,104
145,104
202,104
279,104
333,104
464,104
0,105
145,105
202,105
279,105
333,105
465,105
0,106
146,106
202,106
278,106
331,106
465,106
0,107
147,107
202,107
278,107
331,107
466,107
0,108
147,108
202,108
278,108
330,108
466,108
0,109
147,109
202,109
275,109
277,109
278,109
330,109
466,109
0,110
147,110
203,110
277,110
329,110
330,110
332,110
466,110
0,111
148,111
203,111
277,111
329,111
330,111
332,111
466,111
0,112
148,112
203,112
277,112
329,112
467,112
0,113
148,113
203,113
274,113
276,113
277,113
328,113
467,113
0,114
149,114
204,114
276,114
327,114
468,114
0,115
149,115
204,115
276,115
327,115
468,115
0,116
149,116
204,116
276,116
327,116
468,116
0,117
149,117
204,117
276,117
326,117
468,117
0,118
149,118
204,118
276,118
326,118
469,118
0,119
149,119
204,119
275,119
325,119
469,119
0,120
149,120
204,120
275,120
325,120
469,120
0,121
149,121
205,121
275,121
325,121
469,121
0,122
149,122
151,122
151,122
205,122
275,122
324,122
470,122
0,123
151,123
205,123
275,123
324,123
470,123
0,124
151,124
205,124
275,124
323,124
470,124
0,125
151,125
205,125
275,125
323,125
470,125
0,126
11,126
14,126
152,126
205,126
274,126
323,126
471,126
0,127
10,127
14,127
152,127
205,127
274,127
323,127
471,127
0,128
10,128
14,128
152,128
205,128
274,128
322,128
471,128
0,129
9,129
15,129
152,129
205,129
274,129
322,129
471,129
0,130
8,130
15,130
152,130
206,130
274,130
321,130
471,130
0,131
8,131
16,131
153,131
206,131
274,131
321,131
472,131
0,132
7,132
16,132
153,132
206,132
274,132
321,132
472,132
0,133
5,133
16,133
153,133
206,133
274,133
320,133
472,133
0,134
5,134
16,134
153,134
206,134
274,134
320,134
472,134
0,135
4,135
16,135
154,135
206,135
273,135
320,135
472,135
0,136
2,136
18,136
155,136
206,136
273,136
320,136
473,136
18,137
155,137
206,137
273,137
319,137
473,137
18,138
155,138
206,138
272,138
319,138
473,138
18,139
155,139
207,139
272,139
319,139
472,139
18,140
23,140
28,140
155,140
207,140
272,140
318,140
473,140
18,141
23,141
28,141
155,141
207,141
272,141
318,141
474,141
18,142
23,142
28,142
155,142
207,142
272,142
318,142
474,142
18,143
22,143
28,143
156,143
207,143
272,143
318,143
318,143
320,143
474,143
19,144
21,144
29,144
156,144
207,144
272,144
320,144
473,144
20,145
21,145
30,145
156,145
207,145
272,145
318,145
475,145
20,146
21,146
30,146
157,146
208,146
272,146
317,146
475,146
20,147
20,147
31,147
157,147
208,147
272,147
317,147
318,147
320,147
475,147
30,148
45,148
50,148
157,148
208,148
272,148
317,148
475,148
31,149
45,149
51,149
157,149
208,149
272,149
317,149
475,149
31,150
45,150
51,150
155,150
157,150
157,150
208,150
272,150
317,150
475,150
32,151
45,151
52,151
155,151
157,151
157,151
208,151
272,151
317,151
475,151
33,152
44,152
52,152
158,152
208,152
271,152
317,152
475,152
33,153
44,153
53,153
158,153
208,153
271,153
316,153
475,153
34,154
44,154
53,154
158,154
208,154
271,154
316,154
475,154
34,155
44,155
54,155
157,155
208,155
271,155
316,155
476,155
34,156
34,156
36,156
45,156
54,156
158,156
208,156
271,156
316,156
476,156
34,157
34,157
36,157
46,157
54,157
158,157
209,157
271,157
315,157
476,157
34,158
34,158
36,158
46,158
53,158
158,158
209,158
271,158
315,158
476,158
34,159
34,159
36,159
47,159
53,159
159,159
209,159
271,159
315,159
476,159
34,160
34,160
36,160
47,160
52,160
159,160
209,160
271,160
315,160
476,160
34,161
34,161
36,161
48,161
52,161
160,161
209,161
271,161
315,161
476,161
34,162
34,162
36,162
48,162
52,162
160,162
209,162
271,162
315,162
476,162
34,163
34,163
36,163
49,163
51,163
160,163
209,163
271,163
314,163
476,163
34,164
34,164
36,164
40,164
43,164
160,164
209,164
271,164
314,164
476,164
34,165
34,165
36,165
40,165
44,165
52,165
54,165
161,165
209,165
270,165
314,165
476,165
34,166
40,166
44,166
51,166
56,166
161,166
209,166
270,166
314,166
476,166
34,167
40,167
44,167
51,167
56,167
161,167
209,167
270,167
314,167
476,167
34,168
39,168
46,168
51,168
56,168
66,168
68,168
161,168
209,168
270,168
314,168
476,168
34,169
39,169
47,169
51,169
56,169
65,169
68,169
161,169
210,169
270,169
314,169
476,169
34,170
39,170
48,170
50,170
57,170
65,170
68,170
161,170
210,170
270,170
314,170
476,170
34,171
39,171
48,171
50,171
52,171
52,171
57,171
66,171
68,171
162,171
210,171
270,171
313,171
476,171
34,172
39,172
49,172
52,172
58,172
67,172
69,172
161,172
210,172
270,172
313,172
477,172
34,173
39,173
50,173
50,173
59,173
67,173
70,173
162,173
210,173
270,173
313,173
477,173
34,174
39,174
59,174
67,174
70,174
162,174
210,174
270,174
313,174
477,174
34,175
39,175
51,175
51,175
59,175
67,175
70,175
162,175
210,175
270,175
313,175
477,175
35,176
39,176
59,176
67,176
71,176
163,176
210,176
269,176
313,176
477,176
35,177
36,177
39,177
39,177
54,177
54,177
60,177
67,177
71,177
163,177
210,177
269,177
312,177
477,177
35,178
35,178
39,178
39,178
60,178
67,178
71,178
163,178
210,178
269,178
312,178
477,178
35,179
35,179
39,179
39,179
62,179
67,179
71,179
163,179
211,179
269,179
312,179
477,179
62,180
68,180
72,180
163,180
211,180
269,180
312,180
478,180
62,181
68,181
72,181
164,181
211,181
269,181
312,181
478,181
63,182
68,182
73,182
164,182
211,182
269,182
311,182
478,182
63,183
69,183
73,183
164,183
211,183
269,183
311,183
478,183
63,184
69,184
74,184
78,184
80,184
164,184
211,184
269,184
311,184
477,184
63,185
69,185
74,185
78,185
81,185
164,185
211,185
269,185
311,185
477,185
64,186
69,186
75,186
77,186
81,186
164,186
211,186
269,186
311,186
477,186
64,187
69,187
75,187
77,187
82,187
165,187
211,187
269,187
311,187
477,187
65,188
69,188
76,188
77,188
84,188
165,188
211,188
269,188
311,188
477,188
66,189
70,189
77,189
77,189
84,189
165,189
213,189
269,189
310,189
477,189
66,190
71,190
77,190
77,190
85,190
101,190
103,190
165,190
212,190
269,190
310,190
477,190
67,191
71,191
77,191
77,191
85,191
101,191
104,191
165,191
212,191
269,191
310,191
477,191
67,192
67,192
69,192
72,192
87,192
101,192
105,192
166,192
212,192
234,192
245,192
268,192
311,192
477,192
69,193
72,193
87,193
101,193
105,193
166,193
213,193
230,193
250,193
268,193
310,193
477,193
70,194
72,194
88,194
101,194
106,194
166,194
212,194
221,194
258,194
268,194
310,194
477,194
70,195
73,195
88,195
101,195
106,195
166,195
212,195
216,195
263,195
268,195
310,195
477,195
70,196
73,196
89,196
101,196
106,196
166,196
267,196
268,196
310,196
477,196
71,197
73,197
89,197
90,197
92,197
101,197
106,197
166,197
310,197
476,197
72,198
73,198
89,198
89,198
92,198
102,198
106,198
167,198
309,198
476,198
73,199
73,199
89,199
89,199
92,199
102,199
106,199
167,199
309,199
476,199
74,200
74,200
89,200
89,200
94,200
102,200
106,200
167,200
309,200
476,200
74,201
75,201
94,201
102,201
104,201
167,201
309,201
476,201
75,202
75,202
95,202
168,202
308,202
476,202
76,203
76,203
95,203
168,203
308,203
476,203
77,204
77,204
95,204
167,204
308,204
476,204
77,205
77,205
95,205
96,205
100,205
168,205
308,205
476,205
95,206
96,206
102,206
169,206
308,206
476,206
95,207
96,207
104,207
169,207
308,207
476,207
96,208
96,208
104,208
169,208
308,208
476,208
96,209
96,209
104,209
169,209
307,209
476,209
96,210
96,210
103,210
169,210
307,210
476,210
96,211
96,211
103,211
169,211
307,211
476,211
96,212
96,212
103,212
170,212
307,212
476,212
96,213
96,213
103,213
170,213
307,213
476,213
102,214
170,214
307,214
476,214
102,215
170,215
307,215
476,215
101,216
170,216
307,216
476,216
100,217
170,217
308,217
476,217
100,218
170,218
309,218
476,218
100,219
170,219
309,219
476,219
99,220
169,220
309,220
476,220
98,221
168,221
310,221
311,221
313,221
476,221
97,222
165,222
311,222
476,222
97,223
165,223
312,223
476,223
96,224
165,224
313,224
475,224
95,225
163,225
314,225
475,225
94,226
163,226
316,226
475,226
93,227
162,227
317,227
475,227
93,228
161,228
318,228
475,228
91,229
160,229
319,229
475,229
90,230
159,230
319,230
475,230
89,231
159,231
321,231
475,231
88,232
157,232
322,232
475,232
86,233
156,233
323,233
475,233
86,234
155,234
324,234
475,234
83,235
154,235
325,235
475,235
82,236
83,236
85,236
153,236
325,236
475,236
80,237
82,237
85,237
153,237
326,237
475,237
78,238
80,238
82,238
152,238
327,238
475,238
77,239
151,239
327,239
475,239
76,240
78,240
80,240
151,240
328,240
475,240
75,241
150,241
329,241
475,241
75,242
150,242
330,242
475,242
75,243
75,243
77,243
149,243
330,243
475,243
75,244
148,244
331,244
475,244
76,245
147,245
332,245
475,245
76,246
146,246
334,246
475,246
78,247
146,247
334,247
476,247
78,248
146,248
334,248
476,248
80,249
145,249
334,249
476,249
81,250
145,250
335,250
476,250
83,251
144,251
335,251
476,251
85,252
86,252
88,252
144,252
335,252
476,252
87,253
144,253
336,253
477,253
88,254
143,254
336,254
477,254
90,255
143,255
337,255
477,255
92,256
143,256
337,256
477,256
93,257
142,257
338,257
477,257
94,258
142,258
338,258
477,258
95,259
142,259
338,259
477,259
97,260
141,260
339,260
477,260
97,261
141,261
339,261
478,261
97,262
141,262
339,262
479,262
97,263
141,263
339,263
479,263
98,264
140,264
340,264
479,264
98,265
140,265
340,265
341,265
343,265
479,265
98,266
140,266
340,266
341,266
343,266
479,266
98,267
140,267
341,267
479,267
98,268
140,268
341,268
479,268
98,269
139,269
342,269
479,269
98,270
139,270
342,270
479,270
98,271
139,271
343,271
479,271
98,272
139,272
343,272
479,272
98,273
139,273
343,273
479,273
98,274
139,274
344,274
479,274
98,275
138,275
344,275
479,275
99,276
135,276
137,276
138,276
344,276
479,276
99,277
135,277
137,277
138,277
344,277
479,277
99,278
135,278
137,278
137,278
345,278
479,278
99,279
135,279
137,279
137,279
346,279
479,279
99,280
134,280
136,280
136,280
346,280
479,280
100,281
134,281
136,281
136,281
347,281
479,281
101,282
134,282
136,282
136,282
347,282
479,282
102,283
134,283
348,283
479,283
102,284
134,284
348,284
479,284
104,285
134,285
348,285
479,285
105,286
134,286
348,286
479,286
108,287
133,287
349,287
479,287
108,288
133,288
349,288
479,288
108,289
132,289
350,289
479,289
108,290
132,290
350,290
479,290
108,291
132,291
350,291
479,291
108,292
130,292
132,292
132,292
350,292
479,292
108,293
130,293
350,293
479,293
108,294
130,294
351,294
479,294
108,295
130,295
351,295
479,295
108,296
131,296
351,296
479,296
109,297
130,297
351,297
479,297
109,298
130,298
351,298
479,298
110,299
130,299
352,299
479,299
111,300
130,300
351,300
479,300
114,301
130,301
351,301
479,301
115,302
130,302
352,302
479,302
115,303
130,303
352,303
479,303
116,304
130,304
352,304
479,304
117,305
130,305
352,305
479,305
117,306
129,306
352,306
479,306
118,307
129,307
352,307
479,307
118,308
129,308
352,308
479,308
120,309
129,309
352,309
479,309
120,310
129,310
352,310
479,310
118,311
129,311
352,311
479,311
118,312
129,312
352,312
479,312
118,313
129,313
352,313
479,313
117,314
129,314
352,314
479,314
117,315
129,315
352,315
479,315
117,316
129,316
352,316
479,316
117,317
129,317
352,317
479,317
116,318
129,318
352,318
479,318
116,319
129,319
352,319
479,319
116,320
129,320
352,320
464,320
466,320
479,320
116,321
129,321
352,321
464,321
468,321
479,321
116,322
129,322
351,322
464,322
470,322
474,322
476,322
479,322
115,323
129,323
350,323
464,323
472,323
473,323
476,323
479,323
115,324
129,324
350,324
464,324
475,324
479,324
115,325
129,325
351,325
464,325
477,325
479,325
116,326
129,326
350,326
464,326
478,326
479,326
116,327
129,327
350,327
464,327
114,328
129,328
350,328
464,328
114,329
129,329
350,329
464,329
114,330
129,330
350,330
464,330
114,331
129,331
350,331
464,331
113,332
129,332
349,332
465,332
113,333
129,333
349,333
466,333
112,334
129,334
349,334
465,334
112,335
129,335
349,335
466,335
112,336
129,336
349,336
466,336
112,337
128,337
349,337
468,337
112,338
128,338
349,338
469,338
112,339
128,339
349,339
470,339
111,340
125,340
349,340
470,340
111,341
125,341
349,341
471,341
111,342
125,342
349,342
472,342
111,343
125,343
349,343
472,343
110,344
124,344
348,344
472,344
110,345
123,345
348,345
474,345
110,346
122,346
348,346
466,346
469,346
475,346
109,347
121,347
348,347
466,347
471,347
476,347
109,348
120,348
347,348
466,348
473,348
476,348
108,349
119,349
347,349
466,349
475,349
477,349
107,350
119,350
347,350
466,350
477,350
478,350
107,351
119,351
347,351
466,351
107,352
116,352
347,352
466,352
106,353
116,353
347,353
467,353
106,354
115,354
346,354
467,354
106,355
115,355
346,355
467,355
105,356
114,356
346,356
468,356
104,357
113,357
346,357
468,357
104,358
112,358
346,358
469,358
104,359
111,359
346,359
469,359
