0,0
103,0
169,0
355,0
401,0
479,0
0,1
103,1
169,1
355,1
402,1
479,1
0,2
103,2
169,2
169,2
171,2
355,2
403,2
479,2
0,3
103,3
169,3
169,3
171,3
354,3
403,3
479,3
0,4
103,4
171,4
353,4
403,4
479,4
0,5
103,5
171,5
351,5
403,5
479,5
0,6
103,6
171,6
350,6
404,6
479,6
0,7
103,7
171,7
350,7
404,7
479,7
0,8
103,8
172,8
348,8
405,8
479,8
0,9
103,9
172,9
345,9
406,9
479,9
0,10
103,10
172,10
344,10
406,10
479,10
0,11
103,11
172,11
172,11
174,11
343,11
407,11
479,11
0,12
103,12
174,12
342,12
408,12
479,12
0,13
103,13
174,13
341,13
408,13
479,13
0,14
104,14
174,14
340,14
408,14
479,14
0,15
104,15
175,15
338,15
408,15
479,15
0,16
103,16
176,16
336,16
409,16
479,16
0,17
103,17
176,17
335,17
410,17
479,17
0,18
104,18
176,18
335,18
411,18
479,18
0,19
104,19
176,19
334,19
411,19
479,19
0,20
104,20
177,20
334,20
410,20
479,20
0,21
104,21
178,21
333,21
410,21
479,21
0,22
104,22
178,22
332,22
410,22
479,22
0,23
103,23
178,23
331,23
410,23
479,23
0,24
105,24
178,24
330,24
410,24
479,24
0,25
105,25
179,25
329,25
410,25
479,25
0,26
105,26
179,26
328,26
410,26
479,26
0,27
105,27
180,27
327,27
410,27
479,27
0,28
105,28
179,28
327,28
410,28
479,28
0,29
105,29
180,29
326,29
410,29
479,29
0,30
105,30
107,30
107,30
180,30
325,30
409,30
479,30
0,31
107,31
180,31
180,31
182,31
323,31
409,31
479,31
0,32
106,32
182,32
322,32
409,32
479,32
0,33
106,33
182,33
322,33
408,33
479,33
0,34
108,34
182,34
321,34
408,34
479,34
0,35
108,35
182,35
319,35
408,35
479,35
0,36
108,36
182,36
319,36
407,36
479,36
0,37
108,37
182,37
319,37
407,37
479,37
0,38
108,38
183,38
318,38
406,38
479,38
0,39
109,39
183,39
318,39
406,39
406,39
408,39
479,39
0,40
109,40
183,40
317,40
406,40
406,40
408,40
479,40
0,41
110,41
184,41
317,41
406,41
479,41
0,42
110,42
184,42
316,42
406,42
479,42
0,43
111,43
184,43
315,43
405,43
479,43
0,44
111,44
184,44
314,44
405,44
479,44
0,45
111,45
184,45
313,45
404,45
479,45
0,46
112,46
184,46
312,46
403,46
479,46
0,47
112,47
184,47
311,47
402,47
479,47
0,48
112,48
185,48
311,48
402,48
402,48
404,48
479,48
0,49
113,49
186,49
311,49
402,49
402,49
404,49
479,49
0,50
113,50
186,50
311,50
401,50
479,50
0,51
114,51
187,51
311,51
400,51
479,51
0,52
114,52
187,52
308,52
399,52
479,52
0,53
116,53
187,53
307,53
399,53
479,53
0,54
116,54
188,54
307,54
398,54
479,54
0,55
116,55
188,55
306,55
398,55
479,55
0,56
117,56
188,56
306,56
398,56
479,56
0,57
117,57
188,57
305,57
396,57
479,57
0,58
118,58
188,58
305,58
396,58
479,58
0,59
118,59
188,59
304,59
395,59
479,59
0,60
118,60
189,60
303,60
395,60
479,60
0,61
118,61
120,61
120,61
190,61
303,61
395,61
479,61
0,62
120,62
190,62
303,62
394,62
479,62
0,63
121,63
190,63
303,63
394,63
479,63
0,64
122,64
190,64
301,64
394,64
479,64
0,65
123,65
191,65
300,65
392,65
479,65
0,66
123,66
191,66
300,66
392,66
479,66
0,67
123,67
191,67
299,67
390,67
390,67
392,67
479,67
0,68
123,68
192,68
299,68
390,68
479,68
0,69
124,69
192,69
298,69
389,69
479,69
0,70
124,70
192,70
298,70
387,70
479,70
0,71
125,71
192,71
297,71
387,71
479,71
0,72
125,72
194,72
296,72
387,72
479,72
0,73
126,73
194,73
295,73
386,73
479,73
0,74
127,74
193,74
295,74
384,74
479,74
0,75
127,75
193,75
295,75
384,75
479,75
0,76
128,76
194,76
295,76
383,76
479,76
0,77
128,77
195,77
293,77
381,77
479,77
0,78
129,78
195,78
292,78
380,78
479,78
0,79
130,79
195,79
291,79
379,79
479,79
0,80
131,80
195,80
291,80
378,80
479,80
0,81
131,81
195,81
291,81
377,81
479,81
0,82
131,82
195,82
291,82
376,82
479,82
0,83
132,83
196,83
291,83
375,83
479,83
0,84
132,84
196,84
290,84
374,84
479,84
0,85
132,85
196,85
289,85
373,85
479,85
0,86
133,86
196,86
289,86
372,86
479,86
0,87
133,87
196,87
289,87
371,87
479,87
0,88
135,88
198,88
288,88
370,88
479,88
0,89
135,89
198,89
287,89
369,89
479,89
0,90
135,90
198,90
287,90
367,90
479,90
0,91
136,91
198,91
287,91
366,91
479,91
0,92
136,92
198,92
286,92
366,92
479,92
0,93
136,93
198,93
286,93
365,93
479,93
0,94
137,94
198,94
285,94
363,94
479,94
0,95
137,95
198,95
285,95
362,95
479,95
0,96
138,96
199,96
284,96
362,96
479,96
0,97
139,97
199,97
284,97
359,97
479,97
0,98
139,98
199,98
199,98
201,98
283,98
358,98
479,98
0,99
139,99
201,99
283,99
356,99
479,99
0,100
140,100
199,100
199,100
201,100
283,100
356,100
479,100
0,101
141,101
200,101
283,101
355,101
479,101
0,102
141,102
200,102
283,102
354,102
479,102
0,103
141,103
200,103
283,103
353,103
479,103
0,104
142,104
200,104
282,104
351,104
479,104
0,105
143,105
201,105
282,105
351,105
479,105
0,106
143,106
201,106
281,106
349,106
350,106
352,106
479,106
0,107
144,107
201,107
280,107
349,107
479,107
0,108
144,108
201,108
280,108
347,108
479,108
0,109
144,109
202,109
280,109
347,109
479,109
0,110
145,110
201,110
279,110
344,110
346,110
348,110
479,110
0,111
145,111
202,111
279,111
344,111
479,111
0,112
146,112
202,112
279,112
343,112
479,112
0,113
145,113
202,113
279,113
342,113
479,113
0,114
147,114
202,114
279,114
341,114
479,114
0,115
147,115
202,115
279,115
340,115
479,115
0,116
147,116
203,116
278,116
339,116
479,116
0,117
148,117
203,117
277,117
338,117
479,117
0,118
148,118
203,118
277,118
337,118
479,118
0,119
149,119
203,119
276,119
336,119
479,119
0,120
149,120
204,120
276,120
335,120
479,120
0,121
149,121
204,121
276,121
334,121
479,121
0,122
150,122
204,122
276,122
333,122
479,122
0,123
150,123
204,123
276,123
332,123
479,123
0,124
151,124
204,124
276,124
332,124
479,124
0,125
151,125
204,125
276,125
331,125
479,125
0,126
151,126
204,126
276,126
330,126
479,126
0,127
151,127
205,127
275,127
330,127
479,127
0,128
152,128
205,128
275,128
329,128
479,128
0,129
152,129
205,129
275,129
328,129
479,129
0,130
152,130
205,130
275,130
327,130
479,130
0,131
152,131
205,131
275,131
327,131
479,131
0,132
152,132
205,132
275,132
326,132
479,132
0,133
152,133
206,133
274,133
326,133
479,133
0,134
153,134
206,134
274,134
325,134
479,134
0,135
154,135
206,135
273,135
324,135
479,135
0,136
155,136
206,136
273,136
323,136
479,136
0,137
155,137
206,137
273,137
323,137
479,137
0,138
155,138
206,138
273,138
322,138
479,138
0,139
155,139
206,139
273,139
322,139
479,139
0,140
156,140
206,140
273,140
321,140
479,140
0,141
156,141
206,141
273,141
321,141
479,141
0,142
156,142
207,142
273,142
320,142
479,142
0,143
156,143
207,143
273,143
319,143
479,143
0,144
157,144
207,144
272,144
319,144
479,144
0,145
157,145
207,145
272,145
319,145
479,145
0,146
157,146
207,146
272,146
318,146
479,146
0,147
157,147
207,147
272,147
318,147
479,147
0,148
158,148
208,148
272,148
318,148
318,148
320,148
479,148
0,149
158,149
208,149
272,149
317,149
479,149
0,150
30,150
34,150
158,150
208,150
272,150
317,150
479,150
0,151
29,151
35,151
159,151
208,151
272,151
316,151
479,151
0,152
29,152
35,152
159,152
208,152
272,152
317,152
479,152
0,153
29,153
36,153
159,153
208,153
272,153
316,153
479,153
0,154
29,154
36,154
159,154
208,154
271,154
316,154
479,154
0,155
29,155
36,155
160,155
208,155
271,155
316,155
479,155
0,156
29,156
36,156
160,156
209,156
271,156
315,156
479,156
0,157
29,157
37,157
160,157
209,157
271,157
315,157
479,157
0,158
29,158
38,158
160,158
209,158
271,158
315,158
479,158
0,159
29,159
38,159
160,159
209,159
271,159
314,159
479,159
0,160
30,160
38,160
160,160
209,160
271,160
314,160
479,160
0,161
31,161
38,161
161,161
209,161
271,161
314,161
479,161
0,162
31,162
38,162
161,162
209,162
271,162
314,162
479,162
0,163
32,163
38,163
161,163
209,163
270,163
314,163
479,163
2,164
31,164
38,164
161,164
209,164
270,164
313,164
479,164
2,165
31,165
38,165
162,165
209,165
270,165
313,165
479,165
3,166
31,166
38,166
162,166
209,166
270,166
313,166
479,166
4,167
31,167
38,167
160,167
162,167
162,167
209,167
270,167
313,167
479,167
5,168
31,168
39,168
162,168
209,168
270,168
313,168
479,168
5,169
31,169
39,169
162,169
210,169
270,169
313,169
479,169
6,170
31,170
39,170
163,170
210,170
270,170
312,170
479,170
6,171
31,171
40,171
163,171
210,171
270,171
312,171
479,171
8,172
14,172
16,172
31,172
39,172
45,172
48,172
163,172
210,172
270,172
313,172
479,172
8,173
14,173
18,173
32,173
40,173
45,173
49,173
163,173
210,173
270,173
312,173
479,173
9,174
14,174
19,174
33,174
40,174
43,174
49,174
163,174
210,174
270,174
312,174
479,174
9,175
14,175
19,175
33,175
40,175
43,175
49,175
164,175
210,175
269,175
311,175
479,175
10,176
14,176
20,176
33,176
40,176
43,176
49,176
164,176
210,176
269,176
311,176
479,176
11,177
14,177
20,177
33,177
40,177
43,177
49,177
164,177
210,177
269,177
311,177
479,177
12,178
15,178
20,178
33,178
40,178
43,178
49,178
164,178
210,178
269,178
311,178
479,178
12,179
15,179
20,179
33,179
40,179
43,179
49,179
164,179
210,179
269,179
311,179
479,179
13,180
16,180
21,180
28,180
31,180
34,180
41,180
43,180
49,180
164,180
211,180
269,180
311,180
479,180
14,181
16,181
21,181
24,181
27,181
28,181
33,181
35,181
41,181
43,181
49,181
165,181
211,181
269,181
311,181
479,181
15,182
16,182
22,182
24,182
34,182
35,182
42,182
43,182
49,182
165,182
211,182
269,182
310,182
479,182
16,183
17,183
23,183
24,183
35,183
35,183
42,183
43,183
49,183
165,183
211,183
269,183
310,183
479,183
17,184
17,184
22,184
24,184
35,184
36,184
41,184
42,184
49,184
165,184
211,184
269,184
310,184
479,184
17,185
18,185
22,185
24,185
42,185
42,185
49,185
165,185
211,185
269,185
310,185
479,185
18,186
18,186
23,186
24,186
49,186
166,186
211,186
269,186
310,186
479,186
18,187
19,187
23,187
24,187
49,187
166,187
211,187
269,187
310,187
479,187
19,188
19,188
22,188
24,188
49,188
166,188
211,188
269,188
310,188
479,188
23,189
24,189
49,189
166,189
212,189
269,189
310,189
479,189
23,190
24,190
49,190
166,190
212,190
269,190
310,190
479,190
23,191
24,191
49,191
166,191
212,191
268,191
309,191
479,191
23,192
24,192
49,192
166,192
212,192
268,192
309,192
479,192
24,193
24,193
49,193
166,193
212,193
268,193
310,193
479,193
24,194
24,194
48,194
166,194
212,194
268,194
309,194
479,194
24,195
24,195
48,195
167,195
212,195
268,195
309,195
479,195
24,196
24,196
48,196
167,196
212,196
225,196
260,196
268,196
309,196
479,196
24,197
24,197
48,197
166,197
213,197
219,197
262,197
268,197
309,197
479,197
48,198
166,198
168,198
168,198
213,198
215,198
264,198
268,198
309,198
479,198
48,199
168,199
213,199
215,199
266,199
268,199
308,199
479,199
48,200
168,200
308,200
479,200
48,201
168,201
308,201
479,201
47,202
168,202
308,202
479,202
47,203
168,203
308,203
479,203
46,204
169,204
308,204
479,204
46,205
169,205
307,205
479,205
46,206
169,206
307,206
479,206
45,207
45,207
47,207
169,207
307,207
479,207
45,208
169,208
307,208
479,208
44,209
169,209
307,209
479,209
43,210
170,210
307,210
479,210
42,211
170,211
307,211
479,211
42,212
170,212
307,212
479,212
40,213
170,213
306,213
479,213
39,214
171,214
306,214
479,214
38,215
171,215
306,215
479,215
37,216
171,216
306,216
479,216
37,217
171,217
306,217
479,217
35,218
171,218
306,218
479,218
34,219
171,219
306,219
479,219
34,220
172,220
307,220
479,220
32,221
172,221
308,221
479,221
30,222
171,222
308,222
479,222
29,223
29,223
31,223
171,223
308,223
479,223
27,224
168,224
309,224
479,224
26,225
167,225
310,225
479,225
25,226
167,226
312,226
479,226
22,227
167,227
312,227
479,227
20,228
161,228
164,228
164,228
315,228
479,228
19,229
21,229
24,229
161,229
316,229
479,229
17,230
19,230
21,230
161,230
317,230
479,230
16,231
161,231
317,231
479,231
15,232
17,232
19,232
160,232
321,232
479,232
15,233
159,233
321,233
479,233
15,234
157,234
322,234
479,234
15,235
157,235
323,235
479,235
15,236
156,236
324,236
479,236
15,237
155,237
325,237
479,237
16,238
154,238
325,238
479,238
16,239
153,239
326,239
479,239
18,240
153,240
326,240
479,240
19,241
152,241
327,241
479,241
20,242
151,242
328,242
479,242
22,243
151,243
328,243
479,243
24,244
150,244
329,244
479,244
25,245
149,245
330,245
479,245
27,246
149,246
331,246
479,246
29,247
148,247
332,247
479,247
30,248
147,248
333,248
479,248
32,249
147,249
333,249
479,249
34,250
147,250
334,250
479,250
35,251
147,251
334,251
479,251
36,252
145,252
334,252
479,252
38,253
145,253
335,253
479,253
39,254
145,254
335,254
479,254
39,255
144,255
336,255
479,255
40,256
145,256
335,256
479,256
40,257
144,257
335,257
479,257
40,258
144,258
336,258
479,258
41,259
144,259
336,259
479,259
41,260
144,260
336,260
479,260
41,261
144,261
337,261
479,261
41,262
143,262
337,262
479,262
41,263
143,263
338,263
479,263
41,264
142,264
338,264
479,264
41,265
142,265
338,265
479,265
42,266
141,266
339,266
479,266
42,267
141,267
339,267
479,267
42,268
142,268
339,268
479,268
42,269
142,269
339,269
479,269
42,270
141,270
340,270
479,270
42,271
141,271
340,271
479,271
43,272
141,272
340,272
479,272
43,273
141,273
340,273
479,273
43,274
140,274
340,274
479,274
43,275
140,275
340,275
479,275
43,276
140,276
341,276
479,276
43,277
140,277
342,277
479,277
44,278
140,278
342,278
479,278
45,279
140,279
343,279
479,279
44,280
139,280
344,280
479,280
45,281
139,281
344,281
479,281
45,282
139,282
344,282
479,282
46,283
136,283
138,283
138,283
344,283
479,283
46,284
135,284
137,284
138,284
345,284
479,284
48,285
135,285
137,285
138,285
346,285
479,285
48,286
135,286
346,286
479,286
48,287
136,287
347,287
479,287
50,288
136,288
346,288
479,288
51,289
135,289
347,289
479,289
52,290
135,290
348,290
479,290
52,291
135,291
348,291
479,291
52,292
134,292
348,292
479,292
52,293
134,293
348,293
479,293
52,294
133,294
348,294
479,294
52,295
133,295
348,295
479,295
52,296
133,296
349,296
479,296
52,297
132,297
349,297
479,297
52,298
132,298
349,298
479,298
52,299
132,299
349,299
479,299
52,300
132,300
349,300
479,300
52,301
132,301
349,301
479,301
52,302
132,302
349,302
479,302
52,303
132,303
349,303
479,303
52,304
132,304
350,304
479,304
52,305
132,305
350,305
479,305
52,306
132,306
350,306
479,306
52,307
132,307
350,307
479,307
52,308
131,308
351,308
479,308
52,309
131,309
351,309
479,309
52,310
131,310
351,310
479,310
52,311
131,311
351,311
479,311
52,312
131,312
351,312
479,312
52,313
131,313
351,313
479,313
52,314
130,314
351,314
479,314
52,315
130,315
351,315
479,315
52,316
130,316
351,316
479,316
52,317
130,317
350,317
479,317
52,318
130,318
350,318
479,318
52,319
130,319
350,319
479,319
51,320
129,320
349,320
479,320
51,321
129,321
349,321
479,321
51,322
129,322
349,322
479,322
51,323
130,323
349,323
479,323
50,324
130,324
349,324
479,324
50,325
130,325
349,325
479,325
50,326
130,326
350,326
479,326
49,327
130,327
350,327
479,327
49,328
130,328
349,328
479,328
49,329
130,329
349,329
479,329
49,330
130,330
349,330
479,330
50,331
130,331
349,331
479,331
50,332
130,332
349,332
479,332
48,333
130,333
348,333
479,333
48,334
130,334
348,334
479,334
47,335
130,335
348,335
479,335
48,336
131,336
348,336
479,336
47,337
131,337
348,337
479,337
47,338
131,338
348,338
479,338
46,339
131,339
348,339
479,339
46,340
131,340
348,340
479,340
46,341
131,341
348,341
479,341
46,342
131,342
348,342
479,342
45,343
131,343
348,343
479,343
45,344
131,344
348,344
479,344
45,345
131,345
348,345
479,345
45,346
131,346
348,346
479,346
45,347
131,347
347,347
479,347
44,348
76,348
80,348
131,348
347,348
479,348
44,349
76,349
81,349
131,349
347,349
479,349
44,350
75,350
82,350
131,350
347,350
479,350
44,351
75,351
83,351
132,351
347,351
479,351
43,352
74,352
83,352
133,352
347,352
479,352
43,353
73,353
84,353
133,353
347,353
479,353
43,354
72,354
86,354
133,354
346,354
479,354
43,355
71,355
86,355
133,355
346,355
479,355
42,356
71,356
90,356
100,356
102,356
133,356
346,356
479,356
42,357
69,357
102,357
133,357
346,357
479,357
42,358
68,358
103,358
133,358
346,358
479,358
41,359
68,359
103,359
133,359
346,359
479,359
