0,0
92,0
169,0
169,0
171,0
479,0
0,1
92,1
169,1
479,1
0,2
92,2
170,2
479,2
0,3
92,3
170,3
479,3
0,4
92,4
172,4
479,4
0,5
92,5
172,5
479,5
0,6
92,6
173,6
479,6
0,7
92,7
174,7
479,7
0,8
92,8
176,8
479,8
0,9
92,9
175,9
479,9
0,10
92,10
176,10
479,10
0,11
92,11
176,11
479,11
0,12
92,12
177,12
479,12
0,13
92,13
178,13
479,13
0,14
92,14
179,14
479,14
0,15
92,15
179,15
479,15
0,16
92,16
179,16
479,16
0,17
92,17
179,17
479,17
0,18
92,18
181,18
479,18
0,19
92,19
181,19
479,19
0,20
93,20
181,20
479,20
0,21
93,21
181,21
479,21
0,22
94,22
182,22
479,22
0,23
94,23
183,23
479,23
0,24
94,24
183,24
479,24
0,25
94,25
183,25
183,25
185,25
479,25
0,26
93,26
185,26
479,26
0,27
93,27
185,27
185,27
187,27
479,27
0,28
93,28
185,28
185,28
187,28
479,28
0,29
93,29
185,29
479,29
0,30
94,30
187,30
479,30
0,31
95,31
186,31
479,31
0,32
95,32
187,32
479,32
0,33
95,33
187,33
479,33
0,34
96,34
187,34
479,34
0,35
96,35
187,35
479,35
0,36
96,36
188,36
479,36
0,37
96,37
188,37
479,37
0,38
97,38
188,38
479,38
0,39
97,39
188,39
479,39
0,40
97,40
189,40
479,40
0,41
97,41
189,41
479,41
0,42
98,42
190,42
479,42
0,43
99,43
190,43
479,43
0,44
99,44
191,44
479,44
0,45
99,45
191,45
479,45
0,46
100,46
191,46
479,46
0,47
100,47
191,47
479,47
0,48
100,48
191,48
479,48
0,49
100,49
102,49
102,49
191,49
479,49
0,50
102,50
192,50
479,50
0,51
103,51
192,51
479,51
0,52
103,52
192,52
193,52
195,52
479,52
0,53
103,53
193,53
193,53
195,53
479,53
0,54
104,54
193,54
479,54
0,55
104,55
193,55
479,55
0,56
105,56
194,56
396,56
404,56
479,56
0,57
105,57
194,57
406,57
409,57
413,57
416,57
479,57
0,58
106,58
194,58
398,58
400,58
400,58
426,58
479,58
0,59
107,59
195,59
397,59
432,59
479,59
0,60
107,60
195,60
389,60
435,60
479,60
0,61
107,61
195,61
387,61
438,61
479,61
0,62
108,62
195,62
384,62
440,62
479,62
0,63
108,63
195,63
380,63
442,63
479,63
0,64
109,64
196,64
370,64
374,64
377,64
444,64
479,64
0,65
109,65
196,65
373,65
447,65
479,65
0,66
111,66
197,66
370,66
447,66
479,66
0,67
112,67
197,67
369,67
449,67
479,67
0,68
112,68
197,68
198,68
200,68
365,68
450,68
479,68
0,69
112,69
197,69
198,69
200,69
362,69
451,69
479,69
0,70
113,70
198,70
361,70
452,70
479,70
0,71
113,71
198,71
358,71
452,71
479,71
0,72
115,72
198,72
356,72
453,72
479,72
0,73
115,73
199,73
353,73
454,73
479,73
0,74
115,74
199,74
350,74
352,74
352,74
455,74
479,74
0,75
116,75
199,75
345,75
347,75
349,75
455,75
479,75
0,76
117,76
199,76
345,76
455,76
479,76
0,77
117,77
200,77
346,77
455,77
479,77
0,78
117,78
200,78
340,78
343,78
344,78
456,78
479,78
0,79
118,79
200,79
343,79
456,79
479,79
0,80
120,80
201,80
340,80
456,80
479,80
0,81
120,81
201,81
338,81
456,81
479,81
0,82
121,82
201,82
336,82
456,82
479,82
0,83
122,83
201,83
334,83
456,83
479,83
0,84
123,84
202,84
333,84
455,84
479,84
0,85
124,85
202,85
332,85
454,85
479,85
0,86
124,86
202,86
330,86
453,86
479,86
0,87
125,87
202,87
329,87
453,87
479,87
0,88
125,88
203,88
326,88
453,88
479,88
0,89
125,89
203,89
326,89
451,89
451,89
453,89
479,89
0,90
125,90
203,90
324,90
450,90
450,90
453,90
479,90
0,91
126,91
203,91
322,91
449,91
450,91
452,91
479,91
0,92
126,92
204,92
317,92
320,92
321,92
448,92
479,92
0,93
128,93
204,93
319,93
447,93
479,93
0,94
129,94
204,94
315,94
317,94
318,94
446,94
479,94
0,95
130,95
204,95
315,95
317,95
317,95
445,95
479,95
0,96
131,96
204,96
316,96
444,96
479,96
0,97
132,97
206,97
315,97
443,97
479,97
0,98
132,98
206,98
313,98
441,98
479,98
0,99
132,99
205,99
312,99
441,99
479,99
0,100
133,100
206,100
311,100
439,100
479,100
0,101
133,101
206,101
310,101
438,101
479,101
0,102
133,102
206,102
308,102
437,102
479,102
0,103
134,103
206,103
308,103
435,103
436,103
439,103
479,103
0,104
135,104
206,104
306,104
434,104
479,104
0,105
136,105
207,105
305,105
433,105
479,105
0,106
136,106
207,106
305,106
430,106
479,106
0,107
137,107
207,107
304,107
428,107
479,107
0,108
137,108
207,108
303,108
428,108
479,108
0,109
138,109
207,109
302,109
425,109
479,109
0,110
138,110
208,110
301,110
424,110
479,110
0,111
139,111
208,111
300,111
423,111
479,111
0,112
140,112
208,112
299,112
420,112
479,112
0,113
140,113
208,113
298,113
418,113
479,113
0,114
141,114
208,114
297,114
417,114
479,114
0,115
141,115
208,115
297,115
414,115
479,115
0,116
142,116
209,116
296,116
413,116
479,116
0,117
142,117
210,117
295,117
411,117
479,117
0,118
143,118
210,118
294,118
407,118
479,118
0,119
143,119
210,119
293,119
406,119
479,119
0,120
144,120
210,120
293,120
400,120
479,120
0,121
144,121
210,121
292,121
399,121
479,121
0,122
145,122
210,122
291,122
397,122
479,122
0,123
146,123
210,123
291,123
392,123
397,123
400,123
479,123
0,124
146,124
211,124
290,124
390,124
479,124
0,125
147,125
211,125
289,125
388,125
479,125
0,126
147,126
211,126
289,126
382,126
479,126
0,127
147,127
211,127
288,127
382,127
479,127
0,128
149,128
211,128
288,128
377,128
479,128
0,129
149,129
211,129
287,129
373,129
479,129
0,130
149,130
211,130
287,130
368,130
479,130
0,131
149,131
211,131
286,131
364,131
369,131
372,131
479,131
0,132
149,132
211,132
286,132
360,132
479,132
0,133
150,133
211,133
286,133
358,133
479,133
0,134
150,134
212,134
285,134
354,134
479,134
0,135
151,135
212,135
285,135
350,135
479,135
0,136
151,136
212,136
285,136
350,136
479,136
0,137
151,137
212,137
284,137
346,137
479,137
0,138
153,138
212,138
284,138
344,138
479,138
0,139
153,139
212,139
284,139
342,139
479,139
0,140
153,140
213,140
284,140
339,140
479,140
0,141
153,141
213,141
283,141
338,141
479,141
0,142
153,142
213,142
283,142
337,142
479,142
0,143
154,143
213,143
282,143
336,143
479,143
0,144
155,144
213,144
282,144
335,144
479,144
0,145
155,145
213,145
281,145
334,145
479,145
0,146
156,146
213,146
281,146
333,146
479,146
0,147
156,147
213,147
282,147
332,147
479,147
0,148
156,148
213,148
281,148
331,148
479,148
0,149
156,149
213,149
281,149
330,149
479,149
0,150
156,150
213,150
281,150
329,150
479,150
0,151
156,151
213,151
280,151
329,151
479,151
0,152
157,152
213,152
280,152
329,152
479,152
0,153
158,153
214,153
280,153
328,153
479,153
0,154
158,154
214,154
279,154
328,154
479,154
0,155
158,155
214,155
279,155
327,155
479,155
0,156
158,156
214,156
279,156
327,156
479,156
0,157
158,157
214,157
279,157
326,157
479,157
0,158
159,158
214,158
279,158
326,158
479,158
0,159
159,159
214,159
279,159
325,159
479,159
0,160
159,160
215,160
278,160
325,160
479,160
0,161
159,161
215,161
278,161
324,161
479,161
0,162
160,162
215,162
278,162
324,162
479,162
0,163
160,163
215,163
278,163
324,163
479,163
0,164
160,164
215,164
278,164
324,164
479,164
0,165
160,165
215,165
278,165
323,165
479,165
0,166
160,166
215,166
278,166
323,166
479,166
0,167
160,167
215,167
277,167
323,167
479,167
0,168
160,168
215,168
277,168
322,168
479,168
0,169
161,169
215,169
276,169
322,169
479,169
0,170
161,170
215,170
276,170
322,170
479,170
0,171
161,171
215,171
276,171
322,171
479,171
0,172
161,172
215,172
276,172
322,172
479,172
0,173
161,173
215,173
276,173
321,173
479,173
0,174
161,174
216,174
276,174
321,174
479,174
0,175
161,175
216,175
276,175
321,175
479,175
0,176
162,176
216,176
276,176
321,176
479,176
0,177
162,177
216,177
275,177
321,177
479,177
0,178
162,178
216,178
275,178
320,178
479,178
0,179
162,179
216,179
275,179
320,179
479,179
0,180
162,180
216,180
275,180
320,180
479,180
0,181
162,181
216,181
275,181
320,181
479,181
0,182
162,182
216,182
275,182
320,182
479,182
0,183
162,183
216,183
275,183
319,183
479,183
0,184
162,184
216,184
275,184
320,184
479,184
0,185
163,185
216,185
275,185
320,185
479,185
0,186
163,186
216,186
275,186
319,186
479,186
0,187
163,187
217,187
275,187
319,187
479,187
0,188
163,188
217,188
275,188
319,188
479,188
0,189
164,189
217,189
275,189
318,189
479,189
0,190
164,190
217,190
275,190
318,190
479,190
0,191
164,191
217,191
275,191
319,191
479,191
0,192
165,192
217,192
275,192
319,192
479,192
0,193
165,193
217,193
275,193
318,193
479,193
0,194
165,194
217,194
275,194
318,194
479,194
0,195
165,195
217,195
273,195
318,195
479,195
0,196
165,196
217,196
273,196
318,196
479,196
0,197
165,197
217,197
273,197
318,197
479,197
0,198
165,198
217,198
273,198
317,198
479,198
0,199
165,199
217,199
273,199
317,199
479,199
0,200
165,200
217,200
273,200
317,200
479,200
0,201
166,201
218,201
273,201
317,201
479,201
0,202
166,202
218,202
273,202
317,202
479,202
0,203
166,203
218,203
272,203
317,203
479,203
0,204
166,204
218,204
272,204
317,204
479,204
0,205
166,205
218,205
272,205
316,205
479,205
0,206
166,206
218,206
272,206
316,206
479,206
0,207
167,207
218,207
272,207
316,207
479,207
0,208
167,208
218,208
272,208
316,208
479,208
0,209
168,209
218,209
272,209
316,209
479,209
0,210
168,210
218,210
272,210
316,210
479,210
0,211
168,211
218,211
272,211
315,211
479,211
0,212
168,212
218,212
272,212
315,212
479,212
0,213
168,213
218,213
272,213
315,213
479,213
0,214
168,214
219,214
227,214
233,214
273,214
315,214
479,214
0,215
168,215
219,215
230,215
255,215
272,215
315,215
479,215
0,216
169,216
218,216
222,216
260,216
272,216
315,216
315,216
317,216
479,216
0,217
169,217
267,217
272,217
315,217
479,217
0,218
170,218
271,218
272,218
315,218
479,218
0,219
170,219
315,219
479,219
0,220
170,220
314,220
479,220
0,221
170,221
314,221
479,221
0,222
171,222
314,222
479,222
0,223
171,223
314,223
479,223
0,224
171,224
314,224
479,224
0,225
171,225
313,225
479,225
0,226
172,226
313,226
479,226
0,227
172,227
313,227
479,227
0,228
171,228
313,228
479,228
0,229
171,229
313,229
479,229
0,230
172,230
313,230
479,230
0,231
172,231
313,231
479,231
0,232
173,232
313,232
479,232
0,233
173,233
312,233
479,233
0,234
173,234
312,234
479,234
0,235
173,235
312,235
479,235
0,236
173,236
311,236
479,236
0,237
174,237
311,237
479,237
0,238
173,238
311,238
311,238
314,238
479,238
0,239
173,239
312,239
479,239
0,240
171,240
312,240
479,240
0,241
171,241
313,241
479,241
0,242
169,242
314,242
479,242
0,243
169,243
315,243
479,243
0,244
167,244
315,244
479,244
0,245
167,245
316,245
479,245
0,246
166,246
317,246
479,246
0,247
165,247
317,247
479,247
0,248
164,248
317,248
479,248
0,249
163,249
318,249
479,249
0,250
162,250
319,250
479,250
0,251
161,251
319,251
479,251
0,252
160,252
320,252
479,252
0,253
160,253
320,253
479,253
0,254
159,254
321,254
479,254
0,255
157,255
322,255
479,255
0,256
157,256
323,256
479,256
0,257
156,257
324,257
479,257
0,258
154,258
325,258
479,258
0,259
153,259
325,259
479,259
0,260
153,260
327,260
479,260
0,261
151,261
328,261
479,261
0,262
151,262
328,262
479,262
0,263
151,263
330,263
479,263
0,264
150,264
331,264
479,264
0,265
148,265
332,265
479,265
0,266
148,266
333,266
479,266
0,267
147,267
334,267
479,267
0,268
147,268
335,268
479,268
0,269
146,269
336,269
479,269
0,270
146,270
336,270
479,270
0,271
145,271
337,271
479,271
0,272
144,272
338,272
479,272
0,273
144,273
338,273
479,273
0,274
143,274
339,274
479,274
0,275
143,275
340,275
479,275
0,276
143,276
340,276
479,276
0,277
142,277
341,277
479,277
0,278
142,278
342,278
342,278
344,278
479,278
0,279
141,279
343,279
479,279
0,280
141,280
343,280
479,280
0,281
141,281
344,281
479,281
0,282
140,282
344,282
479,282
0,283
140,283
345,283
479,283
0,284
140,284
345,284
479,284
0,285
140,285
345,285
479,285
0,286
139,286
345,286
479,286
0,287
139,287
345,287
479,287
0,288
139,288
346,288
479,288
0,289
138,289
346,289
479,289
0,290
138,290
346,290
479,290
0,291
138,291
346,291
479,291
0,292
138,292
347,292
479,292
0,293
137,293
347,293
479,293
0,294
137,294
348,294
479,294
0,295
137,295
348,295
479,295
0,296
137,296
348,296
479,296
0,297
137,297
348,297
479,297
0,298
137,298
349,298
479,298
0,299
136,299
349,299
479,299
0,300
136,300
348,300
479,300
0,301
137,301
349,301
479,301
0,302
136,302
350,302
479,302
0,303
136,303
350,303
479,303
0,304
136,304
350,304
479,304
0,305
136,305
350,305
479,305
0,306
136,306
351,306
479,306
0,307
136,307
351,307
479,307
0,308
136,308
351,308
479,308
0,309
135,309
352,309
479,309
0,310
135,310
352,310
479,310
0,311
135,311
352,311
479,311
0,312
132,312
134,312
134,312
353,312
479,312
0,313
132,313
353,313
479,313
0,314
132,314
354,314
479,314
0,315
131,315
133,315
134,315
354,315
479,315
0,316
131,316
133,316
133,316
354,316
479,316
0,317
131,317
133,317
133,317
354,317
479,317
0,318
132,318
354,318
479,318
0,319
132,319
354,319
479,319
0,320
132,320
354,320
479,320
0,321
132,321
354,321
479,321
0,322
132,322
355,322
479,322
0,323
132,323
355,323
479,323
0,324
132,324
355,324
479,324
0,325
132,325
355,325
479,325
0,326
132,326
355,326
479,326
0,327
131,327
355,327
479,327
0,328
131,328
355,328
479,328
0,329
131,329
355,329
479,329
0,330
131,330
355,330
479,330
0,331
131,331
355,331
479,331
0,332
131,332
355,332
479,332
0,333
131,333
355,333
479,333
0,334
130,334
355,334
479,334
0,335
131,335
355,335
479,335
0,336
130,336
355,336
479,336
0,337
130,337
355,337
479,337
0,338
130,338
354,338
479,338
0,339
130,339
354,339
479,339
0,340
130,340
354,340
479,340
0,341
130,341
354,341
479,341
0,342
130,342
354,342
479,342
0,343
130,343
354,343
479,343
0,344
130,344
354,344
479,344
0,345
130,345
354,345
479,345
0,346
130,346
354,346
479,346
0,347
130,347
354,347
479,347
0,348
130,348
354,348
479,348
0,349
130,349
354,349
479,349
0,350
130,350
353,350
479,350
0,351
130,351
353,351
479,351
0,352
130,352
353,352
479,352
0,353
130,353
353,353
479,353
0,354
130,354
353,354
479,354
0,355
130,355
353,355
479,355
0,356
129,356
353,356
479,356
0,357
129,357
352,357
479,357
0,358
129,358
352,358
479,358
0,359
129,359
352,359
479,359
