0,0
152,0
231,0
479,0
0,1
152,1
231,1
479,1
0,2
152,2
231,2
479,2
0,3
152,3
231,3
479,3
0,4
152,4
232,4
479,4
0,5
152,5
232,5
479,5
0,6
152,6
232,6
479,6
0,7
152,7
232,7
479,7
0,8
152,8
232,8
479,8
0,9
153,9
232,9
479,9
0,10
153,10
232,10
479,10
0,11
154,11
232,11
479,11
0,12
154,12
232,12
479,12
0,13
154,13
232,13
479,13
0,14
154,14
232,14
479,14
0,15
154,15
232,15
479,15
0,16
154,16
233,16
479,16
0,17
154,17
233,17
479,17
0,18
154,18
233,18
479,18
0,19
154,19
233,19
479,19
0,20
154,20
232,20
431,20
434,20
454,20
456,20
479,20
0,21
155,21
233,21
479,21
0,22
155,22
233,22
434,22
454,22
479,22
0,23
155,23
233,23
431,23
457,23
479,23
0,24
155,24
233,24
407,24
409,24
421,24
463,24
479,24
0,25
156,25
233,25
407,25
410,25
413,25
416,25
416,25
468,25
479,25
0,26
156,26
233,26
411,26
470,26
479,26
0,27
156,27
233,27
407,27
472,27
479,27
0,28
156,28
233,28
404,28
476,28
479,28
0,29
157,29
233,29
397,29
400,29
400,29
478,29
479,29
0,30
157,30
234,30
396,30
479,30
479,30
0,31
158,31
234,31
395,31
0,32
159,32
234,32
388,32
0,33
159,33
234,33
387,33
0,34
159,34
234,34
384,34
0,35
159,35
234,35
383,35
0,36
159,36
234,36
371,36
373,36
380,36
0,37
160,37
234,37
377,37
0,38
160,38
234,38
373,38
0,39
161,39
234,39
372,39
0,40
161,40
234,40
370,40
0,41
161,41
234,41
363,41
366,41
369,41
0,42
161,42
234,42
367,42
0,43
161,43
234,43
364,43
0,44
161,44
234,44
357,44
360,44
362,44
0,45
162,45
234,45
361,45
0,46
163,46
234,46
357,46
0,47
163,47
234,47
356,47
0,48
163,48
234,48
354,48
0,49
163,49
234,49
353,49
0,50
163,50
234,50
350,50
0,51
163,51
234,51
349,51
0,52
164,52
234,52
348,52
0,53
164,53
234,53
346,53
0,54
165,54
234,54
343,54
0,55
165,55
234,55
343,55
0,56
166,56
234,56
341,56
0,57
166,57
235,57
340,57
0,58
167,58
235,58
339,58
0,59
167,59
235,59
338,59
0,60
167,60
235,60
332,60
334,60
336,60
0,61
167,61
235,61
332,61
334,61
334,61
0,62
168,62
235,62
333,62
0,63
168,63
235,63
332,63
0,64
167,64
235,64
331,64
0,65
167,65
235,65
330,65
0,66
167,66
235,66
329,66
0,67
168,67
235,67
327,67
0,68
168,68
235,68
326,68
479,68
479,68
0,69
169,69
235,69
325,69
479,69
479,69
0,70
169,70
235,70
324,70
479,70
479,70
0,71
169,71
235,71
323,71
477,71
479,71
0,72
169,72
235,72
322,72
476,72
479,72
0,73
170,73
235,73
322,73
475,73
479,73
0,74
170,74
235,74
320,74
474,74
479,74
0,75
170,75
235,75
320,75
473,75
479,75
0,76
171,76
235,76
316,76
318,76
318,76
472,76
479,76
0,77
171,77
235,77
319,77
471,77
479,77
0,78
171,78
235,78
318,78
469,78
479,78
0,79
171,79
235,79
316,79
466,79
479,79
0,80
171,80
235,80
316,80
466,80
479,80
0,81
172,81
235,81
315,81
465,81
479,81
0,82
173,82
235,82
315,82
464,82
479,82
0,83
173,83
235,83
314,83
461,83
479,83
0,84
173,84
235,84
313,84
460,84
479,84
0,85
173,85
236,85
313,85
458,85
479,85
0,86
173,86
236,86
312,86
457,86
479,86
0,87
174,87
236,87
312,87
455,87
479,87
0,88
174,88
236,88
311,88
454,88
479,88
0,89
175,89
236,89
310,89
452,89
479,89
0,90
175,90
236,90
310,90
450,90
479,90
0,91
175,91
236,91
310,91
450,91
479,91
0,92
175,92
236,92
309,92
450,92
479,92
0,93
175,93
236,93
309,93
449,93
479,93
0,94
175,94
236,94
308,94
441,94
479,94
0,95
176,95
236,95
308,95
439,95
479,95
0,96
176,96
236,96
307,96
435,96
479,96
0,97
176,97
236,97
307,97
434,97
479,97
0,98
176,98
236,98
306,98
432,98
479,98
0,99
176,99
236,99
306,99
428,99
479,99
0,100
176,100
236,100
306,100
425,100
479,100
0,101
176,101
236,101
305,101
420,101
479,101
0,102
177,102
236,102
305,102
416,102
479,102
0,103
177,103
236,103
305,103
414,103
479,103
0,104
176,104
236,104
304,104
400,104
479,104
0,105
177,105
236,105
304,105
400,105
479,105
0,106
178,106
236,106
303,106
399,106
479,106
0,107
178,107
236,107
303,107
389,107
479,107
0,108
178,108
237,108
303,108
385,108
479,108
0,109
178,109
237,109
303,109
384,109
479,109
0,110
178,110
237,110
302,110
380,110
479,110
0,111
179,111
237,111
302,111
375,111
479,111
0,112
178,112
237,112
301,112
366,112
479,112
0,113
178,113
237,113
301,113
363,113
479,113
0,114
178,114
237,114
301,114
361,114
479,114
0,115
178,115
237,115
300,115
360,115
479,115
0,116
179,116
237,116
300,116
359,116
479,116
0,117
180,117
237,117
300,117
357,117
479,117
0,118
180,118
237,118
300,118
356,118
479,118
0,119
180,119
237,119
299,119
355,119
479,119
0,120
180,120
237,120
299,120
354,120
479,120
0,121
180,121
237,121
299,121
349,121
479,121
0,122
180,122
237,122
299,122
348,122
479,122
0,123
180,123
237,123
298,123
348,123
479,123
0,124
181,124
237,124
299,124
348,124
479,124
0,125
181,125
237,125
237,125
239,125
298,125
346,125
479,125
0,126
182,126
237,126
298,126
346,126
479,126
0,127
182,127
237,127
298,127
343,127
343,127
345,127
479,127
0,128
182,128
237,128
297,128
343,128
479,128
0,129
182,129
237,129
297,129
342,129
479,129
0,130
182,130
237,130
297,130
342,130
479,130
0,131
182,131
237,131
297,131
341,131
479,131
0,132
182,132
237,132
297,132
341,132
479,132
0,133
182,133
237,133
297,133
340,133
479,133
0,134
182,134
237,134
296,134
339,134
479,134
0,135
183,135
237,135
296,135
339,135
479,135
0,136
183,136
237,136
296,136
339,136
479,136
0,137
183,137
237,137
296,137
339,137
479,137
0,138
183,138
237,138
296,138
338,138
479,138
0,139
183,139
237,139
295,139
338,139
479,139
0,140
183,140
237,140
295,140
338,140
479,140
0,141
183,141
237,141
295,141
337,141
479,141
0,142
183,142
237,142
295,142
337,142
479,142
0,143
184,143
237,143
295,143
337,143
479,143
0,144
184,144
237,144
294,144
336,144
479,144
0,145
184,145
237,145
294,145
336,145
479,145
0,146
184,146
238,146
294,146
336,146
479,146
0,147
184,147
238,147
294,147
336,147
479,147
0,148
184,148
238,148
293,148
336,148
479,148
0,149
184,149
238,149
293,149
335,149
479,149
0,150
185,150
238,150
293,150
335,150
479,150
0,151
185,151
238,151
293,151
335,151
479,151
0,152
185,152
238,152
293,152
335,152
479,152
0,153
186,153
238,153
293,153
335,153
479,153
0,154
186,154
238,154
292,154
334,154
479,154
0,155
186,155
238,155
292,155
334,155
479,155
0,156
186,156
238,156
292,156
334,156
479,156
0,157
186,157
238,157
292,157
334,157
479,157
0,158
186,158
238,158
292,158
334,158
479,158
0,159
186,159
238,159
292,159
334,159
479,159
0,160
186,160
238,160
292,160
334,160
479,160
0,161
186,161
238,161
292,161
334,161
479,161
0,162
186,162
238,162
291,162
333,162
479,162
0,163
186,163
238,163
291,163
332,163
479,163
0,164
187,164
238,164
291,164
332,164
479,164
0,165
187,165
238,165
291,165
332,165
479,165
0,166
187,166
238,166
291,166
332,166
479,166
0,167
187,167
238,167
291,167
332,167
479,167
0,168
187,168
238,168
291,168
332,168
479,168
0,169
187,169
238,169
290,169
331,169
479,169
0,170
187,170
238,170
290,170
331,170
479,170
0,171
187,171
238,171
290,171
331,171
479,171
0,172
187,172
238,172
290,172
331,172
479,172
0,173
187,173
238,173
289,173
331,173
479,173
0,174
187,174
238,174
289,174
331,174
479,174
0,175
188,175
238,175
289,175
330,175
479,175
0,176
187,176
238,176
289,176
330,176
479,176
0,177
187,177
238,177
289,177
330,177
479,177
0,178
188,178
240,178
289,178
330,178
479,178
0,179
188,179
238,179
289,179
330,179
479,179
0,180
188,180
248,180
289,180
329,180
479,180
0,181
188,181
264,181
289,181
329,181
479,181
0,182
189,182
272,182
289,182
328,182
479,182
0,183
189,183
277,183
288,183
329,183
479,183
0,184
189,184
282,184
286,184
288,184
288,184
329,184
479,184
0,185
189,185
286,185
288,185
329,185
479,185
0,186
189,186
328,186
479,186
0,187
190,187
328,187
479,187
0,188
190,188
328,188
479,188
0,189
190,189
327,189
479,189
0,190
190,190
327,190
479,190
0,191
190,191
327,191
479,191
0,192
191,192
327,192
479,192
0,193
191,193
327,193
479,193
0,194
191,194
326,194
479,194
0,195
190,195
326,195
479,195
0,196
189,196
325,196
479,196
0,197
188,197
325,197
479,197
0,198
187,198
325,198
479,198
0,199
185,199
325,199
479,199
0,200
184,200
325,200
479,200
0,201
183,201
324,201
479,201
0,202
182,202
324,202
479,202
0,203
181,203
324,203
479,203
0,204
180,204
324,204
479,204
0,205
179,205
323,205
479,205
0,206
179,206
323,206
479,206
0,207
176,207
178,207
178,207
323,207
479,207
0,208
177,208
324,208
479,208
0,209
177,209
324,209
479,209
0,210
177,210
325,210
479,210
0,211
176,211
326,211
479,211
0,212
173,212
175,212
175,212
326,212
479,212
0,213
171,213
173,213
175,213
327,213
479,213
0,214
170,214
172,214
174,214
329,214
479,214
0,215
173,215
330,215
479,215
0,216
171,216
331,216
479,216
0,217
170,217
332,217
479,217
0,218
169,218
333,218
479,218
0,219
168,219
334,219
479,219
0,220
167,220
335,220
479,220
0,221
166,221
336,221
479,221
0,222
165,222
337,222
479,222
0,223
164,223
338,223
479,223
0,224
162,224
339,224
479,224
0,225
161,225
340,225
479,225
0,226
160,226
342,226
345,226
347,226
479,226
0,227
159,227
342,227
479,227
0,228
158,228
344,228
479,228
0,229
157,229
345,229
479,229
0,230
156,230
346,230
479,230
0,231
155,231
346,231
479,231
0,232
154,232
347,232
479,232
0,233
153,233
348,233
479,233
0,234
153,234
349,234
479,234
0,235
152,235
350,235
479,235
0,236
152,236
351,236
479,236
0,237
150,237
352,237
479,237
0,238
150,238
352,238
479,238
0,239
149,239
352,239
479,239
0,240
148,240
354,240
479,240
0,241
148,241
354,241
479,241
0,242
148,242
355,242
479,242
0,243
147,243
356,243
479,243
0,244
147,244
357,244
479,244
0,245
146,245
357,245
479,245
0,246
146,246
358,246
479,246
0,247
146,247
358,247
479,247
0,248
145,248
358,248
479,248
0,249
145,249
359,249
479,249
0,250
145,250
359,250
479,250
0,251
144,251
359,251
479,251
0,252
144,252
360,252
479,252
0,253
143,253
360,253
479,253
0,254
143,254
362,254
479,254
0,255
143,255
362,255
479,255
0,256
143,256
360,256
479,256
0,257
142,257
361,257
479,257
0,258
142,258
361,258
479,258
0,259
142,259
362,259
479,259
0,260
141,260
362,260
479,260
0,261
141,261
362,261
479,261
0,262
141,262
363,262
479,262
0,263
141,263
363,263
479,263
0,264
141,264
363,264
479,264
0,265
141,265
363,265
479,265
0,266
141,266
363,266
479,266
0,267
140,267
363,267
479,267
0,268
141,268
363,268
479,268
0,269
140,269
363,269
479,269
0,270
140,270
363,270
479,270
0,271
140,271
364,271
479,271
0,272
140,272
364,272
479,272
0,273
140,273
364,273
479,273
0,274
139,274
364,274
479,274
0,275
139,275
364,275
479,275
0,276
139,276
364,276
479,276
0,277
139,277
364,277
479,277
0,278
139,278
364,278
479,278
0,279
139,279
364,279
479,279
0,280
139,280
365,280
479,280
0,281
139,281
365,281
479,281
0,282
139,282
365,282
479,282
0,283
139,283
365,283
479,283
0,284
139,284
365,284
479,284
0,285
139,285
365,285
479,285
0,286
139,286
365,286
479,286
0,287
139,287
365,287
479,287
0,288
139,288
366,288
479,288
0,289
139,289
366,289
479,289
0,290
139,290
366,290
479,290
0,291
139,291
366,291
479,291
0,292
139,292
366,292
479,292
0,293
139,293
367,293
479,293
0,294
139,294
367,294
479,294
0,295
139,295
367,295
479,295
0,296
139,296
367,296
479,296
0,297
139,297
367,297
479,297
0,298
139,298
367,298
479,298
0,299
139,299
367,299
479,299
0,300
139,300
368,300
479,300
0,301
139,301
368,301
479,301
0,302
140,302
368,302
479,302
0,303
140,303
368,303
479,303
0,304
140,304
369,304
479,304
0,305
140,305
369,305
479,305
0,306
140,306
369,306
479,306
0,307
141,307
369,307
479,307
0,308
141,308
369,308
479,308
0,309
142,309
370,309
479,309
0,310
142,310
370,310
479,310
0,311
143,311
370,311
479,311
0,312
143,312
370,312
479,312
0,313
143,313
370,313
479,313
0,314
143,314
370,314
479,314
0,315
144,315
370,315
479,315
0,316
144,316
370,316
479,316
0,317
144,317
370,317
479,317
0,318
145,318
371,318
479,318
0,319
145,319
371,319
479,319
0,320
145,320
371,320
479,320
0,321
145,321
371,321
479,321
0,322
146,322
371,322
479,322
0,323
146,323
371,323
479,323
0,324
146,324
371,324
479,324
0,325
146,325
371,325
479,325
0,326
146,326
371,326
479,326
0,327
146,327
371,327
479,327
0,328
146,328
371,328
479,328
0,329
146,329
371,329
479,329
0,330
146,330
371,330
479,330
0,331
146,331
371,331
479,331
0,332
146,332
371,332
479,332
0,333
146,333
371,333
479,333
0,334
146,334
371,334
479,334
0,335
146,335
371,335
479,335
0,336
147,336
371,336
479,336
0,337
147,337
371,337
479,337
0,338
147,338
371,338
479,338
0,339
147,339
371,339
479,339
0,340
148,340
371,340
479,340
0,341
148,341
371,341
479,341
0,342
148,342
371,342
479,342
0,343
148,343
371,343
479,343
0,344
148,344
371,344
479,344
0,345
148,345
371,345
479,345
0,346
148,346
371,346
479,346
0,347
148,347
371,347
479,347
0,348
149,348
371,348
479,348
0,349
149,349
371,349
479,349
0,350
150,350
371,350
479,350
0,351
150,351
371,351
479,351
0,352
151,352
370,352
479,352
0,353
151,353
370,353
479,353
0,354
151,354
370,354
479,354
0,355
151,355
370,355
479,355
0,356
152,356
370,356
479,356
0,357
152,357
370,357
479,357
0,358
152,358
370,358
479,358
0,359
152,359
370,359
479,359
