0,0
127,0
206,0
251,0
339,0
479,0
0,1
127,1
206,1
251,1
339,1
479,1
0,2
128,2
206,2
251,2
338,2
479,2
0,3
127,3
129,3
129,3
206,3
251,3
337,3
479,3
0,4
131,4
206,4
251,4
337,4
479,4
0,5
132,5
207,5
251,5
336,5
479,5
0,6
131,6
133,6
133,6
207,6
251,6
336,6
479,6
0,7
132,7
134,7
134,7
208,7
251,7
336,7
479,7
0,8
135,8
208,8
251,8
333,8
479,8
0,9
136,9
209,9
251,9
332,9
479,9
0,10
137,10
210,10
251,10
331,10
479,10
0,11
139,11
210,11
251,11
330,11
479,11
0,12
140,12
210,12
251,12
330,12
479,12
0,13
140,13
210,13
251,13
329,13
479,13
0,14
142,14
212,14
251,14
328,14
479,14
0,15
143,15
212,15
251,15
328,15
479,15
0,16
143,16
213,16
251,16
327,16
479,16
0,17
143,17
145,17
145,17
213,17
251,17
326,17
479,17
0,18
146,18
214,18
251,18
325,18
479,18
0,19
147,19
214,19
251,19
325,19
479,19
0,20
148,20
215,20
251,20
324,20
479,20
0,21
149,21
215,21
251,21
324,21
479,21
0,22
150,22
216,22
251,22
323,22
479,22
0,23
151,23
216,23
251,23
323,23
479,23
0,24
153,24
216,24
251,24
322,24
479,24
0,25
153,25
216,25
251,25
322,25
479,25
0,26
152,26
154,26
155,26
216,26
251,26
321,26
479,26
0,27
155,27
216,27
251,27
321,27
479,27
0,28
156,28
217,28
251,28
321,28
479,28
0,29
157,29
218,29
251,29
321,29
479,29
0,30
158,30
218,30
251,30
321,30
479,30
0,31
160,31
219,31
251,31
320,31
479,31
0,32
160,32
220,32
251,32
320,32
479,32
0,33
161,33
220,33
251,33
319,33
479,33
0,34
162,34
220,34
251,34
319,34
479,34
0,35
163,35
220,35
251,35
319,35
479,35
0,36
164,36
221,36
251,36
319,36
479,36
0,37
165,37
221,37
251,37
319,37
479,37
0,38
166,38
222,38
252,38
319,38
479,38
0,39
167,39
222,39
252,39
319,39
479,39
0,40
167,40
222,40
252,40
318,40
479,40
0,41
168,41
223,41
252,41
318,41
479,41
0,42
169,42
223,42
252,42
318,42
479,42
0,43
170,43
224,43
252,43
318,43
479,43
0,44
171,44
224,44
252,44
318,44
479,44
0,45
171,45
224,45
252,45
318,45
479,45
0,46
172,46
225,46
252,46
318,46
479,46
0,47
173,47
225,47
252,47
318,47
479,47
0,48
174,48
226,48
252,48
317,48
479,48
0,49
174,49
226,49
252,49
317,49
479,49
0,50
175,50
226,50
252,50
317,50
479,50
0,51
176,51
227,51
252,51
317,51
479,51
0,52
176,52
227,52
253,52
316,52
479,52
0,53
177,53
227,53
253,53
316,53
479,53
0,54
177,54
227,54
253,54
316,54
479,54
0,55
178,55
227,55
253,55
316,55
479,55
0,56
179,56
229,56
253,56
316,56
479,56
0,57
179,57
228,57
253,57
316,57
479,57
0,58
180,58
228,58
253,58
316,58
479,58
0,59
180,59
229,59
253,59
316,59
479,59
0,60
180,60
230,60
253,60
315,60
479,60
0,61
181,61
230,61
253,61
315,61
479,61
0,62
182,62
230,62
254,62
315,62
479,62
0,63
182,63
230,63
254,63
315,63
479,63
0,64
183,64
230,64
254,64
315,64
479,64
0,65
183,65
231,65
254,65
315,65
479,65
0,66
184,66
231,66
254,66
315,66
479,66
0,67
184,67
231,67
254,67
315,67
479,67
0,68
185,68
231,68
254,68
315,68
479,68
0,69
185,69
231,69
254,69
315,69
479,69
0,70
186,70
231,70
254,70
314,70
479,70
0,71
186,71
232,71
254,71
314,71
479,71
0,72
187,72
233,72
254,72
314,72
479,72
0,73
187,73
233,73
254,73
314,73
479,73
0,74
188,74
233,74
254,74
314,74
479,74
0,75
188,75
233,75
254,75
314,75
479,75
0,76
189,76
233,76
254,76
314,76
479,76
0,77
189,77
233,77
254,77
314,77
479,77
0,78
189,78
233,78
254,78
314,78
479,78
0,79
189,79
234,79
254,79
313,79
479,79
0,80
190,80
234,80
255,80
313,80
479,80
0,81
190,81
235,81
255,81
312,81
479,81
0,82
191,82
235,82
255,82
312,82
479,82
0,83
191,83
235,83
255,83
312,83
479,83
0,84
192,84
235,84
255,84
312,84
479,84
0,85
192,85
235,85
255,85
312,85
479,85
0,86
192,86
235,86
255,86
312,86
479,86
0,87
193,87
235,87
255,87
312,87
479,87
0,88
193,88
236,88
255,88
312,88
479,88
0,89
194,89
237,89
255,89
311,89
479,89
0,90
194,90
237,90
255,90
311,90
479,90
0,91
194,91
237,91
255,91
311,91
479,91
0,92
195,92
237,92
256,92
311,92
479,92
0,93
195,93
237,93
256,93
311,93
479,93
0,94
196,94
238,94
256,94
311,94
479,94
0,95
196,95
238,95
256,95
311,95
479,95
0,96
196,96
238,96
256,96
311,96
479,96
0,97
196,97
238,97
256,97
311,97
479,97
0,98
196,98
239,98
256,98
311,98
479,98
0,99
197,99
239,99
256,99
310,99
479,99
0,100
197,100
239,100
256,100
310,100
479,100
0,101
197,101
239,101
256,101
310,101
479,101
0,102
197,102
240,102
256,102
310,102
479,102
0,103
198,103
240,103
257,103
310,103
479,103
0,104
198,104
240,104
257,104
310,104
479,104
0,105
199,105
240,105
257,105
310,105
479,105
0,106
200,106
240,106
257,106
309,106
479,106
0,107
200,107
240,107
254,107
309,107
479,107
0,108
200,108
309,108
479,108
0,109
200,109
309,109
479,109
0,110
200,110
309,110
479,110
0,111
201,111
309,111
479,111
0,112
201,112
309,112
479,112
0,113
201,113
309,113
479,113
0,114
202,114
308,114
479,114
0,115
202,115
308,115
479,115
0,116
202,116
307,116
309,116
312,116
479,116
0,117
198,117
200,117
200,117
308,117
479,117
0,118
197,118
310,118
479,118
0,119
196,119
312,119
479,119
0,120
193,120
314,120
479,120
0,121
191,121
315,121
479,121
0,122
189,122
317,122
479,122
0,123
187,123
318,123
479,123
0,124
184,124
319,124
479,124
0,125
183,125
321,125
479,125
0,126
183,126
322,126
479,126
0,127
181,127
323,127
479,127
0,128
177,128
180,128
180,128
325,128
479,128
0,129
179,129
326,129
479,129
0,130
175,130
177,130
178,130
327,130
479,130
0,131
175,131
177,131
177,131
329,131
479,131
0,132
173,132
175,132
176,132
330,132
479,132
0,133
175,133
331,133
479,133
0,134
174,134
332,134
479,134
0,135
173,135
333,135
479,135
0,136
173,136
334,136
479,136
0,137
173,137
336,137
479,137
0,138
172,138
338,138
479,138
0,139
172,139
340,139
479,139
0,140
169,140
171,140
171,140
342,140
479,140
0,141
171,141
344,141
479,141
0,142
167,142
169,142
170,142
345,142
479,142
0,143
167,143
169,143
169,143
346,143
479,143
0,144
168,144
347,144
479,144
0,145
168,145
349,145
479,145
0,146
167,146
350,146
479,146
0,147
167,147
351,147
479,147
0,148
165,148
352,148
479,148
0,149
165,149
353,149
479,149
0,150
163,150
354,150
479,150
0,151
163,151
355,151
479,151
0,152
163,152
356,152
479,152
0,153
161,153
357,153
358,153
360,153
479,153
0,154
162,154
359,154
479,154
0,155
161,155
359,155
479,155
0,156
161,156
361,156
479,156
0,157
160,157
362,157
479,157
0,158
159,158
363,158
479,158
0,159
159,159
364,159
479,159
0,160
158,160
364,160
479,160
0,161
157,161
364,161
479,161
0,162
157,162
365,162
479,162
0,163
156,163
366,163
479,163
0,164
156,164
366,164
479,164
0,165
155,165
366,165
479,165
0,166
155,166
367,166
479,166
0,167
154,167
367,167
479,167
0,168
154,168
368,168
479,168
0,169
153,169
368,169
479,169
0,170
153,170
369,170
479,170
0,171
152,171
369,171
479,171
0,172
152,172
370,172
370,172
372,172
479,172
0,173
151,173
370,173
479,173
0,174
151,174
371,174
479,174
0,175
151,175
371,175
479,175
0,176
148,176
150,176
150,176
371,176
479,176
0,177
147,177
149,177
149,177
372,177
479,177
0,178
149,178
373,178
479,178
0,179
148,179
373,179
479,179
0,180
147,180
374,180
479,180
0,181
147,181
374,181
479,181
0,182
146,182
375,182
479,182
0,183
145,183
375,183
479,183
0,184
144,184
375,184
479,184
0,185
145,185
375,185
479,185
0,186
145,186
376,186
479,186
0,187
144,187
376,187
479,187
0,188
142,188
377,188
479,188
0,189
143,189
377,189
479,189
0,190
142,190
377,190
479,190
0,191
142,191
377,191
479,191
0,192
141,192
377,192
479,192
0,193
141,193
378,193
479,193
0,194
140,194
378,194
479,194
0,195
139,195
378,195
479,195
0,196
139,196
378,196
479,196
0,197
138,197
378,197
479,197
0,198
137,198
379,198
479,198
0,199
137,199
379,199
479,199
0,200
137,200
379,200
479,200
0,201
136,201
379,201
479,201
0,202
135,202
380,202
479,202
0,203
135,203
380,203
479,203
0,204
135,204
380,204
479,204
0,205
135,205
381,205
479,205
0,206
137,206
381,206
479,206
0,207
137,207
381,207
479,207
0,208
137,208
144,208
144,208
381,208
479,208
0,209
137,209
144,209
144,209
381,209
479,209
0,210
138,210
140,210
144,210
382,210
479,210
0,211
144,211
382,211
479,211
0,212
144,212
382,212
479,212
0,213
144,213
382,213
479,213
0,214
144,214
383,214
479,214
0,215
144,215
383,215
479,215
0,216
144,216
383,216
479,216
0,217
143,217
383,217
479,217
0,218
143,218
384,218
479,218
0,219
143,219
384,219
479,219
0,220
143,220
384,220
479,220
0,221
142,221
384,221
479,221
0,222
142,222
384,222
479,222
0,223
143,223
145,223
145,223
384,223
479,223
0,224
143,224
145,224
145,224
384,224
479,224
0,225
145,225
385,225
479,225
0,226
145,226
385,226
479,226
0,227
145,227
385,227
479,227
0,228
145,228
385,228
479,228
0,229
145,229
385,229
479,229
0,230
146,230
385,230
479,230
0,231
146,231
385,231
479,231
0,232
147,232
385,232
479,232
0,233
148,233
385,233
479,233
0,234
148,234
385,234
479,234
0,235
149,235
385,235
479,235
0,236
150,236
385,236
479,236
0,237
150,237
385,237
479,237
0,238
151,238
386,238
479,238
0,239
152,239
386,239
479,239
0,240
152,240
386,240
479,240
0,241
153,241
159,241
159,241
386,241
479,241
0,242
153,242
158,242
160,242
386,242
479,242
0,243
154,243
158,243
160,243
386,243
479,243
0,244
155,244
158,244
160,244
164,244
165,244
386,244
479,244
0,245
155,245
158,245
161,245
164,245
167,245
386,245
479,245
0,246
155,246
157,246
167,246
386,246
479,246
0,247
155,247
157,247
168,247
386,247
479,247
0,248
169,248
386,248
479,248
0,249
170,249
386,249
479,249
0,250
171,250
386,250
479,250
0,251
171,251
386,251
479,251
0,252
172,252
386,252
479,252
0,253
173,253
387,253
479,253
0,254
174,254
387,254
479,254
0,255
175,255
387,255
479,255
0,256
174,256
387,256
479,256
0,257
174,257
387,257
479,257
0,258
174,258
387,258
479,258
0,259
174,259
387,259
479,259
0,260
174,260
387,260
479,260
0,261
174,261
387,261
479,261
0,262
175,262
387,262
479,262
0,263
175,263
387,263
479,263
0,264
175,264
387,264
479,264
0,265
176,265
387,265
479,265
0,266
176,266
387,266
479,266
0,267
176,267
387,267
479,267
0,268
177,268
387,268
479,268
0,269
177,269
387,269
479,269
0,270
177,270
387,270
479,270
0,271
177,271
387,271
479,271
0,272
177,272
387,272
479,272
0,273
177,273
387,273
479,273
0,274
175,274
177,274
177,274
387,274
479,274
0,275
175,275
177,275
177,275
387,275
479,275
0,276
175,276
387,276
479,276
0,277
175,277
387,277
479,277
0,278
175,278
387,278
479,278
0,279
175,279
387,279
479,279
0,280
175,280
387,280
479,280
0,281
175,281
387,281
479,281
0,282
175,282
387,282
479,282
0,283
175,283
387,283
479,283
0,284
175,284
387,284
479,284
0,285
175,285
387,285
479,285
0,286
175,286
387,286
479,286
0,287
175,287
387,287
479,287
0,288
175,288
387,288
479,288
0,289
175,289
386,289
479,289
0,290
175,290
386,290
479,290
0,291
174,291
386,291
479,291
0,292
174,292
386,292
479,292
0,293
174,293
386,293
479,293
0,294
174,294
386,294
479,294
0,295
174,295
386,295
479,295
0,296
174,296
386,296
479,296
0,297
174,297
386,297
479,297
0,298
173,298
386,298
479,298
0,299
173,299
386,299
479,299
0,300
173,300
386,300
479,300
0,301
173,301
386,301
479,301
0,302
173,302
386,302
479,302
0,303
173,303
386,303
479,303
0,304
173,304
386,304
479,304
0,305
173,305
386,305
479,305
0,306
172,306
386,306
479,306
0,307
172,307
386,307
479,307
0,308
172,308
386,308
479,308
0,309
172,309
386,309
479,309
0,310
171,310
386,310
479,310
0,311
172,311
386,311
479,311
0,312
171,312
386,312
479,312
0,313
171,313
386,313
479,313
0,314
171,314
198,314
198,314
386,314
479,314
0,315
170,315
197,315
198,315
386,315
479,315
0,316
170,316
197,316
199,316
386,316
479,316
0,317
170,317
197,317
200,317
386,317
479,317
0,318
170,318
197,318
200,318
386,318
479,318
0,319
170,319
197,319
201,319
386,319
479,319
0,320
170,320
197,320
202,320
386,320
479,320
0,321
170,321
196,321
204,321
386,321
479,321
0,322
170,322
196,322
201,322
203,322
204,322
385,322
479,322
0,323
170,323
196,323
204,323
385,323
479,323
0,324
170,324
196,324
198,324
200,324
202,324
385,324
479,324
0,325
170,325
196,325
201,325
385,325
479,325
0,326
170,326
196,326
200,326
385,326
479,326
0,327
169,327
195,327
199,327
385,327
479,327
0,328
169,328
195,328
196,328
198,328
198,328
385,328
479,328
0,329
169,329
195,329
195,329
197,329
197,329
385,329
479,329
0,330
169,330
195,330
196,330
385,330
479,330
0,331
169,331
195,331
196,331
385,331
479,331
0,332
169,332
194,332
195,332
385,332
479,332
0,333
169,333
194,333
194,333
385,333
479,333
0,334
169,334
194,334
194,334
385,334
479,334
0,335
168,335
385,335
479,335
0,336
168,336
384,336
479,336
0,337
168,337
384,337
479,337
0,338
168,338
384,338
479,338
0,339
168,339
384,339
479,339
0,340
168,340
384,340
479,340
0,341
167,341
384,341
479,341
0,342
167,342
384,342
479,342
0,343
167,343
384,343
479,343
0,344
167,344
384,344
479,344
0,345
166,345
384,345
479,345
0,346
166,346
384,346
479,346
0,347
166,347
384,347
479,347
0,348
166,348
383,348
479,348
0,349
166,349
383,349
479,349
0,350
166,350
383,350
479,350
0,351
166,351
383,351
479,351
0,352
166,352
383,352
479,352
0,353
166,353
383,353
479,353
0,354
165,354
383,354
479,354
0,355
165,355
383,355
479,355
0,356
165,356
383,356
479,356
0,357
165,357
383,357
479,357
0,358
165,358
383,358
479,358
0,359
165,359
383,359
479,359
