0,0
134,0
249,0
479,0
0,1
134,1
249,1
479,1
0,2
133,2
250,2
479,2
0,3
133,3
250,3
479,3
0,4
134,4
251,4
479,4
0,5
134,5
251,5
479,5
0,6
134,6
252,6
479,6
0,7
134,7
252,7
479,7
0,8
135,8
253,8
253,8
255,8
479,8
0,9
135,9
254,9
479,9
0,10
136,10
254,10
479,10
0,11
137,11
255,11
479,11
0,12
138,12
255,12
479,12
0,13
136,13
138,13
138,13
255,13
479,13
0,14
139,14
256,14
479,14
0,15
140,15
256,15
479,15
0,16
140,16
142,16
142,16
257,16
479,16
0,17
143,17
257,17
479,17
0,18
144,18
257,18
479,18
0,19
145,19
258,19
479,19
0,20
146,20
259,20
479,20
0,21
147,21
259,21
479,21
0,22
149,22
259,22
479,22
0,23
151,23
220,23
220,23
259,23
479,23
0,24
151,24
220,24
221,24
259,24
479,24
0,25
152,25
220,25
222,25
259,25
479,25
0,26
155,26
221,26
223,26
260,26
479,26
0,27
157,27
222,27
223,27
260,27
479,27
0,28
158,28
223,28
224,28
260,28
479,28
0,29
160,29
224,29
225,29
260,29
479,29
0,30
162,30
224,30
225,30
260,30
479,30
0,31
164,31
224,31
226,31
261,31
479,31
0,32
166,32
261,32
479,32
0,33
169,33
227,33
227,33
261,33
479,33
0,34
170,34
227,34
227,34
261,34
479,34
0,35
173,35
261,35
479,35
0,36
176,36
261,36
479,36
0,37
176,37
178,37
178,37
262,37
479,37
0,38
181,38
262,38
479,38
0,39
183,39
262,39
479,39
0,40
185,40
262,40
479,40
0,41
188,41
262,41
479,41
0,42
190,42
262,42
479,42
0,43
193,43
262,43
479,43
0,44
192,44
194,44
195,44
262,44
479,44
0,45
197,45
262,45
479,45
0,46
198,46
262,46
479,46
0,47
201,47
262,47
479,47
0,48
202,48
263,48
479,48
0,49
204,49
263,49
479,49
0,50
205,50
263,50
479,50
0,51
206,51
263,51
479,51
0,52
207,52
263,52
479,52
0,53
208,53
263,53
479,53
0,54
209,54
263,54
479,54
0,55
210,55
263,55
479,55
0,56
212,56
263,56
479,56
0,57
213,57
263,57
479,57
0,58
214,58
263,58
479,58
0,59
215,59
263,59
479,59
0,60
215,60
263,60
479,60
0,61
216,61
263,61
479,61
0,62
216,62
264,62
479,62
0,63
217,63
264,63
479,63
0,64
217,64
264,64
479,64
0,65
219,65
264,65
479,65
0,66
219,66
264,66
479,66
0,67
220,67
264,67
479,67
0,68
220,68
264,68
479,68
0,69
220,69
264,69
479,69
0,70
221,70
264,70
479,70
0,71
222,71
264,71
479,71
0,72
222,72
264,72
479,72
0,73
223,73
264,73
479,73
0,74
223,74
264,74
479,74
0,75
224,75
264,75
479,75
0,76
224,76
264,76
479,76
0,77
225,77
265,77
479,77
0,78
225,78
265,78
479,78
0,79
226,79
265,79
479,79
0,80
226,80
275,80
479,80
0,81
227,81
279,81
281,81
284,81
479,81
0,82
228,82
280,82
479,82
0,83
228,83
284,83
479,83
0,84
226,84
287,84
479,84
0,85
225,85
291,85
479,85
0,86
223,86
292,86
479,86
0,87
220,87
294,87
479,87
0,88
218,88
294,88
479,88
0,89
214,89
216,89
216,89
298,89
479,89
0,90
211,90
299,90
479,90
0,91
211,91
300,91
479,91
0,92
210,92
300,92
479,92
0,93
208,93
302,93
479,93
0,94
205,94
304,94
479,94
0,95
205,95
304,95
479,95
0,96
204,96
306,96
479,96
0,97
203,97
307,97
479,97
0,98
201,98
308,98
479,98
0,99
200,99
309,99
479,99
0,100
199,100
312,100
479,100
0,101
198,101
311,101
479,101
0,102
197,102
312,102
479,102
0,103
197,103
313,103
479,103
0,104
196,104
313,104
479,104
0,105
195,105
315,105
479,105
0,106
194,106
316,106
479,106
0,107
193,107
316,107
479,107
0,108
193,108
317,108
479,108
0,109
192,109
318,109
479,109
0,110
191,110
318,110
479,110
0,111
191,111
319,111
479,111
0,112
190,112
319,112
479,112
0,113
190,113
320,113
479,113
0,114
189,114
320,114
479,114
0,115
189,115
320,115
479,115
0,116
189,116
320,116
479,116
0,117
188,117
321,117
479,117
0,118
187,118
322,118
479,118
0,119
187,119
322,119
479,119
0,120
186,120
322,120
479,120
0,121
186,121
322,121
479,121
0,122
185,122
322,122
479,122
0,123
185,123
324,123
479,123
0,124
184,124
323,124
479,124
0,125
183,125
323,125
479,125
0,126
183,126
324,126
479,126
0,127
183,127
325,127
479,127
0,128
183,128
325,128
479,128
0,129
183,129
324,129
479,129
0,130
182,130
324,130
479,130
0,131
181,131
325,131
479,131
0,132
181,132
325,132
479,132
0,133
181,133
326,133
479,133
0,134
181,134
326,134
479,134
0,135
180,135
326,135
479,135
0,136
180,136
326,136
479,136
0,137
180,137
326,137
479,137
0,138
182,138
326,138
479,138
0,139
182,139
327,139
479,139
0,140
181,140
327,140
479,140
0,141
181,141
327,141
479,141
0,142
180,142
327,142
479,142
0,143
180,143
328,143
479,143
0,144
181,144
184,144
186,144
327,144
479,144
0,145
186,145
328,145
479,145
0,146
186,146
328,146
479,146
0,147
186,147
328,147
479,147
0,148
187,148
327,148
479,148
0,149
187,149
328,149
479,149
0,150
187,150
328,150
479,150
0,151
187,151
328,151
479,151
0,152
188,152
328,152
479,152
0,153
188,153
328,153
479,153
0,154
188,154
328,154
479,154
0,155
189,155
328,155
479,155
0,156
189,156
329,156
479,156
0,157
190,157
329,157
479,157
0,158
190,158
192,158
192,158
329,158
479,158
0,159
192,159
207,159
207,159
329,159
479,159
0,160
193,160
329,160
479,160
0,161
194,161
207,161
209,161
329,161
479,161
0,162
195,162
209,162
210,162
329,162
479,162
0,163
197,163
199,163
199,163
201,163
201,163
209,163
209,163
330,163
479,163
0,164
201,164
209,164
209,164
329,164
479,164
0,165
203,165
205,165
208,165
329,165
479,165
0,166
208,166
329,166
479,166
0,167
207,167
329,167
479,167
0,168
207,168
329,168
479,168
0,169
205,169
329,169
479,169
0,170
204,170
330,170
479,170
0,171
202,171
330,171
479,171
0,172
201,172
330,172
479,172
0,173
201,173
330,173
479,173
0,174
200,174
330,174
479,174
0,175
201,175
330,175
479,175
0,176
201,176
330,176
479,176
0,177
203,177
330,177
479,177
0,178
205,178
330,178
479,178
0,179
206,179
330,179
479,179
0,180
206,180
330,180
479,180
0,181
207,181
330,181
479,181
0,182
204,182
206,182
207,182
331,182
479,182
0,183
206,183
331,183
479,183
0,184
207,184
331,184
479,184
0,185
207,185
331,185
479,185
0,186
208,186
331,186
479,186
0,187
209,187
331,187
479,187
0,188
210,188
331,188
479,188
0,189
211,189
332,189
479,189
0,190
211,190
332,190
479,190
0,191
212,191
332,191
479,191
0,192
212,192
332,192
479,192
0,193
214,193
332,193
479,193
0,194
215,194
332,194
479,194
0,195
215,195
332,195
479,195
0,196
216,196
332,196
479,196
0,197
216,197
332,197
479,197
0,198
216,198
332,198
479,198
0,199
216,199
332,199
479,199
0,200
217,200
332,200
479,200
0,201
218,201
332,201
479,201
0,202
218,202
332,202
479,202
0,203
219,203
332,203
479,203
0,204
218,204
332,204
479,204
0,205
221,205
332,205
479,205
0,206
222,206
332,206
479,206
0,207
222,207
332,207
479,207
0,208
223,208
332,208
479,208
0,209
223,209
332,209
479,209
0,210
223,210
332,210
479,210
0,211
223,211
332,211
479,211
0,212
223,212
332,212
479,212
0,213
223,213
332,213
479,213
0,214
223,214
332,214
479,214
0,215
223,215
332,215
479,215
0,216
223,216
332,216
479,216
0,217
223,217
332,217
479,217
0,218
223,218
332,218
479,218
0,219
223,219
332,219
479,219
0,220
223,220
332,220
479,220
0,221
223,221
332,221
479,221
0,222
223,222
332,222
479,222
0,223
223,223
332,223
479,223
0,224
222,224
332,224
479,224
0,225
222,225
332,225
479,225
0,226
222,226
332,226
479,226
0,227
222,227
332,227
479,227
0,228
222,228
333,228
479,228
0,229
222,229
333,229
479,229
0,230
222,230
333,230
479,230
0,231
222,231
333,231
479,231
0,232
222,232
334,232
479,232
0,233
222,233
334,233
479,233
0,234
222,234
334,234
479,234
0,235
222,235
334,235
479,235
0,236
222,236
334,236
479,236
0,237
222,237
335,237
479,237
0,238
221,238
335,238
479,238
0,239
221,239
336,239
479,239
0,240
220,240
336,240
479,240
0,241
220,241
336,241
479,241
0,242
219,242
336,242
479,242
0,243
216,243
218,243
219,243
337,243
479,243
0,244
218,244
337,244
479,244
0,245
218,245
337,245
479,245
0,246
217,246
337,246
479,246
0,247
217,247
337,247
479,247
0,248
217,248
338,248
479,248
0,249
216,249
338,249
479,249
0,250
216,250
338,250
479,250
0,251
215,251
338,251
479,251
0,252
215,252
339,252
479,252
0,253
214,253
339,253
479,253
0,254
214,254
340,254
479,254
0,255
213,255
340,255
479,255
0,256
213,256
341,256
479,256
0,257
213,257
341,257
479,257
0,258
212,258
342,258
479,258
0,259
212,259
342,259
479,259
0,260
211,260
343,260
479,260
0,261
211,261
343,261
479,261
0,262
211,262
343,262
479,262
0,263
210,263
343,263
479,263
0,264
210,264
343,264
479,264
0,265
207,265
209,265
210,265
343,265
479,265
0,266
207,266
209,266
209,266
343,266
479,266
0,267
208,267
344,267
479,267
0,268
208,268
344,268
479,268
0,269
208,269
344,269
479,269
0,270
207,270
345,270
479,270
0,271
207,271
345,271
479,271
0,272
206,272
345,272
479,272
0,273
205,273
345,273
479,273
0,274
205,274
346,274
479,274
0,275
204,275
346,275
479,275
0,276
204,276
346,276
479,276
0,277
203,277
346,277
479,277
0,278
203,278
347,278
479,278
0,279
202,279
347,279
479,279
0,280
202,280
348,280
479,280
0,281
201,281
348,281
479,281
0,282
201,282
348,282
479,282
0,283
200,283
348,283
479,283
0,284
200,284
348,284
479,284
0,285
200,285
348,285
479,285
0,286
199,286
349,286
479,286
0,287
198,287
349,287
479,287
0,288
198,288
350,288
479,288
0,289
198,289
350,289
479,289
0,290
198,290
350,290
479,290
0,291
197,291
351,291
479,291
0,292
197,292
352,292
479,292
0,293
196,293
352,293
479,293
0,294
196,294
352,294
479,294
0,295
195,295
352,295
479,295
0,296
195,296
352,296
479,296
0,297
194,297
352,297
479,297
0,298
194,298
354,298
479,298
0,299
193,299
353,299
479,299
0,300
194,300
353,300
479,300
0,301
193,301
354,301
479,301
0,302
193,302
354,302
479,302
0,303
192,303
354,303
479,303
0,304
193,304
354,304
479,304
0,305
192,305
354,305
479,305
0,306
191,306
354,306
479,306
0,307
191,307
354,307
479,307
0,308
191,308
355,308
479,308
0,309
191,309
355,309
479,309
0,310
189,310
355,310
479,310
0,311
189,311
355,311
479,311
0,312
188,312
356,312
479,312
0,313
188,313
356,313
479,313
0,314
187,314
356,314
479,314
0,315
186,315
356,315
479,315
0,316
185,316
356,316
479,316
0,317
185,317
356,317
479,317
0,318
184,318
356,318
479,318
0,319
183,319
356,319
479,319
0,320
180,320
182,320
183,320
357,320
479,320
0,321
182,321
357,321
479,321
0,322
182,322
357,322
479,322
0,323
180,323
358,323
479,323
0,324
180,324
358,324
479,324
0,325
179,325
359,325
479,325
0,326
179,326
359,326
479,326
0,327
178,327
359,327
479,327
0,328
177,328
359,328
479,328
0,329
177,329
359,329
479,329
0,330
176,330
359,330
479,330
0,331
175,331
359,331
479,331
0,332
175,332
359,332
479,332
0,333
174,333
360,333
479,333
0,334
173,334
360,334
479,334
0,335
173,335
360,335
479,335
0,336
172,336
360,336
479,336
0,337
172,337
360,337
479,337
0,338
172,338
360,338
479,338
0,339
171,339
360,339
479,339
0,340
171,340
360,340
479,340
0,341
168,341
170,341
170,341
360,341
479,341
0,342
170,342
360,342
479,342
0,343
170,343
360,343
479,343
0,344
170,344
359,344
479,344
0,345
169,345
359,345
479,345
0,346
168,346
359,346
479,346
0,347
169,347
359,347
479,347
0,348
169,348
358,348
479,348
0,349
168,349
358,349
479,349
0,350
168,350
358,350
479,350
0,351
168,351
357,351
479,351
0,352
168,352
357,352
479,352
0,353
168,353
357,353
479,353
0,354
168,354
357,354
479,354
0,355
168,355
357,355
479,355
0,356
167,356
357,356
479,356
0,357
167,357
357,357
479,357
0,358
166,358
357,358
479,358
0,359
166,359
357,359
479,359
