0,0
479,0
0,1
479,1
0,2
479,2
0,3
479,3
0,4
479,4
0,5
479,5
0,6
479,6
0,7
479,7
0,8
479,8
0,9
479,9
0,10
479,10
0,11
479,11
0,12
479,12
0,13
479,13
0,14
479,14
0,15
479,15
0,16
479,16
0,17
479,17
0,18
479,18
0,19
479,19
0,20
479,20
0,21
479,21
0,22
479,22
0,23
479,23
0,24
479,24
0,25
479,25
0,26
479,26
0,27
479,27
0,28
479,28
0,29
479,29
0,30
479,30
0,31
479,31
0,32
479,32
0,33
479,33
0,34
479,34
0,35
479,35
0,36
479,36
0,37
479,37
0,38
479,38
0,39
479,39
0,40
479,40
0,41
479,41
0,42
479,42
0,43
479,43
0,44
479,44
0,45
479,45
0,46
479,46
0,47
479,47
0,48
479,48
0,49
479,49
0,50
479,50
0,51
479,51
0,52
479,52
0,53
479,53
0,54
479,54
0,55
479,55
0,56
479,56
0,57
479,57
0,58
479,58
0,59
479,59
0,60
479,60
0,61
479,61
0,62
479,62
0,63
479,63
0,64
479,64
0,65
479,65
0,66
479,66
0,67
479,67
0,68
479,68
0,69
479,69
0,70
479,70
0,71
479,71
0,72
479,72
0,73
479,73
0,74
479,74
0,75
356,75
359,75
362,75
364,75
479,75
0,76
353,76
362,76
479,76
0,77
351,77
365,77
479,77
0,78
350,78
367,78
479,78
0,79
349,79
368,79
479,79
0,80
349,80
371,80
479,80
0,81
348,81
372,81
479,81
0,82
333,82
336,82
349,82
372,82
479,82
0,83
349,83
373,83
479,83
0,84
334,84
340,84
349,84
374,84
479,84
0,85
330,85
345,85
350,85
375,85
479,85
0,86
329,86
348,86
351,86
376,86
479,86
0,87
328,87
349,87
352,87
377,87
479,87
0,88
328,88
351,88
353,88
378,88
479,88
0,89
328,89
353,89
355,89
378,89
479,89
0,90
329,90
354,90
357,90
379,90
479,90
0,91
330,91
356,91
357,91
359,91
360,91
380,91
479,91
0,92
331,92
357,92
362,92
380,92
479,92
0,93
333,93
358,93
363,93
380,93
479,93
0,94
334,94
360,94
361,94
363,94
364,94
381,94
479,94
0,95
335,95
360,95
361,95
363,95
365,95
381,95
479,95
0,96
337,96
362,96
366,96
381,96
479,96
0,97
339,97
362,97
366,97
381,97
479,97
0,98
340,98
363,98
366,98
381,98
382,98
384,98
479,98
0,99
343,99
364,99
367,99
382,99
479,99
0,100
345,100
365,100
368,100
382,100
479,100
0,101
347,101
365,101
368,101
382,101
479,101
0,102
348,102
366,102
367,102
383,102
479,102
0,103
350,103
367,103
369,103
383,103
479,103
0,104
352,104
367,104
368,104
383,104
479,104
0,105
353,105
368,105
369,105
383,105
479,105
0,106
355,106
368,106
370,106
383,106
479,106
0,107
353,107
355,107
356,107
369,107
370,107
383,107
479,107
0,108
353,108
356,108
357,108
369,108
370,108
384,108
479,108
0,109
358,109
370,109
370,109
384,109
479,109
0,110
358,110
370,110
371,110
384,110
479,110
0,111
359,111
371,111
371,111
384,111
479,111
0,112
360,112
371,112
371,112
384,112
479,112
0,113
360,113
371,113
372,113
384,113
385,113
388,113
479,113
0,114
360,114
372,114
372,114
385,114
479,114
0,115
361,115
387,115
479,115
0,116
362,116
390,116
479,116
0,117
362,117
393,117
479,117
0,118
361,118
395,118
479,118
0,119
359,119
396,119
479,119
0,120
358,120
398,120
479,120
0,121
357,121
399,121
479,121
0,122
356,122
401,122
479,122
0,123
355,123
403,123
479,123
0,124
355,124
404,124
479,124
0,125
354,125
404,125
479,125
0,126
353,126
405,126
479,126
0,127
353,127
406,127
479,127
0,128
352,128
406,128
479,128
0,129
352,129
407,129
479,129
0,130
352,130
407,130
479,130
0,131
351,131
408,131
479,131
0,132
351,132
408,132
479,132
0,133
350,133
408,133
479,133
0,134
350,134
408,134
479,134
0,135
350,135
409,135
479,135
0,136
349,136
409,136
479,136
0,137
348,137
410,137
479,137
0,138
349,138
410,138
479,138
0,139
349,139
410,139
479,139
0,140
350,140
410,140
479,140
0,141
350,141
410,141
479,141
0,142
349,142
411,142
479,142
0,143
350,143
411,143
479,143
0,144
350,144
411,144
479,144
0,145
351,145
411,145
479,145
0,146
351,146
411,146
479,146
0,147
352,147
411,147
479,147
0,148
354,148
411,148
479,148
0,149
356,149
411,149
479,149
0,150
357,150
412,150
479,150
0,151
358,151
412,151
479,151
0,152
257,152
259,152
359,152
412,152
479,152
0,153
359,153
412,153
479,153
0,154
255,154
259,154
360,154
412,154
479,154
0,155
255,155
260,155
360,155
412,155
479,155
0,156
255,156
261,156
360,156
412,156
479,156
0,157
255,157
261,157
360,157
412,157
479,157
0,158
255,158
262,158
360,158
413,158
479,158
0,159
255,159
262,159
360,159
413,159
479,159
0,160
256,160
263,160
360,160
413,160
479,160
0,161
257,161
264,161
361,161
413,161
479,161
0,162
257,162
265,162
361,162
413,162
479,162
0,163
257,163
267,163
309,163
311,163
359,163
361,163
361,163
413,163
479,163
0,164
254,164
268,164
270,164
316,164
317,164
328,164
361,164
413,164
479,164
0,165
237,165
339,165
358,165
413,165
479,165
0,166
236,166
413,166
479,166
0,167
236,167
414,167
479,167
0,168
237,168
414,168
479,168
0,169
238,169
414,169
479,169
0,170
247,170
414,170
479,170
0,171
247,171
414,171
479,171
0,172
247,172
414,172
479,172
0,173
247,173
414,173
479,173
0,174
249,174
414,174
479,174
0,175
250,175
414,175
479,175
0,176
251,176
415,176
479,176
0,177
252,177
415,177
479,177
0,178
251,178
415,178
479,178
0,179
250,179
416,179
479,179
0,180
253,180
267,180
268,180
416,180
479,180
0,181
256,181
264,181
269,181
416,181
479,181
0,182
270,182
417,182
479,182
0,183
302,183
305,183
305,183
308,183
308,183
417,183
479,183
0,184
318,184
418,184
479,184
0,185
322,185
418,185
479,185
0,186
331,186
418,186
479,186
0,187
323,187
325,187
339,187
419,187
479,187
0,188
358,188
419,188
479,188
0,189
358,189
419,189
479,189
0,190
358,190
420,190
479,190
0,191
356,191
358,191
359,191
420,191
479,191
0,192
359,192
421,192
479,192
0,193
359,193
421,193
479,193
0,194
358,194
421,194
479,194
0,195
359,195
422,195
479,195
0,196
360,196
422,196
479,196
0,197
360,197
422,197
479,197
0,198
361,198
423,198
479,198
0,199
361,199
423,199
479,199
0,200
361,200
423,200
479,200
0,201
361,201
424,201
479,201
0,202
361,202
424,202
479,202
0,203
362,203
424,203
479,203
0,204
362,204
425,204
479,204
0,205
362,205
425,205
479,205
0,206
363,206
426,206
479,206
0,207
363,207
426,207
479,207
0,208
363,208
427,208
479,208
0,209
363,209
428,209
479,209
0,210
363,210
428,210
479,210
0,211
363,211
429,211
479,211
0,212
363,212
430,212
479,212
0,213
363,213
430,213
479,213
0,214
363,214
430,214
479,214
0,215
363,215
430,215
479,215
0,216
363,216
430,216
479,216
0,217
363,217
430,217
479,217
0,218
363,218
430,218
479,218
0,219
363,219
429,219
479,219
0,220
363,220
429,220
479,220
0,221
363,221
429,221
479,221
0,222
363,222
428,222
479,222
0,223
363,223
428,223
479,223
0,224
362,224
428,224
479,224
0,225
362,225
428,225
479,225
0,226
362,226
429,226
479,226
0,227
362,227
429,227
479,227
0,228
362,228
429,228
479,228
0,229
362,229
430,229
479,229
0,230
361,230
430,230
479,230
0,231
361,231
430,231
479,231
0,232
361,232
430,232
479,232
0,233
361,233
431,233
479,233
0,234
359,234
431,234
479,234
0,235
359,235
431,235
479,235
0,236
360,236
431,236
479,236
0,237
359,237
432,237
479,237
0,238
359,238
432,238
479,238
0,239
358,239
432,239
479,239
0,240
358,240
432,240
479,240
0,241
357,241
432,241
479,241
0,242
355,242
357,242
357,242
432,242
479,242
0,243
355,243
432,243
479,243
0,244
355,244
433,244
479,244
0,245
354,245
433,245
479,245
0,246
354,246
433,246
479,246
0,247
354,247
433,247
479,247
0,248
354,248
433,248
479,248
0,249
353,249
433,249
479,249
0,250
353,250
433,250
479,250
0,251
352,251
433,251
479,251
0,252
352,252
433,252
479,252
0,253
352,253
433,253
479,253
0,254
352,254
433,254
479,254
0,255
352,255
433,255
479,255
0,256
351,256
433,256
479,256
0,257
351,257
433,257
479,257
0,258
351,258
433,258
479,258
0,259
351,259
433,259
479,259
0,260
351,260
433,260
479,260
0,261
351,261
433,261
479,261
0,262
351,262
433,262
479,262
0,263
351,263
433,263
479,263
0,264
351,264
433,264
479,264
0,265
351,265
433,265
479,265
0,266
350,266
433,266
479,266
0,267
350,267
433,267
479,267
0,268
350,268
433,268
479,268
0,269
350,269
433,269
479,269
0,270
349,270
433,270
479,270
0,271
349,271
433,271
479,271
0,272
349,272
433,272
479,272
0,273
348,273
433,273
479,273
0,274
348,274
433,274
479,274
0,275
347,275
433,275
479,275
0,276
347,276
433,276
479,276
0,277
343,277
346,277
346,277
433,277
479,277
0,278
343,278
345,278
346,278
433,278
479,278
0,279
345,279
433,279
479,279
0,280
344,280
433,280
479,280
0,281
344,281
433,281
479,281
0,282
344,282
432,282
479,282
0,283
343,283
432,283
479,283
0,284
342,284
432,284
479,284
0,285
341,285
432,285
479,285
0,286
341,286
432,286
479,286
0,287
340,287
432,287
479,287
0,288
340,288
431,288
479,288
0,289
340,289
431,289
479,289
0,290
340,290
431,290
479,290
0,291
340,291
431,291
479,291
0,292
341,292
431,292
479,292
0,293
342,293
431,293
479,293
0,294
343,294
431,294
479,294
0,295
346,295
431,295
479,295
0,296
351,296
431,296
479,296
0,297
354,297
431,297
479,297
0,298
353,298
431,298
479,298
0,299
352,299
431,299
479,299
0,300
352,300
432,300
479,300
0,301
352,301
383,301
387,301
429,301
479,301
0,302
351,302
382,302
387,302
429,302
479,302
0,303
351,303
382,303
386,303
429,303
479,303
0,304
351,304
382,304
387,304
417,304
418,304
429,304
479,304
0,305
351,305
381,305
387,305
417,305
419,305
425,305
425,305
429,305
479,305
0,306
350,306
381,306
387,306
416,306
419,306
425,306
425,306
429,306
479,306
0,307
350,307
380,307
387,307
415,307
415,307
417,307
420,307
425,307
425,307
429,307
479,307
0,308
349,308
380,308
387,308
416,308
422,308
425,308
427,308
429,308
479,308
0,309
349,309
380,309
387,309
416,309
479,309
0,310
349,310
379,310
387,310
415,310
479,310
0,311
348,311
378,311
387,311
415,311
479,311
0,312
348,312
378,312
387,312
415,312
479,312
0,313
348,313
377,313
387,313
415,313
479,313
0,314
347,314
377,314
387,314
415,314
479,314
0,315
347,315
376,315
387,315
415,315
479,315
0,316
346,316
376,316
387,316
414,316
479,316
0,317
346,317
376,317
387,317
414,317
479,317
0,318
346,318
375,318
387,318
414,318
479,318
0,319
345,319
375,319
387,319
414,319
479,319
0,320
345,320
374,320
387,320
414,320
479,320
0,321
345,321
374,321
387,321
414,321
479,321
0,322
345,322
374,322
387,322
413,322
479,322
0,323
344,323
373,323
387,323
413,323
479,323
0,324
344,324
372,324
387,324
413,324
479,324
0,325
344,325
372,325
387,325
413,325
479,325
0,326
343,326
372,326
387,326
413,326
479,326
0,327
343,327
371,327
387,327
413,327
479,327
0,328
343,328
371,328
388,328
412,328
479,328
0,329
343,329
370,329
388,329
412,329
479,329
0,330
342,330
370,330
388,330
412,330
479,330
0,331
342,331
370,331
388,331
412,331
479,331
0,332
342,332
369,332
388,332
412,332
479,332
0,333
341,333
369,333
388,333
412,333
479,333
0,334
341,334
368,334
388,334
411,334
479,334
0,335
341,335
368,335
388,335
411,335
479,335
0,336
341,336
367,336
388,336
411,336
479,336
0,337
340,337
367,337
388,337
411,337
479,337
0,338
339,338
366,338
388,338
410,338
479,338
0,339
339,339
366,339
388,339
410,339
479,339
0,340
340,340
365,340
388,340
410,340
479,340
0,341
339,341
365,341
388,341
410,341
479,341
0,342
339,342
364,342
388,342
410,342
479,342
0,343
339,343
364,343
389,343
410,343
479,343
0,344
338,344
364,344
389,344
410,344
479,344
0,345
338,345
363,345
388,345
410,345
479,345
0,346
338,346
363,346
388,346
410,346
479,346
0,347
337,347
362,347
388,347
410,347
479,347
0,348
337,348
362,348
388,348
410,348
479,348
0,349
336,349
361,349
388,349
410,349
479,349
0,350
336,350
360,350
388,350
410,350
479,350
0,351
336,351
360,351
388,351
410,351
479,351
0,352
335,352
359,352
388,352
410,352
479,352
0,353
335,353
359,353
388,353
410,353
479,353
0,354
335,354
358,354
388,354
410,354
479,354
0,355
334,355
358,355
388,355
410,355
479,355
0,356
334,356
357,356
388,356
410,356
479,356
0,357
334,357
357,357
388,357
410,357
479,357
0,358
334,358
356,358
388,358
410,358
479,358
0,359
334,359
356,359
388,359
410,359
479,359
