56,0
479,0
32,1
33,1
56,1
479,1
50,2
479,2
50,3
479,3
46,4
479,4
44,5
479,5
40,6
479,6
40,7
479,7
40,8
479,8
41,9
479,9
42,10
479,10
42,11
479,11
43,12
479,12
43,13
479,13
44,14
479,14
44,15
479,15
45,16
479,16
46,17
479,17
48,18
479,18
49,19
479,19
49,20
479,20
49,21
479,21
50,22
479,22
50,23
479,23
51,24
479,24
53,25
479,25
54,26
479,26
55,27
479,27
56,28
479,28
57,29
479,29
59,30
479,30
61,31
479,31
62,32
479,32
63,33
479,33
28,34
28,34
64,34
479,34
28,35
28,35
65,35
479,35
65,36
479,36
66,37
75,37
81,37
479,37
67,38
73,38
81,38
479,38
68,39
71,39
80,39
479,39
80,40
479,40
80,41
479,41
80,42
479,42
79,43
479,43
79,44
479,44
78,45
479,45
78,46
479,46
78,47
479,47
80,48
479,48
81,49
479,49
83,50
479,50
84,51
479,51
85,52
479,52
86,53
479,53
87,54
479,54
87,55
479,55
89,56
479,56
90,57
479,57
91,58
479,58
92,59
479,59
92,60
479,60
93,61
479,61
94,62
479,62
96,63
479,63
97,64
479,64
98,65
479,65
100,66
479,66
100,67
479,67
101,68
479,68
101,69
479,69
101,70
479,70
102,71
479,71
104,72
479,72
106,73
479,73
108,74
479,74
110,75
479,75
64,76
64,76
110,76
479,76
64,77
65,77
110,77
479,77
64,78
68,78
111,78
479,78
64,79
68,79
111,79
479,79
64,80
69,80
114,80
479,80
64,81
69,81
115,81
479,81
64,82
72,82
116,82
479,82
64,83
73,83
118,83
479,83
64,84
74,84
118,84
479,84
64,85
75,85
119,85
479,85
64,86
76,86
120,86
479,86
64,87
77,87
122,87
479,87
64,88
78,88
123,88
479,88
64,89
78,89
123,89
479,89
64,90
78,90
126,90
479,90
64,91
80,91
126,91
479,91
64,92
81,92
127,92
479,92
64,93
82,93
127,93
479,93
64,94
83,94
128,94
479,94
64,95
84,95
128,95
479,95
64,96
85,96
130,96
479,96
64,97
86,97
133,97
479,97
63,98
87,98
134,98
479,98
62,99
88,99
135,99
479,99
62,100
89,100
136,100
479,100
61,101
90,101
136,101
479,101
59,102
59,102
61,102
91,102
137,102
479,102
59,103
92,103
138,103
479,103
56,104
93,104
139,104
479,104
56,105
93,105
139,105
479,105
53,106
94,106
140,106
479,106
52,107
96,107
141,107
479,107
51,108
96,108
142,108
479,108
51,109
97,109
143,109
479,109
51,110
98,110
143,110
143,110
146,110
479,110
51,111
98,111
146,111
479,111
50,112
101,112
147,112
479,112
51,113
102,113
148,113
479,113
51,114
103,114
149,114
479,114
52,115
103,115
150,115
479,115
53,116
105,116
151,116
479,116
54,117
106,117
151,117
479,117
58,118
107,118
153,118
479,118
59,119
109,119
154,119
479,119
62,120
109,120
156,120
479,120
63,121
109,121
156,121
479,121
65,122
110,122
158,122
479,122
66,123
110,123
159,123
479,123
67,124
110,124
112,124
112,124
160,124
479,124
69,125
113,125
161,125
479,125
69,126
114,126
162,126
479,126
70,127
115,127
163,127
479,127
71,128
116,128
164,128
479,128
71,129
117,129
165,129
479,129
71,130
118,130
166,130
479,130
72,131
119,131
167,131
479,131
73,132
120,132
168,132
479,132
73,133
121,133
169,133
479,133
74,134
122,134
170,134
479,134
74,135
123,135
171,135
479,135
75,136
124,136
171,136
479,136
75,137
125,137
172,137
479,137
76,138
126,138
173,138
479,138
76,139
127,139
173,139
479,139
77,140
127,140
174,140
479,140
77,141
128,141
175,141
479,141
78,142
129,142
176,142
479,142
78,143
130,143
176,143
479,143
78,144
131,144
178,144
479,144
79,145
131,145
179,145
479,145
79,146
132,146
180,146
479,146
80,147
132,147
181,147
479,147
80,148
133,148
181,148
479,148
81,149
134,149
182,149
479,149
81,150
135,150
183,150
479,150
82,151
136,151
183,151
479,151
83,152
136,152
184,152
479,152
84,153
137,153
185,153
479,153
85,154
137,154
186,154
479,154
86,155
138,155
186,155
479,155
87,156
138,156
186,156
479,156
90,157
140,157
187,157
479,157
92,158
141,158
188,158
479,158
92,159
142,159
190,159
479,159
93,160
142,160
190,160
479,160
91,161
91,161
94,161
143,161
191,161
479,161
404,162
479,162
406,163
479,163
406,164
479,164
406,165
479,165
406,166
479,166
405,167
479,167
406,168
479,168
406,169
479,169
404,170
479,170
108,171
151,171
192,171
479,171
110,172
151,172
195,172
479,172
110,173
151,173
195,173
479,173
112,174
151,174
195,174
479,174
112,175
151,175
195,175
479,175
113,176
151,176
195,176
479,176
114,177
151,177
195,177
479,177
115,178
152,178
195,178
479,178
116,179
153,179
195,179
479,179
117,180
154,180
195,180
479,180
118,181
155,181
195,181
479,181
118,182
155,182
195,182
479,182
118,183
155,183
195,183
479,183
119,184
155,184
195,184
479,184
119,185
156,185
195,185
479,185
120,186
156,186
195,186
479,186
120,187
157,187
195,187
479,187
120,188
158,188
195,188
479,188
120,189
158,189
195,189
479,189
121,190
159,190
195,190
479,190
122,191
160,191
195,191
479,191
122,192
159,192
194,192
479,192
122,193
159,193
194,193
479,193
122,194
159,194
194,194
479,194
122,195
159,195
194,195
479,195
121,196
159,196
194,196
479,196
121,197
159,197
194,197
479,197
121,198
159,198
193,198
479,198
120,199
159,199
193,199
479,199
120,200
160,200
192,200
479,200
120,201
160,201
192,201
479,201
120,202
161,202
192,202
479,202
120,203
161,203
192,203
479,203
122,204
162,204
191,204
479,204
122,205
162,205
191,205
479,205
123,206
163,206
190,206
479,206
123,207
163,207
190,207
479,207
123,208
163,208
189,208
479,208
123,209
163,209
188,209
479,209
123,210
163,210
187,210
479,210
123,211
163,211
187,211
479,211
123,212
163,212
186,212
479,212
122,213
163,213
185,213
479,213
122,214
163,214
185,214
479,214
122,215
164,215
184,215
479,215
122,216
164,216
183,216
479,216
122,217
164,217
183,217
479,217
122,218
165,218
181,218
479,218
122,219
164,219
180,219
479,219
121,220
164,220
175,220
479,220
121,221
164,221
174,221
479,221
119,222
164,222
172,222
479,222
118,223
168,223
171,223
479,223
116,224
479,224
115,225
479,225
114,226
479,226
109,227
479,227
108,228
479,228
106,229
479,229
105,230
479,230
17,231
18,231
100,231
479,231
19,232
21,232
103,232
479,232
19,233
28,233
95,233
479,233
20,234
37,234
59,234
82,234
86,234
479,234
20,235
42,235
56,235
479,235
20,236
479,236
20,237
479,237
20,238
479,238
20,239
479,239
20,240
479,240
20,241
479,241
20,242
479,242
21,243
479,243
21,244
479,244
22,245
479,245
23,246
479,246
29,247
479,247
30,248
479,248
32,249
479,249
33,250
479,250
35,251
479,251
35,252
479,252
36,253
479,253
36,254
479,254
36,255
479,255
36,256
479,256
36,257
479,257
36,258
479,258
36,259
479,259
36,260
479,260
36,261
479,261
35,262
479,262
34,263
479,263
34,264
479,264
34,265
479,265
33,266
479,266
33,267
479,267
32,268
479,268
33,269
479,269
33,270
479,270
33,271
479,271
36,272
479,272
37,273
479,273
38,274
479,274
39,275
479,275
39,276
479,276
41,277
479,277
42,278
479,278
43,279
479,279
43,280
479,280
44,281
479,281
44,282
479,282
44,283
479,283
44,284
479,284
43,285
479,285
42,286
479,286
41,287
479,287
37,288
479,288
34,289
479,289
33,290
479,290
30,291
479,291
17,292
21,292
27,292
479,292
15,293
22,293
27,293
479,293
14,294
479,294
14,295
479,295
10,296
11,296
13,296
479,296
6,297
479,297
4,298
479,298
2,299
479,299
0,300
479,300
0,301
479,301
0,302
479,302
0,303
479,303
0,304
479,304
0,305
479,305
0,306
479,306
0,307
479,307
0,308
479,308
0,309
479,309
0,310
479,310
0,311
479,311
0,312
479,312
0,313
479,313
0,314
479,314
0,315
479,315
0,316
479,316
0,317
479,317
0,318
479,318
0,319
479,319
0,320
479,320
0,321
479,321
0,322
479,322
0,323
479,323
0,324
479,324
0,325
479,325
0,326
479,326
0,327
479,327
0,328
479,328
0,329
479,329
0,330
479,330
0,331
479,331
0,332
479,332
0,333
479,333
0,334
479,334
0,335
479,335
0,336
479,336
0,337
479,337
0,338
479,338
0,339
479,339
0,340
479,340
0,341
479,341
0,342
479,342
0,343
479,343
0,344
479,344
0,345
479,345
0,346
479,346
0,347
479,347
0,348
479,348
0,349
479,349
0,350
479,350
0,351
479,351
0,352
479,352
0,353
479,353
0,354
479,354
0,355
479,355
0,356
479,356
0,357
479,357
0,358
479,358
0,359
479,359
