0,0
140,0
170,0
479,0
0,1
140,1
170,1
479,1
0,2
140,2
170,2
479,2
0,3
140,3
170,3
479,3
0,4
140,4
170,4
479,4
0,5
140,5
170,5
479,5
0,6
141,6
170,6
479,6
0,7
141,7
170,7
479,7
0,8
141,8
170,8
479,8
0,9
142,9
170,9
479,9
0,10
143,10
170,10
479,10
0,11
144,11
170,11
479,11
0,12
145,12
170,12
479,12
0,13
143,13
145,13
146,13
170,13
479,13
0,14
147,14
170,14
479,14
0,15
148,15
170,15
479,15
0,16
146,16
148,16
148,16
170,16
479,16
0,17
146,17
148,17
148,17
170,17
479,17
0,18
148,18
171,18
479,18
0,19
148,19
171,19
479,19
0,20
148,20
171,20
479,20
0,21
148,21
172,21
182,21
184,21
479,21
0,22
147,22
172,22
180,22
186,22
479,22
0,23
147,23
172,23
178,23
185,23
479,23
0,24
143,24
172,24
177,24
192,24
479,24
0,25
143,25
172,25
177,25
193,25
479,25
0,26
143,26
172,26
175,26
194,26
479,26
0,27
140,27
172,27
174,27
195,27
479,27
0,28
140,28
173,28
173,28
199,28
479,28
0,29
139,29
141,29
141,29
201,29
479,29
0,30
139,30
141,30
141,30
202,30
479,30
0,31
139,31
203,31
479,31
0,32
140,32
204,32
479,32
0,33
140,33
206,33
479,33
0,34
140,34
207,34
479,34
0,35
140,35
207,35
479,35
0,36
140,36
208,36
479,36
0,37
141,37
209,37
479,37
0,38
141,38
210,38
479,38
0,39
141,39
211,39
479,39
0,40
141,40
211,40
479,40
0,41
141,41
212,41
479,41
0,42
141,42
212,42
479,42
0,43
141,43
213,43
479,43
0,44
142,44
213,44
479,44
0,45
142,45
214,45
479,45
0,46
143,46
214,46
479,46
0,47
143,47
215,47
479,47
0,48
143,48
215,48
479,48
0,49
143,49
216,49
479,49
0,50
143,50
217,50
479,50
0,51
143,51
218,51
479,51
0,52
144,52
218,52
479,52
0,53
144,53
218,53
479,53
0,54
144,54
218,54
479,54
0,55
144,55
218,55
479,55
0,56
144,56
218,56
479,56
0,57
145,57
217,57
479,57
0,58
145,58
217,58
479,58
0,59
145,59
218,59
479,59
0,60
146,60
218,60
479,60
0,61
146,61
218,61
479,61
0,62
145,62
218,62
479,62
0,63
145,63
218,63
479,63
0,64
146,64
218,64
479,64
0,65
146,65
218,65
479,65
0,66
147,66
218,66
479,66
0,67
147,67
219,67
479,67
0,68
147,68
219,68
479,68
0,69
147,69
219,69
479,69
0,70
147,70
220,70
479,70
0,71
147,71
220,71
479,71
0,72
146,72
220,72
479,72
0,73
146,73
221,73
479,73
0,74
146,74
221,74
479,74
0,75
146,75
222,75
479,75
0,76
146,76
223,76
479,76
0,77
146,77
225,77
479,77
0,78
146,78
223,78
479,78
0,79
146,79
221,79
479,79
0,80
145,80
220,80
479,80
0,81
145,81
219,81
479,81
0,82
145,82
218,82
479,82
0,83
145,83
217,83
479,83
0,84
145,84
217,84
479,84
0,85
147,85
217,85
479,85
0,86
148,86
214,86
215,86
217,86
479,86
0,87
149,87
214,87
215,87
217,87
479,87
0,88
151,88
203,88
206,88
216,88
479,88
0,89
151,89
204,89
207,89
217,89
479,89
0,90
150,90
218,90
479,90
0,91
149,91
219,91
479,91
0,92
149,92
219,92
479,92
0,93
149,93
220,93
479,93
0,94
149,94
221,94
479,94
0,95
149,95
222,95
479,95
0,96
149,96
222,96
479,96
0,97
149,97
222,97
479,97
0,98
149,98
224,98
479,98
0,99
149,99
224,99
479,99
0,100
149,100
225,100
479,100
0,101
149,101
226,101
479,101
0,102
149,102
227,102
479,102
0,103
149,103
228,103
479,103
0,104
149,104
227,104
479,104
0,105
149,105
227,105
479,105
0,106
149,106
227,106
479,106
0,107
149,107
227,107
479,107
0,108
151,108
229,108
239,108
241,108
479,108
0,109
151,109
230,109
237,109
242,109
479,109
0,110
152,110
230,110
236,110
244,110
479,110
0,111
152,111
230,111
235,111
244,111
479,111
0,112
152,112
230,112
234,112
247,112
479,112
0,113
152,113
231,113
233,113
248,113
479,113
0,114
152,114
231,114
232,114
248,114
479,114
0,115
152,115
231,115
231,115
248,115
479,115
0,116
152,116
249,116
479,116
0,117
152,117
251,117
479,117
0,118
152,118
251,118
479,118
0,119
152,119
252,119
479,119
0,120
152,120
253,120
479,120
0,121
152,121
254,121
479,121
0,122
152,122
256,122
479,122
0,123
153,123
257,123
479,123
0,124
153,124
212,124
212,124
255,124
255,124
257,124
479,124
0,125
153,125
213,125
213,125
257,125
479,125
0,126
153,126
211,126
211,126
213,126
214,126
258,126
479,126
0,127
153,127
210,127
215,127
258,127
479,127
0,128
153,128
209,128
216,128
258,128
479,128
0,129
153,129
209,129
216,129
260,129
479,129
0,130
153,130
208,130
217,130
260,130
479,130
0,131
153,131
208,131
217,131
260,131
479,131
0,132
153,132
208,132
218,132
261,132
479,132
0,133
154,133
207,133
219,133
262,133
479,133
0,134
154,134
206,134
220,134
262,134
479,134
0,135
154,135
206,135
221,135
263,135
479,135
0,136
154,136
205,136
221,136
264,136
479,136
0,137
155,137
206,137
222,137
264,137
479,137
0,138
155,138
208,138
224,138
264,138
479,138
0,139
155,139
209,139
224,139
264,139
479,139
0,140
155,140
211,140
225,140
266,140
479,140
0,141
155,141
213,141
225,141
266,141
479,141
0,142
154,142
214,142
227,142
266,142
479,142
0,143
154,143
215,143
227,143
267,143
479,143
0,144
153,144
216,144
227,144
268,144
479,144
0,145
153,145
217,145
227,145
269,145
479,145
0,146
153,146
218,146
227,146
270,146
479,146
0,147
153,147
219,147
227,147
270,147
479,147
0,148
153,148
224,148
227,148
270,148
479,148
0,149
153,149
226,149
227,149
271,149
479,149
0,150
153,150
271,150
479,150
0,151
153,151
272,151
479,151
0,152
153,152
272,152
479,152
0,153
152,153
273,153
479,153
0,154
152,154
273,154
479,154
0,155
152,155
274,155
479,155
0,156
152,156
274,156
479,156
0,157
152,157
275,157
479,157
0,158
151,158
275,158
479,158
0,159
151,159
275,159
479,159
15,160
148,160
275,160
479,160
0,161
151,161
276,161
479,161
0,171
148,171
232,171
239,171
279,171
479,171
0,172
148,172
232,172
239,172
279,172
479,172
0,173
148,173
232,173
239,173
279,173
479,173
0,174
148,174
232,174
239,174
279,174
479,174
0,175
148,175
232,175
240,175
280,175
479,175
0,176
147,176
235,176
240,176
280,176
479,176
0,177
147,177
236,177
240,177
280,177
479,177
0,178
147,178
236,178
241,178
280,178
479,178
0,179
147,179
236,179
241,179
280,179
479,179
0,180
146,180
235,180
241,180
280,180
479,180
0,181
145,181
234,181
242,181
280,181
479,181
0,182
145,182
233,182
243,182
280,182
479,182
0,183
144,183
231,183
244,183
280,183
479,183
0,184
145,184
230,184
244,184
280,184
479,184
0,185
144,185
228,185
245,185
280,185
479,185
0,186
144,186
228,186
246,186
280,186
479,186
0,187
144,187
229,187
246,187
280,187
479,187
0,188
143,188
230,188
259,188
280,188
479,188
0,189
143,189
230,189
260,189
278,189
479,189
0,190
143,190
232,190
262,190
278,190
479,190
0,191
143,191
232,191
263,191
276,191
479,191
0,192
143,192
233,192
265,192
276,192
479,192
0,193
143,193
234,193
269,193
274,193
479,193
0,194
143,194
236,194
479,194
0,195
142,195
236,195
479,195
0,196
141,196
236,196
236,196
238,196
479,196
0,197
140,197
237,197
479,197
0,198
140,198
238,198
479,198
0,199
138,199
239,199
479,199
0,200
138,200
240,200
479,200
0,201
137,201
240,201
479,201
0,202
137,202
241,202
479,202
0,203
135,203
242,203
479,203
0,204
135,204
245,204
479,204
0,205
135,205
245,205
479,205
0,206
134,206
246,206
479,206
0,207
133,207
247,207
479,207
0,208
132,208
248,208
479,208
0,209
131,209
249,209
479,209
0,210
131,210
251,210
479,210
0,211
130,211
252,211
479,211
0,212
129,212
253,212
479,212
0,213
126,213
254,213
479,213
0,214
125,214
255,214
479,214
0,215
124,215
256,215
479,215
0,216
122,216
257,216
479,216
0,217
121,217
257,217
479,217
0,218
118,218
258,218
479,218
0,219
117,219
259,219
479,219
0,220
117,220
259,220
479,220
0,221
116,221
260,221
479,221
0,222
114,222
260,222
479,222
0,223
114,223
260,223
479,223
0,224
113,224
260,224
479,224
0,225
112,225
260,225
479,225
0,226
112,226
260,226
479,226
0,227
112,227
260,227
479,227
0,228
110,228
260,228
479,228
0,229
110,229
260,229
479,229
0,230
110,230
260,230
479,230
0,231
109,231
260,231
479,231
0,232
109,232
260,232
479,232
0,233
108,233
260,233
479,233
0,234
108,234
260,234
479,234
0,235
108,235
260,235
479,235
0,236
107,236
260,236
479,236
0,237
107,237
260,237
479,237
0,238
107,238
260,238
479,238
0,239
107,239
260,239
479,239
0,240
107,240
260,240
479,240
0,241
107,241
259,241
479,241
0,242
107,242
259,242
479,242
0,243
107,243
258,243
479,243
0,244
107,244
258,244
479,244
0,245
107,245
258,245
479,245
0,246
107,246
257,246
479,246
0,247
107,247
257,247
479,247
0,248
107,248
255,248
479,248
0,249
107,249
255,249
479,249
0,250
108,250
255,250
479,250
0,251
108,251
254,251
479,251
0,252
108,252
254,252
479,252
0,253
108,253
253,253
479,253
0,254
109,254
253,254
479,254
0,255
109,255
251,255
479,255
0,256
109,256
250,256
479,256
0,257
110,257
249,257
479,257
0,258
110,258
248,258
479,258
0,259
111,259
247,259
479,259
0,260
111,260
247,260
479,260
0,261
112,261
246,261
479,261
0,262
113,262
246,262
479,262
0,263
113,263
243,263
479,263
0,264
115,264
242,264
479,264
0,265
116,265
241,265
479,265
0,266
117,266
240,266
479,266
0,267
118,267
238,267
479,267
0,268
120,268
236,268
479,268
0,269
120,269
236,269
479,269
0,270
122,270
235,270
479,270
0,271
123,271
235,271
479,271
0,272
125,272
235,272
479,272
0,273
127,273
236,273
479,273
0,274
128,274
236,274
479,274
0,275
130,275
236,275
479,275
0,276
133,276
236,276
479,276
0,277
136,277
236,277
479,277
0,278
138,278
208,278
208,278
236,278
479,278
0,279
142,279
203,279
208,279
236,279
479,279
0,280
145,280
148,280
149,280
195,280
209,280
236,280
479,280
0,281
157,281
192,281
209,281
236,281
479,281
0,282
164,282
189,282
190,282
192,282
209,282
236,282
479,282
0,283
165,283
189,283
209,283
235,283
479,283
0,284
167,284
190,284
210,284
235,284
479,284
0,285
168,285
190,285
211,285
236,285
479,285
0,286
169,286
190,286
212,286
236,286
479,286
0,287
169,287
190,287
212,287
236,287
479,287
0,288
171,288
190,288
214,288
236,288
479,288
0,289
171,289
191,289
215,289
236,289
479,289
0,290
171,290
192,290
216,290
236,290
479,290
0,291
172,291
192,291
217,291
235,291
479,291
0,292
172,292
191,292
218,292
228,292
479,292
0,293
173,293
192,293
219,293
225,293
479,293
0,294
173,294
192,294
479,294
0,295
173,295
192,295
479,295
0,296
173,296
194,296
479,296
0,297
173,297
194,297
479,297
0,298
173,298
195,298
479,298
0,299
173,299
196,299
479,299
0,300
173,300
196,300
479,300
0,301
173,301
196,301
479,301
0,302
173,302
196,302
479,302
0,303
173,303
196,303
479,303
0,304
174,304
196,304
479,304
0,305
175,305
196,305
479,305
0,306
176,306
197,306
479,306
0,307
177,307
197,307
479,307
0,308
177,308
197,308
479,308
0,309
177,309
198,309
479,309
0,310
177,310
200,310
479,310
0,311
176,311
200,311
479,311
0,312
176,312
200,312
479,312
0,313
176,313
200,313
479,313
0,314
176,314
200,314
479,314
0,315
176,315
200,315
479,315
0,316
176,316
200,316
479,316
0,317
176,317
200,317
479,317
0,318
176,318
200,318
479,318
0,319
175,319
200,319
479,319
0,320
175,320
200,320
479,320
0,321
175,321
200,321
479,321
0,322
175,322
200,322
479,322
0,323
175,323
200,323
479,323
0,324
175,324
200,324
479,324
0,325
174,325
200,325
479,325
0,326
174,326
201,326
479,326
0,327
174,327
201,327
479,327
0,328
174,328
201,328
479,328
0,329
174,329
201,329
479,329
0,330
174,330
201,330
479,330
0,331
174,331
201,331
479,331
0,332
174,332
201,332
479,332
0,333
174,333
202,333
479,333
0,334
174,334
203,334
479,334
0,335
174,335
203,335
479,335
0,336
174,336
203,336
479,336
0,337
174,337
203,337
479,337
0,338
174,338
203,338
479,338
0,339
174,339
203,339
479,339
0,340
175,340
203,340
479,340
0,341
175,341
203,341
479,341
0,342
175,342
202,342
479,342
0,343
175,343
202,343
479,343
0,344
176,344
202,344
479,344
0,345
177,345
202,345
479,345
0,346
177,346
202,346
479,346
0,347
178,347
201,347
479,347
0,348
178,348
201,348
479,348
0,349
180,349
201,349
479,349
0,350
181,350
201,350
479,350
0,351
183,351
200,351
479,351
0,352
184,352
199,352
479,352
0,353
187,353
197,353
479,353
0,354
188,354
196,354
479,354
0,355
190,355
192,355
479,355
0,356
479,356
0,357
479,357
0,358
479,358
0,359
479,359
