0,0
165,0
177,0
479,0
0,1
165,1
177,1
479,1
0,2
166,2
177,2
479,2
0,3
166,3
178,3
479,3
0,4
166,4
178,4
479,4
0,5
166,5
179,5
479,5
0,6
166,6
179,6
479,6
0,7
167,7
179,7
479,7
0,8
167,8
179,8
479,8
0,9
167,9
179,9
479,9
0,10
168,10
180,10
479,10
0,11
168,11
180,11
479,11
0,12
168,12
180,12
479,12
0,13
169,13
181,13
479,13
0,14
169,14
181,14
479,14
0,15
169,15
181,15
479,15
0,16
170,16
181,16
479,16
0,17
170,17
181,17
479,17
0,18
170,18
182,18
479,18
0,19
170,19
183,19
479,19
0,20
170,20
183,20
479,20
0,21
171,21
183,21
183,21
185,21
479,21
0,22
171,22
183,22
183,22
185,22
479,22
0,23
171,23
184,23
479,23
0,24
171,24
184,24
479,24
0,25
172,25
184,25
479,25
0,26
172,26
185,26
479,26
0,27
173,27
184,27
479,27
0,28
173,28
185,28
479,28
0,29
173,29
185,29
479,29
0,30
173,30
185,30
479,30
0,31
174,31
185,31
479,31
0,32
174,32
186,32
479,32
0,33
174,33
186,33
479,33
0,34
175,34
186,34
479,34
0,35
175,35
187,35
479,35
0,36
175,36
187,36
479,36
0,37
175,37
187,37
479,37
0,38
176,38
187,38
479,38
0,39
176,39
188,39
479,39
0,40
176,40
188,40
479,40
0,41
176,41
188,41
479,41
0,42
177,42
188,42
479,42
0,43
177,43
190,43
479,43
0,44
177,44
190,44
479,44
0,45
177,45
189,45
479,45
0,46
178,46
190,46
479,46
0,47
178,47
190,47
479,47
0,48
178,48
190,48
479,48
0,49
178,49
190,49
479,49
0,50
179,50
190,50
479,50
0,51
179,51
191,51
479,51
0,52
179,52
191,52
479,52
0,53
180,53
191,53
479,53
0,54
180,54
192,54
479,54
0,55
180,55
192,55
192,55
194,55
479,55
0,56
180,56
192,56
479,56
0,57
180,57
193,57
479,57
0,58
181,58
193,58
479,58
0,59
181,59
194,59
479,59
0,60
182,60
194,60
479,60
0,61
182,61
194,61
479,61
0,62
182,62
194,62
479,62
0,63
182,63
194,63
479,63
0,64
183,64
195,64
479,64
0,65
183,65
195,65
479,65
0,66
183,66
195,66
479,66
0,67
183,67
195,67
215,67
221,67
479,67
0,68
183,68
196,68
210,68
223,68
479,68
0,69
184,69
196,69
210,69
225,69
479,69
0,70
184,70
196,70
209,70
227,70
479,70
0,71
185,71
196,71
207,71
228,71
479,71
0,72
185,72
197,72
207,72
228,72
479,72
0,73
185,73
197,73
207,73
230,73
479,73
0,74
186,74
197,74
207,74
230,74
245,74
253,74
479,74
0,75
186,75
198,75
199,75
201,75
207,75
232,75
245,75
254,75
479,75
0,76
186,76
198,76
198,76
202,76
207,76
232,76
240,76
254,76
479,76
0,77
186,77
202,77
207,77
232,77
238,77
255,77
479,77
0,78
186,78
232,78
233,78
256,78
479,78
0,79
186,79
206,79
206,79
256,79
479,79
0,80
181,80
183,80
187,80
257,80
479,80
0,81
187,81
258,81
479,81
0,82
188,82
258,82
479,82
0,83
188,83
259,83
479,83
0,84
188,84
259,84
479,84
0,85
188,85
269,85
479,85
0,86
189,86
270,86
479,86
0,87
189,87
272,87
479,87
0,88
189,88
282,88
479,88
0,89
187,89
189,89
189,89
284,89
479,89
0,90
172,90
182,90
190,90
286,90
479,90
0,91
171,91
182,91
190,91
292,91
479,91
0,92
171,92
182,92
190,92
294,92
479,92
0,93
166,93
183,93
190,93
296,93
479,93
0,94
166,94
184,94
190,94
297,94
479,94
0,95
166,95
184,95
191,95
298,95
479,95
0,96
167,96
186,96
191,96
300,96
479,96
0,97
167,97
191,97
191,97
301,97
479,97
0,98
168,98
192,98
192,98
302,98
479,98
0,99
169,99
303,99
479,99
0,100
170,100
303,100
479,100
0,101
171,101
304,101
479,101
0,102
172,102
304,102
479,102
0,103
173,103
305,103
479,103
0,104
174,104
305,104
479,104
0,105
175,105
306,105
479,105
0,106
174,106
306,106
479,106
0,107
177,107
307,107
479,107
0,108
183,108
307,108
479,108
0,109
183,109
307,109
479,109
0,110
183,110
308,110
479,110
0,111
183,111
308,111
479,111
0,112
183,112
308,112
479,112
0,113
183,113
308,113
479,113
0,114
183,114
308,114
479,114
0,115
183,115
308,115
479,115
0,116
183,116
308,116
479,116
0,117
183,117
308,117
479,117
0,118
183,118
308,118
479,118
0,119
183,119
308,119
479,119
0,120
183,120
308,120
479,120
0,121
184,121
308,121
479,121
0,122
185,122
307,122
479,122
0,123
185,123
307,123
479,123
0,124
185,124
307,124
479,124
0,125
187,125
306,125
479,125
0,126
187,126
305,126
479,126
0,127
188,127
305,127
479,127
0,128
189,128
304,128
479,128
0,129
190,129
304,129
479,129
0,130
191,130
304,130
479,130
0,131
193,131
198,131
199,131
303,131
479,131
0,132
197,132
303,132
479,132
0,133
196,133
303,133
479,133
0,134
195,134
303,134
479,134
0,135
195,135
303,135
479,135
0,136
194,136
252,136
279,136
303,136
479,136
0,137
193,137
252,137
279,137
303,137
479,137
0,138
192,138
252,138
280,138
303,138
479,138
0,139
191,139
252,139
280,139
303,139
479,139
0,140
190,140
252,140
281,140
303,140
479,140
0,141
190,141
251,141
283,141
302,141
479,141
0,142
189,142
251,142
284,142
301,142
479,142
0,143
189,143
250,143
285,143
301,143
479,143
0,144
188,144
250,144
286,144
298,144
479,144
0,145
188,145
249,145
479,145
0,146
188,146
244,146
244,146
246,146
479,146
0,147
188,147
244,147
479,147
0,148
188,148
245,148
479,148
0,149
187,149
246,149
479,149
0,150
187,150
246,150
479,150
0,151
187,151
247,151
479,151
0,152
187,152
248,152
479,152
0,153
187,153
248,153
479,153
0,154
185,154
249,154
479,154
0,155
185,155
249,155
479,155
0,156
184,156
251,156
479,156
0,157
183,157
252,157
479,157
0,158
183,158
254,158
479,158
0,159
183,159
256,159
479,159
0,160
182,160
256,160
479,160
0,171
182,171
264,171
479,171
0,172
180,172
264,172
479,172
0,173
179,173
264,173
479,173
0,174
175,174
264,174
479,174
0,175
175,175
264,175
479,175
0,176
172,176
264,176
479,176
0,177
164,177
264,177
479,177
0,178
163,178
264,178
479,178
0,179
163,179
264,179
479,179
0,180
157,180
264,180
479,180
0,181
156,181
264,181
479,181
0,182
151,182
264,182
479,182
0,183
151,183
258,183
259,183
264,183
479,183
0,184
149,184
259,184
261,184
263,184
479,184
0,185
148,185
259,185
479,185
0,186
147,186
258,186
479,186
0,187
147,187
256,187
479,187
0,188
145,188
256,188
479,188
0,189
142,189
256,189
479,189
0,190
142,190
256,190
479,190
0,191
141,191
256,191
479,191
0,192
140,192
256,192
479,192
0,193
138,193
256,193
479,193
0,194
137,194
256,194
479,194
0,195
136,195
255,195
479,195
0,196
136,196
255,196
479,196
0,197
134,197
254,197
479,197
0,198
134,198
253,198
479,198
0,199
134,199
245,199
479,199
0,200
133,200
244,200
479,200
0,201
133,201
245,201
479,201
0,202
132,202
245,202
479,202
0,203
132,203
247,203
479,203
0,204
132,204
246,204
479,204
0,205
130,205
247,205
479,205
0,206
130,206
248,206
479,206
0,207
129,207
248,207
479,207
0,208
130,208
250,208
479,208
0,209
129,209
251,209
479,209
0,210
129,210
252,210
479,210
0,211
128,211
253,211
479,211
0,212
128,212
254,212
479,212
0,213
128,213
255,213
479,213
0,214
127,214
256,214
479,214
0,215
127,215
257,215
479,215
0,216
127,216
258,216
479,216
0,217
127,217
258,217
479,217
0,218
127,218
259,218
479,218
0,219
127,219
259,219
479,219
0,220
127,220
260,220
479,220
0,221
126,221
261,221
479,221
0,222
126,222
261,222
479,222
0,223
126,223
262,223
479,223
0,224
126,224
263,224
479,224
0,225
126,225
264,225
479,225
0,226
126,226
264,226
479,226
0,227
126,227
265,227
479,227
0,228
126,228
265,228
479,228
0,229
126,229
266,229
479,229
0,230
126,230
266,230
479,230
0,231
125,231
266,231
479,231
0,232
125,232
267,232
479,232
0,233
125,233
267,233
479,233
0,234
125,234
267,234
479,234
0,235
125,235
267,235
479,235
0,236
125,236
268,236
479,236
0,237
125,237
268,237
479,237
0,238
125,238
268,238
479,238
0,239
125,239
268,239
479,239
0,240
125,240
268,240
479,240
0,241
125,241
268,241
479,241
0,242
125,242
268,242
479,242
0,243
125,243
268,243
479,243
0,244
125,244
268,244
479,244
0,245
125,245
268,245
479,245
0,246
126,246
268,246
479,246
0,247
126,247
268,247
479,247
0,248
126,248
268,248
479,248
0,249
126,249
268,249
479,249
0,250
126,250
268,250
479,250
0,251
126,251
267,251
479,251
0,252
126,252
267,252
479,252
0,253
127,253
267,253
479,253
0,254
127,254
267,254
479,254
0,255
127,255
267,255
479,255
0,256
128,256
267,256
479,256
0,257
128,257
266,257
479,257
0,258
129,258
265,258
479,258
0,259
129,259
265,259
479,259
0,260
129,260
265,260
479,260
0,261
130,261
265,261
479,261
0,262
130,262
265,262
479,262
0,263
130,263
264,263
479,263
0,264
131,264
264,264
479,264
0,265
131,265
262,265
479,265
0,266
132,266
261,266
479,266
0,267
132,267
260,267
479,267
0,268
133,268
260,268
479,268
0,269
133,269
258,269
479,269
0,270
134,270
257,270
479,270
0,271
135,271
257,271
479,271
0,272
136,272
257,272
479,272
0,273
137,273
257,273
479,273
0,274
138,274
258,274
479,274
0,275
139,275
259,275
479,275
0,276
140,276
259,276
479,276
0,277
140,277
259,277
479,277
0,278
141,278
259,278
479,278
0,279
143,279
259,279
479,279
0,280
146,280
259,280
479,280
0,281
147,281
260,281
479,281
0,282
148,282
242,282
242,282
260,282
479,282
0,283
151,283
241,283
242,283
260,283
479,283
0,284
154,284
240,284
242,284
261,284
479,284
0,285
156,285
240,285
242,285
261,285
479,285
0,286
157,286
238,286
243,286
262,286
479,286
0,287
157,287
238,287
243,287
262,287
479,287
0,288
167,288
238,288
243,288
263,288
479,288
0,289
169,289
238,289
243,289
263,289
479,289
0,290
169,290
238,290
244,290
263,290
479,290
0,291
169,291
208,291
208,291
238,291
244,291
263,291
479,291
0,292
169,292
195,292
209,292
238,292
244,292
263,292
479,292
0,293
170,293
195,293
209,293
239,293
245,293
264,293
479,293
0,294
170,294
195,294
210,294
238,294
245,294
264,294
479,294
0,295
170,295
195,295
210,295
238,295
245,295
264,295
479,295
0,296
170,296
195,296
211,296
238,296
245,296
265,296
479,296
0,297
170,297
195,297
211,297
238,297
246,297
266,297
479,297
0,298
171,298
195,298
211,298
238,298
246,298
266,298
479,298
0,299
171,299
195,299
212,299
238,299
246,299
267,299
479,299
0,300
171,300
173,300
173,300
195,300
212,300
238,300
247,300
266,300
479,300
0,301
171,301
173,301
173,301
195,301
213,301
237,301
247,301
267,301
479,301
0,302
173,302
195,302
214,302
237,302
247,302
267,302
479,302
0,303
174,303
195,303
215,303
236,303
248,303
267,303
479,303
0,304
175,304
195,304
216,304
234,304
248,304
267,304
479,304
0,305
175,305
195,305
217,305
233,305
248,305
268,305
479,305
0,306
175,306
195,306
218,306
233,306
248,306
268,306
479,306
0,307
177,307
194,307
220,307
232,307
249,307
268,307
479,307
0,308
177,308
193,308
248,308
269,308
479,308
0,309
178,309
191,309
249,309
270,309
479,309
0,310
179,310
192,310
250,310
270,310
479,310
0,311
181,311
189,311
250,311
271,311
479,311
0,312
250,312
271,312
479,312
0,313
250,313
271,313
479,313
0,314
251,314
271,314
479,314
0,315
251,315
271,315
479,315
0,316
251,316
271,316
479,316
0,317
251,317
272,317
479,317
0,318
252,318
273,318
479,318
0,319
252,319
273,319
479,319
0,320
252,320
273,320
479,320
0,321
253,321
274,321
479,321
0,322
251,322
253,322
253,322
274,322
479,322
0,323
253,323
275,323
479,323
0,324
253,324
274,324
479,324
0,325
254,325
275,325
479,325
0,326
253,326
275,326
479,326
0,327
253,327
276,327
479,327
0,328
254,328
276,328
479,328
0,329
255,329
276,329
479,329
0,330
255,330
276,330
479,330
0,331
255,331
276,331
479,331
0,332
255,332
277,332
479,332
0,333
256,333
278,333
479,333
0,334
256,334
278,334
479,334
0,335
256,335
278,335
479,335
0,336
257,336
279,336
479,336
0,337
257,337
280,337
479,337
0,338
257,338
280,338
479,338
0,339
257,339
280,339
479,339
0,340
258,340
280,340
479,340
0,341
258,341
280,341
479,341
0,342
258,342
280,342
479,342
0,343
258,343
280,343
479,343
0,344
259,344
281,344
479,344
0,345
259,345
282,345
479,345
0,346
259,346
282,346
479,346
0,347
260,347
283,347
479,347
0,348
260,348
283,348
479,348
0,349
260,349
283,349
479,349
0,350
260,350
284,350
479,350
0,351
261,351
284,351
479,351
0,352
261,352
285,352
479,352
0,353
261,353
286,353
479,353
0,354
262,354
286,354
479,354
0,355
262,355
287,355
479,355
0,356
262,356
286,356
479,356
0,357
262,357
287,357
479,357
0,358
263,358
287,358
479,358
0,359
263,359
288,359
479,359
