0,0
145,0
147,0
147,0
266,0
385,0
0,1
145,1
258,1
386,1
0,2
145,2
234,2
389,2
0,3
145,3
220,3
223,3
227,3
390,3
0,4
145,4
209,4
391,4
0,5
145,5
208,5
393,5
0,6
145,6
206,6
396,6
0,7
144,7
205,7
399,7
0,8
144,8
205,8
398,8
400,8
401,8
0,9
143,9
205,9
402,9
0,10
143,10
204,10
404,10
0,11
143,11
204,11
407,11
0,12
143,12
205,12
408,12
0,13
143,13
205,13
413,13
0,14
144,14
205,14
414,14
0,15
144,15
146,15
146,15
205,15
417,15
0,16
146,16
205,16
420,16
0,17
148,17
205,17
421,17
0,18
150,18
205,18
424,18
0,19
151,19
206,19
427,19
0,20
151,20
206,20
428,20
0,21
152,21
206,21
432,21
0,22
153,22
206,22
434,22
0,23
153,23
207,23
437,23
0,24
154,24
207,24
440,24
0,25
154,25
207,25
443,25
0,26
156,26
208,26
446,26
0,27
157,27
208,27
449,27
0,28
157,28
208,28
453,28
0,29
158,29
208,29
456,29
0,30
159,30
208,30
459,30
0,31
160,31
209,31
461,31
0,32
160,32
208,32
466,32
0,33
162,33
209,33
468,33
0,34
163,34
209,34
470,34
0,35
163,35
210,35
474,35
0,36
164,36
210,36
476,36
0,37
165,37
210,37
476,37
0,38
165,38
210,38
477,38
0,39
166,39
210,39
478,39
0,40
167,40
211,40
478,40
0,41
167,41
212,41
478,41
0,42
169,42
212,42
478,42
0,43
169,43
212,43
478,43
0,44
170,44
212,44
478,44
0,45
171,45
213,45
478,45
0,46
171,46
213,46
478,46
0,47
171,47
213,47
478,47
0,48
171,48
213,48
478,48
0,49
171,49
214,49
478,49
0,50
171,50
214,50
478,50
0,51
171,51
214,51
478,51
0,52
171,52
214,52
478,52
0,53
171,53
215,53
478,53
0,54
171,54
215,54
478,54
0,55
170,55
215,55
478,55
0,56
169,56
216,56
478,56
0,57
169,57
216,57
478,57
0,58
169,58
216,58
478,58
0,59
168,59
216,59
478,59
0,60
167,60
217,60
478,60
0,61
166,61
217,61
478,61
0,62
166,62
218,62
478,62
0,63
166,63
218,63
478,63
0,64
165,64
218,64
478,64
0,65
164,65
219,65
478,65
0,66
164,66
219,66
478,66
0,67
163,67
219,67
477,67
0,68
163,68
219,68
477,68
0,69
163,69
220,69
477,69
0,70
162,70
220,70
477,70
0,71
162,71
221,71
477,71
0,72
162,72
221,72
477,72
0,73
161,73
221,73
477,73
0,74
161,74
221,74
476,74
0,75
160,75
222,75
476,75
0,76
160,76
222,76
476,76
0,77
159,77
223,77
476,77
0,78
158,78
224,78
475,78
0,79
158,79
224,79
475,79
0,80
157,80
224,80
475,80
0,81
157,81
224,81
475,81
0,82
157,82
224,82
475,82
0,83
157,83
225,83
475,83
0,84
157,84
225,84
475,84
0,85
157,85
225,85
475,85
0,86
158,86
226,86
475,86
0,87
158,87
226,87
475,87
0,88
159,88
226,88
473,88
0,89
159,89
227,89
473,89
0,90
160,90
227,90
473,90
0,91
160,91
227,91
473,91
0,92
161,92
228,92
472,92
0,93
162,93
229,93
472,93
0,94
162,94
229,94
472,94
0,95
162,95
229,95
472,95
0,96
163,96
230,96
472,96
0,97
163,97
231,97
472,97
0,98
164,98
231,98
471,98
0,99
164,99
231,99
471,99
0,100
165,100
231,100
470,100
0,101
165,101
232,101
470,101
0,102
165,102
232,102
470,102
0,103
165,103
233,103
469,103
0,104
165,104
233,104
469,104
0,105
166,105
234,105
469,105
0,106
167,106
234,106
468,106
0,107
168,107
235,107
468,107
0,108
168,108
235,108
467,108
0,109
168,109
236,109
467,109
0,110
168,110
235,110
467,110
0,111
169,111
236,111
467,111
0,112
170,112
236,112
466,112
0,113
169,113
237,113
466,113
0,114
171,114
237,114
466,114
0,115
171,115
238,115
465,115
0,116
171,116
238,116
465,116
0,117
171,117
239,117
465,117
0,118
172,118
239,118
464,118
0,119
172,119
240,119
310,119
312,119
315,119
320,119
464,119
0,120
172,120
240,120
314,120
320,120
463,120
0,121
172,121
241,121
313,121
321,121
463,121
0,122
172,122
241,122
312,122
321,122
463,122
0,123
173,123
242,123
311,123
322,123
462,123
0,124
173,124
244,124
310,124
322,124
462,124
0,125
174,125
247,125
308,125
323,125
462,125
0,126
174,126
248,126
308,126
323,126
461,126
0,127
174,127
249,127
307,127
323,127
461,127
0,128
174,128
250,128
306,128
322,128
460,128
0,129
175,129
250,129
250,129
252,129
306,129
322,129
459,129
1,130
175,130
254,130
305,130
323,130
459,130
1,131
175,131
258,131
305,131
322,131
459,131
1,132
175,132
259,132
304,132
323,132
458,132
1,133
175,133
262,133
303,133
323,133
457,133
2,134
103,134
110,134
175,134
264,134
302,134
324,134
457,134
2,135
101,135
114,135
176,135
267,135
301,135
323,135
454,135
3,136
31,136
34,136
100,136
119,136
176,136
269,136
299,136
324,136
452,136
3,137
28,137
37,137
100,137
125,137
176,137
271,137
298,137
324,137
449,137
3,138
25,138
39,138
100,138
132,138
176,138
277,138
294,138
297,138
297,138
325,138
444,138
4,139
23,139
42,139
99,139
140,139
176,139
282,139
282,139
325,139
437,139
4,140
21,140
46,140
98,140
148,140
175,140
325,140
432,140
6,141
17,141
48,141
96,141
153,141
172,141
326,141
429,141
6,142
15,142
49,142
95,142
326,142
423,142
8,143
13,143
53,143
94,143
327,143
417,143
55,144
93,144
328,144
413,144
58,145
93,145
331,145
407,145
60,146
90,146
332,146
402,146
62,147
89,147
335,147
396,147
399,147
399,147
64,148
88,148
339,148
389,148
65,149
86,149
347,149
372,149
374,149
374,149
67,150
84,150
359,150
359,150
69,151
84,151
72,152
80,152
75,153
76,153
370,175
370,175
372,175
378,175
368,176
383,176
30,177
30,177
32,177
32,177
368,177
384,177
30,178
33,178
366,178
386,178
27,179
36,179
366,179
389,179
26,180
37,180
196,180
203,180
364,180
391,180
24,181
38,181
193,181
203,181
362,181
393,181
24,182
40,182
188,182
203,182
362,182
395,182
23,183
41,183
185,183
203,183
360,183
397,183
22,184
42,184
180,184
203,184
359,184
400,184
21,185
43,185
175,185
202,185
358,185
401,185
19,186
45,186
172,186
202,186
357,186
403,186
450,186
450,186
19,187
46,187
169,187
202,187
356,187
405,187
443,187
444,187
446,187
452,187
17,188
48,188
163,188
202,188
353,188
408,188
441,188
456,188
17,189
50,189
159,189
202,189
303,189
303,189
352,189
410,189
438,189
458,189
16,190
51,190
158,190
202,190
303,190
305,190
350,190
412,190
438,190
459,190
15,191
51,191
154,191
202,191
303,191
311,191
350,191
413,191
435,191
461,191
13,192
53,192
150,192
201,192
304,192
317,192
348,192
416,192
432,192
464,192
13,193
54,193
146,193
201,193
303,193
322,193
348,193
417,193
431,193
466,193
13,194
56,194
142,194
201,194
303,194
327,194
346,194
419,194
430,194
466,194
12,195
57,195
140,195
201,195
304,195
330,195
345,195
421,195
429,195
467,195
11,196
59,196
137,196
201,196
304,196
333,196
344,196
410,196
415,196
420,196
426,196
468,196
470,196
471,196
10,197
59,197
136,197
201,197
305,197
337,197
344,197
406,197
416,197
471,197
10,198
60,198
132,198
200,198
305,198
405,198
423,198
471,198
10,199
63,199
129,199
200,199
305,199
404,199
424,199
472,199
9,200
65,200
128,200
200,200
306,200
401,200
427,200
429,200
432,200
472,200
9,201
67,201
127,201
199,201
306,201
401,201
429,201
471,201
9,202
70,202
124,202
199,202
307,202
400,202
431,202
471,202
9,203
70,203
122,203
199,203
307,203
398,203
435,203
472,203
8,204
70,204
120,204
199,204
308,204
397,204
437,204
472,204
8,205
71,205
119,205
199,205
309,205
397,205
438,205
473,205
8,206
72,206
117,206
199,206
309,206
395,206
440,206
473,206
8,207
74,207
114,207
199,207
310,207
395,207
442,207
473,207
8,208
75,208
113,208
199,208
311,208
394,208
444,208
473,208
8,209
77,209
110,209
198,209
311,209
393,209
446,209
473,209
8,210
78,210
109,210
198,210
312,210
393,210
447,210
473,210
8,211
78,211
108,211
198,211
312,211
392,211
448,211
474,211
8,212
79,212
107,212
198,212
313,212
392,212
451,212
474,212
8,213
79,213
104,213
198,213
313,213
391,213
452,213
474,213
8,214
80,214
104,214
197,214
314,214
383,214
453,214
474,214
9,215
81,215
103,215
198,215
314,215
379,215
454,215
474,215
9,216
80,216
101,216
197,216
315,216
377,216
455,216
474,216
9,217
82,217
100,217
197,217
315,217
376,217
456,217
474,217
9,218
83,218
98,218
196,218
315,218
376,218
457,218
474,218
10,219
83,219
97,219
196,219
316,219
348,219
356,219
376,219
458,219
474,219
9,220
84,220
95,220
196,220
316,220
347,220
356,220
375,220
458,220
474,220
10,221
85,221
94,221
195,221
316,221
346,221
358,221
375,221
459,221
474,221
10,222
85,222
93,222
195,222
317,222
345,222
359,222
372,222
459,222
474,222
10,223
87,223
90,223
195,223
317,223
345,223
360,223
369,223
460,223
474,223
10,224
195,224
317,224
345,224
461,224
474,224
10,225
195,225
318,225
345,225
461,225
475,225
11,226
195,226
318,226
345,226
462,226
476,226
11,227
195,227
318,227
345,227
462,227
477,227
11,228
195,228
318,228
345,228
462,228
478,228
12,229
194,229
318,229
345,229
462,229
479,229
12,230
194,230
319,230
346,230
463,230
479,230
12,231
194,231
319,231
347,231
463,231
479,231
12,232
193,232
319,232
347,232
463,232
479,232
12,233
193,233
319,233
348,233
464,233
479,233
13,234
193,234
320,234
351,234
464,234
479,234
14,235
193,235
320,235
352,235
464,235
479,235
14,236
192,236
321,236
354,236
465,236
479,236
14,237
192,237
321,237
356,237
465,237
479,237
15,238
191,238
322,238
355,238
465,238
479,238
15,239
191,239
323,239
356,239
465,239
479,239
15,240
191,240
325,240
356,240
465,240
479,240
16,241
191,241
326,241
356,241
465,241
479,241
16,242
190,242
328,242
356,242
465,242
479,242
17,243
189,243
329,243
355,243
465,243
479,243
18,244
189,244
331,244
355,244
465,244
479,244
19,245
189,245
332,245
355,245
465,245
479,245
19,246
189,246
334,246
354,246
466,246
479,246
20,247
188,247
335,247
355,247
466,247
479,247
20,248
188,248
336,248
354,248
466,248
479,248
21,249
187,249
336,249
354,249
466,249
479,249
21,250
187,250
338,250
354,250
466,250
479,250
21,251
187,251
340,251
353,251
465,251
479,251
21,252
186,252
340,252
352,252
465,252
479,252
21,253
186,253
341,253
352,253
465,253
479,253
21,254
185,254
342,254
352,254
465,254
479,254
19,255
185,255
343,255
352,255
465,255
479,255
6,256
185,256
344,256
350,256
465,256
479,256
4,257
184,257
344,257
349,257
465,257
479,257
2,258
183,258
345,258
348,258
465,258
479,258
0,259
183,259
346,259
348,259
416,259
417,259
464,259
479,259
0,260
181,260
346,260
347,260
416,260
422,260
464,260
479,260
0,261
181,261
346,261
347,261
416,261
425,261
464,261
479,261
0,262
181,262
347,262
347,262
416,262
427,262
463,262
479,262
0,263
180,263
347,263
347,263
416,263
431,263
462,263
479,263
0,264
180,264
416,264
433,264
461,264
479,264
0,265
178,265
417,265
442,265
459,265
479,265
0,266
178,266
417,266
451,266
454,266
479,266
0,267
178,267
275,267
275,267
417,267
479,267
0,268
177,268
274,268
276,268
417,268
479,268
0,269
177,269
275,269
277,269
412,269
413,269
417,269
479,269
0,270
176,270
274,270
278,270
412,270
479,270
0,271
176,271
273,271
279,271
413,271
479,271
0,272
173,272
273,272
279,272
413,272
479,272
0,273
173,273
272,273
279,273
413,273
479,273
0,274
172,274
271,274
281,274
414,274
479,274
0,275
172,275
271,275
282,275
413,275
479,275
0,276
172,276
270,276
283,276
413,276
479,276
0,277
171,277
268,277
284,277
413,277
479,277
0,278
171,278
267,278
285,278
413,278
479,278
0,279
171,279
267,279
286,279
413,279
479,279
0,280
169,280
267,280
287,280
413,280
479,280
0,281
169,281
265,281
287,281
414,281
479,281
0,282
168,282
265,282
288,282
415,282
479,282
0,283
168,283
264,283
290,283
410,283
411,283
415,283
479,283
0,284
168,284
264,284
291,284
402,284
403,284
410,284
412,284
415,284
479,284
0,285
167,285
263,285
291,285
402,285
405,285
410,285
479,285
0,286
166,286
262,286
279,286
396,286
407,286
410,286
479,286
0,287
166,287
262,287
279,287
395,287
479,287
0,288
166,288
262,288
272,288
397,288
479,288
0,289
167,289
261,289
270,289
399,289
479,289
0,290
167,290
261,290
267,290
401,290
479,290
0,291
169,291
261,291
265,291
401,291
479,291
0,292
171,292
261,292
265,292
402,292
479,292
0,293
175,293
403,293
479,293
0,294
176,294
404,294
479,294
0,295
178,295
405,295
479,295
0,296
181,296
405,296
479,296
0,297
183,297
406,297
479,297
0,298
183,298
406,298
479,298
0,299
184,299
407,299
479,299
0,300
185,300
407,300
479,300
0,301
186,301
407,301
479,301
0,302
188,302
407,302
479,302
0,303
189,303
407,303
479,303
0,304
189,304
407,304
479,304
0,305
190,305
407,305
479,305
3,306
192,306
406,306
479,306
5,307
193,307
406,307
479,307
6,308
193,308
405,308
479,308
9,309
194,309
404,309
479,309
10,310
195,310
403,310
479,310
11,311
196,311
402,311
479,311
12,312
196,312
399,312
479,312
13,313
196,313
397,313
479,313
14,314
196,314
199,314
199,314
393,314
393,314
395,314
479,314
16,315
200,315
393,315
479,315
16,316
201,316
394,316
479,316
15,317
201,317
395,317
479,317
15,318
202,318
396,318
479,318
15,319
203,319
396,319
479,319
15,320
203,320
398,320
479,320
15,321
206,321
398,321
479,321
15,322
207,322
399,322
479,322
15,323
207,323
399,323
479,323
14,324
207,324
400,324
479,324
14,325
208,325
401,325
479,325
13,326
209,326
401,326
479,326
12,327
209,327
402,327
479,327
12,328
211,328
402,328
479,328
11,329
211,329
403,329
479,329
11,330
212,330
403,330
479,330
10,331
213,331
404,331
479,331
9,332
213,332
404,332
479,332
8,333
213,333
405,333
479,333
7,334
214,334
405,334
479,334
5,335
216,335
406,335
479,335
4,336
217,336
406,336
479,336
4,337
217,337
407,337
479,337
3,338
218,338
407,338
479,338
1,339
218,339
407,339
479,339
1,340
219,340
407,340
478,340
0,341
220,341
408,341
478,341
0,342
101,342
107,342
221,342
408,342
477,342
0,343
31,343
38,343
100,343
109,343
222,343
409,343
477,343
0,344
27,344
41,344
100,344
110,344
223,344
409,344
477,344
0,345
25,345
43,345
100,345
112,345
223,345
409,345
476,345
0,346
24,346
44,346
100,346
113,346
224,346
409,346
476,346
0,347
21,347
45,347
100,347
114,347
225,347
409,347
475,347
0,348
18,348
46,348
100,348
115,348
225,348
409,348
475,348
0,349
17,349
46,349
100,349
117,349
226,349
409,349
475,349
0,350
16,350
46,350
100,350
118,350
226,350
409,350
475,350
0,351
14,351
47,351
100,351
119,351
227,351
409,351
475,351
0,352
11,352
47,352
100,352
122,352
227,352
409,352
474,352
0,353
9,353
47,353
100,353
125,353
229,353
409,353
474,353
0,354
7,354
47,354
101,354
126,354
229,354
409,354
474,354
0,355
5,355
48,355
101,355
127,355
230,355
409,355
474,355
0,356
2,356
49,356
101,356
128,356
231,356
409,356
474,356
0,357
2,357
49,357
101,357
131,357
231,357
409,357
475,357
50,358
101,358
136,358
231,358
409,358
475,358
56,359
102,359
136,359
230,359
409,359
475,359
