0,0
143,0
296,0
384,0
0,1
142,1
294,1
385,1
0,2
141,2
289,2
386,2
0,3
140,3
286,3
386,3
0,4
139,4
284,4
388,4
0,5
138,5
281,5
389,5
0,6
138,6
278,6
389,6
0,7
137,7
276,7
391,7
0,8
135,8
270,8
392,8
0,9
135,9
264,9
392,9
0,10
134,10
259,10
393,10
0,11
133,11
254,11
395,11
0,12
133,12
250,12
395,12
0,13
132,13
247,13
396,13
0,14
130,14
240,14
397,14
0,15
130,15
234,15
399,15
0,16
130,16
231,16
400,16
0,17
130,17
228,17
400,17
0,18
131,18
227,18
402,18
0,19
133,19
225,19
403,19
0,20
135,20
225,20
404,20
0,21
136,21
225,21
405,21
0,22
135,22
137,22
137,22
224,22
406,22
0,23
135,23
138,23
139,23
224,23
408,23
0,24
140,24
224,24
409,24
0,25
141,25
224,25
410,25
0,26
142,26
224,26
412,26
0,27
143,27
224,27
413,27
0,28
145,28
224,28
414,28
0,29
145,29
224,29
415,29
0,30
146,30
224,30
416,30
0,31
148,31
224,31
418,31
0,32
149,32
224,32
420,32
0,33
149,33
224,33
421,33
0,34
151,34
225,34
423,34
0,35
152,35
225,35
424,35
0,36
154,36
225,36
426,36
0,37
154,37
226,37
427,37
0,38
153,38
155,38
155,38
226,38
429,38
0,39
157,39
227,39
430,39
0,40
158,40
226,40
431,40
0,41
159,41
226,41
434,41
0,42
160,42
227,42
436,42
0,43
161,43
227,43
438,43
0,44
162,44
227,44
438,44
0,45
163,45
227,45
439,45
441,45
441,45
0,46
164,46
227,46
443,46
0,47
164,47
227,47
445,47
0,48
166,48
228,48
447,48
0,49
166,49
229,49
449,49
0,50
167,50
229,50
450,50
0,51
168,51
229,51
451,51
0,52
169,52
229,52
454,52
0,53
170,53
230,53
455,53
0,54
170,54
230,54
457,54
0,55
170,55
230,55
460,55
0,56
170,56
231,56
462,56
0,57
170,57
231,57
459,57
461,57
463,57
0,58
169,58
231,58
465,58
0,59
168,59
232,59
467,59
0,60
166,60
232,60
233,60
235,60
468,60
0,61
165,61
232,61
233,61
235,61
469,61
0,62
164,62
233,62
471,62
0,63
163,63
233,63
472,63
0,64
161,64
234,64
474,64
0,65
158,65
234,65
474,65
0,66
157,66
236,66
474,66
0,67
156,67
236,67
476,67
0,68
154,68
236,68
476,68
0,69
153,69
236,69
476,69
0,70
151,70
236,70
476,70
0,71
146,71
148,71
150,71
237,71
476,71
0,72
147,72
237,72
476,72
0,73
146,73
238,73
476,73
0,74
144,74
238,74
476,74
0,75
139,75
142,75
142,75
239,75
475,75
0,76
140,76
239,76
475,76
0,77
138,77
240,77
475,77
0,78
136,78
240,78
475,78
0,79
136,79
240,79
475,79
0,80
135,80
241,80
474,80
0,81
136,81
242,81
473,81
0,82
137,82
242,82
473,82
0,83
137,83
243,83
472,83
0,84
138,84
243,84
472,84
0,85
138,85
244,85
471,85
0,86
139,86
245,86
470,86
0,87
140,87
246,87
470,87
0,88
140,88
247,88
470,88
0,89
141,89
247,89
469,89
0,90
141,90
248,90
468,90
0,91
139,91
141,91
142,91
248,91
468,91
0,92
142,92
248,92
467,92
0,93
142,93
249,93
466,93
0,94
143,94
250,94
465,94
0,95
143,95
251,95
326,95
329,95
465,95
0,96
144,96
251,96
326,96
330,96
464,96
0,97
144,97
252,97
325,97
330,97
463,97
0,98
145,98
253,98
325,98
330,98
463,98
0,99
145,99
253,99
324,99
330,99
462,99
0,100
146,100
255,100
324,100
330,100
461,100
0,101
146,101
256,101
323,101
331,101
460,101
0,102
146,102
256,102
323,102
331,102
460,102
0,103
147,103
257,103
322,103
331,103
459,103
0,104
147,104
258,104
321,104
331,104
458,104
0,105
148,105
259,105
320,105
331,105
457,105
0,106
149,106
260,106
321,106
331,106
456,106
0,107
149,107
261,107
321,107
331,107
455,107
0,108
149,108
261,108
320,108
330,108
454,108
0,109
150,109
263,109
320,109
330,109
453,109
0,110
150,110
264,110
320,110
330,110
452,110
0,111
151,111
265,111
319,111
331,111
452,111
0,112
151,112
266,112
319,112
331,112
451,112
0,113
152,113
267,113
318,113
331,113
450,113
0,114
152,114
268,114
318,114
330,114
449,114
0,115
152,115
269,115
316,115
330,115
448,115
0,116
153,116
271,116
315,116
330,116
447,116
0,117
153,117
272,117
316,117
330,117
445,117
0,118
0,118
2,118
153,118
273,118
316,118
331,118
445,118
1,119
153,119
275,119
315,119
331,119
443,119
1,120
154,120
275,120
315,120
331,120
442,120
2,121
154,121
277,121
314,121
331,121
442,121
2,122
154,122
279,122
314,122
331,122
440,122
3,123
3,123
6,123
94,123
98,123
155,123
280,123
313,123
331,123
439,123
4,124
4,124
6,124
33,124
35,124
94,124
101,124
155,124
281,124
282,124
284,124
312,124
331,124
437,124
4,125
31,125
36,125
93,125
103,125
155,125
283,125
311,125
331,125
437,125
5,126
30,126
37,126
93,126
105,126
156,126
285,126
312,126
331,126
434,126
5,127
30,127
39,127
92,127
109,127
156,127
286,127
312,127
331,127
434,127
6,128
29,128
39,128
92,128
110,128
156,128
289,128
310,128
331,128
433,128
7,129
27,129
41,129
92,129
114,129
156,129
290,129
310,129
331,129
431,129
8,130
26,130
42,130
90,130
116,130
156,130
292,130
309,130
331,130
429,130
8,131
26,131
43,131
90,131
119,131
156,131
294,131
308,131
331,131
428,131
9,132
23,132
44,132
90,132
123,132
153,132
155,132
156,132
298,132
306,132
331,132
427,132
10,133
21,133
23,133
23,133
45,133
89,133
127,133
155,133
301,133
303,133
331,133
426,133
11,134
22,134
47,134
89,134
131,134
155,134
331,134
424,134
12,135
20,135
48,135
88,135
135,135
154,135
332,135
332,135
334,135
422,135
13,136
19,136
48,136
88,136
139,136
153,136
332,136
420,136
14,137
17,137
50,137
88,137
147,137
148,137
332,137
417,137
51,138
87,138
333,138
416,138
52,139
86,139
334,139
414,139
54,140
86,140
335,140
409,140
55,141
85,141
335,141
410,141
57,142
85,142
337,142
406,142
58,143
84,143
338,143
404,143
59,144
84,144
341,144
400,144
60,145
83,145
343,145
396,145
61,146
83,146
348,146
393,146
63,147
82,147
352,147
353,147
355,147
387,147
66,148
81,148
365,148
365,148
367,148
370,148
67,149
81,149
67,150
80,150
68,151
70,151
73,151
79,151
70,152
78,152
71,153
72,153
74,153
77,153
73,154
76,154
370,177
374,177
369,178
375,178
367,179
378,179
33,180
34,180
367,180
379,180
33,181
36,181
366,181
380,181
32,182
37,182
365,182
382,182
31,183
37,183
365,183
379,183
381,183
384,183
31,184
39,184
364,184
385,184
30,185
38,185
40,185
40,185
363,185
387,185
30,186
38,186
40,186
40,186
363,186
387,186
30,187
42,187
362,187
389,187
29,188
42,188
203,188
203,188
205,188
205,188
362,188
390,188
29,189
44,189
201,189
203,189
361,189
391,189
29,190
45,190
200,190
205,190
360,190
393,190
28,191
45,191
194,191
204,191
360,191
394,191
28,192
47,192
191,192
204,192
360,192
395,192
28,193
47,193
188,193
203,193
359,193
397,193
28,194
49,194
188,194
202,194
359,194
399,194
27,195
49,195
183,195
202,195
358,195
400,195
27,196
50,196
179,196
202,196
357,196
401,196
439,196
445,196
26,197
50,197
177,197
201,197
357,197
402,197
438,197
447,197
26,198
52,198
174,198
200,198
357,198
403,198
437,198
447,198
26,199
53,199
170,199
200,199
356,199
405,199
435,199
449,199
25,200
54,200
166,200
199,200
280,200
281,200
284,200
291,200
356,200
405,200
435,200
450,200
25,201
55,201
165,201
199,201
279,201
281,201
283,201
298,201
355,201
407,201
433,201
434,201
436,201
451,201
25,202
56,202
161,202
198,202
277,202
281,202
283,202
304,202
355,202
408,202
433,202
452,202
25,203
57,203
158,203
198,203
276,203
306,203
355,203
410,203
431,203
452,203
24,204
58,204
155,204
197,204
276,204
310,204
353,204
411,204
430,204
453,204
24,205
58,205
153,205
197,205
275,205
315,205
353,205
413,205
429,205
454,205
24,206
59,206
150,206
196,206
275,206
317,206
353,206
412,206
414,206
414,206
429,206
455,206
23,207
60,207
146,207
147,207
149,207
196,207
275,207
321,207
352,207
415,207
427,207
455,207
23,208
62,208
144,208
195,208
275,208
325,208
352,208
416,208
427,208
457,208
23,209
62,209
141,209
195,209
275,209
329,209
351,209
416,209
425,209
457,209
22,210
63,210
140,210
194,210
275,210
331,210
351,210
418,210
424,210
458,210
22,211
64,211
137,211
140,211
143,211
194,211
275,211
332,211
350,211
419,211
423,211
458,211
22,212
65,212
136,212
193,212
275,212
338,212
350,212
459,212
22,213
66,213
133,213
192,213
275,213
340,213
349,213
459,213
21,214
67,214
130,214
192,214
275,214
342,214
349,214
460,214
21,215
67,215
127,215
192,215
276,215
345,215
349,215
460,215
21,216
68,216
126,216
191,216
276,216
461,216
21,217
69,217
124,217
191,217
276,217
461,217
21,218
70,218
123,218
124,218
127,218
190,218
277,218
462,218
21,219
71,219
122,219
190,219
277,219
462,219
20,220
72,220
119,220
189,220
277,220
463,220
20,221
72,221
118,221
189,221
277,221
463,221
20,222
73,222
116,222
188,222
278,222
464,222
20,223
73,223
114,223
188,223
278,223
464,223
20,224
74,224
113,224
187,224
279,224
464,224
20,225
75,225
112,225
187,225
279,225
465,225
20,226
75,226
111,226
186,226
280,226
465,226
20,227
76,227
109,227
186,227
280,227
466,227
20,228
76,228
108,228
186,228
280,228
466,228
20,229
76,229
107,229
185,229
280,229
466,229
20,230
77,230
106,230
185,230
281,230
466,230
20,231
78,231
105,231
184,231
281,231
281,231
283,231
467,231
20,232
78,232
103,232
184,232
282,232
467,232
478,232
479,232
20,233
78,233
102,233
183,233
282,233
467,233
471,233
479,233
20,234
79,234
101,234
183,234
282,234
479,234
20,235
80,235
100,235
182,235
283,235
479,235
20,236
80,236
99,236
182,236
283,236
479,236
20,237
80,237
98,237
181,237
284,237
479,237
20,238
80,238
97,238
181,238
284,238
479,238
20,239
80,239
96,239
180,239
285,239
479,239
20,240
80,240
95,240
180,240
285,240
286,240
288,240
479,240
21,241
80,241
95,241
179,241
286,241
479,241
21,242
81,242
94,242
179,242
286,242
479,242
21,243
81,243
93,243
178,243
287,243
479,243
21,244
80,244
92,244
178,244
287,244
479,244
22,245
80,245
91,245
177,245
288,245
479,245
22,246
80,246
90,246
177,246
288,246
479,246
22,247
80,247
90,247
176,247
289,247
479,247
23,248
80,248
89,248
175,248
290,248
479,248
24,249
80,249
88,249
175,249
290,249
479,249
24,250
80,250
87,250
174,250
290,250
479,250
24,251
80,251
86,251
174,251
291,251
479,251
25,252
80,252
86,252
173,252
291,252
479,252
25,253
79,253
85,253
172,253
292,253
479,253
26,254
79,254
84,254
172,254
292,254
479,254
27,255
79,255
84,255
171,255
293,255
479,255
27,256
79,256
85,256
170,256
294,256
479,256
28,257
79,257
83,257
169,257
294,257
479,257
28,258
79,258
82,258
169,258
294,258
479,258
29,259
168,259
295,259
479,259
30,260
168,260
296,260
479,260
31,261
167,261
296,261
479,261
32,262
166,262
297,262
479,262
0,263
4,263
32,263
165,263
298,263
479,263
0,264
8,264
33,264
164,264
298,264
479,264
0,265
12,265
33,265
163,265
299,265
479,265
0,266
13,266
15,266
16,266
34,266
162,266
300,266
479,266
0,267
19,267
36,267
162,267
300,267
479,267
0,268
21,268
36,268
161,268
300,268
300,268
302,268
479,268
0,269
23,269
38,269
159,269
300,269
300,269
302,269
479,269
0,270
26,270
39,270
159,270
299,270
479,270
0,271
28,271
39,271
157,271
300,271
300,271
302,271
479,271
0,272
30,272
40,272
156,272
296,272
479,272
0,273
32,273
41,273
41,273
43,273
155,273
294,273
479,273
0,274
33,274
42,274
153,274
292,274
479,274
0,275
31,275
33,275
35,275
43,275
149,275
151,275
153,275
291,275
479,275
0,276
37,276
43,276
149,276
151,276
152,276
289,276
479,276
0,277
39,277
43,277
148,277
150,277
151,277
288,277
479,277
0,278
148,278
285,278
479,278
0,279
147,279
284,279
479,279
0,280
147,280
283,280
479,280
0,281
144,281
282,281
479,281
0,282
143,282
279,282
282,282
284,282
479,282
0,283
141,283
278,283
479,283
0,284
139,284
278,284
479,284
0,285
138,285
275,285
479,285
0,286
136,286
274,286
479,286
0,287
135,287
274,287
479,287
0,288
133,288
272,288
479,288
0,289
130,289
269,289
270,289
272,289
479,289
0,290
129,290
267,290
479,290
0,291
127,291
266,291
269,291
271,291
479,291
0,292
125,292
265,292
479,292
0,293
123,293
263,293
479,293
0,294
121,294
262,294
479,294
0,295
119,295
261,295
374,295
380,295
479,295
0,296
117,296
261,296
371,296
374,296
374,296
384,296
479,296
0,297
117,297
261,297
359,297
365,297
369,297
374,297
375,297
387,297
479,297
0,298
118,298
122,298
129,298
132,298
132,298
260,298
358,298
366,298
369,298
387,298
479,298
0,299
137,299
259,299
351,299
354,299
358,299
368,299
370,299
376,299
376,299
389,299
479,299
0,300
143,300
260,300
351,300
355,300
358,300
370,300
371,300
391,300
479,300
0,301
144,301
261,301
351,301
356,301
358,301
370,301
371,301
392,301
479,301
0,302
146,302
261,302
351,302
358,302
358,302
370,302
372,302
394,302
479,302
0,303
148,303
262,303
351,303
359,303
359,303
373,303
373,303
395,303
479,303
0,304
151,304
263,304
351,304
359,304
359,304
395,304
479,304
3,305
152,305
263,305
264,305
266,305
347,305
349,305
351,305
397,305
479,305
7,306
154,306
265,306
347,306
350,306
351,306
398,306
479,306
12,307
155,307
265,307
346,307
399,307
479,307
15,308
25,308
27,308
157,308
267,308
346,308
399,308
479,308
20,309
159,309
267,309
346,309
401,309
479,309
24,310
160,310
268,310
347,310
402,310
479,310
28,311
161,311
269,311
348,311
402,311
479,311
29,312
162,312
270,312
348,312
403,312
479,312
30,313
164,313
271,313
348,313
403,313
479,313
30,314
165,314
272,314
348,314
405,314
479,314
31,315
166,315
273,315
349,315
405,315
479,315
30,316
167,316
274,316
345,316
347,316
350,316
407,316
479,316
30,317
167,317
275,317
345,317
408,317
479,317
30,318
170,318
276,318
345,318
408,318
479,318
29,319
171,319
278,319
344,319
410,319
479,319
29,320
172,320
279,320
344,320
411,320
479,320
28,321
173,321
280,321
344,321
412,321
479,321
27,322
174,322
281,322
344,322
413,322
479,322
26,323
175,323
283,323
344,323
415,323
479,323
25,324
176,324
284,324
344,324
415,324
479,324
24,325
177,325
285,325
344,325
416,325
479,325
23,326
178,326
285,326
344,326
416,326
479,326
22,327
177,327
179,327
180,327
286,327
344,327
417,327
479,327
21,328
180,328
288,328
344,328
418,328
479,328
19,329
19,329
21,329
181,329
289,329
344,329
419,329
479,329
18,330
90,330
94,330
182,330
290,330
344,330
419,330
479,330
17,331
90,331
95,331
183,331
292,331
344,331
420,331
479,331
15,332
43,332
45,332
90,332
96,332
184,332
293,332
345,332
421,332
479,332
14,333
38,333
47,333
91,333
97,333
185,333
294,333
345,333
421,333
479,333
12,334
36,334
48,334
91,334
98,334
186,334
295,334
345,334
421,334
479,334
11,335
33,335
49,335
91,335
98,335
188,335
296,335
345,335
359,335
359,335
420,335
479,335
9,336
33,336
49,336
91,336
99,336
188,336
298,336
318,336
320,336
345,336
422,336
479,336
8,337
30,337
49,337
92,337
101,337
190,337
299,337
318,337
320,337
345,337
423,337
477,337
5,338
28,338
50,338
92,338
101,338
190,338
300,338
318,338
320,338
344,338
424,338
475,338
4,339
27,339
50,339
93,339
102,339
191,339
302,339
344,339
346,339
347,339
425,339
475,339
2,340
25,340
50,340
93,340
103,340
192,340
304,340
344,340
429,340
471,340
474,340
474,340
1,341
23,341
50,341
94,341
105,341
193,341
305,341
344,341
430,341
473,341
0,342
23,342
50,342
94,342
105,342
194,342
307,342
344,342
431,342
473,342
2,343
21,343
50,343
94,343
106,343
195,343
308,343
344,343
433,343
471,343
0,344
20,344
50,344
95,344
107,344
194,344
196,344
196,344
309,344
344,344
436,344
472,344
0,345
18,345
50,345
95,345
108,345
197,345
309,345
344,345
438,345
472,345
0,346
17,346
50,346
95,346
109,346
198,346
309,346
345,346
444,346
472,346
0,347
16,347
50,347
95,347
110,347
199,347
308,347
345,347
445,347
472,347
0,348
14,348
50,348
96,348
112,348
200,348
307,348
344,348
448,348
472,348
0,349
13,349
50,349
96,349
113,349
201,349
307,349
343,349
450,349
472,349
0,350
12,350
50,350
97,350
114,350
201,350
306,350
343,350
453,350
472,350
0,351
11,351
50,351
97,351
115,351
203,351
305,351
343,351
455,351
472,351
0,352
9,352
50,352
97,352
116,352
204,352
304,352
343,352
457,352
473,352
0,353
8,353
50,353
98,353
118,353
205,353
304,353
344,353
459,353
473,353
0,354
7,354
50,354
98,354
120,354
206,354
302,354
344,354
462,354
474,354
0,355
2,355
5,355
6,355
50,355
98,355
121,355
206,355
302,355
344,355
465,355
474,355
1,356
2,356
50,356
98,356
122,356
207,356
301,356
345,356
474,356
475,356
1,357
3,357
50,357
98,357
124,357
208,357
301,357
346,357
50,358
99,358
126,358
208,358
300,358
347,358
51,359
99,359
128,359
209,359
299,359
347,359
