194,99
197,99
193,100
198,100
191,101
198,101
191,102
198,102
191,103
199,103
260,103
262,103
264,103
264,103
192,104
199,104
255,104
267,104
192,105
193,105
195,105
199,105
253,105
269,105
193,106
200,106
251,106
270,106
194,107
200,107
250,107
272,107
195,108
195,108
197,108
198,108
200,108
201,108
248,108
273,108
195,109
195,109
198,109
198,109
200,109
201,109
247,109
248,109
250,109
274,109
196,110
202,110
246,110
275,110
197,111
202,111
245,111
275,111
197,112
200,112
202,112
202,112
244,112
276,112
198,113
200,113
202,113
203,113
244,113
277,113
198,114
203,114
243,114
277,114
199,115
204,115
242,115
275,115
277,115
278,115
199,116
204,116
241,116
279,116
200,117
205,117
240,117
279,117
201,118
205,118
240,118
279,118
202,119
206,119
239,119
280,119
202,120
206,120
240,120
280,120
202,121
207,121
239,121
281,121
203,122
208,122
239,122
281,122
203,123
208,123
239,123
281,123
204,124
209,124
239,124
281,124
204,125
209,125
239,125
282,125
205,126
209,126
239,126
282,126
205,127
210,127
239,127
282,127
206,128
210,128
239,128
283,128
206,129
211,129
240,129
283,129
207,130
212,130
240,130
282,130
208,131
212,131
241,131
282,131
208,132
213,132
242,132
282,132
209,133
213,133
242,133
242,133
245,133
282,133
209,134
213,134
245,134
282,134
210,135
214,135
245,135
282,135
210,136
214,136
246,136
283,136
210,137
215,137
248,137
283,137
211,138
216,138
249,138
283,138
211,139
216,139
250,139
283,139
212,140
217,140
249,140
283,140
213,141
217,141
249,141
283,141
213,142
218,142
248,142
283,142
214,143
218,143
247,143
283,143
214,144
218,144
247,144
283,144
215,145
219,145
240,145
241,145
246,145
283,145
215,146
220,146
239,146
283,146
216,147
221,147
238,147
283,147
216,148
221,148
238,148
283,148
217,149
224,149
238,149
283,149
217,150
230,150
237,150
283,150
218,151
228,151
230,151
231,151
237,151
283,151
218,152
232,152
237,152
283,152
217,153
233,153
237,153
283,153
217,154
283,154
217,155
283,155
218,156
283,156
218,157
283,157
219,158
283,158
219,159
283,159
219,160
282,160
219,161
282,161
218,162
282,162
217,163
282,163
217,164
282,164
216,165
283,165
216,166
284,166
216,167
283,167
216,168
283,168
217,169
284,169
216,170
239,170
241,170
283,170
217,171
239,171
242,171
283,171
217,172
238,172
242,172
283,172
217,173
238,173
242,173
283,173
286,173
287,173
217,174
238,174
243,174
283,174
285,174
287,174
217,175
237,175
243,175
287,175
218,176
234,176
237,176
237,176
243,176
287,176
218,177
235,177
243,177
287,177
218,178
235,178
243,178
287,178
219,179
235,179
243,179
287,179
219,180
236,180
243,180
287,180
219,181
236,181
244,181
287,181
220,182
236,182
243,182
287,182
220,183
237,183
244,183
287,183
221,184
237,184
243,184
288,184
221,185
226,185
228,185
232,185
234,185
238,185
243,185
288,185
221,186
222,186
224,186
231,186
235,186
236,186
238,186
238,186
243,186
289,186
222,187
223,187
227,187
230,187
235,187
236,187
238,187
239,187
243,187
289,187
236,188
238,188
244,188
290,188
237,189
240,189
244,189
290,189
237,190
240,190
244,190
291,190
238,191
241,191
244,191
291,191
238,192
241,192
244,192
291,192
238,193
291,193
239,194
291,194
239,195
292,195
240,196
292,196
240,197
241,197
243,197
292,197
241,198
292,198
241,199
292,199
241,200
292,200
242,201
292,201
242,202
292,202
242,203
292,203
242,204
292,204
242,205
292,205
242,206
292,206
241,207
292,207
241,208
291,208
241,209
291,209
241,210
291,210
240,211
291,211
240,212
291,212
240,213
290,213
240,214
290,214
239,215
290,215
239,216
290,216
239,217
289,217
239,218
289,218
238,219
289,219
238,220
289,220
238,221
288,221
238,222
288,222
238,223
287,223
237,224
287,224
237,225
286,225
237,226
286,226
237,227
285,227
236,228
284,228
236,229
279,229
281,229
283,229
236,230
279,230
281,230
282,230
236,231
282,231
236,232
280,232
236,233
279,233
236,234
279,234
236,235
279,235
235,236
279,236
235,237
279,237
235,238
279,238
235,239
280,239
235,240
280,240
235,241
281,241
235,242
281,242
234,243
282,243
235,244
282,244
235,245
283,245
235,246
283,246
235,247
283,247
235,248
283,248
235,249
284,249
235,250
284,250
235,251
284,251
235,252
284,252
235,253
284,253
234,254
284,254
234,255
284,255
234,256
284,256
234,257
284,257
234,258
284,258
234,259
285,259
234,260
284,260
234,261
284,261
235,262
284,262
235,263
284,263
235,264
284,264
235,265
284,265
235,266
284,266
236,267
284,267
236,268
283,268
236,269
283,269
236,270
283,270
236,271
283,271
237,272
283,272
237,273
284,273
237,274
284,274
237,275
285,275
237,276
286,276
237,277
286,277
238,278
287,278
238,279
287,279
239,280
288,280
240,281
289,281
240,282
289,282
240,283
274,283
278,283
289,283
241,284
273,284
278,284
290,284
242,285
271,285
278,285
290,285
243,286
270,286
279,286
291,286
245,287
270,287
280,287
292,287
246,288
267,288
280,288
292,288
247,289
265,289
280,289
293,289
250,290
265,290
282,290
293,290
252,291
264,291
282,291
294,291
252,292
265,292
282,292
294,292
252,293
265,293
283,293
295,293
250,294
265,294
283,294
296,294
249,295
265,295
283,295
296,295
248,296
265,296
284,296
297,296
247,297
265,297
284,297
298,297
246,298
264,298
285,298
298,298
244,299
263,299
285,299
299,299
242,300
262,300
285,300
300,300
241,301
261,301
286,301
301,301
239,302
260,302
286,302
302,302
239,303
259,303
286,303
302,303
239,304
258,304
286,304
303,304
239,305
256,305
286,305
304,305
239,306
255,306
287,306
305,306
239,307
254,307
287,307
305,307
240,308
252,308
287,308
306,308
241,309
251,309
287,309
308,309
244,310
250,310
288,310
308,310
288,311
309,311
288,312
310,312
288,313
310,313
288,314
311,314
288,315
312,315
288,316
313,316
288,317
314,317
288,318
314,318
288,319
315,319
289,320
316,320
289,321
316,321
289,322
317,322
289,323
318,323
289,324
319,324
289,325
320,325
290,326
320,326
290,327
321,327
290,328
322,328
290,329
323,329
291,330
324,330
291,331
325,331
291,332
326,332
292,333
328,333
292,334
329,334
292,335
331,335
292,336
332,336
293,337
333,337
292,338
334,338
292,339
334,339
292,340
335,340
292,341
336,341
292,342
337,342
292,343
338,343
292,344
338,344
292,345
338,345
292,346
337,346
341,346
341,346
292,347
337,347
293,348
337,348
293,349
337,349
293,350
334,350
337,350
337,350
293,351
334,351
337,351
337,351
293,352
334,352
340,352
340,352
293,353
334,353
339,353
339,353
293,354
334,354
338,354
339,354
293,355
334,355
338,355
339,355
293,356
334,356
338,356
339,356
293,357
335,357
340,357
340,357
293,358
336,358
293,359
336,359
