260,43
260,43
262,43
265,43
259,44
268,44
258,45
270,45
258,46
263,46
265,46
271,46
258,47
267,47
269,47
271,47
258,48
269,48
271,48
271,48
258,49
272,49
258,50
272,50
258,51
272,51
258,52
272,52
258,53
271,53
258,54
268,54
270,54
271,54
258,55
270,55
258,56
270,56
257,57
267,57
269,57
270,57
257,58
267,58
269,58
269,58
257,59
269,59
257,60
269,60
257,61
268,61
257,62
268,62
257,63
268,63
256,64
268,64
256,65
267,65
256,66
267,66
256,67
267,67
256,68
266,68
256,69
266,69
256,70
266,70
255,71
265,71
255,72
265,72
255,73
265,73
255,74
265,74
255,75
265,75
254,76
264,76
254,77
264,77
254,78
264,78
254,79
264,79
254,80
263,80
253,81
263,81
253,82
263,82
253,83
263,83
253,84
262,84
253,85
262,85
253,86
262,86
252,87
262,87
252,88
261,88
252,89
261,89
252,90
261,90
251,91
261,91
251,92
261,92
251,93
260,93
316,93
323,93
251,94
260,94
308,94
330,94
251,95
260,95
303,95
334,95
250,96
259,96
301,96
337,96
250,97
259,97
297,97
340,97
250,98
259,98
294,98
341,98
250,99
259,99
292,99
343,99
250,100
259,100
290,100
344,100
250,101
258,101
288,101
345,101
250,102
258,102
287,102
344,102
346,102
346,102
249,103
258,103
286,103
347,103
249,104
258,104
285,104
348,104
249,105
257,105
284,105
349,105
248,106
257,106
283,106
350,106
248,107
257,107
283,107
350,107
248,108
257,108
282,108
351,108
248,109
257,109
281,109
352,109
248,110
256,110
280,110
352,110
248,111
256,111
280,111
353,111
247,112
255,112
279,112
353,112
247,113
256,113
279,113
353,113
247,114
255,114
278,114
354,114
247,115
255,115
277,115
354,115
247,116
255,116
277,116
354,116
246,117
255,117
276,117
355,117
246,118
255,118
275,118
355,118
246,119
254,119
275,119
355,119
246,120
254,120
274,120
355,120
245,121
254,121
274,121
356,121
245,122
254,122
273,122
356,122
245,123
254,123
272,123
357,123
245,124
254,124
271,124
357,124
244,125
253,125
271,125
271,125
273,125
357,125
244,126
253,126
273,126
357,126
244,127
253,127
273,127
358,127
244,128
253,128
273,128
358,128
244,129
252,129
272,129
272,129
274,129
358,129
243,130
250,130
252,130
252,130
272,130
358,130
243,131
252,131
272,131
359,131
243,132
252,132
273,132
275,132
277,132
359,132
243,133
252,133
273,133
274,133
277,133
278,133
280,133
359,133
243,134
251,134
273,134
274,134
277,134
359,134
243,135
251,135
274,135
274,135
278,135
359,135
242,136
251,136
274,136
274,136
278,136
359,136
241,137
251,137
274,137
275,137
278,137
359,137
237,138
251,138
274,138
274,138
278,138
359,138
236,139
252,139
278,139
359,139
235,140
253,140
279,140
359,140
235,141
251,141
253,141
254,141
280,141
360,141
236,142
254,142
280,142
280,142
282,142
360,142
237,143
257,143
280,143
360,143
237,144
258,144
281,144
360,144
236,145
259,145
283,145
360,145
236,146
260,146
283,146
360,146
235,147
260,147
283,147
360,147
236,148
261,148
283,148
360,148
236,149
261,149
282,149
360,149
236,150
261,150
282,150
360,150
234,151
236,151
238,151
262,151
280,151
360,151
234,152
262,152
279,152
360,152
234,153
235,153
237,153
263,153
278,153
361,153
234,154
263,154
279,154
360,154
235,155
235,155
237,155
263,155
280,155
360,155
235,156
235,156
237,156
263,156
282,156
360,156
235,157
235,157
237,157
264,157
282,157
360,157
233,158
264,158
282,158
360,158
233,159
264,159
282,159
360,159
233,160
265,160
282,160
282,160
284,160
360,160
233,161
265,161
282,161
360,161
234,162
265,162
283,162
360,162
235,163
266,163
284,163
284,163
286,163
359,163
235,164
266,164
283,164
359,164
235,165
267,165
284,165
359,165
235,166
267,166
285,166
359,166
235,167
268,167
285,167
359,167
235,168
243,168
248,168
268,168
286,168
359,168
235,169
243,169
250,169
269,169
286,169
359,169
234,170
243,170
252,170
267,170
269,170
269,170
287,170
359,170
234,171
243,171
254,171
270,171
287,171
357,171
234,172
242,172
256,172
270,172
288,172
358,172
233,173
242,173
257,173
271,173
291,173
299,173
302,173
358,173
233,174
242,174
259,174
272,174
291,174
299,174
302,174
358,174
233,175
242,175
259,175
275,175
292,175
358,175
233,176
241,176
260,176
280,176
291,176
357,176
232,177
241,177
261,177
283,177
291,177
357,177
232,178
241,178
261,178
280,178
283,178
283,178
291,178
357,178
232,179
240,179
262,179
284,179
291,179
357,179
233,180
240,180
262,180
284,180
291,180
357,180
231,181
240,181
261,181
283,181
290,181
357,181
231,182
240,182
260,182
284,182
290,182
357,182
231,183
239,183
260,183
285,183
290,183
290,183
292,183
357,183
231,184
239,184
259,184
285,184
289,184
357,184
231,185
239,185
259,185
285,185
288,185
357,185
230,186
239,186
259,186
357,186
230,187
238,187
258,187
357,187
230,188
238,188
258,188
357,188
229,189
238,189
257,189
357,189
229,190
237,190
254,190
357,190
229,191
237,191
250,191
356,191
229,192
237,192
247,192
357,192
229,193
237,193
246,193
357,193
229,194
236,194
245,194
357,194
228,195
236,195
245,195
357,195
228,196
236,196
244,196
357,196
228,197
236,197
244,197
356,197
228,198
235,198
244,198
356,198
227,199
235,199
244,199
356,199
226,200
235,200
244,200
356,200
226,201
235,201
244,201
356,201
226,202
234,202
244,202
356,202
226,203
234,203
244,203
356,203
226,204
234,204
245,204
356,204
226,205
234,205
245,205
356,205
225,206
233,206
245,206
356,206
225,207
233,207
245,207
355,207
225,208
232,208
245,208
356,208
224,209
232,209
246,209
356,209
225,210
232,210
246,210
355,210
224,211
224,211
226,211
232,211
246,211
355,211
224,212
231,212
246,212
355,212
224,213
231,213
246,213
355,213
225,214
231,214
246,214
355,214
223,215
231,215
247,215
355,215
223,216
230,216
247,216
355,216
223,217
230,217
247,217
355,217
222,218
230,218
248,218
355,218
222,219
229,219
248,219
354,219
222,220
229,220
248,220
354,220
221,221
229,221
249,221
354,221
221,222
229,222
249,222
354,222
221,223
228,223
249,223
354,223
221,224
228,224
250,224
353,224
220,225
228,225
250,225
353,225
220,226
228,226
250,226
353,226
220,227
228,227
252,227
353,227
220,228
227,228
251,228
353,228
219,229
227,229
251,229
353,229
219,230
227,230
252,230
353,230
219,231
226,231
253,231
353,231
218,232
226,232
254,232
352,232
218,233
226,233
254,233
352,233
218,234
225,234
254,234
352,234
218,235
225,235
254,235
352,235
218,236
225,236
255,236
352,236
217,237
225,237
255,237
352,237
217,238
225,238
255,238
351,238
216,239
225,239
256,239
351,239
216,240
224,240
256,240
351,240
216,241
224,241
257,241
351,241
216,242
224,242
257,242
351,242
215,243
224,243
258,243
351,243
215,244
224,244
258,244
351,244
214,245
224,245
259,245
259,245
261,245
350,245
214,246
224,246
259,246
350,246
213,247
224,247
260,247
350,247
213,248
223,248
260,248
350,248
213,249
223,249
261,249
350,249
213,250
223,250
261,250
349,250
212,251
223,251
262,251
265,251
268,251
349,251
212,252
223,252
264,252
349,252
212,253
222,253
268,253
348,253
212,254
222,254
268,254
348,254
212,255
221,255
269,255
348,255
212,256
221,256
270,256
347,256
211,257
221,257
271,257
347,257
211,258
220,258
271,258
347,258
207,259
220,259
272,259
347,259
206,260
221,260
272,260
347,260
206,261
222,261
273,261
347,261
206,262
223,262
273,262
347,262
206,263
226,263
273,263
347,263
206,264
227,264
273,264
347,264
206,265
231,265
233,265
235,265
273,265
346,265
206,266
237,266
273,266
346,266
205,267
238,267
273,267
346,267
205,268
242,268
273,268
346,268
205,269
245,269
273,269
346,269
205,270
248,270
274,270
346,270
204,271
251,271
274,271
345,271
204,272
253,272
274,272
345,272
203,273
255,273
274,273
345,273
203,274
256,274
274,274
344,274
202,275
260,275
274,275
344,275
202,276
263,276
274,276
344,276
202,277
266,277
274,277
343,277
201,278
269,278
274,278
343,278
201,279
343,279
200,280
342,280
200,281
341,281
200,282
341,282
202,283
340,283
204,284
340,284
206,285
340,285
206,286
340,286
206,287
340,287
206,288
340,288
206,289
213,289
220,289
340,289
206,290
209,290
212,290
212,290
221,290
340,290
205,291
209,291
212,291
212,291
221,291
340,291
205,292
212,292
221,292
338,292
205,293
212,293
221,293
338,293
205,294
212,294
220,294
339,294
205,295
212,295
220,295
339,295
204,296
211,296
220,296
339,296
204,297
211,297
220,297
340,297
204,298
211,298
219,298
341,298
204,299
211,299
219,299
341,299
203,300
210,300
219,300
342,300
203,301
210,301
219,301
342,301
203,302
210,302
218,302
342,302
203,303
210,303
218,303
343,303
203,304
209,304
218,304
343,304
203,305
209,305
217,305
343,305
202,306
209,306
217,306
344,306
202,307
209,307
217,307
344,307
202,308
209,308
217,308
345,308
201,309
209,309
216,309
345,309
201,310
208,310
216,310
345,310
201,311
208,311
216,311
346,311
201,312
208,312
215,312
346,312
201,313
208,313
215,313
346,313
200,314
207,314
214,314
347,314
200,315
207,315
214,315
347,315
200,316
207,316
214,316
347,316
200,317
207,317
214,317
347,317
200,318
206,318
213,318
347,318
199,319
206,319
213,319
348,319
199,320
206,320
213,320
348,320
199,321
206,321
212,321
348,321
199,322
206,322
212,322
348,322
198,323
205,323
211,323
348,323
198,324
205,324
211,324
348,324
198,325
205,325
210,325
348,325
198,326
205,326
210,326
349,326
198,327
205,327
210,327
349,327
197,328
204,328
209,328
349,328
197,329
205,329
209,329
209,329
211,329
349,329
197,330
204,330
209,330
349,330
197,331
204,331
209,331
349,331
197,332
204,332
208,332
349,332
197,333
203,333
210,333
350,333
197,334
203,334
208,334
273,334
276,334
350,334
196,335
203,335
208,335
272,335
276,335
350,335
196,336
202,336
207,336
270,336
276,336
350,336
195,337
202,337
206,337
206,337
208,337
270,337
276,337
350,337
195,338
202,338
206,338
269,338
276,338
350,338
195,339
199,339
201,339
202,339
205,339
267,339
275,339
350,339
195,340
199,340
201,340
202,340
205,340
266,340
275,340
350,340
195,341
199,341
201,341
201,341
207,341
207,341
209,341
265,341
275,341
350,341
194,342
201,342
205,342
263,342
275,342
350,342
194,343
201,343
205,343
206,343
208,343
263,343
275,343
350,343
194,344
201,344
204,344
204,344
208,344
261,344
275,344
350,344
194,345
201,345
208,345
259,345
274,345
350,345
194,346
201,346
210,346
257,346
274,346
350,346
193,347
201,347
215,347
255,347
274,347
350,347
193,348
200,348
220,348
246,348
248,348
253,348
274,348
351,348
193,349
200,349
226,349
250,349
274,349
351,349
192,350
200,350
235,350
246,350
273,350
351,350
192,351
200,351
273,351
351,351
192,352
199,352
273,352
351,352
192,353
199,353
273,353
351,353
192,354
199,354
273,354
351,354
191,355
199,355
272,355
351,355
191,356
199,356
272,356
351,356
191,357
199,357
272,357
351,357
191,358
198,358
271,358
351,358
191,359
198,359
271,359
351,359
