113,0
113,0
125,0
127,0
244,58
252,58
242,59
254,59
242,60
256,60
241,61
254,61
256,61
257,61
240,62
255,62
257,62
257,62
240,63
258,63
336,63
336,63
240,64
258,64
332,64
337,64
240,65
256,65
258,65
259,65
331,65
337,65
240,66
258,66
330,66
331,66
333,66
338,66
240,67
258,67
328,67
339,67
240,68
258,68
322,68
349,68
240,69
258,69
318,69
355,69
240,70
258,70
315,70
360,70
240,71
258,71
313,71
364,71
240,72
258,72
311,72
368,72
240,73
257,73
309,73
310,73
312,73
370,73
240,74
257,74
308,74
373,74
241,75
256,75
306,75
376,75
241,76
256,76
305,76
377,76
241,77
256,77
304,77
379,77
241,78
256,78
302,78
381,78
241,79
255,79
301,79
383,79
240,80
255,80
300,80
385,80
240,81
255,81
298,81
386,81
240,82
255,82
297,82
387,82
240,83
254,83
296,83
389,83
240,84
254,84
295,84
384,84
386,84
389,84
240,85
254,85
294,85
391,85
240,86
254,86
293,86
392,86
240,87
254,87
292,87
393,87
240,88
254,88
291,88
394,88
240,89
254,89
290,89
395,89
240,90
253,90
289,90
396,90
240,91
253,91
288,91
397,91
240,92
253,92
287,92
289,92
291,92
397,92
240,93
253,93
287,93
398,93
239,94
253,94
286,94
399,94
239,95
253,95
285,95
286,95
290,95
400,95
239,96
252,96
284,96
285,96
289,96
400,96
239,97
252,97
283,97
283,97
289,97
401,97
239,98
252,98
289,98
401,98
239,99
252,99
288,99
402,99
239,100
251,100
287,100
403,100
239,101
251,101
287,101
287,101
289,101
403,101
238,102
251,102
288,102
404,102
238,103
251,103
286,103
404,103
238,104
251,104
285,104
404,104
238,105
251,105
285,105
404,105
238,106
251,106
284,106
405,106
238,107
250,107
283,107
405,107
238,108
250,108
283,108
405,108
238,109
250,109
284,109
406,109
237,110
250,110
285,110
406,110
237,111
250,111
285,111
406,111
237,112
250,112
285,112
406,112
237,113
250,113
284,113
407,113
237,114
250,114
284,114
407,114
237,115
249,115
284,115
407,115
237,116
249,116
284,116
407,116
237,117
249,117
284,117
407,117
237,118
249,118
284,118
284,118
287,118
408,118
236,119
249,119
284,119
284,119
287,119
409,119
236,120
249,120
287,120
409,120
236,121
249,121
283,121
283,121
287,121
287,121
289,121
410,121
236,122
248,122
286,122
287,122
289,122
411,122
236,123
248,123
286,123
411,123
236,124
248,124
286,124
288,124
291,124
291,124
293,124
411,124
236,125
248,125
287,125
288,125
291,125
412,125
236,126
248,126
287,126
287,126
292,126
412,126
236,127
248,127
287,127
287,127
292,127
412,127
236,128
248,128
295,128
413,128
235,129
247,129
294,129
413,129
235,130
248,130
293,130
413,130
235,131
247,131
292,131
413,131
235,132
247,132
292,132
413,132
235,133
247,133
291,133
414,133
235,134
247,134
290,134
414,134
235,135
247,135
288,135
412,135
414,135
414,135
235,136
247,136
284,136
288,136
290,136
414,136
234,137
247,137
283,137
285,137
288,137
415,137
234,138
247,138
283,138
415,138
234,139
247,139
283,139
415,139
234,140
247,140
284,140
415,140
234,141
246,141
284,141
416,141
234,142
246,142
285,142
416,142
234,143
246,143
285,143
416,143
234,144
246,144
286,144
286,144
288,144
416,144
233,145
246,145
286,145
416,145
233,146
246,146
286,146
416,146
233,147
246,147
286,147
416,147
233,148
246,148
286,148
416,148
233,149
246,149
286,149
416,149
232,150
245,150
285,150
416,150
232,151
245,151
285,151
416,151
232,152
245,152
285,152
417,152
232,153
245,153
285,153
417,153
231,154
245,154
285,154
417,154
229,155
245,155
286,155
417,155
226,156
246,156
286,156
417,156
225,157
247,157
286,157
417,157
225,158
225,158
227,158
247,158
285,158
417,158
225,159
225,159
227,159
248,159
285,159
286,159
288,159
417,159
224,160
249,160
286,160
418,160
224,161
250,161
286,161
418,161
225,162
251,162
287,162
418,162
225,163
251,163
287,163
418,163
225,164
252,164
287,164
418,164
225,165
253,165
287,165
418,165
225,166
254,166
287,166
418,166
225,167
254,167
287,167
418,167
225,168
255,168
287,168
418,168
225,169
256,169
287,169
418,169
225,170
256,170
287,170
417,170
225,171
256,171
287,171
416,171
224,172
257,172
288,172
416,172
224,173
257,173
290,173
416,173
224,174
258,174
296,174
417,174
223,175
258,175
299,175
417,175
223,176
258,176
302,176
416,176
222,177
258,177
302,177
416,177
222,178
258,178
302,178
416,178
222,179
259,179
302,179
416,179
221,180
259,180
301,180
416,180
221,181
260,181
301,181
416,181
221,182
260,182
294,182
294,182
301,182
416,182
221,183
260,183
295,183
296,183
300,183
416,183
221,184
260,184
296,184
416,184
221,185
260,185
298,185
416,185
221,186
260,186
299,186
416,186
221,187
261,187
300,187
300,187
302,187
416,187
221,188
261,188
300,188
416,188
221,189
261,189
299,189
416,189
221,190
261,190
299,190
416,190
222,191
262,191
298,191
416,191
222,192
262,192
298,192
416,192
223,193
223,193
225,193
262,193
298,193
415,193
225,194
262,194
298,194
298,194
300,194
415,194
225,195
262,195
297,195
415,195
225,196
263,196
297,196
415,196
225,197
263,197
297,197
297,197
299,197
415,197
225,198
263,198
296,198
415,198
225,199
264,199
296,199
415,199
225,200
264,200
296,200
414,200
224,201
264,201
295,201
414,201
224,202
238,202
241,202
265,202
295,202
414,202
224,203
238,203
242,203
265,203
295,203
414,203
224,204
238,204
244,204
265,204
295,204
414,204
224,205
238,205
245,205
266,205
294,205
414,205
224,206
237,206
246,206
266,206
292,206
413,206
223,207
237,207
247,207
267,207
290,207
413,207
223,208
237,208
248,208
267,208
289,208
413,208
223,209
236,209
249,209
268,209
288,209
413,209
223,210
224,210
226,210
236,210
250,210
268,210
286,210
413,210
223,211
236,211
251,211
269,211
285,211
412,211
222,212
236,212
252,212
269,212
284,212
284,212
286,212
412,212
222,213
236,213
253,213
270,213
283,213
284,213
286,213
412,213
222,214
235,214
254,214
270,214
283,214
411,214
222,215
235,215
254,215
271,215
282,215
412,215
222,216
235,216
255,216
271,216
282,216
411,216
222,217
235,217
256,217
271,217
283,217
411,217
221,218
235,218
256,218
272,218
283,218
411,218
221,219
234,219
257,219
272,219
283,219
411,219
221,220
234,220
257,220
272,220
284,220
411,220
221,221
234,221
258,221
258,221
260,221
273,221
284,221
411,221
221,222
234,222
258,222
258,222
261,222
274,222
282,222
410,222
221,223
233,223
258,223
274,223
282,223
410,223
220,224
233,224
259,224
274,224
281,224
410,224
220,225
233,225
259,225
275,225
280,225
410,225
220,226
233,226
259,226
410,226
219,227
233,227
259,227
410,227
219,228
232,228
260,228
409,228
219,229
232,229
260,229
409,229
219,230
232,230
261,230
409,230
219,231
232,231
261,231
409,231
219,232
232,232
261,232
408,232
219,233
232,233
261,233
408,233
219,234
232,234
261,234
408,234
218,235
231,235
262,235
408,235
218,236
231,236
262,236
408,236
218,237
231,237
262,237
407,237
218,238
230,238
261,238
407,238
218,239
230,239
258,239
407,239
217,240
230,240
244,240
246,240
253,240
407,240
217,241
230,241
243,241
406,241
217,242
230,242
243,242
406,242
217,243
230,243
242,243
406,243
216,244
229,244
241,244
406,244
216,245
229,245
241,245
406,245
216,246
229,246
240,246
405,246
216,247
229,247
240,247
405,247
216,248
228,248
240,248
405,248
216,249
228,249
240,249
405,249
216,250
228,250
239,250
405,250
215,251
228,251
239,251
404,251
215,252
228,252
239,252
404,252
215,253
228,253
239,253
404,253
215,254
227,254
239,254
404,254
215,255
227,255
239,255
404,255
214,256
227,256
238,256
404,256
214,257
227,257
238,257
404,257
214,258
227,258
238,258
405,258
214,259
226,259
238,259
405,259
214,260
226,260
238,260
405,260
213,261
226,261
238,261
405,261
213,262
226,262
238,262
405,262
213,263
226,263
238,263
405,263
213,264
225,264
238,264
405,264
213,265
225,265
238,265
405,265
212,266
225,266
239,266
405,266
212,267
225,267
239,267
405,267
212,268
225,268
238,268
406,268
212,269
225,269
238,269
406,269
212,270
224,270
239,270
406,270
212,271
224,271
239,271
406,271
211,272
224,272
239,272
406,272
211,273
224,273
239,273
406,273
211,274
224,274
239,274
406,274
211,275
224,275
239,275
406,275
210,276
223,276
239,276
406,276
210,277
223,277
240,277
406,277
210,278
223,278
240,278
406,278
210,279
223,279
240,279
407,279
210,280
223,280
240,280
407,280
209,281
223,281
240,281
407,281
209,282
222,282
240,282
407,282
209,283
222,283
240,283
407,283
209,284
222,284
241,284
407,284
209,285
222,285
241,285
407,285
208,286
222,286
241,286
407,286
208,287
222,287
241,287
407,287
208,288
221,288
242,288
407,288
208,289
221,289
242,289
407,289
207,290
221,290
242,290
407,290
207,291
221,291
242,291
408,291
207,292
221,292
242,292
408,292
207,293
221,293
243,293
408,293
206,294
221,294
243,294
408,294
206,295
220,295
243,295
408,295
206,296
220,296
243,296
408,296
205,297
220,297
243,297
408,297
205,298
220,298
244,298
408,298
204,299
220,299
244,299
409,299
204,300
220,300
244,300
409,300
204,301
220,301
244,301
409,301
204,302
220,302
244,302
409,302
203,303
220,303
244,303
409,303
203,304
221,304
245,304
409,304
203,305
221,305
245,305
409,305
203,306
203,306
205,306
221,306
245,306
410,306
203,307
221,307
246,307
409,307
202,308
221,308
246,308
410,308
202,309
221,309
246,309
410,309
202,310
221,310
247,310
410,310
202,311
220,311
247,311
410,311
202,312
220,312
247,312
410,312
202,313
220,313
247,313
410,313
202,314
219,314
248,314
410,314
202,315
219,315
248,315
411,315
202,316
218,316
248,316
411,316
202,317
218,317
249,317
411,317
200,318
218,318
249,318
411,318
197,319
218,319
249,319
411,319
196,320
217,320
250,320
411,320
194,321
220,321
250,321
411,321
193,322
226,322
250,322
411,322
192,323
221,323
223,323
230,323
240,323
247,323
251,323
411,323
191,324
232,324
239,324
411,324
191,325
234,325
238,325
412,325
190,326
412,326
190,327
412,327
190,328
412,328
191,329
191,329
193,329
412,329
192,330
412,330
192,331
412,331
193,332
412,332
193,333
413,333
192,334
413,334
191,335
413,335
191,336
413,336
191,337
413,337
191,338
413,338
190,339
413,339
190,340
413,340
191,341
413,341
191,342
413,342
190,343
411,343
413,343
413,343
190,344
413,344
189,345
413,345
188,346
413,346
188,347
413,347
187,348
188,348
190,348
413,348
187,349
413,349
187,350
413,350
187,351
411,351
413,351
413,351
187,352
413,352
187,353
413,353
186,354
411,354
413,354
413,354
185,355
413,355
184,356
414,356
184,357
414,357
184,358
414,358
184,359
414,359
