128,15
128,15
109,16
109,16
128,16
128,16
109,17
110,17
123,17
127,17
108,18
110,18
122,18
127,18
109,19
111,19
121,19
126,19
110,20
113,20
119,20
126,20
110,21
113,21
118,21
125,21
110,22
113,22
117,22
124,22
110,23
113,23
116,23
122,23
110,24
121,24
110,25
120,25
105,26
105,26
110,26
120,26
109,27
120,27
111,28
120,28
111,29
120,29
110,30
110,30
112,30
113,30
115,30
116,30
118,30
122,30
110,31
110,31
112,31
112,31
114,31
115,31
121,31
126,31
114,32
115,32
123,32
126,32
114,33
116,33
125,33
128,33
113,34
117,34
113,35
117,35
114,36
117,36
115,37
117,37
116,38
117,38
116,39
117,39
116,40
116,40
249,59
251,59
246,60
255,60
244,61
257,61
244,62
258,62
243,63
256,63
258,63
259,63
337,63
339,63
242,64
260,64
335,64
340,64
242,65
260,65
334,65
340,65
242,66
258,66
260,66
261,66
333,66
340,66
242,67
258,67
260,67
261,67
328,67
341,67
242,68
261,68
322,68
351,68
242,69
261,69
318,69
355,69
242,70
261,70
316,70
361,70
242,71
260,71
314,71
364,71
242,72
260,72
312,72
368,72
243,73
260,73
310,73
311,73
313,73
370,73
243,74
260,74
309,74
373,74
243,75
259,75
307,75
375,75
243,76
259,76
306,76
378,76
243,77
258,77
305,77
380,77
243,78
258,78
303,78
382,78
244,79
258,79
302,79
384,79
244,80
258,80
301,80
385,80
243,81
257,81
300,81
386,81
243,82
257,82
298,82
388,82
243,83
257,83
297,83
389,83
243,84
257,84
296,84
385,84
387,84
390,84
243,85
257,85
295,85
392,85
243,86
256,86
294,86
393,86
243,87
256,87
293,87
394,87
243,88
256,88
292,88
395,88
243,89
256,89
291,89
396,89
243,90
256,90
290,90
397,90
243,91
255,91
289,91
291,91
293,91
398,91
243,92
255,92
289,92
398,92
242,93
255,93
288,93
289,93
291,93
399,93
242,94
255,94
287,94
288,94
292,94
400,94
242,95
255,95
286,95
286,95
292,95
401,95
242,96
255,96
284,96
284,96
291,96
401,96
242,97
255,97
290,97
402,97
242,98
255,98
290,98
403,98
242,99
255,99
289,99
403,99
242,100
254,100
289,100
404,100
242,101
254,101
289,101
404,101
241,102
254,102
288,102
405,102
241,103
254,103
287,103
405,103
241,104
254,104
286,104
406,104
241,105
254,105
286,105
406,105
241,106
254,106
286,106
406,106
241,107
254,107
286,107
406,107
241,108
254,108
286,108
407,108
240,109
253,109
286,109
407,109
240,110
253,110
286,110
407,110
240,111
253,111
286,111
408,111
240,112
253,112
286,112
408,112
240,113
253,113
285,113
408,113
240,114
253,114
285,114
408,114
240,115
253,115
285,115
408,115
240,116
252,116
286,116
408,116
240,117
252,117
285,117
286,117
288,117
409,117
240,118
252,118
285,118
285,118
288,118
409,118
239,119
252,119
288,119
407,119
409,119
409,119
239,120
252,120
288,120
410,120
239,121
252,121
288,121
411,121
239,122
252,122
287,122
411,122
239,123
252,123
288,123
289,123
292,123
412,123
239,124
251,124
288,124
289,124
293,124
412,124
239,125
251,125
288,125
288,125
293,125
413,125
239,126
251,126
293,126
413,126
239,127
251,127
293,127
413,127
239,128
251,128
295,128
414,128
238,129
251,129
296,129
414,129
238,130
251,130
293,130
414,130
238,131
251,131
293,131
293,131
295,131
414,131
238,132
251,132
292,132
415,132
238,133
250,133
290,133
415,133
238,134
250,134
287,134
415,134
238,135
250,135
284,135
415,135
238,136
250,136
284,136
285,136
288,136
416,136
238,137
250,137
284,137
414,137
416,137
416,137
238,138
250,138
284,138
416,138
237,139
250,139
284,139
416,139
237,140
250,140
285,140
417,140
237,141
250,141
285,141
417,141
237,142
250,142
286,142
417,142
237,143
250,143
286,143
417,143
237,144
250,144
287,144
417,144
237,145
250,145
287,145
417,145
237,146
250,146
287,146
418,146
236,147
249,147
287,147
418,147
236,148
249,148
286,148
418,148
236,149
249,149
285,149
418,149
236,150
249,150
285,150
418,150
236,151
249,151
285,151
418,151
236,152
249,152
285,152
418,152
236,153
249,153
285,153
418,153
235,154
249,154
286,154
418,154
235,155
249,155
286,155
418,155
234,156
249,156
286,156
418,156
232,157
249,157
285,157
419,157
231,158
249,158
286,158
419,158
228,159
249,159
286,159
418,159
228,160
249,160
287,160
418,160
227,161
249,161
287,161
419,161
226,162
228,162
230,162
231,162
234,162
249,162
287,162
419,162
225,163
230,163
234,163
249,163
287,163
419,163
225,164
230,164
234,164
249,164
287,164
419,164
225,165
230,165
232,165
249,165
287,165
419,165
225,166
250,166
287,166
419,166
225,167
251,167
286,167
419,167
225,168
251,168
286,168
419,168
225,169
252,169
287,169
419,169
224,170
224,170
226,170
253,170
287,170
419,170
224,171
254,171
288,171
419,171
224,172
254,172
289,172
418,172
224,173
255,173
293,173
418,173
223,174
256,174
299,174
418,174
222,175
256,175
303,175
418,175
222,176
257,176
303,176
419,176
222,177
257,177
303,177
419,177
222,178
258,178
303,178
419,178
222,179
258,179
302,179
419,179
221,180
258,180
302,180
418,180
221,181
259,181
295,181
295,181
302,181
418,181
221,182
259,182
296,182
296,182
301,182
418,182
220,183
260,183
298,183
418,183
220,184
260,184
299,184
417,184
218,185
260,185
300,185
417,185
218,186
260,186
300,186
418,186
218,187
261,187
301,187
417,187
218,188
261,188
300,188
418,188
218,189
261,189
300,189
418,189
218,190
261,190
299,190
418,190
218,191
261,191
299,191
418,191
219,192
262,192
299,192
417,192
219,193
262,193
299,193
417,193
219,194
262,194
298,194
417,194
219,195
262,195
298,195
417,195
220,196
262,196
297,196
417,196
221,197
263,197
297,197
298,197
300,197
417,197
222,198
263,198
297,198
416,198
224,199
263,199
297,199
416,199
224,200
263,200
296,200
416,200
226,201
263,201
296,201
416,201
227,202
263,202
296,202
416,202
228,203
264,203
295,203
416,203
228,204
264,204
295,204
415,204
228,205
264,205
294,205
415,205
228,206
265,206
292,206
415,206
228,207
265,207
290,207
415,207
227,208
265,208
289,208
415,208
227,209
266,209
287,209
415,209
227,210
266,210
286,210
415,210
227,211
266,211
285,211
414,211
227,212
240,212
243,212
267,212
284,212
285,212
287,212
414,212
227,213
240,213
244,213
267,213
284,213
414,213
226,214
240,214
244,214
268,214
283,214
414,214
226,215
240,215
246,215
268,215
284,215
414,215
226,216
240,216
246,216
269,216
283,216
413,216
226,217
239,217
247,217
269,217
284,217
413,217
226,218
239,218
248,218
270,218
284,218
413,218
225,219
239,219
249,219
270,219
284,219
413,219
225,220
239,220
250,220
271,220
284,220
412,220
225,221
239,221
251,221
271,221
282,221
412,221
225,222
239,222
252,222
271,222
282,222
412,222
225,223
238,223
253,223
272,223
281,223
412,223
225,224
238,224
253,224
272,224
280,224
412,224
225,225
238,225
254,225
272,225
280,225
412,225
225,226
238,226
255,226
273,226
279,226
412,226
224,227
238,227
255,227
273,227
278,227
411,227
224,228
237,228
255,228
274,228
278,228
411,228
224,229
237,229
256,229
274,229
277,229
411,229
224,230
237,230
257,230
411,230
224,231
237,231
257,231
411,231
223,232
236,232
258,232
258,232
260,232
411,232
223,233
236,233
258,233
258,233
261,233
410,233
223,234
236,234
258,234
410,234
223,235
236,235
259,235
410,235
223,236
236,236
259,236
410,236
222,237
236,237
259,237
409,237
222,238
235,238
259,238
409,238
222,239
235,239
260,239
409,239
222,240
235,240
260,240
409,240
222,241
235,241
261,241
409,241
222,242
235,242
261,242
408,242
222,243
235,243
261,243
408,243
222,244
234,244
261,244
408,244
221,245
234,245
261,245
408,245
221,246
234,246
260,246
408,246
221,247
234,247
256,247
407,247
221,248
234,248
251,248
407,248
221,249
233,249
244,249
407,249
221,250
233,250
244,250
407,250
220,251
233,251
243,251
407,251
220,252
233,252
242,252
406,252
220,253
233,253
241,253
406,253
220,254
233,254
241,254
406,254
219,255
232,255
240,255
406,255
219,256
232,256
240,256
406,256
219,257
232,257
240,257
406,257
219,258
232,258
239,258
406,258
219,259
232,259
239,259
406,259
219,260
231,260
239,260
406,260
219,261
231,261
239,261
406,261
218,262
231,262
238,262
406,262
218,263
231,263
238,263
407,263
218,264
231,264
238,264
407,264
218,265
230,265
238,265
407,265
218,266
230,266
238,266
407,266
217,267
230,267
237,267
407,267
217,268
230,268
237,268
407,268
217,269
230,269
237,269
407,269
217,270
230,270
237,270
407,270
217,271
229,271
237,271
407,271
216,272
229,272
237,272
408,272
216,273
229,273
237,273
408,273
216,274
229,274
237,274
408,274
216,275
229,275
237,275
408,275
216,276
229,276
237,276
408,276
216,277
228,277
237,277
408,277
215,278
228,278
237,278
408,278
215,279
228,279
238,279
408,279
215,280
228,280
238,280
408,280
215,281
228,281
238,281
408,281
214,282
228,282
238,282
408,282
214,283
228,283
238,283
409,283
214,284
227,284
238,284
409,284
214,285
227,285
238,285
409,285
214,286
227,286
238,286
409,286
213,287
227,287
238,287
409,287
213,288
227,288
238,288
409,288
213,289
227,289
239,289
409,289
213,290
227,290
239,290
409,290
213,291
226,291
239,291
409,291
213,292
226,292
239,292
409,292
212,293
226,293
239,293
409,293
212,294
226,294
239,294
410,294
212,295
226,295
239,295
410,295
211,296
226,296
239,296
410,296
211,297
226,297
239,297
410,297
211,298
226,298
239,298
410,298
210,299
226,299
240,299
410,299
210,300
226,300
240,300
410,300
210,301
226,301
240,301
411,301
209,302
226,302
240,302
411,302
209,303
226,303
240,303
411,303
208,304
226,304
240,304
411,304
208,305
226,305
240,305
411,305
208,306
227,306
241,306
411,306
208,307
227,307
241,307
411,307
208,308
227,308
242,308
411,308
208,309
226,309
241,309
411,309
208,310
226,310
242,310
412,310
208,311
226,311
242,311
412,311
208,312
223,312
225,312
225,312
242,312
412,312
208,313
225,313
242,313
412,313
208,314
225,314
242,314
412,314
208,315
224,315
243,315
412,315
208,316
224,316
243,316
413,316
207,317
223,317
243,317
413,317
204,318
223,318
243,318
413,318
202,319
206,319
208,319
224,319
244,319
413,319
200,320
224,320
244,320
413,320
199,321
230,321
244,321
413,321
198,322
199,322
201,322
226,322
228,322
235,322
244,322
413,322
197,323
198,323
201,323
238,323
244,323
413,323
197,324
238,324
240,324
240,324
244,324
413,324
196,325
241,325
244,325
414,325
196,326
414,326
196,327
414,327
196,328
414,328
197,329
414,329
198,330
414,330
198,331
414,331
199,332
415,332
198,333
415,333
197,334
415,334
197,335
415,335
196,336
415,336
196,337
415,337
195,338
415,338
195,339
415,339
195,340
415,340
196,341
415,341
196,342
415,342
196,343
415,343
195,344
415,344
195,345
415,345
194,346
415,346
193,347
415,347
193,348
415,348
193,349
415,349
193,350
415,350
193,351
415,351
192,352
415,352
192,353
416,353
191,354
416,354
191,355
416,355
190,356
416,356
190,357
416,357
190,358
416,358
190,359
416,359
