98,34
98,34
98,35
98,35
96,36
96,36
98,36
98,36
96,37
98,37
96,38
99,38
95,39
99,39
94,40
100,40
94,41
100,41
94,42
100,42
94,43
100,43
94,44
100,44
94,45
99,45
94,46
99,46
106,46
107,46
110,46
112,46
84,47
90,47
94,47
98,47
100,47
100,47
103,47
109,47
85,48
90,48
94,48
98,48
102,48
108,48
110,48
111,48
85,49
91,49
93,49
99,49
102,49
109,49
86,50
105,50
108,50
109,50
87,51
108,51
90,52
91,52
93,52
106,52
94,53
100,53
92,54
92,54
94,54
100,54
91,55
101,55
88,56
102,56
87,57
91,57
95,57
96,57
100,57
104,57
86,58
88,58
90,58
91,58
100,58
104,58
86,59
89,59
101,59
104,59
103,60
106,60
332,63
335,63
248,64
256,64
330,64
336,64
247,65
248,65
252,65
259,65
330,65
336,65
246,66
247,66
249,66
260,66
329,66
336,66
245,67
246,67
248,67
258,67
260,67
261,67
324,67
341,67
245,68
259,68
261,68
262,68
319,68
351,68
245,69
262,69
315,69
355,69
244,70
260,70
262,70
263,70
313,70
361,70
244,71
260,71
262,71
263,71
311,71
364,71
244,72
263,72
309,72
367,72
244,73
263,73
307,73
370,73
244,74
263,74
306,74
373,74
245,75
263,75
304,75
375,75
245,76
262,76
303,76
377,76
245,77
262,77
302,77
379,77
245,78
262,78
301,78
381,78
245,79
261,79
299,79
382,79
245,80
261,80
298,80
384,80
245,81
261,81
297,81
385,81
245,82
260,82
296,82
387,82
246,83
260,83
295,83
388,83
245,84
260,84
294,84
389,84
245,85
260,85
293,85
390,85
245,86
259,86
291,86
391,86
245,87
259,87
291,87
392,87
245,88
259,88
289,88
393,88
245,89
259,89
288,89
394,89
245,90
258,90
288,90
392,90
394,90
395,90
245,91
258,91
287,91
396,91
245,92
258,92
286,92
397,92
245,93
258,93
285,93
397,93
245,94
258,94
285,94
287,94
289,94
398,94
244,95
258,95
284,95
285,95
289,95
399,95
244,96
257,96
283,96
283,96
288,96
400,96
244,97
257,97
281,97
282,97
288,97
400,97
244,98
257,98
287,98
401,98
244,99
257,99
287,99
401,99
244,100
257,100
286,100
402,100
244,101
257,101
286,101
402,101
244,102
257,102
285,102
403,102
244,103
257,103
285,103
403,103
244,104
256,104
284,104
403,104
244,105
256,105
284,105
404,105
244,106
256,106
283,106
404,106
243,107
256,107
282,107
404,107
243,108
256,108
284,108
405,108
243,109
256,109
284,109
405,109
243,110
256,110
284,110
405,110
243,111
255,111
283,111
405,111
243,112
255,112
283,112
405,112
243,113
255,113
283,113
406,113
242,114
255,114
283,114
406,114
242,115
255,115
283,115
406,115
242,116
255,116
283,116
406,116
242,117
255,117
283,117
283,117
285,117
407,117
242,118
255,118
285,118
407,118
242,119
254,119
285,119
408,119
242,120
254,120
285,120
286,120
288,120
409,120
242,121
254,121
285,121
286,121
288,121
410,121
241,122
254,122
285,122
410,122
241,123
254,123
285,123
410,123
241,124
254,124
285,124
285,124
287,124
287,124
290,124
411,124
241,125
254,125
286,125
287,125
290,125
411,125
241,126
254,126
286,126
286,126
291,126
411,126
241,127
254,127
286,127
286,127
291,127
411,127
241,128
254,128
291,128
412,128
240,129
254,129
293,129
412,129
240,130
253,130
293,130
412,130
240,131
253,131
292,131
413,131
240,132
253,132
291,132
413,132
240,133
253,133
290,133
413,133
240,134
253,134
289,134
413,134
240,135
253,135
287,135
414,135
240,136
253,136
283,136
414,136
240,137
253,137
282,137
284,137
287,137
414,137
239,138
252,138
282,138
282,138
285,138
415,138
239,139
252,139
282,139
415,139
239,140
252,140
282,140
415,140
239,141
252,141
283,141
415,141
239,142
252,142
284,142
415,142
239,143
252,143
284,143
415,143
239,144
252,144
284,144
415,144
239,145
252,145
285,145
416,145
239,146
252,146
285,146
416,146
238,147
252,147
285,147
416,147
238,148
251,148
285,148
416,148
238,149
251,149
285,149
416,149
238,150
251,150
284,150
416,150
238,151
251,151
284,151
416,151
238,152
251,152
284,152
416,152
238,153
251,153
283,153
416,153
237,154
251,154
284,154
416,154
237,155
251,155
284,155
416,155
237,156
251,156
285,156
417,156
237,157
251,157
285,157
417,157
237,158
251,158
284,158
417,158
237,159
250,159
284,159
417,159
237,160
250,160
285,160
417,160
237,161
250,161
285,161
417,161
236,162
250,162
285,162
417,162
236,163
250,163
285,163
417,163
236,164
250,164
285,164
285,164
287,164
417,164
236,165
250,165
285,165
417,165
236,166
250,166
286,166
417,166
236,167
251,167
286,167
417,167
235,168
251,168
286,168
417,168
235,169
251,169
286,169
417,169
234,170
251,170
286,170
416,170
233,171
248,171
250,171
251,171
286,171
417,171
231,172
248,172
250,172
251,172
287,172
417,172
230,173
251,173
288,173
417,173
229,174
251,174
292,174
417,174
229,175
251,175
296,175
417,175
228,176
252,176
302,176
417,176
228,177
251,177
302,177
417,177
228,178
251,178
302,178
417,178
228,179
251,179
301,179
417,179
227,180
250,180
301,180
417,180
226,181
250,181
301,181
417,181
225,182
250,182
293,182
293,182
301,182
416,182
225,183
249,183
294,183
295,183
300,183
416,183
224,184
250,184
295,184
416,184
224,185
251,185
297,185
416,185
224,186
252,186
299,186
416,186
224,187
252,187
299,187
300,187
302,187
416,187
223,188
253,188
299,188
300,188
302,188
416,188
222,189
253,189
299,189
416,189
221,190
247,190
250,190
252,190
254,190
254,190
298,190
416,190
220,191
247,191
251,191
254,191
298,191
416,191
219,192
247,192
251,192
254,192
298,192
416,192
219,193
247,193
251,193
255,193
298,193
416,193
219,194
246,194
251,194
255,194
297,194
298,194
300,194
416,194
219,195
246,195
251,195
256,195
297,195
415,195
219,196
246,196
252,196
256,196
297,196
297,196
299,196
415,196
218,197
246,197
252,197
256,197
296,197
297,197
299,197
415,197
217,198
245,198
251,198
256,198
296,198
297,198
299,198
415,198
216,199
245,199
251,199
256,199
296,199
415,199
214,200
245,200
249,200
257,200
295,200
415,200
214,201
257,201
295,201
415,201
214,202
257,202
295,202
414,202
214,203
258,203
295,203
414,203
214,204
258,204
294,204
414,204
215,205
258,205
294,205
414,205
215,206
258,206
293,206
414,206
215,207
259,207
291,207
414,207
215,208
259,208
290,208
413,208
215,209
259,209
288,209
413,209
215,210
259,210
286,210
413,210
215,211
259,211
285,211
413,211
216,212
260,212
284,212
285,212
287,212
413,212
216,213
260,213
283,213
284,213
286,213
413,213
216,214
260,214
283,214
412,214
216,215
260,215
282,215
412,215
217,216
260,216
282,216
412,216
218,217
260,217
282,217
412,217
219,218
260,218
283,218
412,218
220,219
220,219
222,219
261,219
283,219
412,219
221,220
261,220
283,220
411,220
221,221
261,221
281,221
411,221
223,222
261,222
281,222
411,222
223,223
261,223
280,223
411,223
224,224
261,224
280,224
411,224
225,225
261,225
279,225
411,225
226,226
262,226
278,226
411,226
226,227
262,227
277,227
410,227
226,228
262,228
277,228
410,228
226,229
260,229
262,229
262,229
276,229
410,229
226,230
263,230
275,230
410,230
226,231
263,231
275,231
409,231
225,232
263,232
274,232
409,232
225,233
263,233
274,233
409,233
225,234
264,234
273,234
409,234
225,235
264,235
273,235
408,235
225,236
265,236
272,236
408,236
224,237
265,237
271,237
408,237
224,238
265,238
271,238
408,238
224,239
266,239
270,239
408,239
224,240
266,240
269,240
271,240
273,240
408,240
224,241
266,241
273,241
408,241
224,242
237,242
239,242
267,242
273,242
408,242
223,243
236,243
240,243
267,243
273,243
407,243
223,244
236,244
241,244
268,244
272,244
407,244
223,245
236,245
241,245
242,245
244,245
268,245
272,245
407,245
223,246
236,246
242,246
243,246
245,246
268,246
271,246
407,246
223,247
236,247
243,247
243,247
245,247
407,247
223,248
235,248
243,248
244,248
246,248
406,248
223,249
235,249
244,249
406,249
222,250
235,250
245,250
245,250
247,250
406,250
222,251
235,251
245,251
406,251
222,252
235,252
246,252
406,252
222,253
235,253
247,253
406,253
221,254
234,254
247,254
406,254
221,255
234,255
247,255
406,255
221,256
234,256
248,256
406,256
221,257
234,257
249,257
406,257
221,258
234,258
249,258
406,258
221,259
234,259
249,259
406,259
220,260
233,260
249,260
406,260
220,261
233,261
247,261
406,261
220,262
233,262
246,262
406,262
220,263
233,263
244,263
406,263
220,264
232,264
243,264
407,264
220,265
232,265
241,265
241,265
243,265
407,265
219,266
232,266
240,266
407,266
219,267
232,267
239,267
407,267
219,268
231,268
237,268
237,268
239,268
407,268
219,269
232,269
236,269
407,269
218,270
232,270
237,270
407,270
219,271
231,271
235,271
407,271
218,272
231,272
235,272
408,272
218,273
231,273
235,273
408,273
218,274
231,274
234,274
408,274
218,275
231,275
234,275
408,275
217,276
408,276
217,277
408,277
217,278
408,278
217,279
408,279
217,280
408,280
217,281
408,281
216,282
408,282
216,283
409,283
216,284
409,284
216,285
409,285
215,286
409,286
215,287
409,287
215,288
409,288
215,289
409,289
215,290
409,290
214,291
409,291
214,292
410,292
214,293
410,293
214,294
410,294
214,295
410,295
213,296
410,296
213,297
410,297
213,298
411,298
212,299
411,299
212,300
411,300
212,301
411,301
212,302
411,302
211,303
411,303
211,304
411,304
210,305
411,305
210,306
412,306
209,307
412,307
209,308
412,308
209,309
412,309
209,310
412,310
208,311
412,311
209,312
228,312
230,312
412,312
209,313
227,313
230,313
412,313
209,314
227,314
230,314
413,314
209,315
226,315
231,315
413,315
209,316
225,316
231,316
413,316
209,317
225,317
231,317
413,317
209,318
225,318
231,318
413,318
209,319
225,319
231,319
413,319
209,320
224,320
231,320
413,320
206,321
224,321
232,321
414,321
204,322
224,322
232,322
414,322
202,323
225,323
232,323
414,323
200,324
228,324
232,324
414,324
199,325
200,325
202,325
414,325
198,326
199,326
202,326
414,326
197,327
415,327
197,328
415,328
196,329
415,329
196,330
415,330
197,331
415,331
197,332
415,332
198,333
415,333
199,334
415,334
199,335
415,335
199,336
415,336
198,337
415,337
198,338
415,338
197,339
415,339
197,340
415,340
196,341
415,341
196,342
415,342
196,343
415,343
197,344
416,344
197,345
416,345
197,346
416,346
196,347
416,347
195,348
416,348
194,349
416,349
194,350
416,350
193,351
416,351
193,352
416,352
193,353
416,353
193,354
416,354
193,355
416,355
193,356
416,356
192,357
416,357
191,358
416,358
191,359
416,359
