92,36
92,36
92,37
92,37
92,38
93,38
92,39
94,39
91,40
91,40
93,40
95,40
91,41
95,41
91,42
95,42
91,43
95,43
91,44
96,44
91,45
96,45
109,45
109,45
91,46
96,46
105,46
107,46
91,47
96,47
104,47
107,47
91,48
96,48
101,48
108,48
92,49
96,49
100,49
107,49
92,50
96,50
99,50
106,50
84,51
86,51
88,51
88,51
92,51
106,51
82,52
88,52
90,52
105,52
82,53
103,53
83,54
85,54
87,54
98,54
84,55
89,55
92,55
98,55
87,56
87,56
92,56
98,56
93,57
102,57
91,58
91,58
93,58
104,58
90,59
92,59
95,59
105,59
88,60
92,60
95,60
95,60
99,60
106,60
87,61
91,61
95,61
95,61
101,61
106,61
87,62
88,62
90,62
90,62
95,62
95,62
86,63
89,63
95,63
95,63
330,63
333,63
86,64
86,64
328,64
334,64
95,65
95,65
328,65
334,65
248,66
256,66
327,66
334,66
247,67
259,67
322,67
344,67
246,68
260,68
317,68
352,68
245,69
246,69
248,69
258,69
260,69
261,69
314,69
356,69
245,70
259,70
261,70
262,70
312,70
361,70
245,71
262,71
309,71
364,71
244,72
260,72
262,72
263,72
307,72
367,72
244,73
260,73
262,73
263,73
306,73
370,73
244,74
263,74
304,74
373,74
244,75
263,75
303,75
375,75
244,76
263,76
302,76
377,76
245,77
263,77
301,77
379,77
245,78
262,78
299,78
380,78
245,79
262,79
298,79
382,79
245,80
262,80
297,80
384,80
245,81
262,81
296,81
385,81
245,82
261,82
295,82
386,82
245,83
261,83
294,83
387,83
245,84
260,84
293,84
389,84
245,85
260,85
292,85
390,85
245,86
260,86
290,86
391,86
245,87
260,87
290,87
392,87
245,88
259,88
289,88
393,88
245,89
259,89
288,89
391,89
393,89
394,89
245,90
259,90
287,90
394,90
245,91
259,91
286,91
395,91
245,92
259,92
285,92
286,92
288,92
396,92
245,93
258,93
284,93
397,93
245,94
258,94
284,94
397,94
245,95
258,95
283,95
284,95
287,95
398,95
245,96
258,96
282,96
283,96
287,96
399,96
244,97
258,97
281,97
281,97
287,97
399,97
244,98
257,98
279,98
279,98
286,98
400,98
244,99
257,99
285,99
400,99
244,100
257,100
285,100
401,100
244,101
257,101
285,101
401,101
244,102
257,102
284,102
401,102
244,103
257,103
283,103
402,103
244,104
257,104
283,104
402,104
244,105
257,105
282,105
403,105
244,106
257,106
282,106
403,106
244,107
256,107
281,107
403,107
244,108
256,108
282,108
404,108
243,109
256,109
282,109
404,109
243,110
256,110
282,110
404,110
243,111
256,111
282,111
404,111
243,112
256,112
282,112
404,112
243,113
255,113
282,113
404,113
243,114
255,114
282,114
405,114
243,115
255,115
282,115
405,115
243,116
255,116
281,116
406,116
242,117
255,117
281,117
406,117
242,118
255,118
281,118
282,118
284,118
407,118
242,119
255,119
281,119
281,119
284,119
408,119
242,120
255,120
281,120
281,120
284,120
409,120
242,121
254,121
281,121
281,121
284,121
409,121
242,122
254,122
284,122
409,122
242,123
254,123
284,123
409,123
242,124
254,124
284,124
285,124
288,124
410,124
241,125
254,125
284,125
285,125
289,125
410,125
241,126
254,126
285,126
285,126
289,126
410,126
241,127
254,127
285,127
285,127
289,127
410,127
241,128
254,128
285,128
285,128
290,128
411,128
241,129
254,129
292,129
411,129
241,130
254,130
292,130
412,130
241,131
254,131
292,131
412,131
240,132
254,132
291,132
412,132
240,133
254,133
290,133
412,133
240,134
253,134
289,134
413,134
240,135
253,135
288,135
413,135
240,136
253,136
285,136
287,136
289,136
413,136
240,137
253,137
282,137
414,137
240,138
253,138
281,138
283,138
286,138
414,138
240,139
253,139
281,139
414,139
240,140
253,140
281,140
414,140
240,141
253,141
281,141
414,141
239,142
253,142
282,142
414,142
239,143
252,143
283,143
414,143
239,144
252,144
283,144
415,144
239,145
252,145
284,145
415,145
239,146
252,146
284,146
415,146
239,147
252,147
284,147
415,147
239,148
252,148
284,148
415,148
239,149
252,149
284,149
415,149
239,150
252,150
284,150
415,150
238,151
252,151
283,151
415,151
238,152
251,152
283,152
415,152
238,153
251,153
283,153
415,153
238,154
251,154
283,154
415,154
238,155
251,155
283,155
416,155
238,156
251,156
284,156
416,156
237,157
251,157
284,157
416,157
237,158
251,158
284,158
416,158
237,159
251,159
284,159
416,159
237,160
251,160
284,160
416,160
237,161
251,161
284,161
416,161
237,162
251,162
285,162
416,162
237,163
251,163
285,163
416,163
237,164
250,164
285,164
416,164
237,165
250,165
285,165
416,165
236,166
250,166
285,166
416,166
236,167
250,167
285,167
416,167
236,168
250,168
285,168
416,168
236,169
251,169
285,169
416,169
236,170
251,170
285,170
416,170
235,171
251,171
285,171
416,171
235,172
251,172
286,172
416,172
226,173
228,173
235,173
251,173
287,173
416,173
225,174
228,174
234,174
251,174
288,174
416,174
224,175
228,175
234,175
251,175
293,175
416,175
224,176
229,176
233,176
251,176
300,176
416,176
224,177
229,177
233,177
251,177
301,177
416,177
224,178
228,178
232,178
252,178
301,178
416,178
223,179
228,179
232,179
251,179
301,179
416,179
222,180
228,180
233,180
251,180
301,180
416,180
222,181
228,181
233,181
251,181
300,181
416,181
222,182
229,182
233,182
250,182
300,182
416,182
222,183
229,183
233,183
250,183
293,183
293,183
300,183
416,183
222,184
229,184
233,184
250,184
294,184
296,184
299,184
416,184
221,185
229,185
233,185
249,185
296,185
416,185
221,186
230,186
233,186
249,186
297,186
416,186
221,187
249,187
299,187
299,187
301,187
416,187
220,188
248,188
299,188
299,188
301,188
416,188
220,189
249,189
299,189
299,189
301,189
415,189
219,190
249,190
298,190
415,190
218,191
250,191
298,191
415,191
217,192
251,192
297,192
415,192
216,193
251,193
297,193
415,193
216,194
251,194
297,194
415,194
216,195
251,195
297,195
415,195
216,196
252,196
296,196
414,196
216,197
252,197
296,197
414,197
215,198
252,198
296,198
414,198
214,199
253,199
295,199
414,199
213,200
253,200
295,200
414,200
212,201
253,201
295,201
414,201
211,202
254,202
295,202
414,202
211,203
254,203
295,203
413,203
211,204
254,204
294,204
413,204
211,205
254,205
294,205
413,205
211,206
254,206
294,206
413,206
211,207
254,207
292,207
413,207
211,208
255,208
290,208
412,208
211,209
255,209
288,209
412,209
212,210
255,210
287,210
412,210
212,211
255,211
285,211
412,211
212,212
256,212
284,212
412,212
212,213
256,213
283,213
284,213
286,213
412,213
212,214
256,214
283,214
411,214
213,215
256,215
282,215
411,215
212,216
256,216
282,216
411,216
213,217
256,217
282,217
411,217
213,218
256,218
282,218
411,218
214,219
257,219
282,219
411,219
215,220
215,220
217,220
257,220
282,220
411,220
216,221
257,221
282,221
410,221
217,222
257,222
281,222
410,222
217,223
257,223
280,223
410,223
218,224
218,224
220,224
257,224
279,224
410,224
219,225
257,225
279,225
410,225
220,226
257,226
278,226
410,226
221,227
257,227
277,227
409,227
221,228
257,228
277,228
409,228
222,229
257,229
276,229
409,229
223,230
257,230
275,230
409,230
224,231
257,231
275,231
408,231
225,232
258,232
274,232
408,232
225,233
258,233
273,233
408,233
225,234
258,234
273,234
408,234
225,235
259,235
272,235
408,235
225,236
259,236
272,236
408,236
225,237
259,237
271,237
408,237
225,238
260,238
271,238
407,238
225,239
260,239
270,239
407,239
225,240
260,240
269,240
407,240
224,241
261,241
273,241
407,241
224,242
261,242
273,242
407,242
224,243
261,243
273,243
407,243
224,244
261,244
272,244
406,244
224,245
262,245
272,245
406,245
224,246
262,246
271,246
406,246
223,247
263,247
270,247
406,247
223,248
263,248
270,248
405,248
223,249
264,249
269,249
405,249
223,250
264,250
268,250
405,250
223,251
236,251
238,251
265,251
267,251
405,251
222,252
235,252
239,252
405,252
222,253
235,253
240,253
405,253
222,254
235,254
240,254
405,254
222,255
235,255
240,255
405,255
222,256
235,256
241,256
405,256
221,257
234,257
242,257
242,257
244,257
405,257
221,258
234,258
243,258
405,258
221,259
234,259
242,259
406,259
221,260
234,260
241,260
406,260
221,261
234,261
240,261
406,261
221,262
233,262
239,262
406,262
221,263
233,263
238,263
406,263
220,264
234,264
236,264
406,264
220,265
407,265
220,266
407,266
220,267
407,267
220,268
407,268
220,269
407,269
219,270
407,270
219,271
407,271
219,272
407,272
218,273
408,273
218,274
407,274
218,275
407,275
218,276
408,276
218,277
408,277
218,278
408,278
218,279
408,279
217,280
408,280
217,281
408,281
217,282
408,282
217,283
408,283
217,284
408,284
216,285
409,285
216,286
409,286
216,287
409,287
216,288
409,288
216,289
409,289
215,290
409,290
215,291
409,291
215,292
409,292
215,293
409,293
215,294
410,294
215,295
410,295
214,296
410,296
214,297
410,297
213,298
410,298
213,299
410,299
213,300
411,300
213,301
411,301
213,302
411,302
212,303
411,303
212,304
411,304
211,305
411,305
211,306
411,306
211,307
412,307
210,308
412,308
210,309
412,309
210,310
412,310
209,311
412,311
209,312
412,312
209,313
412,313
209,314
413,314
209,315
413,315
209,316
413,316
209,317
413,317
209,318
413,318
210,319
413,319
209,320
413,320
209,321
414,321
209,322
414,322
208,323
414,323
205,324
414,324
203,325
206,325
208,325
414,325
201,326
414,326
200,327
415,327
199,328
200,328
202,328
415,328
198,329
199,329
202,329
415,329
197,330
415,330
197,331
415,331
196,332
415,332
196,333
415,333
197,334
415,334
198,335
415,335
198,336
415,336
199,337
415,337
199,338
415,338
199,339
415,339
198,340
415,340
198,341
415,341
197,342
415,342
197,343
415,343
196,344
415,344
196,345
416,345
196,346
416,346
197,347
416,347
197,348
416,348
197,349
416,349
196,350
416,350
195,351
416,351
195,352
416,352
194,353
416,353
194,354
416,354
194,355
416,355
194,356
416,356
193,357
416,357
194,358
416,358
194,359
416,359
