321,63
321,63
317,64
322,64
316,65
322,65
315,66
323,66
326,66
337,66
314,67
347,67
309,68
353,68
307,69
357,69
304,70
361,70
302,71
364,71
300,72
367,72
298,73
369,73
297,74
371,74
295,75
373,75
294,76
375,76
293,77
376,77
292,78
378,78
291,79
379,79
290,80
380,80
289,81
381,81
288,82
382,82
287,83
288,83
290,83
383,83
286,84
385,84
285,85
386,85
284,86
386,86
244,87
251,87
284,87
384,87
387,87
387,87
243,88
254,88
283,88
385,88
387,88
388,88
241,89
242,89
246,89
255,89
282,89
386,89
388,89
389,89
240,90
253,90
255,90
256,90
281,90
387,90
389,90
390,90
240,91
254,91
256,91
257,91
280,91
390,91
240,92
257,92
279,92
391,92
239,93
255,93
257,93
258,93
279,93
391,93
128,94
128,94
239,94
258,94
278,94
278,94
280,94
392,94
128,95
129,95
239,95
259,95
277,95
392,95
128,96
129,96
239,96
258,96
276,96
393,96
128,97
130,97
240,97
258,97
276,97
393,97
128,98
130,98
240,98
258,98
275,98
394,98
128,99
130,99
240,99
257,99
274,99
275,99
278,99
394,99
128,100
130,100
240,100
257,100
273,100
274,100
278,100
395,100
128,101
130,101
240,101
257,101
272,101
273,101
278,101
395,101
128,102
130,102
139,102
139,102
240,102
257,102
271,102
271,102
277,102
395,102
129,103
131,103
138,103
138,103
240,103
256,103
270,103
270,103
277,103
396,103
129,104
131,104
137,104
138,104
240,104
256,104
277,104
396,104
119,105
123,105
129,105
132,105
136,105
137,105
240,105
256,105
276,105
396,105
115,106
134,106
136,106
136,106
240,106
256,106
276,106
397,106
114,107
135,107
240,107
255,107
275,107
397,107
116,108
134,108
240,108
255,108
275,108
397,108
119,109
135,109
240,109
255,109
274,109
398,109
120,110
133,110
136,110
137,110
240,110
255,110
274,110
399,110
125,111
125,111
127,111
134,111
240,111
254,111
273,111
399,111
127,112
127,112
130,112
134,112
240,112
255,112
273,112
400,112
127,113
129,113
132,113
134,113
240,113
254,113
275,113
401,113
128,114
129,114
133,114
135,114
240,114
254,114
274,114
401,114
128,115
130,115
135,115
135,115
240,115
254,115
274,115
402,115
127,116
129,116
135,116
136,116
240,116
254,116
274,116
402,116
127,117
127,117
136,117
136,117
240,117
254,117
274,117
403,117
126,118
127,118
136,118
136,118
240,118
254,118
274,118
403,118
126,119
127,119
136,119
136,119
240,119
254,119
274,119
403,119
126,120
126,120
240,120
254,120
274,120
404,120
240,121
253,121
274,121
404,121
240,122
253,122
274,122
275,122
277,122
404,122
240,123
253,123
274,123
275,123
277,123
404,123
240,124
253,124
277,124
405,124
240,125
253,125
278,125
405,125
240,126
253,126
278,126
405,126
240,127
253,127
278,127
279,127
282,127
406,127
240,128
253,128
278,128
279,128
283,128
406,128
240,129
252,129
278,129
279,129
283,129
406,129
240,130
252,130
279,130
279,130
283,130
407,130
240,131
252,131
279,131
279,131
286,131
407,131
240,132
252,132
286,132
286,132
288,132
407,132
239,133
252,133
285,133
407,133
239,134
252,134
286,134
407,134
239,135
252,135
285,135
286,135
288,135
407,135
239,136
252,136
285,136
407,136
239,137
252,137
284,137
408,137
239,138
252,138
283,138
408,138
239,139
252,139
282,139
408,139
239,140
252,140
281,140
408,140
239,141
251,141
279,141
280,141
283,141
408,141
239,142
251,142
277,142
409,142
239,143
251,143
276,143
409,143
239,144
251,144
276,144
277,144
279,144
409,144
238,145
251,145
276,145
409,145
238,146
251,146
277,146
409,146
238,147
251,147
278,147
409,147
238,148
251,148
278,148
409,148
238,149
251,149
279,149
410,149
238,150
251,150
280,150
410,150
238,151
250,151
280,151
410,151
238,152
250,152
280,152
410,152
238,153
250,153
280,153
410,153
238,154
250,154
280,154
410,154
238,155
250,155
280,155
410,155
238,156
250,156
279,156
410,156
238,157
250,157
279,157
410,157
237,158
250,158
279,158
410,158
237,159
250,159
280,159
410,159
237,160
250,160
281,160
410,160
237,161
250,161
281,161
410,161
237,162
250,162
281,162
410,162
237,163
250,163
281,163
410,163
237,164
249,164
281,164
410,164
237,165
249,165
281,165
410,165
237,166
249,166
282,166
410,166
237,167
249,167
282,167
410,167
237,168
249,168
283,168
410,168
237,169
249,169
283,169
410,169
237,170
249,170
283,170
410,170
236,171
249,171
283,171
410,171
236,172
249,172
283,172
410,172
163,173
163,173
236,173
249,173
283,173
410,173
159,174
165,174
236,174
249,174
284,174
410,174
158,175
164,175
166,175
167,175
236,175
249,175
284,175
410,175
157,176
171,176
236,176
249,176
284,176
410,176
156,177
173,177
236,177
249,177
285,177
410,177
155,178
174,178
236,178
249,178
290,178
410,178
154,179
175,179
236,179
249,179
297,179
410,179
153,180
177,180
236,180
249,180
297,180
410,180
153,181
179,181
236,181
249,181
297,181
410,181
153,182
181,182
236,182
249,182
297,182
410,182
153,183
182,183
236,183
249,183
297,183
410,183
154,184
154,184
156,184
171,184
174,184
184,184
235,184
249,184
296,184
410,184
153,185
184,185
235,185
249,185
296,185
410,185
153,186
164,186
168,186
171,186
174,186
186,186
235,186
249,186
296,186
409,186
152,187
164,187
175,187
187,187
235,187
249,187
289,187
290,187
296,187
409,187
153,188
165,188
176,188
188,188
235,188
248,188
291,188
409,188
153,189
168,189
174,189
188,189
234,189
248,189
292,189
409,189
153,190
189,190
234,190
248,190
294,190
409,190
153,191
190,191
234,191
248,191
295,191
409,191
153,192
191,192
234,192
249,192
295,192
409,192
152,193
191,193
234,193
249,193
294,193
408,193
152,194
192,194
234,194
249,194
294,194
408,194
152,195
193,195
234,195
249,195
294,195
408,195
152,196
193,196
234,196
249,196
294,196
408,196
152,197
194,197
234,197
249,197
293,197
408,197
152,198
194,198
233,198
249,198
293,198
408,198
152,199
195,199
233,199
247,199
249,199
249,199
293,199
408,199
153,200
195,200
233,200
249,200
293,200
407,200
153,201
195,201
232,201
249,201
293,201
407,201
153,202
195,202
232,202
250,202
292,202
407,202
153,203
196,203
232,203
250,203
292,203
407,203
152,204
196,204
231,204
250,204
292,204
407,204
152,205
197,205
231,205
250,205
291,205
407,205
152,206
197,206
231,206
250,206
291,206
407,206
152,207
198,207
231,207
249,207
291,207
407,207
152,208
198,208
231,208
249,208
291,208
406,208
152,209
199,209
231,209
248,209
290,209
406,209
152,210
199,210
231,210
248,210
289,210
406,210
153,211
200,211
231,211
248,211
288,211
406,211
153,212
201,212
231,212
247,212
286,212
406,212
153,213
201,213
231,213
247,213
285,213
406,213
154,214
154,214
156,214
202,214
231,214
247,214
283,214
405,214
154,215
155,215
157,215
202,215
231,215
247,215
282,215
283,215
285,215
405,215
155,216
204,216
231,216
247,216
281,216
281,216
284,216
405,216
156,217
204,217
231,217
246,217
280,217
281,217
283,217
405,217
159,218
205,218
231,218
246,218
280,218
405,218
161,219
205,219
231,219
246,219
280,219
405,219
163,220
207,220
231,220
246,220
280,220
404,220
168,221
207,221
231,221
246,221
280,221
404,221
169,222
207,222
230,222
246,222
279,222
404,222
171,223
208,223
211,223
214,223
216,223
219,223
230,223
245,223
279,223
404,223
175,224
220,224
230,224
245,224
278,224
404,224
177,225
180,225
182,225
221,225
230,225
245,225
277,225
404,225
180,226
221,226
230,226
245,226
277,226
404,226
181,227
221,227
230,227
244,227
276,227
403,227
183,228
222,228
230,228
244,228
275,228
403,228
185,229
222,229
230,229
244,229
275,229
403,229
186,230
222,230
230,230
244,230
274,230
403,230
186,231
223,231
229,231
244,231
274,231
402,231
187,232
223,232
230,232
244,232
273,232
402,232
187,233
223,233
230,233
243,233
272,233
402,233
187,234
224,234
229,234
243,234
272,234
272,234
274,234
402,234
185,235
225,235
229,235
243,235
271,235
402,235
183,236
225,236
229,236
243,236
271,236
402,236
181,237
225,237
229,237
243,237
256,237
256,237
270,237
402,237
179,238
225,238
229,238
242,238
251,238
253,238
255,238
258,238
269,238
401,238
178,239
226,239
229,239
242,239
251,239
260,239
269,239
401,239
176,240
242,240
250,240
254,240
256,240
262,240
268,240
401,240
175,241
242,241
249,241
252,241
254,241
263,241
267,241
401,241
175,242
242,242
248,242
401,242
175,243
242,243
248,243
401,243
174,244
242,244
248,244
400,244
173,245
242,245
248,245
400,245
174,246
241,246
247,246
400,246
172,247
172,247
174,247
241,247
247,247
400,247
172,248
240,248
246,248
400,248
171,249
171,249
173,249
241,249
245,249
400,249
171,250
241,250
245,250
400,250
170,251
241,251
245,251
400,251
170,252
241,252
244,252
401,252
169,253
240,253
244,253
401,253
169,254
240,254
244,254
401,254
169,255
240,255
244,255
401,255
168,256
239,256
243,256
401,256
168,257
240,257
243,257
401,257
168,258
240,258
243,258
402,258
167,259
239,259
243,259
402,259
167,260
239,260
242,260
402,260
167,261
239,261
242,261
402,261
167,262
239,262
242,262
402,262
166,263
240,263
242,263
402,263
166,264
402,264
166,265
402,265
166,266
402,266
166,267
402,267
166,268
402,268
165,269
403,269
165,270
403,270
165,271
403,271
165,272
403,272
165,273
403,273
165,274
403,274
165,275
403,275
165,276
404,276
165,277
404,277
165,278
404,278
165,279
404,279
165,280
404,280
165,281
404,281
165,282
404,282
165,283
404,283
165,284
404,284
166,285
404,285
167,286
405,286
166,287
405,287
166,288
405,288
166,289
405,289
166,290
405,290
167,291
406,291
167,292
406,292
167,293
406,293
167,294
406,294
167,295
406,295
167,296
406,296
168,297
406,297
168,298
407,298
168,299
407,299
168,300
407,300
168,301
407,301
168,302
407,302
168,303
407,303
169,304
407,304
169,305
407,305
169,306
408,306
169,307
408,307
169,308
408,308
170,309
408,309
170,310
408,310
170,311
408,311
170,312
408,312
171,313
409,313
171,314
409,314
171,315
254,315
257,315
409,315
172,316
252,316
257,316
409,316
172,317
253,317
258,317
409,317
172,318
252,318
259,318
409,318
173,319
251,319
260,319
409,319
173,320
251,320
260,320
409,320
173,321
250,321
261,321
262,321
264,321
410,321
173,322
249,322
262,322
410,322
174,323
249,323
263,323
410,323
174,324
248,324
263,324
410,324
174,325
248,325
264,325
410,325
175,326
247,326
265,326
410,326
175,327
247,327
265,327
410,327
176,328
246,328
266,328
410,328
176,329
246,329
267,329
410,329
176,330
245,330
266,330
410,330
176,331
245,331
267,331
410,331
177,332
244,332
267,332
410,332
177,333
243,333
267,333
411,333
177,334
243,334
267,334
411,334
177,335
242,335
267,335
411,335
178,336
242,336
268,336
411,336
178,337
241,337
268,337
411,337
179,338
241,338
268,338
411,338
179,339
240,339
268,339
411,339
179,340
239,340
268,340
411,340
180,341
239,341
268,341
411,341
181,342
238,342
268,342
411,342
181,343
238,343
268,343
411,343
181,344
238,344
269,344
411,344
182,345
237,345
269,345
411,345
182,346
236,346
269,346
411,346
183,347
235,347
269,347
411,347
183,348
234,348
269,348
411,348
184,349
234,349
270,349
412,349
184,350
234,350
270,350
412,350
184,351
233,351
270,351
412,351
185,352
233,352
270,352
412,352
186,353
232,353
270,353
412,353
187,354
231,354
270,354
412,354
187,355
231,355
270,355
412,355
188,356
231,356
270,356
412,356
188,357
230,357
270,357
412,357
189,358
229,358
270,358
412,358
190,359
229,359
270,359
412,359
