0,38
0,38
0,39
4,39
0,40
5,40
0,41
11,41
0,42
15,42
0,43
23,43
0,44
34,44
0,45
39,45
0,46
69,46
0,47
73,47
0,48
75,48
0,49
78,49
0,50
3,50
22,50
77,50
0,51
1,51
25,51
75,51
0,52
1,52
30,52
76,52
0,53
1,53
33,53
76,53
0,54
0,54
41,54
76,54
0,55
0,55
47,55
77,55
0,56
0,56
64,56
67,56
69,56
77,56
0,57
0,57
72,57
77,57
0,58
0,58
0,59
1,59
0,60
2,60
0,61
3,61
0,62
4,62
38,62
45,62
0,63
13,63
16,63
41,63
0,64
40,64
314,64
316,64
0,65
16,65
312,65
316,65
311,66
317,66
322,66
340,66
310,67
347,67
308,68
352,68
304,69
356,69
301,70
360,70
299,71
363,71
297,72
365,72
295,73
367,73
294,74
369,74
293,75
371,75
291,76
373,76
290,77
374,77
289,78
375,78
288,79
377,79
287,80
378,80
286,81
379,81
285,82
380,82
284,83
285,83
287,83
381,83
283,84
284,84
286,84
382,84
282,85
283,85
285,85
383,85
282,86
282,86
284,86
384,86
281,87
281,87
283,87
385,87
280,88
385,88
231,89
238,89
279,89
280,89
282,89
386,89
229,90
241,90
278,90
387,90
228,91
229,91
233,91
243,91
277,91
388,91
227,92
244,92
277,92
277,92
279,92
388,92
226,93
227,93
229,93
241,93
243,93
244,93
276,93
389,93
226,94
245,94
275,94
389,94
226,95
245,95
274,95
389,95
225,96
245,96
274,96
390,96
226,97
245,97
273,97
391,97
226,98
245,98
272,98
391,98
226,99
245,99
272,99
391,99
226,100
245,100
271,100
392,100
227,101
244,101
270,101
271,101
274,101
392,101
227,102
227,102
229,102
244,102
269,102
270,102
274,102
392,102
227,103
244,103
268,103
269,103
273,103
274,103
276,103
393,103
228,104
244,104
267,104
267,104
273,104
393,104
228,105
244,105
273,105
393,105
228,106
243,106
272,106
394,106
228,107
243,107
272,107
395,107
228,108
243,108
272,108
395,108
228,109
243,109
271,109
396,109
228,110
243,110
271,110
397,110
228,111
243,111
270,111
397,111
229,112
242,112
270,112
398,112
229,113
242,113
270,113
399,113
229,114
242,114
269,114
399,114
229,115
242,115
271,115
399,115
229,116
242,116
271,116
399,116
229,117
242,117
271,117
400,117
229,118
242,118
271,118
400,118
139,119
140,119
229,119
242,119
271,119
400,119
140,120
141,120
229,120
242,120
271,120
401,120
140,121
141,121
229,121
242,121
271,121
401,121
140,122
143,122
229,122
241,122
271,122
402,122
142,123
143,123
229,123
241,123
271,123
402,123
142,124
144,124
229,124
241,124
271,124
402,124
142,125
144,125
229,125
241,125
271,125
272,125
274,125
403,125
142,126
144,126
229,126
241,126
271,126
271,126
274,126
403,126
130,127
136,127
140,127
147,127
229,127
241,127
271,127
271,127
274,127
403,127
130,128
136,128
138,128
138,128
141,128
146,128
229,128
241,128
275,128
403,128
132,129
146,129
149,129
154,129
228,129
241,129
275,129
276,129
279,129
404,129
133,130
155,130
228,130
241,130
275,130
275,130
279,130
404,130
139,131
148,131
228,131
241,131
275,131
276,131
280,131
404,131
142,132
148,132
229,132
241,132
276,132
276,132
284,132
404,132
138,133
147,133
228,133
241,133
276,133
276,133
283,133
404,133
138,134
147,134
228,134
241,134
283,134
405,134
139,135
142,135
146,135
149,135
228,135
241,135
284,135
405,135
137,136
143,136
147,136
149,136
228,136
241,136
283,136
405,136
136,137
142,137
147,137
149,137
151,137
151,137
228,137
241,137
283,137
405,137
135,138
142,138
148,138
149,138
151,138
152,138
228,138
240,138
282,138
405,138
136,139
141,139
149,139
149,139
151,139
152,139
228,139
240,139
282,139
405,139
135,140
141,140
151,140
152,140
228,140
240,140
281,140
406,140
135,141
140,141
228,141
240,141
280,141
406,141
134,142
139,142
228,142
240,142
277,142
279,142
281,142
406,142
135,143
138,143
228,143
240,143
276,143
406,143
134,144
136,144
228,144
240,144
274,144
406,144
134,145
134,145
228,145
240,145
274,145
407,145
228,146
240,146
274,146
407,146
227,147
240,147
274,147
407,147
227,148
240,148
275,148
407,148
227,149
240,149
277,149
407,149
227,150
240,150
277,150
407,150
227,151
240,151
278,151
408,151
227,152
240,152
278,152
408,152
227,153
240,153
278,153
408,153
227,154
240,154
278,154
408,154
227,155
240,155
278,155
408,155
227,156
240,156
278,156
408,156
227,157
240,157
278,157
408,157
227,158
240,158
278,158
408,158
227,159
240,159
277,159
408,159
227,160
240,160
278,160
408,160
227,161
240,161
278,161
408,161
227,162
240,162
279,162
408,162
227,163
240,163
280,163
408,163
227,164
240,164
280,164
408,164
227,165
240,165
279,165
408,165
0,166
0,166
108,166
109,166
227,166
239,166
279,166
408,166
0,167
1,167
107,167
109,167
227,167
239,167
280,167
408,167
0,168
3,168
106,168
109,168
227,168
240,168
281,168
408,168
0,169
4,169
104,169
109,169
227,169
240,169
281,169
408,169
0,170
5,170
104,170
110,170
227,170
240,170
281,170
408,170
0,171
6,171
104,171
110,171
227,171
240,171
282,171
408,171
0,172
7,172
102,172
110,172
227,172
240,172
282,172
408,172
0,173
7,173
102,173
110,173
227,173
239,173
282,173
408,173
0,174
7,174
101,174
109,174
227,174
239,174
282,174
408,174
0,175
7,175
101,175
108,175
226,175
239,175
282,175
408,175
0,176
9,176
101,176
106,176
108,176
108,176
226,176
239,176
282,176
408,176
0,177
10,177
101,177
106,177
227,177
239,177
283,177
408,177
0,178
11,178
101,178
109,178
227,178
239,178
283,178
408,178
0,179
12,179
101,179
109,179
227,179
239,179
285,179
408,179
0,180
13,180
100,180
110,180
226,180
239,180
295,180
408,180
0,181
14,181
100,181
110,181
226,181
239,181
296,181
408,181
0,182
15,182
100,182
110,182
226,182
239,182
295,182
408,182
0,183
16,183
100,183
109,183
226,183
239,183
295,183
407,183
0,184
17,184
99,184
109,184
226,184
239,184
295,184
407,184
0,185
19,185
99,185
109,185
123,185
129,185
226,185
239,185
295,185
407,185
0,186
20,186
100,186
110,186
121,186
133,186
226,186
239,186
295,186
407,186
0,187
21,187
100,187
111,187
120,187
138,187
226,187
239,187
294,187
407,187
0,188
22,188
24,188
24,188
100,188
112,188
121,188
140,188
142,188
142,188
226,188
239,188
294,188
407,188
0,189
25,189
100,189
113,189
121,189
145,189
226,189
239,189
288,189
289,189
294,189
407,189
0,190
26,190
100,190
115,190
122,190
146,190
226,190
239,190
289,190
407,190
0,191
28,191
100,191
116,191
123,191
147,191
226,191
240,191
291,191
407,191
0,192
29,192
100,192
117,192
130,192
148,192
226,192
240,192
293,192
406,192
0,193
31,193
100,193
118,193
130,193
149,193
226,193
240,193
293,193
406,193
0,194
32,194
101,194
120,194
128,194
150,194
226,194
240,194
293,194
406,194
0,195
35,195
101,195
117,195
120,195
122,195
127,195
150,195
226,195
240,195
293,195
406,195
0,196
36,196
102,196
152,196
225,196
240,196
293,196
406,196
0,197
37,197
102,197
153,197
225,197
240,197
292,197
406,197
0,198
38,198
102,198
153,198
225,198
240,198
292,198
405,198
0,199
40,199
103,199
154,199
225,199
240,199
292,199
405,199
0,200
41,200
103,200
155,200
225,200
240,200
292,200
405,200
0,201
43,201
104,201
155,201
225,201
240,201
291,201
405,201
0,202
45,202
104,202
156,202
225,202
240,202
291,202
405,202
0,203
47,203
105,203
157,203
225,203
241,203
291,203
405,203
0,204
48,204
106,204
157,204
224,204
241,204
291,204
405,204
0,205
50,205
107,205
158,205
224,205
241,205
290,205
405,205
0,206
52,206
109,206
159,206
224,206
241,206
290,206
405,206
0,207
53,207
111,207
160,207
224,207
242,207
290,207
404,207
0,208
54,208
115,208
161,208
224,208
242,208
290,208
404,208
0,209
58,209
118,209
163,209
223,209
242,209
289,209
404,209
0,210
59,210
123,210
164,210
180,210
180,210
223,210
242,210
289,210
404,210
0,211
61,211
126,211
165,211
179,211
181,211
223,211
241,211
288,211
404,211
0,212
63,212
130,212
167,212
178,212
179,212
181,212
181,212
223,212
241,212
288,212
404,212
0,213
64,213
133,213
168,213
177,213
178,213
180,213
182,213
223,213
241,213
286,213
404,213
0,214
66,214
135,214
169,214
176,214
182,214
224,214
240,214
284,214
286,214
288,214
404,214
0,215
68,215
138,215
170,215
175,215
183,215
224,215
240,215
283,215
403,215
0,216
70,216
139,216
171,216
174,216
183,216
224,216
240,216
281,216
403,216
0,217
72,217
141,217
185,217
224,217
239,217
281,217
281,217
284,217
403,217
0,218
74,218
142,218
185,218
224,218
239,218
280,218
280,218
283,218
403,218
0,219
75,219
143,219
186,219
224,219
239,219
279,219
279,219
282,219
402,219
0,220
79,220
144,220
144,220
146,220
186,220
224,220
239,220
279,220
279,220
281,220
402,220
0,221
79,221
145,221
187,221
223,221
239,221
278,221
402,221
0,222
80,222
146,222
188,222
224,222
239,222
278,222
402,222
0,223
81,223
147,223
189,223
224,223
239,223
278,223
402,223
0,224
81,224
83,224
84,224
147,224
189,224
224,224
238,224
277,224
402,224
0,225
86,225
148,225
190,225
224,225
238,225
277,225
402,225
0,226
88,226
149,226
191,226
224,226
238,226
276,226
401,226
0,227
88,227
150,227
191,227
224,227
238,227
275,227
401,227
0,228
90,228
150,228
192,228
224,228
238,228
250,228
251,228
275,228
275,228
277,228
401,228
0,229
92,229
151,229
192,229
224,229
238,229
249,229
253,229
274,229
401,229
0,230
93,230
151,230
193,230
224,230
238,230
248,230
254,230
274,230
401,230
0,231
94,231
153,231
194,231
223,231
238,231
247,231
253,231
255,231
256,231
273,231
401,231
0,232
95,232
153,232
194,232
223,232
237,232
246,232
257,232
271,232
401,232
0,233
96,233
153,233
195,233
223,233
237,233
245,233
255,233
257,233
259,233
270,233
400,233
0,234
96,234
153,234
196,234
223,234
237,234
244,234
245,234
247,234
260,234
269,234
400,234
0,235
97,235
151,235
196,235
223,235
237,235
243,235
258,235
260,235
261,235
267,235
400,235
0,236
97,236
149,236
197,236
223,236
237,236
243,236
243,236
245,236
263,236
266,236
400,236
0,237
97,237
148,237
150,237
152,237
198,237
223,237
237,237
242,237
400,237
0,238
98,238
147,238
198,238
223,238
237,238
241,238
400,238
0,239
100,239
145,239
199,239
223,239
236,239
241,239
400,239
0,240
103,240
144,240
200,240
223,240
236,240
240,240
399,240
0,241
103,241
143,241
200,241
222,241
236,241
240,241
399,241
0,242
105,242
142,242
201,242
222,242
236,242
239,242
399,242
0,243
106,243
141,243
202,243
222,243
236,243
238,243
399,243
0,244
106,244
140,244
203,244
222,244
399,244
0,245
106,245
140,245
203,245
222,245
399,245
0,246
104,246
140,246
204,246
222,246
399,246
0,247
103,247
139,247
204,247
222,247
399,247
0,248
97,248
138,248
205,248
222,248
399,248
0,249
96,249
138,249
206,249
222,249
399,249
0,250
96,250
137,250
206,250
222,250
399,250
0,251
95,251
136,251
207,251
222,251
399,251
0,252
93,252
136,252
208,252
222,252
399,252
0,253
90,253
136,253
208,253
222,253
400,253
0,254
89,254
135,254
209,254
222,254
400,254
0,255
88,255
135,255
209,255
221,255
400,255
0,256
85,256
134,256
210,256
221,256
400,256
0,257
84,257
134,257
211,257
221,257
400,257
0,258
83,258
133,258
212,258
221,258
400,258
0,259
81,259
133,259
212,259
221,259
400,259
0,260
78,260
132,260
213,260
221,260
400,260
0,261
77,261
132,261
214,261
221,261
400,261
0,262
75,262
132,262
214,262
220,262
400,262
0,263
75,263
131,263
215,263
219,263
400,263
0,264
72,264
131,264
215,264
217,264
401,264
0,265
71,265
131,265
401,265
0,266
70,266
130,266
401,266
0,267
68,267
130,267
401,267
0,268
67,268
130,268
401,268
0,269
63,269
130,269
401,269
0,270
62,270
130,270
401,270
0,271
60,271
129,271
401,271
0,272
57,272
129,272
401,272
0,273
56,273
129,273
402,273
0,274
54,274
129,274
402,274
0,275
50,275
129,275
402,275
0,276
47,276
129,276
402,276
0,277
45,277
128,277
402,277
0,278
44,278
128,278
402,278
0,279
38,279
128,279
403,279
0,280
38,280
128,280
403,280
0,281
34,281
128,281
403,281
0,282
31,282
128,282
403,282
0,283
31,283
128,283
403,283
16,284
24,284
128,284
403,284
128,285
403,285
128,286
251,286
255,286
403,286
128,287
250,287
255,287
404,287
128,288
248,288
255,288
404,288
128,289
247,289
254,289
404,289
128,290
246,290
254,290
404,290
129,291
245,291
254,291
404,291
129,292
244,292
254,292
404,292
129,293
243,293
253,293
404,293
129,294
242,294
253,294
404,294
129,295
241,295
253,295
404,295
129,296
240,296
252,296
404,296
129,297
239,297
252,297
404,297
129,298
238,298
252,298
405,298
129,299
238,299
252,299
405,299
129,300
237,300
252,300
405,300
130,301
236,301
252,301
405,301
130,302
235,302
252,302
405,302
130,303
235,303
252,303
405,303
130,304
234,304
252,304
405,304
130,305
233,305
253,305
405,305
130,306
232,306
253,306
406,306
130,307
231,307
253,307
406,307
131,308
231,308
253,308
406,308
131,309
230,309
253,309
406,309
131,310
230,310
254,310
406,310
131,311
229,311
255,311
406,311
131,312
229,312
255,312
407,312
131,313
229,313
255,313
407,313
131,314
229,314
256,314
407,314
132,315
229,315
257,315
407,315
132,316
229,316
257,316
407,316
132,317
229,317
258,317
407,317
132,318
229,318
259,318
407,318
132,319
228,319
260,319
408,319
133,320
228,320
260,320
408,320
133,321
228,321
261,321
408,321
133,322
228,322
262,322
408,322
133,323
228,323
263,323
408,323
134,324
228,324
263,324
408,324
134,325
228,325
264,325
408,325
134,326
228,326
265,326
408,326
134,327
228,327
265,327
408,327
135,328
228,328
266,328
408,328
135,329
228,329
266,329
408,329
135,330
228,330
267,330
408,330
135,331
228,331
267,331
408,331
136,332
227,332
267,332
408,332
136,333
227,333
267,333
408,333
136,334
227,334
268,334
408,334
136,335
227,335
268,335
408,335
137,336
227,336
268,336
408,336
137,337
227,337
268,337
408,337
138,338
211,338
214,338
227,338
268,338
408,338
139,339
210,339
214,339
227,339
268,339
408,339
140,340
209,340
213,340
227,340
268,340
408,340
141,341
209,341
213,341
227,341
268,341
408,341
143,342
208,342
213,342
227,342
268,342
408,342
144,343
208,343
213,343
227,343
269,343
409,343
146,344
207,344
212,344
227,344
269,344
409,344
147,345
206,345
212,345
227,345
269,345
409,345
148,346
205,346
212,346
227,346
269,346
409,346
149,347
204,347
212,347
227,347
269,347
409,347
150,348
204,348
211,348
227,348
269,348
409,348
151,349
203,349
211,349
228,349
269,349
409,349
153,350
202,350
211,350
228,350
270,350
409,350
154,351
201,351
210,351
228,351
269,351
409,351
155,352
201,352
210,352
228,352
270,352
409,352
157,353
200,353
210,353
228,353
270,353
409,353
158,354
199,354
210,354
228,354
270,354
409,354
160,355
198,355
210,355
228,355
270,355
409,355
162,356
197,356
210,356
228,356
270,356
409,356
164,357
195,357
210,357
228,357
270,357
409,357
165,358
194,358
210,358
228,358
270,358
409,358
166,359
195,359
210,359
227,359
270,359
409,359
