297,9
297,9
290,10
299,10
289,11
301,11
289,12
302,12
269,13
273,13
289,13
303,13
270,14
274,14
288,14
304,14
267,15
276,15
287,15
298,15
301,15
305,15
268,16
279,16
287,16
305,16
266,17
280,17
287,17
305,17
265,18
281,18
286,18
306,18
264,19
306,19
263,20
305,20
263,21
305,21
262,22
306,22
263,23
310,23
263,24
313,24
263,25
313,25
260,26
314,26
260,27
314,27
259,28
314,28
260,29
314,29
260,30
314,30
260,31
314,31
260,32
314,32
260,33
314,33
259,34
314,34
259,35
314,35
258,36
314,36
258,37
313,37
257,38
313,38
256,39
313,39
254,40
308,40
253,41
308,41
253,42
308,42
250,43
309,43
249,44
309,44
249,45
310,45
247,46
310,46
246,47
311,47
243,48
311,48
244,49
312,49
240,50
312,50
239,51
312,51
238,52
312,52
237,53
312,53
236,54
312,54
234,55
312,55
234,56
314,56
231,57
231,57
233,57
314,57
230,58
314,58
228,59
314,59
226,60
314,60
225,61
237,61
239,61
241,61
243,61
244,61
248,61
314,61
220,62
223,62
225,62
242,62
248,62
314,62
214,63
241,63
248,63
315,63
213,64
235,64
248,64
315,64
214,65
237,65
247,65
315,65
216,66
236,66
247,66
316,66
218,67
235,67
246,67
316,67
218,68
221,68
225,68
229,68
246,68
316,68
219,69
225,69
246,69
316,69
220,70
222,70
246,70
316,70
246,71
317,71
245,72
317,72
245,73
317,73
245,74
317,74
245,75
265,75
267,75
317,75
226,76
227,76
245,76
261,76
264,76
267,76
269,76
317,76
226,77
228,77
245,77
263,77
271,77
317,77
225,78
229,78
245,78
261,78
272,78
318,78
224,79
230,79
245,79
260,79
272,79
318,79
224,80
231,80
244,80
260,80
273,80
274,80
276,80
318,80
223,81
231,81
244,81
259,81
274,81
294,81
297,81
318,81
222,82
231,82
244,82
259,82
275,82
293,82
300,82
318,82
221,83
232,83
244,83
259,83
275,83
292,83
300,83
317,83
220,84
232,84
245,84
259,84
275,84
292,84
300,84
317,84
220,85
232,85
246,85
260,85
274,85
291,85
300,85
317,85
220,86
233,86
246,86
260,86
274,86
290,86
300,86
316,86
219,87
233,87
247,87
261,87
274,87
290,87
299,87
316,87
220,88
235,88
247,88
263,88
273,88
290,88
299,88
316,88
221,89
235,89
249,89
263,89
273,89
290,89
298,89
315,89
222,90
235,90
250,90
266,90
271,90
292,90
297,90
314,90
222,91
237,91
251,91
314,91
223,92
239,92
250,92
314,92
223,93
239,93
250,93
314,93
223,94
240,94
247,94
314,94
224,95
241,95
248,95
315,95
226,96
241,96
249,96
316,96
226,97
243,97
249,97
318,97
227,98
244,98
250,98
324,98
228,99
246,99
249,99
326,99
228,100
328,100
229,101
330,101
230,102
231,102
234,102
331,102
231,103
331,103
232,104
332,104
233,105
333,105
234,106
235,106
238,106
333,106
235,107
335,107
236,108
237,108
239,108
335,108
237,109
335,109
238,110
341,110
239,111
342,111
240,112
342,112
240,113
343,113
240,114
343,114
240,115
344,115
238,116
345,116
237,117
346,117
236,118
346,118
235,119
347,119
234,120
348,120
233,121
348,121
233,122
347,122
231,123
231,123
233,123
348,123
351,123
351,123
231,124
231,124
233,124
351,124
229,125
351,125
227,126
229,126
231,126
351,126
226,127
351,127
225,128
351,128
225,129
351,129
224,130
351,130
224,131
332,131
334,131
351,131
226,132
351,132
228,133
325,133
330,133
336,133
340,133
348,133
228,134
323,134
334,134
335,134
343,134
347,134
228,135
323,135
228,136
321,136
228,137
232,137
236,137
319,137
237,138
319,138
238,139
322,139
238,140
322,140
238,141
322,141
238,142
320,142
238,143
318,143
238,144
319,144
238,145
319,145
237,146
322,146
236,147
321,147
235,148
319,148
235,149
319,149
235,150
319,150
234,151
319,151
234,152
320,152
233,153
319,153
233,154
317,154
233,155
311,155
234,156
301,156
303,156
304,156
235,157
247,157
255,157
256,157
259,157
301,157
235,158
247,158
260,158
301,158
235,159
248,159
260,159
301,159
235,160
247,160
260,160
300,160
235,161
247,161
260,161
300,161
235,162
247,162
260,162
301,162
235,163
247,163
260,163
301,163
235,164
247,164
260,164
302,164
235,165
247,165
260,165
302,165
235,166
247,166
259,166
303,166
234,167
247,167
259,167
303,167
234,168
247,168
259,168
303,168
234,169
246,169
258,169
304,169
233,170
246,170
257,170
305,170
233,171
245,171
257,171
306,171
233,172
245,172
257,172
306,172
233,173
245,173
256,173
307,173
232,174
245,174
255,174
308,174
232,175
246,175
255,175
308,175
232,176
246,176
254,176
310,176
232,177
246,177
253,177
311,177
232,178
311,178
232,179
312,179
231,180
313,180
231,181
315,181
231,182
315,182
230,183
316,183
230,184
317,184
230,185
319,185
230,186
320,186
230,187
320,187
230,188
322,188
229,189
324,189
229,190
325,190
229,191
326,191
229,192
325,192
229,193
326,193
229,194
327,194
229,195
328,195
229,196
328,196
229,197
329,197
228,198
330,198
228,199
331,199
228,200
334,200
228,201
335,201
227,202
337,202
227,203
338,203
227,204
339,204
227,205
341,205
225,206
342,206
225,207
344,207
224,208
346,208
224,209
347,209
222,210
350,210
220,211
352,211
220,212
354,212
218,213
355,213
217,214
356,214
215,215
358,215
360,215
360,215
214,216
362,216
213,217
364,217
212,218
367,218
210,219
363,219
365,219
369,219
208,220
372,220
207,221
375,221
205,222
379,222
204,223
206,223
208,223
381,223
202,224
387,224
201,225
389,225
199,226
391,226
198,227
394,227
197,228
396,228
196,229
398,229
194,230
400,230
193,231
195,231
197,231
402,231
192,232
405,232
191,233
406,233
191,234
408,234
190,235
407,235
409,235
409,235
188,236
412,236
188,237
413,237
187,238
415,238
186,239
416,239
185,240
417,240
184,241
418,241
183,242
419,242
182,243
419,243
182,244
420,244
181,245
420,245
181,246
421,246
180,247
421,247
179,248
423,248
179,249
423,249
179,250
423,250
178,251
424,251
178,252
426,252
178,253
427,253
179,254
429,254
179,255
430,255
432,255
432,255
180,256
431,256
179,257
432,257
178,258
431,258
177,259
431,259
177,260
430,260
177,261
429,261
175,262
427,262
175,263
427,263
175,264
427,264
175,265
426,265
176,266
425,266
176,267
424,267
176,268
423,268
176,269
422,269
176,270
421,270
176,271
420,271
176,272
419,272
176,273
419,273
175,274
417,274
175,275
417,275
175,276
416,276
175,277
415,277
175,278
415,278
175,279
415,279
175,280
411,280
413,280
413,280
175,281
413,281
175,282
412,282
175,283
411,283
175,284
410,284
175,285
408,285
175,286
408,286
176,287
408,287
177,288
177,288
179,288
406,288
180,289
405,289
180,290
404,290
179,291
403,291
178,292
402,292
177,293
400,293
178,294
181,294
183,294
399,294
179,295
398,295
180,296
397,296
180,297
396,297
180,298
394,298
180,299
393,299
182,300
392,300
182,301
390,301
182,302
389,302
183,303
386,303
388,303
388,303
184,304
386,304
185,305
384,305
185,306
382,306
185,307
379,307
185,308
375,308
377,308
378,308
186,309
377,309
186,310
376,310
187,311
373,311
188,312
370,312
188,313
368,313
188,314
365,314
188,315
343,315
349,315
363,315
190,316
339,316
350,316
361,316
190,317
339,317
350,317
359,317
190,318
337,318
350,318
355,318
191,319
337,319
350,319
353,319
192,320
337,320
350,320
350,320
192,321
337,321
193,322
337,322
193,323
337,323
194,324
337,324
195,325
334,325
336,325
336,325
196,326
325,326
327,326
330,326
332,326
332,326
196,327
329,327
197,328
325,328
198,329
323,329
198,330
310,330
313,330
317,330
199,331
313,331
200,332
309,332
200,333
306,333
201,334
300,334
201,335
299,335
203,336
296,336
205,337
218,337
225,337
267,337
270,337
296,337
212,338
217,338
226,338
267,338
271,338
296,338
232,339
235,339
240,339
262,339
272,339
296,339
272,340
295,340
272,341
295,341
272,342
294,342
271,343
293,343
271,344
293,344
271,345
293,345
272,346
293,346
273,347
293,347
273,348
293,348
273,349
293,349
273,350
292,350
273,351
291,351
273,352
291,352
273,353
291,353
273,354
291,354
273,355
291,355
272,356
290,356
271,357
290,357
271,358
290,358
271,359
289,359
