301,0
303,0
300,1
301,1
299,2
305,2
298,3
307,3
297,4
308,4
296,5
309,5
281,6
282,6
284,6
284,6
296,6
309,6
280,7
285,7
295,7
309,7
279,8
286,8
296,8
312,8
279,9
287,9
295,9
311,9
278,10
288,10
294,10
311,10
277,11
291,11
293,11
317,11
276,12
318,12
275,13
318,13
275,14
275,14
277,14
318,14
277,15
319,15
277,16
319,16
278,17
319,17
279,18
319,18
279,19
319,19
280,20
319,20
278,21
320,21
275,22
319,22
274,23
317,23
274,24
317,24
274,25
317,25
274,26
317,26
274,27
317,27
274,28
316,28
274,29
311,29
274,30
311,30
274,31
312,31
274,32
313,32
274,33
314,33
273,34
315,34
272,35
316,35
272,36
317,36
271,37
318,37
270,38
319,38
269,39
319,39
268,40
319,40
267,41
319,41
266,42
320,42
265,43
320,43
264,44
321,44
264,45
321,45
263,46
321,46
263,47
321,47
261,48
321,48
258,49
321,49
257,50
321,50
258,51
321,51
255,52
321,52
253,53
321,53
253,54
321,54
250,55
250,55
253,55
322,55
249,56
322,56
246,57
322,57
244,58
322,58
243,59
323,59
240,60
323,60
240,61
323,61
237,62
323,62
234,63
323,63
232,64
253,64
255,64
259,64
263,64
324,64
231,65
257,65
263,65
324,65
225,66
256,66
263,66
324,66
219,67
253,67
262,67
325,67
217,68
252,68
263,68
325,68
206,69
250,69
264,69
325,69
198,70
246,70
248,70
248,70
263,70
325,70
186,71
245,71
263,71
325,71
186,72
243,72
263,72
326,72
187,73
240,73
262,73
326,73
187,74
237,74
262,74
327,74
187,75
235,75
262,75
327,75
187,76
231,76
262,76
327,76
187,77
226,77
262,77
324,77
326,77
327,77
187,78
221,78
262,78
324,78
326,78
327,78
188,79
220,79
262,79
324,79
326,79
327,79
189,80
203,80
206,80
214,80
262,80
328,80
189,81
207,81
263,81
328,81
192,82
197,82
264,82
328,82
264,83
328,83
263,84
328,84
264,85
302,85
308,85
326,85
328,85
329,85
264,86
302,86
308,86
326,86
328,86
329,86
265,87
302,87
308,87
325,87
328,87
329,87
265,88
303,88
307,88
326,88
328,88
329,88
265,89
303,89
306,89
326,89
328,89
329,89
266,90
329,90
267,91
329,91
269,92
328,92
271,93
328,93
272,94
328,94
272,95
327,95
269,96
327,96
269,97
326,97
265,98
326,98
264,99
325,99
264,100
325,100
264,101
326,101
263,102
326,102
263,103
328,103
263,104
330,104
263,105
331,105
263,106
332,106
263,107
334,107
263,108
335,108
263,109
337,109
263,110
339,110
262,111
339,111
262,112
338,112
340,112
340,112
262,113
340,113
261,114
340,114
261,115
340,115
259,116
259,116
261,116
340,116
259,117
341,117
259,118
341,118
259,119
341,119
258,120
341,120
237,121
247,121
258,121
341,121
236,122
248,122
257,122
342,122
235,123
249,123
256,123
348,123
235,124
249,124
256,124
348,124
235,125
250,125
256,125
348,125
236,126
251,126
255,126
348,126
236,127
252,127
255,127
348,127
237,128
348,128
237,129
347,129
238,130
347,130
238,131
348,131
239,132
349,132
239,133
350,133
240,134
352,134
240,135
353,135
240,136
356,136
241,137
357,137
241,138
358,138
360,138
360,138
241,139
362,139
241,140
337,140
341,140
367,140
240,141
336,141
343,141
367,141
240,142
336,142
344,142
370,142
240,143
331,143
339,143
339,143
345,143
372,143
239,144
240,144
242,144
278,144
280,144
328,144
330,144
332,144
341,144
373,144
239,145
240,145
242,145
277,145
280,145
327,145
331,145
332,145
344,145
375,145
238,146
251,146
255,146
277,146
282,146
327,146
346,146
376,146
238,147
249,147
256,147
277,147
283,147
327,147
348,147
377,147
236,148
249,148
256,148
277,148
283,148
325,148
351,148
379,148
236,149
249,149
255,149
277,149
283,149
325,149
354,149
379,149
235,150
249,150
255,150
277,150
283,150
325,150
357,150
380,150
235,151
248,151
256,151
277,151
283,151
325,151
358,151
382,151
384,151
384,151
235,152
248,152
258,152
277,152
283,152
325,152
360,152
387,152
234,153
248,153
258,153
278,153
284,153
325,153
360,153
388,153
234,154
248,154
257,154
277,154
284,154
325,154
364,154
388,154
234,155
248,155
257,155
275,155
284,155
325,155
366,155
388,155
234,156
248,156
257,156
273,156
285,156
324,156
366,156
388,156
235,157
248,157
257,157
272,157
286,157
324,157
368,157
388,157
235,158
248,158
257,158
272,158
286,158
323,158
368,158
388,158
236,159
248,159
257,159
272,159
286,159
323,159
368,159
388,159
236,160
247,160
257,160
272,160
286,160
324,160
368,160
388,160
236,161
247,161
257,161
273,161
286,161
323,161
368,161
388,161
236,162
249,162
257,162
274,162
286,162
323,162
368,162
387,162
389,162
389,162
236,163
249,163
257,163
275,163
286,163
324,163
368,163
390,163
236,164
249,164
258,164
276,164
286,164
324,164
368,164
392,164
236,165
249,165
258,165
277,165
286,165
324,165
348,165
352,165
356,165
392,165
235,166
249,166
259,166
278,166
286,166
323,166
350,166
355,166
357,166
365,166
367,166
392,166
235,167
249,167
259,167
279,167
286,167
323,167
351,167
393,167
234,168
248,168
259,168
281,168
286,168
325,168
352,168
390,168
392,168
392,168
234,169
247,169
260,169
283,169
285,169
325,169
353,169
392,169
234,170
246,170
260,170
325,170
353,170
389,170
234,171
246,171
260,171
325,171
354,171
386,171
388,171
388,171
233,172
246,172
261,172
325,172
355,172
375,172
377,172
382,172
233,173
245,173
262,173
326,173
378,173
380,173
233,174
245,174
263,174
327,174
233,175
245,175
264,175
328,175
232,176
246,176
266,176
328,176
232,177
246,177
266,177
328,177
232,178
246,178
268,178
329,178
232,179
247,179
269,179
329,179
232,180
247,180
270,180
329,180
232,181
247,181
272,181
331,181
231,182
248,182
274,182
331,182
231,183
248,183
275,183
331,183
231,184
248,184
276,184
332,184
231,185
248,185
275,185
332,185
231,186
249,186
274,186
332,186
230,187
249,187
274,187
333,187
230,188
249,188
272,188
335,188
230,189
250,189
272,189
335,189
230,190
250,190
271,190
335,190
230,191
251,191
270,191
337,191
230,192
250,192
268,192
338,192
230,193
251,193
267,193
339,193
229,194
252,194
265,194
339,194
229,195
252,195
264,195
339,195
229,196
252,196
263,196
340,196
229,197
252,197
262,197
341,197
229,198
253,198
261,198
342,198
229,199
253,199
260,199
343,199
229,200
343,200
228,201
344,201
228,202
344,202
228,203
345,203
228,204
345,204
228,205
345,205
228,206
346,206
228,207
346,207
228,208
347,208
227,209
347,209
227,210
348,210
227,211
348,211
227,212
349,212
227,213
349,213
227,214
350,214
227,215
350,215
227,216
351,216
226,217
351,217
226,218
351,218
226,219
352,219
226,220
352,220
225,221
353,221
225,222
354,222
224,223
355,223
220,224
355,224
215,225
355,225
211,226
356,226
207,227
211,227
215,227
215,227
218,227
357,227
203,228
208,228
211,228
358,228
200,229
359,229
196,230
359,230
194,231
360,231
191,232
363,232
187,233
364,233
185,234
366,234
181,235
367,235
179,236
371,236
177,237
372,237
176,238
374,238
174,239
375,239
168,240
377,240
166,241
379,241
164,242
379,242
162,243
380,243
159,244
381,244
158,245
383,245
155,246
155,246
158,246
384,246
155,247
385,247
154,248
385,248
155,249
386,249
155,250
387,250
154,251
388,251
152,252
389,252
150,253
389,253
150,254
390,254
149,255
390,255
149,256
391,256
149,257
392,257
149,258
393,258
144,259
147,259
149,259
394,259
144,260
395,260
144,261
396,261
144,262
397,262
144,263
398,263
144,264
398,264
144,265
399,265
144,266
399,266
145,267
401,267
145,268
401,268
145,269
401,269
145,270
404,270
145,271
404,271
145,272
405,272
145,273
407,273
146,274
407,274
146,275
407,275
146,276
408,276
146,277
409,277
146,278
410,278
146,279
411,279
145,280
411,280
146,281
411,281
146,282
412,282
146,283
147,283
152,283
413,283
152,284
413,284
152,285
414,285
150,286
415,286
149,287
415,287
147,288
415,288
148,289
415,289
148,290
415,290
149,291
415,291
150,292
415,292
151,293
415,293
152,294
415,294
153,295
415,295
154,296
399,296
405,296
415,296
155,297
399,297
407,297
415,297
156,298
399,298
407,298
415,298
157,299
399,299
408,299
415,299
158,300
400,300
409,300
415,300
159,301
401,301
410,301
415,301
159,302
402,302
411,302
415,302
159,303
403,303
412,303
415,303
161,304
404,304
413,304
415,304
161,305
405,305
414,305
415,305
162,306
406,306
415,306
415,306
163,307
407,307
165,308
168,308
170,308
171,308
174,308
407,308
165,309
167,309
169,309
169,309
174,309
408,309
174,310
409,310
174,311
410,311
173,312
411,312
176,313
411,313
177,314
411,314
179,315
411,315
181,316
410,316
182,317
409,317
185,318
408,318
187,319
407,319
189,320
408,320
191,321
407,321
195,322
406,322
196,323
405,323
197,324
404,324
198,325
403,325
201,326
402,326
203,327
401,327
204,328
401,328
207,329
400,329
210,330
399,330
212,331
397,331
213,332
397,332
215,333
396,333
218,334
376,334
384,334
395,334
220,335
375,335
385,335
395,335
221,336
374,336
385,336
393,336
223,337
371,337
385,337
391,337
226,338
236,338
243,338
371,338
386,338
389,338
228,339
235,339
244,339
371,339
386,339
389,339
229,340
230,340
232,340
235,340
244,340
369,340
387,340
388,340
231,341
235,341
244,341
369,341
242,342
369,342
242,343
369,343
242,344
369,344
243,345
370,345
244,346
371,346
246,347
371,347
250,348
371,348
252,349
371,349
254,350
371,350
256,351
371,351
259,352
367,352
262,353
365,353
265,354
361,354
267,355
358,355
360,355
360,355
270,356
357,356
272,357
352,357
272,358
350,358
271,359
349,359
