479,70
479,70
479,71
479,71
479,72
479,72
478,73
479,73
478,74
479,74
478,75
479,75
477,76
479,76
477,77
479,77
477,78
479,78
476,79
479,79
476,80
479,80
476,81
479,81
475,82
479,82
475,83
479,83
475,84
479,84
474,85
479,85
473,86
479,86
473,87
479,87
473,88
479,88
472,89
479,89
472,90
479,90
471,91
479,91
471,92
479,92
471,93
479,93
471,94
479,94
470,95
479,95
471,96
479,96
470,97
479,97
469,98
479,98
469,99
479,99
468,100
479,100
468,101
479,101
467,102
479,102
467,103
479,103
467,104
479,104
466,105
479,105
466,106
479,106
466,107
479,107
465,108
479,108
465,109
479,109
464,110
478,110
464,111
478,111
463,112
479,112
463,113
479,113
462,114
479,114
462,115
479,115
462,116
478,116
235,117
244,117
462,117
478,117
232,118
245,118
462,118
478,118
231,119
246,119
460,119
477,119
231,120
246,120
460,120
476,120
231,121
247,121
460,121
476,121
231,122
248,122
460,122
475,122
230,123
249,123
459,123
475,123
230,124
248,124
459,124
475,124
230,125
249,125
458,125
474,125
233,126
250,126
457,126
474,126
233,127
250,127
457,127
473,127
234,128
251,128
456,128
472,128
234,129
251,129
455,129
472,129
235,130
251,130
455,130
471,130
235,131
251,131
454,131
471,131
235,132
250,132
454,132
471,132
237,133
249,133
453,133
471,133
238,134
247,134
452,134
471,134
238,135
247,135
452,135
470,135
238,136
245,136
451,136
469,136
238,137
243,137
450,137
468,137
238,138
243,138
450,138
468,138
237,139
243,139
450,139
467,139
235,140
244,140
449,140
467,140
235,141
244,141
449,141
467,141
234,142
245,142
449,142
462,142
464,142
467,142
234,143
243,143
245,143
245,143
448,143
462,143
464,143
467,143
233,144
245,144
447,144
466,144
232,145
246,145
447,145
464,145
232,146
246,146
446,146
464,146
231,147
246,147
445,147
464,147
231,148
246,148
445,148
464,148
230,149
247,149
444,149
463,149
230,150
246,150
444,150
462,150
229,151
246,151
443,151
462,151
229,152
246,152
443,152
461,152
229,153
246,153
442,153
461,153
229,154
244,154
442,154
460,154
229,155
244,155
441,155
459,155
230,156
244,156
441,156
459,156
232,157
244,157
441,157
459,157
232,158
244,158
440,158
458,158
232,159
245,159
440,159
457,159
232,160
245,160
440,160
456,160
232,161
245,161
440,161
456,161
232,162
246,162
439,162
455,162
232,163
246,163
438,163
455,163
232,164
246,164
436,164
455,164
232,165
246,165
436,165
454,165
231,166
246,166
436,166
453,166
231,167
246,167
435,167
452,167
231,168
245,168
434,168
452,168
230,169
245,169
433,169
451,169
229,170
245,170
433,170
451,170
479,170
479,170
229,171
244,171
433,171
450,171
478,171
479,171
229,172
244,172
431,172
450,172
477,172
479,172
229,173
244,173
431,173
449,173
477,173
479,173
228,174
244,174
430,174
449,174
475,174
479,174
228,175
245,175
430,175
448,175
473,175
479,175
228,176
245,176
428,176
446,176
472,176
479,176
228,177
244,177
428,177
445,177
470,177
479,177
228,178
245,178
428,178
444,178
470,178
479,178
228,179
245,179
428,179
444,179
469,179
479,179
228,180
245,180
427,180
444,180
468,180
479,180
228,181
246,181
427,181
444,181
467,181
479,181
227,182
246,182
426,182
443,182
466,182
479,182
227,183
247,183
425,183
442,183
465,183
479,183
227,184
247,184
423,184
441,184
463,184
463,184
465,184
479,184
227,185
247,185
423,185
440,185
463,185
479,185
226,186
247,186
422,186
440,186
463,186
479,186
226,187
248,187
421,187
439,187
462,187
479,187
226,188
248,188
420,188
439,188
461,188
479,188
226,189
248,189
420,189
438,189
461,189
479,189
226,190
248,190
419,190
438,190
461,190
479,190
226,191
248,191
418,191
437,191
461,191
479,191
226,192
249,192
418,192
435,192
460,192
479,192
226,193
249,193
418,193
435,193
460,193
479,193
226,194
249,194
417,194
434,194
459,194
479,194
226,195
250,195
417,195
433,195
459,195
479,195
226,196
249,196
415,196
430,196
432,196
432,196
457,196
479,196
226,197
250,197
414,197
430,197
456,197
479,197
225,198
250,198
413,198
430,198
456,198
479,198
225,199
251,199
413,199
429,199
456,199
479,199
225,200
251,200
412,200
429,200
456,200
479,200
225,201
251,201
412,201
429,201
455,201
479,201
225,202
251,202
412,202
428,202
452,202
479,202
225,203
251,203
412,203
427,203
453,203
479,203
225,204
251,204
409,204
427,204
453,204
470,204
225,205
252,205
408,205
427,205
451,205
469,205
225,206
252,206
407,206
427,206
448,206
462,206
464,206
467,206
224,207
252,207
407,207
426,207
443,207
443,207
447,207
460,207
464,207
467,207
225,208
252,208
406,208
427,208
440,208
465,208
224,209
252,209
404,209
427,209
440,209
464,209
224,210
253,210
404,210
429,210
436,210
463,210
224,211
253,211
403,211
463,211
224,212
253,212
402,212
463,212
224,213
253,213
401,213
463,213
224,214
253,214
400,214
463,214
224,215
253,215
400,215
463,215
224,216
253,216
398,216
463,216
224,217
253,217
398,217
463,217
479,217
479,217
224,218
253,218
397,218
463,218
479,218
479,218
224,219
254,219
396,219
446,219
457,219
463,219
479,219
479,219
224,220
254,220
396,220
445,220
458,220
463,220
479,220
479,220
224,221
254,221
395,221
441,221
458,221
463,221
479,221
479,221
224,222
254,222
394,222
440,222
459,222
463,222
478,222
479,222
224,223
255,223
393,223
439,223
459,223
464,223
478,223
479,223
224,224
255,224
392,224
426,224
428,224
435,224
459,224
464,224
478,224
479,224
224,225
255,225
392,225
425,225
459,225
464,225
478,225
479,225
224,226
255,226
392,226
423,226
459,226
464,226
478,226
479,226
224,227
255,227
392,227
422,227
459,227
464,227
477,227
479,227
224,228
255,228
392,228
408,228
415,228
421,228
459,228
465,228
477,228
479,228
224,229
255,229
392,229
407,229
416,229
420,229
459,229
465,229
477,229
479,229
224,230
255,230
401,230
406,230
416,230
416,230
459,230
466,230
474,230
479,230
223,231
255,231
401,231
406,231
416,231
416,231
459,231
479,231
223,232
256,232
458,232
479,232
223,233
256,233
458,233
479,233
223,234
257,234
458,234
479,234
223,235
257,235
458,235
479,235
223,236
257,236
458,236
479,236
223,237
257,237
458,237
479,237
223,238
257,238
458,238
479,238
223,239
257,239
458,239
479,239
224,240
257,240
457,240
479,240
224,241
246,241
249,241
257,241
457,241
479,241
229,242
242,242
255,242
257,242
457,242
479,242
233,243
242,243
457,243
479,243
234,244
242,244
457,244
479,244
235,245
242,245
457,245
479,245
235,246
242,246
457,246
479,246
237,247
242,247
457,247
479,247
237,248
242,248
457,248
477,248
237,249
242,249
457,249
477,249
237,250
243,250
455,250
455,250
457,250
475,250
237,251
243,251
455,251
455,251
457,251
475,251
237,252
243,252
455,252
455,252
457,252
475,252
237,253
244,253
455,253
455,253
457,253
475,253
235,254
235,254
237,254
244,254
455,254
455,254
457,254
473,254
233,255
244,255
455,255
472,255
230,256
244,256
454,256
471,256
226,257
244,257
453,257
471,257
224,258
244,258
452,258
471,258
229,259
244,259
452,259
471,259
230,260
244,260
452,260
471,260
230,261
244,261
451,261
470,261
228,262
241,262
451,262
469,262
450,263
468,263
450,264
467,264
450,265
467,265
449,266
466,266
449,267
466,267
448,268
465,268
448,269
462,269
447,270
461,270
447,271
460,271
445,272
459,272
445,273
458,273
443,274
457,274
440,275
457,275
439,276
457,276
437,277
456,277
435,278
455,278
434,279
455,279
432,280
454,280
431,281
454,281
430,282
453,282
426,283
452,283
425,284
452,284
421,285
451,285
419,286
451,286
410,287
451,287
404,288
450,288
404,289
449,289
331,290
349,290
394,290
449,290
331,291
448,291
331,292
447,292
331,293
447,293
332,294
445,294
332,295
445,295
332,296
445,296
332,297
444,297
332,298
416,298
426,298
444,298
332,299
415,299
427,299
443,299
332,300
398,300
427,300
442,300
331,301
396,301
427,301
442,301
331,302
368,302
426,302
441,302
331,303
366,303
426,303
441,303
426,304
440,304
426,305
438,305
424,306
437,306
423,307
436,307
422,308
436,308
422,309
435,309
421,310
435,310
418,311
435,311
417,312
433,312
417,313
432,313
416,314
431,314
415,315
431,315
413,316
428,316
409,317
427,317
407,318
426,318
405,319
426,319
404,320
421,320
425,320
425,320
404,321
421,321
400,322
421,322
400,323
420,323
399,324
419,324
398,325
416,325
395,326
415,326
394,327
415,327
394,328
411,328
391,329
409,329
388,330
409,330
387,331
407,331
386,332
403,332
382,333
401,333
379,334
397,334
377,335
398,335
371,336
393,336
368,337
389,337
391,337
393,337
367,338
388,338
365,339
387,339
362,340
385,340
358,341
382,341
355,342
379,342
354,343
379,343
352,344
377,344
352,345
376,345
352,346
372,346
352,347
370,347
354,348
366,348
356,349
364,349
358,350
361,350
479,352
479,352
479,353
479,353
479,354
479,354
479,356
479,356
