161,71
169,71
144,72
146,72
157,72
173,72
143,73
145,73
154,73
174,73
141,74
147,74
152,74
176,74
140,75
178,75
140,76
176,76
178,76
179,76
141,77
179,77
142,78
180,78
142,79
181,79
144,80
182,80
142,81
182,81
141,82
183,82
141,83
142,83
144,83
184,83
140,84
185,84
140,85
186,85
140,86
185,86
187,86
188,86
139,87
188,87
139,88
188,88
139,89
188,89
139,90
188,90
139,91
188,91
139,92
188,92
139,93
187,93
189,93
189,93
139,94
189,94
140,95
190,95
140,96
141,96
143,96
190,96
141,97
191,97
141,98
191,98
143,99
192,99
142,100
142,100
146,100
146,100
148,100
192,100
148,101
193,101
148,102
193,102
148,103
193,103
148,104
193,104
148,105
194,105
147,106
195,106
146,107
195,107
145,108
147,108
149,108
193,108
195,108
195,108
146,109
193,109
148,110
192,110
148,111
193,111
149,112
190,112
192,112
192,112
149,113
192,113
150,114
187,114
190,114
191,114
151,115
187,115
191,115
191,115
152,116
185,116
187,116
187,116
191,116
191,116
153,117
185,117
187,117
187,117
153,118
185,118
155,119
156,119
158,119
184,119
158,120
183,120
158,121
183,121
156,122
183,122
153,123
183,123
153,124
178,124
180,124
180,124
183,124
183,124
152,125
175,125
178,125
178,125
183,125
183,125
150,126
175,126
149,127
175,127
148,128
176,128
148,129
177,129
149,130
177,130
150,131
177,131
150,132
177,132
151,133
178,133
150,134
150,134
152,134
178,134
152,135
179,135
148,136
148,136
151,136
151,136
153,136
179,136
147,137
148,137
151,137
179,137
146,138
148,138
150,138
179,138
145,139
180,139
145,140
180,140
143,141
180,141
142,142
180,142
142,143
181,143
141,144
181,144
140,145
181,145
139,146
182,146
139,147
182,147
141,148
182,148
141,149
182,149
138,150
182,150
139,151
181,151
138,152
181,152
138,153
180,153
136,154
180,154
136,155
180,155
137,156
180,156
135,157
135,157
137,157
180,157
135,158
180,158
134,159
179,159
134,160
179,160
134,161
135,161
137,161
180,161
134,162
180,162
134,163
182,163
135,164
180,164
135,165
136,165
138,165
179,165
136,166
179,166
137,167
179,167
138,168
179,168
142,169
179,169
142,170
179,170
142,171
179,171
143,172
180,172
143,173
180,173
143,174
180,174
143,175
180,175
143,176
180,176
143,177
180,177
143,178
180,178
143,179
181,179
143,180
181,180
142,181
181,181
142,182
181,182
142,183
181,183
142,184
181,184
142,185
181,185
141,186
181,186
142,187
181,187
142,188
181,188
140,189
181,189
140,190
181,190
139,191
181,191
138,192
181,192
138,193
180,193
137,194
180,194
137,195
179,195
136,196
179,196
135,197
136,197
138,197
178,197
135,198
178,198
135,199
177,199
136,200
177,200
135,201
177,201
135,202
176,202
135,203
176,203
135,204
175,204
135,205
175,205
134,206
175,206
134,207
175,207
133,208
176,208
133,209
176,209
133,210
177,210
133,211
178,211
132,212
178,212
132,213
180,213
131,214
181,214
132,215
182,215
133,216
180,216
183,216
183,216
133,217
180,217
132,218
180,218
133,219
180,219
132,220
180,220
131,221
181,221
131,222
182,222
131,223
182,223
131,224
182,224
131,225
183,225
130,226
183,226
130,227
184,227
130,228
184,228
129,229
184,229
129,230
129,230
131,230
184,230
129,231
185,231
129,232
185,232
128,233
185,233
128,234
186,234
128,235
129,235
131,235
186,235
128,236
186,236
128,237
186,237
128,238
186,238
127,239
187,239
127,240
187,240
127,241
188,241
127,242
188,242
127,243
188,243
127,244
188,244
126,245
189,245
126,246
189,246
126,247
189,247
126,248
190,248
126,249
190,249
126,250
190,250
126,251
190,251
126,252
190,252
125,253
191,253
125,254
191,254
125,255
191,255
125,256
192,256
125,257
192,257
125,258
192,258
125,259
192,259
124,260
193,260
124,261
193,261
124,262
193,262
124,263
193,263
124,264
193,264
124,265
194,265
124,266
194,266
123,267
194,267
123,268
195,268
123,269
195,269
123,270
195,270
123,271
195,271
123,272
195,272
123,273
195,273
122,274
195,274
122,275
195,275
122,276
196,276
122,277
196,277
121,278
196,278
121,279
196,279
121,280
196,280
121,281
196,281
121,282
196,282
121,283
196,283
121,284
196,284
121,285
197,285
120,286
197,286
120,287
197,287
120,288
197,288
120,289
197,289
120,290
197,290
120,291
197,291
120,292
197,292
120,293
197,293
120,294
197,294
120,295
198,295
119,296
198,296
119,297
198,297
119,298
198,298
119,299
198,299
119,300
198,300
119,301
198,301
119,302
198,302
119,303
198,303
119,304
199,304
119,305
199,305
118,306
199,306
118,307
199,307
118,308
199,308
118,309
199,309
118,310
199,310
118,311
199,311
118,312
200,312
118,313
200,313
118,314
200,314
118,315
200,315
118,316
200,316
118,317
200,317
117,318
200,318
117,319
200,319
117,320
201,320
117,321
201,321
117,322
201,322
117,323
201,323
117,324
201,324
117,325
201,325
117,326
202,326
117,327
202,327
117,328
202,328
117,329
202,329
117,330
202,330
117,331
202,331
117,332
202,332
117,333
203,333
116,334
203,334
116,335
203,335
116,336
203,336
116,337
203,337
116,338
203,338
116,339
204,339
116,340
204,340
116,341
204,341
116,342
204,342
115,343
204,343
115,344
204,344
115,345
205,345
115,346
205,346
115,347
205,347
115,348
205,348
115,349
205,349
115,350
205,350
114,351
205,351
114,352
205,352
114,353
206,353
114,354
206,354
114,355
206,355
114,356
114,356
116,356
206,356
114,357
114,357
116,357
206,357
114,358
114,358
116,358
206,358
113,359
206,359
