152,71
164,71
149,72
153,72
155,72
162,72
164,72
167,72
135,73
139,73
146,73
149,73
151,73
169,73
133,74
140,74
144,74
171,74
132,75
169,75
171,75
172,75
132,76
173,76
131,77
174,77
133,78
175,78
133,79
175,79
134,80
176,80
134,81
177,81
133,82
178,82
133,83
179,83
132,84
133,84
136,84
180,84
132,85
181,85
131,86
182,86
131,87
183,87
131,88
183,88
130,89
183,89
130,90
183,90
130,91
130,91
132,91
183,91
130,92
130,92
132,92
183,92
130,93
183,93
130,94
184,94
130,95
131,95
133,95
184,95
131,96
131,96
133,96
185,96
131,97
186,97
132,98
132,98
135,98
187,98
132,99
187,99
133,100
188,100
133,101
135,101
137,101
188,101
134,102
135,102
138,102
189,102
134,103
134,103
139,103
189,103
141,104
190,104
141,105
190,105
141,106
191,106
141,107
191,107
140,108
191,108
140,109
189,109
192,109
192,109
139,110
189,110
137,111
189,111
137,112
189,112
140,113
189,113
140,114
189,114
141,115
183,115
186,115
188,115
141,116
183,116
185,116
188,116
142,117
183,117
185,117
188,117
143,118
183,118
188,118
188,118
144,119
183,119
145,120
145,120
147,120
179,120
181,120
183,120
145,121
179,121
181,121
182,121
146,122
182,122
149,123
182,123
150,124
182,124
149,125
179,125
181,125
182,125
148,126
179,126
182,126
183,126
144,127
172,127
174,127
175,127
177,127
178,127
183,127
183,127
143,128
171,128
178,128
178,128
143,129
170,129
141,130
170,130
140,131
169,131
140,132
141,132
143,132
169,132
141,133
170,133
141,134
171,134
142,135
171,135
142,136
171,136
143,137
172,137
143,138
172,138
142,139
172,139
143,140
173,140
138,141
139,141
143,141
173,141
137,142
139,142
141,142
173,142
136,143
137,143
139,143
174,143
135,144
174,144
134,145
175,145
133,146
175,146
132,147
175,147
132,148
175,148
131,149
176,149
130,150
176,150
129,151
176,151
129,152
177,152
129,153
177,153
129,154
177,154
128,155
176,155
127,156
176,156
126,157
176,157
125,158
176,158
125,159
176,159
125,160
125,160
127,160
175,160
124,161
175,161
124,162
124,162
126,162
175,162
124,163
124,163
126,163
175,163
124,164
124,164
126,164
174,164
124,165
174,165
124,166
174,166
124,167
174,167
125,168
174,168
125,169
177,169
126,170
177,170
126,171
174,171
127,172
175,172
128,173
174,173
130,174
174,174
130,175
174,175
133,176
174,176
133,177
174,177
133,178
174,178
133,179
175,179
133,180
175,180
133,181
175,181
133,182
176,182
133,183
176,183
133,184
176,184
133,185
176,185
133,186
177,186
133,187
177,187
133,188
177,188
132,189
177,189
132,190
178,190
132,191
178,191
132,192
178,192
132,193
178,193
131,194
178,194
131,195
178,195
131,196
176,196
178,196
179,196
131,197
178,197
130,198
177,198
129,199
177,199
128,200
176,200
128,201
175,201
127,202
175,202
127,203
174,203
126,204
173,204
126,205
172,205
125,206
171,206
123,207
171,207
123,208
170,208
124,209
169,209
125,210
168,210
125,211
168,211
125,212
167,212
124,213
166,213
124,214
164,214
124,215
164,215
123,216
165,216
123,217
165,217
122,218
167,218
122,219
168,219
122,220
168,220
121,221
169,221
121,222
170,222
120,223
171,223
120,224
171,224
119,225
169,225
171,225
172,225
119,226
174,226
121,227
171,227
174,227
174,227
121,228
171,228
121,229
172,229
121,230
172,230
120,231
172,231
120,232
173,232
120,233
173,233
119,234
173,234
119,235
174,235
119,236
174,236
118,237
175,237
118,238
175,238
118,239
176,239
117,240
176,240
117,241
176,241
117,242
177,242
116,243
177,243
117,244
178,244
117,245
178,245
117,246
178,246
117,247
179,247
116,248
178,248
116,249
178,249
116,250
178,250
116,251
179,251
116,252
180,252
115,253
180,253
115,254
180,254
115,255
181,255
115,256
181,256
115,257
181,257
114,258
181,258
114,259
182,259
114,260
182,260
114,261
182,261
114,262
182,262
114,263
183,263
114,264
183,264
113,265
183,265
113,266
184,266
113,267
184,267
113,268
184,268
113,269
184,269
113,270
185,270
113,271
185,271
113,272
185,272
112,273
185,273
112,274
186,274
112,275
186,275
112,276
186,276
112,277
186,277
112,278
187,278
112,279
187,279
111,280
187,280
111,281
187,281
111,282
187,282
111,283
188,283
111,284
188,284
110,285
188,285
110,286
188,286
110,287
189,287
110,288
189,288
110,289
189,289
110,290
189,290
110,291
189,291
110,292
189,292
109,293
190,293
109,294
190,294
109,295
190,295
109,296
190,296
109,297
190,297
108,298
190,298
108,299
190,299
108,300
190,300
108,301
190,301
108,302
191,302
107,303
191,303
107,304
191,304
107,305
191,305
107,306
191,306
107,307
191,307
107,308
191,308
106,309
191,309
106,310
106,310
108,310
192,310
106,311
106,311
108,311
192,311
106,312
192,312
106,313
192,313
106,314
192,314
105,315
192,315
106,316
192,316
105,317
192,317
105,318
193,318
105,319
193,319
105,320
193,320
105,321
193,321
105,322
193,322
105,323
194,323
104,324
193,324
104,325
193,325
104,326
194,326
104,327
194,327
104,328
194,328
104,329
194,329
104,330
194,330
104,331
194,331
103,332
195,332
103,333
195,333
104,334
195,334
103,335
195,335
103,336
196,336
103,337
196,337
103,338
196,338
103,339
196,339
103,340
196,340
103,341
196,341
103,342
197,342
103,343
197,343
102,344
197,344
102,345
197,345
102,346
197,346
102,347
198,347
102,348
197,348
102,349
198,349
102,350
198,350
102,351
198,351
102,352
198,352
101,353
198,353
101,354
101,354
103,354
198,354
101,355
199,355
101,356
199,356
101,357
199,357
101,358
199,358
101,359
199,359
