152,68
162,68
149,69
165,69
133,70
134,70
137,70
137,70
145,70
167,70
132,71
138,71
143,71
169,71
131,72
171,72
130,73
169,73
171,73
172,73
130,74
130,74
132,74
173,74
132,75
173,75
132,76
174,76
132,77
174,77
132,78
175,78
132,79
176,79
131,80
177,80
131,81
178,81
130,82
179,82
130,83
180,83
129,84
179,84
181,84
181,84
129,85
182,85
129,86
182,86
128,87
182,87
128,88
182,88
128,89
182,89
128,90
182,90
128,91
182,91
128,92
183,92
129,93
184,93
129,94
184,94
129,95
185,95
130,96
185,96
131,97
186,97
131,98
186,98
132,99
187,99
132,100
133,100
136,100
188,100
133,101
133,101
139,101
188,101
139,102
188,102
139,103
189,103
139,104
189,104
139,105
190,105
138,106
190,106
138,107
187,107
190,107
191,107
136,108
187,108
136,109
187,109
138,110
187,110
139,111
187,111
139,112
182,112
185,112
187,112
139,113
182,113
185,113
187,113
140,114
187,114
141,115
181,115
186,115
187,115
142,116
181,116
143,117
178,117
180,117
181,117
144,118
178,118
180,118
181,118
144,119
181,119
144,120
181,120
147,121
181,121
147,122
181,122
146,123
178,123
181,123
181,123
146,124
177,124
181,124
181,124
142,125
170,125
173,125
174,125
177,125
177,125
182,125
182,125
141,126
169,126
141,127
168,127
140,128
141,128
143,128
167,128
139,129
167,129
139,130
168,130
139,131
168,131
140,132
169,132
140,133
169,133
142,134
170,134
142,135
170,135
141,136
170,136
140,137
170,137
141,138
171,138
137,139
138,139
141,139
171,139
135,140
136,140
140,140
172,140
134,141
172,141
133,142
173,142
132,143
173,143
132,144
173,144
131,145
173,145
130,146
174,146
129,147
174,147
129,148
129,148
131,148
174,148
128,149
175,149
128,150
175,150
128,151
175,151
128,152
175,152
127,153
175,153
126,154
175,154
125,155
174,155
124,156
174,156
124,157
174,157
123,158
173,158
123,159
123,159
125,159
173,159
123,160
172,160
122,161
173,161
122,162
123,162
125,162
172,162
122,163
172,163
122,164
173,164
122,165
171,165
173,165
176,165
123,166
175,166
123,167
175,167
124,168
175,168
125,169
175,169
126,170
175,170
128,171
175,171
129,172
176,172
131,173
176,173
131,174
177,174
131,175
177,175
131,176
178,176
131,177
178,177
131,178
179,178
131,179
179,179
131,180
179,180
131,181
180,181
131,182
180,182
131,183
181,183
131,184
181,184
131,185
181,185
131,186
181,186
131,187
181,187
131,188
182,188
130,189
182,189
130,190
182,190
130,191
182,191
130,192
182,192
130,193
182,193
129,194
181,194
129,195
180,195
128,196
180,196
128,197
179,197
127,198
178,198
126,199
177,199
126,200
176,200
125,201
175,201
125,202
175,202
125,203
174,203
124,204
173,204
122,205
172,205
122,206
171,206
123,207
171,207
123,208
170,208
124,209
169,209
123,210
168,210
123,211
168,211
123,212
168,212
122,213
167,213
122,214
167,214
121,215
166,215
121,216
166,216
121,217
166,217
120,218
167,218
120,219
168,219
120,220
169,220
119,221
170,221
119,222
171,222
119,223
171,223
118,224
172,224
118,225
118,225
120,225
170,225
172,225
173,225
120,226
170,226
120,227
170,227
120,228
171,228
120,229
171,229
119,230
172,230
119,231
172,231
119,232
172,232
119,233
173,233
118,234
174,234
118,235
174,235
118,236
174,236
117,237
175,237
117,238
175,238
117,239
175,239
117,240
176,240
116,241
176,241
116,242
177,242
116,243
177,243
116,244
177,244
115,245
178,245
115,246
177,246
115,247
177,247
115,248
178,248
115,249
179,249
115,250
179,250
114,251
179,251
114,252
179,252
114,253
180,253
114,254
180,254
114,255
180,255
114,256
180,256
113,257
181,257
113,258
181,258
113,259
181,259
113,260
181,260
113,261
182,261
113,262
182,262
113,263
182,263
113,264
182,264
112,265
183,265
112,266
183,266
112,267
183,267
112,268
183,268
112,269
184,269
112,270
184,270
112,271
184,271
112,272
185,272
112,273
185,273
112,274
185,274
111,275
185,275
111,276
186,276
111,277
186,277
111,278
186,278
111,279
186,279
111,280
186,280
111,281
186,281
111,282
187,282
110,283
187,283
110,284
187,284
110,285
187,285
110,286
187,286
110,287
188,287
110,288
188,288
110,289
188,289
109,290
188,290
109,291
188,291
109,292
188,292
109,293
189,293
109,294
189,294
109,295
189,295
109,296
189,296
109,297
189,297
109,298
189,298
108,299
189,299
108,300
189,300
108,301
190,301
108,302
190,302
108,303
190,303
108,304
190,304
108,305
190,305
108,306
190,306
107,307
190,307
107,308
190,308
108,309
190,309
107,310
190,310
107,311
191,311
107,312
191,312
107,313
191,313
107,314
191,314
107,315
191,315
107,316
191,316
106,317
191,317
106,318
191,318
106,319
192,319
106,320
192,320
106,321
192,321
106,322
192,322
106,323
192,323
106,324
192,324
105,325
192,325
106,326
193,326
106,327
193,327
105,328
193,328
105,329
193,329
105,330
193,330
105,331
193,331
105,332
193,332
105,333
194,333
105,334
194,334
105,335
194,335
105,336
194,336
105,337
194,337
105,338
195,338
104,339
195,339
104,340
195,340
104,341
195,341
104,342
195,342
104,343
196,343
104,344
196,344
104,345
196,345
104,346
196,346
104,347
196,347
104,348
196,348
104,349
197,349
104,350
197,350
104,351
197,351
104,352
197,352
103,353
197,353
103,354
197,354
103,355
197,355
103,356
198,356
103,357
198,357
103,358
198,358
103,359
198,359
