135,72
136,72
153,72
160,72
134,73
134,73
149,73
164,73
133,74
134,74
145,74
166,74
133,75
135,75
141,75
168,75
132,76
135,76
140,76
165,76
168,76
169,76
132,77
138,77
140,77
166,77
170,77
170,77
133,78
169,78
171,78
172,78
132,79
172,79
132,80
173,80
131,81
174,81
131,82
175,82
133,83
176,83
132,84
176,84
132,85
178,85
131,86
179,86
131,87
177,87
179,87
180,87
130,88
178,88
180,88
180,88
130,89
178,89
180,89
180,89
129,90
181,90
129,91
181,91
129,92
181,92
129,93
182,93
129,94
182,94
129,95
182,95
129,96
183,96
129,97
181,97
183,97
184,97
129,98
181,98
183,98
185,98
130,99
185,99
130,100
186,100
131,101
132,101
134,101
186,101
132,102
132,102
134,102
186,102
132,103
132,103
135,103
187,103
135,104
187,104
139,105
187,105
139,106
187,106
139,107
187,107
139,108
187,108
138,109
187,109
137,110
186,110
136,111
186,111
138,112
184,112
186,112
187,112
139,113
184,113
186,113
187,113
140,114
186,114
140,115
141,115
143,115
186,115
140,116
141,116
143,116
186,116
141,117
183,117
185,117
185,117
142,118
185,118
142,119
184,119
143,120
177,120
179,120
184,120
143,121
145,121
147,121
184,121
144,122
145,122
148,122
173,122
177,122
181,122
144,123
147,123
151,123
172,123
181,123
181,123
145,124
145,124
151,124
172,124
150,125
169,125
175,125
175,125
147,126
169,126
147,127
148,127
150,127
170,127
146,128
169,128
145,129
168,129
139,130
142,130
144,130
166,130
139,131
166,131
138,132
139,132
141,132
167,132
139,133
167,133
139,134
169,134
140,135
169,135
141,136
170,136
141,137
170,137
141,138
141,138
143,138
171,138
140,139
171,139
138,140
139,140
141,140
171,140
136,141
138,141
141,141
171,141
136,142
172,142
135,143
135,143
137,143
172,143
133,144
134,144
136,144
172,144
133,145
173,145
131,146
173,146
131,147
173,147
130,148
174,148
129,149
174,149
128,150
174,150
128,151
175,151
128,152
175,152
128,153
175,153
127,154
175,154
126,155
175,155
125,156
175,156
124,157
175,157
123,158
175,158
123,159
175,159
123,160
174,160
122,161
173,161
121,162
122,162
124,162
173,162
121,163
174,163
120,164
174,164
120,165
173,165
120,166
173,166
121,167
173,167
121,168
175,168
122,169
123,169
125,169
174,169
176,169
176,169
122,170
176,170
123,171
174,171
124,172
173,172
126,173
173,173
129,174
171,174
173,174
173,174
130,175
173,175
130,176
173,176
130,177
174,177
130,178
174,178
130,179
174,179
130,180
175,180
130,181
175,181
130,182
175,182
130,183
175,183
130,184
175,184
130,185
175,185
130,186
175,186
130,187
176,187
130,188
176,188
130,189
176,189
129,190
176,190
129,191
176,191
129,192
177,192
129,193
177,193
128,194
177,194
128,195
177,195
128,196
177,196
127,197
176,197
126,198
177,198
126,199
176,199
125,200
176,200
125,201
176,201
124,202
175,202
124,203
175,203
123,204
174,204
122,205
174,205
122,206
173,206
122,207
172,207
123,208
172,208
122,209
171,209
122,210
170,210
122,211
170,211
122,212
169,212
121,213
169,213
121,214
168,214
121,215
168,215
120,216
167,216
120,217
167,217
119,218
167,218
119,219
167,219
117,220
167,220
117,221
168,221
114,222
169,222
113,223
169,223
112,224
170,224
112,225
172,225
112,226
172,226
112,227
169,227
112,228
169,228
111,229
170,229
110,230
170,230
110,231
171,231
110,232
111,232
114,232
171,232
110,233
171,233
111,234
172,234
113,235
172,235
115,236
172,236
116,237
172,237
115,238
173,238
115,239
173,239
115,240
174,240
114,241
174,241
114,242
174,242
114,243
175,243
113,244
175,244
113,245
175,245
113,246
175,246
113,247
175,247
113,248
176,248
113,249
176,249
113,250
176,250
112,251
177,251
112,252
177,252
112,253
177,253
112,254
177,254
112,255
178,255
111,256
176,256
178,256
178,256
111,257
176,257
178,257
179,257
111,258
179,258
111,259
179,259
111,260
179,260
111,261
179,261
110,262
180,262
110,263
180,263
110,264
180,264
110,265
180,265
109,266
180,266
109,267
181,267
109,268
181,268
109,269
181,269
109,270
182,270
109,271
182,271
109,272
182,272
108,273
182,273
108,274
183,274
108,275
183,275
108,276
183,276
108,277
183,277
108,278
183,278
108,279
184,279
108,280
184,280
107,281
184,281
107,282
184,282
107,283
184,283
107,284
184,284
107,285
184,285
106,286
185,286
106,287
185,287
106,288
185,288
106,289
185,289
106,290
185,290
106,291
185,291
105,292
185,292
105,293
185,293
105,294
185,294
105,295
185,295
105,296
185,296
105,297
185,297
105,298
186,298
104,299
186,299
104,300
186,300
104,301
186,301
104,302
186,302
103,303
186,303
103,304
186,304
103,305
186,305
103,306
186,306
374,306
389,306
103,307
187,307
373,307
395,307
102,308
187,308
372,308
399,308
103,309
187,309
371,309
399,309
404,309
405,309
102,310
187,310
370,310
407,310
102,311
187,311
370,311
408,311
102,312
187,312
371,312
410,312
102,313
187,313
369,313
411,313
102,314
187,314
369,314
411,314
102,315
187,315
370,315
411,315
101,316
187,316
370,316
411,316
102,317
187,317
370,317
411,317
102,318
187,318
371,318
412,318
101,319
188,319
370,319
412,319
101,320
188,320
369,320
412,320
101,321
188,321
369,321
412,321
101,322
188,322
369,322
412,322
101,323
188,323
368,323
409,323
411,323
411,323
100,324
188,324
368,324
408,324
100,325
188,325
368,325
407,325
100,326
188,326
368,326
407,326
100,327
189,327
367,327
407,327
100,328
189,328
367,328
407,328
100,329
189,329
367,329
407,329
100,330
189,330
367,330
407,330
100,331
189,331
367,331
408,331
100,332
190,332
366,332
408,332
99,333
190,333
366,333
408,333
99,334
190,334
366,334
407,334
99,335
190,335
365,335
408,335
99,336
190,336
365,336
408,336
99,337
190,337
365,337
409,337
99,338
190,338
365,338
409,338
99,339
190,339
364,339
409,339
98,340
191,340
363,340
409,340
98,341
191,341
361,341
409,341
98,342
191,342
357,342
410,342
98,343
191,343
349,343
351,343
354,343
355,343
357,343
411,343
98,344
191,344
340,344
411,344
98,345
191,345
338,345
411,345
98,346
191,346
336,346
412,346
97,347
191,347
335,347
413,347
97,348
192,348
334,348
415,348
97,349
192,349
334,349
416,349
97,350
192,350
334,350
420,350
97,351
192,351
333,351
423,351
96,352
192,352
333,352
427,352
96,353
192,353
334,353
429,353
96,354
193,354
338,354
431,354
96,355
193,355
340,355
427,355
429,355
433,355
96,356
193,356
350,356
435,356
96,357
193,357
355,357
437,357
96,358
193,358
362,358
439,358
95,359
193,359
364,359
439,359
