132,71
132,71
131,72
132,72
148,72
159,72
131,73
132,73
145,73
161,73
130,74
132,74
142,74
163,74
129,75
132,75
138,75
160,75
163,75
165,75
129,76
132,76
137,76
162,76
166,76
166,76
129,77
136,77
138,77
164,77
167,77
167,77
129,78
165,78
168,78
169,78
129,79
166,79
168,79
169,79
128,80
167,80
169,80
170,80
128,81
171,81
128,82
172,82
129,83
173,83
129,84
174,84
129,85
174,85
128,86
176,86
128,87
177,87
127,88
175,88
177,88
177,88
127,89
177,89
126,90
177,90
126,91
178,91
126,92
178,92
126,93
178,93
126,94
179,94
126,95
180,95
126,96
180,96
126,97
178,97
180,97
181,97
127,98
182,98
127,99
182,99
128,100
129,100
131,100
183,100
128,101
129,101
131,101
183,101
129,102
129,102
132,102
184,102
133,103
133,103
135,103
184,103
133,104
133,104
135,104
184,104
135,105
184,105
135,106
184,106
136,107
184,107
136,108
184,108
135,109
184,109
134,110
183,110
134,111
183,111
135,112
182,112
184,112
184,112
137,113
183,113
137,114
138,114
140,114
183,114
137,115
138,115
140,115
183,115
138,116
183,116
138,117
183,117
139,118
182,118
140,119
178,119
180,119
180,119
140,120
178,120
141,121
142,121
144,121
173,121
176,121
179,121
141,122
145,122
148,122
170,122
174,122
175,122
142,123
144,123
149,123
170,123
174,123
174,123
148,124
170,124
173,124
173,124
144,125
169,125
144,126
168,126
143,127
167,127
142,128
165,128
141,129
163,129
137,130
163,130
136,131
164,131
136,132
136,132
139,132
164,132
136,133
166,133
137,134
166,134
137,135
167,135
138,136
167,136
138,137
139,137
141,137
167,137
138,138
139,138
141,138
168,138
137,139
168,139
135,140
169,140
134,141
136,141
138,141
169,141
134,142
169,142
133,143
170,143
131,144
170,144
130,145
170,145
129,146
171,146
128,147
171,147
127,148
172,148
127,149
172,149
126,150
172,150
126,151
173,151
126,152
173,152
127,153
173,153
125,154
173,154
124,155
173,155
124,156
173,156
123,157
173,157
122,158
172,158
121,159
172,159
120,160
172,160
120,161
172,161
120,162
172,162
119,163
172,163
119,164
172,164
119,165
173,165
119,166
175,166
119,167
176,167
120,168
175,168
120,169
121,169
123,169
173,169
121,170
173,170
121,171
173,171
122,172
173,172
124,173
173,173
127,174
173,174
128,175
174,175
128,176
174,176
128,177
175,177
128,178
175,178
128,179
175,179
128,180
175,180
128,181
175,181
128,182
176,182
128,183
176,183
128,184
176,184
128,185
176,185
128,186
177,186
128,187
177,187
128,188
177,188
128,189
178,189
128,190
178,190
128,191
178,191
127,192
178,192
127,193
179,193
127,194
179,194
127,195
178,195
126,196
178,196
125,197
178,197
125,198
178,198
124,199
177,199
123,200
176,200
123,201
176,201
123,202
175,202
122,203
175,203
120,204
174,204
120,205
174,205
121,206
173,206
121,207
172,207
121,208
172,208
121,209
171,209
121,210
171,210
121,211
170,211
120,212
170,212
120,213
169,213
120,214
168,214
119,215
168,215
119,216
168,216
118,217
167,217
118,218
167,218
118,219
166,219
117,220
167,220
117,221
168,221
116,222
168,222
116,223
170,223
116,224
171,224
113,225
169,225
171,225
171,225
112,226
168,226
112,227
168,227
112,228
168,228
112,229
169,229
112,230
169,230
111,231
170,231
111,232
112,232
114,232
170,232
111,233
111,233
115,233
171,233
111,234
112,234
115,234
171,234
111,235
171,235
113,236
171,236
114,237
172,237
114,238
172,238
114,239
172,239
113,240
173,240
113,241
173,241
113,242
173,242
113,243
174,243
112,244
174,244
112,245
174,245
112,246
174,246
112,247
175,247
112,248
175,248
112,249
175,249
111,250
175,250
111,251
176,251
111,252
176,252
111,253
176,253
111,254
176,254
111,255
177,255
111,256
177,256
111,257
177,257
110,258
175,258
177,258
178,258
110,259
178,259
110,260
178,260
110,261
178,261
109,262
178,262
109,263
179,263
109,264
179,264
109,265
179,265
109,266
179,266
109,267
179,267
109,268
180,268
109,269
180,269
109,270
180,270
108,271
180,271
108,272
180,272
108,273
181,273
108,274
181,274
108,275
181,275
108,276
181,276
108,277
181,277
108,278
182,278
108,279
182,279
108,280
182,280
107,281
182,281
107,282
182,282
107,283
182,283
107,284
182,284
107,285
183,285
107,286
183,286
107,287
183,287
107,288
183,288
106,289
183,289
106,290
183,290
106,291
183,291
106,292
183,292
106,293
183,293
106,294
183,294
105,295
184,295
106,296
183,296
105,297
183,297
105,298
183,298
105,299
183,299
105,300
184,300
105,301
184,301
105,302
184,302
105,303
184,303
104,304
184,304
105,305
184,305
105,306
184,306
104,307
184,307
104,308
184,308
104,309
184,309
104,310
185,310
104,311
185,311
104,312
185,312
104,313
185,313
104,314
185,314
103,315
185,315
103,316
185,316
103,317
185,317
103,318
185,318
103,319
185,319
103,320
185,320
103,321
186,321
103,322
186,322
103,323
186,323
102,324
186,324
325,324
355,324
102,325
186,325
323,325
357,325
102,326
186,326
322,326
358,326
102,327
186,327
321,327
358,327
102,328
186,328
319,328
358,328
102,329
186,329
319,329
320,329
322,329
359,329
102,330
186,330
318,330
319,330
321,330
360,330
102,331
187,331
318,331
318,331
320,331
360,331
102,332
187,332
318,332
360,332
102,333
187,333
318,333
360,333
102,334
187,334
318,334
360,334
102,335
187,335
318,335
359,335
102,336
187,336
318,336
359,336
101,337
187,337
319,337
359,337
101,338
188,338
320,338
359,338
101,339
188,339
320,339
359,339
101,340
188,340
320,340
357,340
101,341
188,341
320,341
357,341
101,342
188,342
320,342
357,342
101,343
188,343
319,343
357,343
101,344
188,344
319,344
357,344
101,345
188,345
319,345
358,345
101,346
189,346
319,346
358,346
100,347
189,347
319,347
358,347
100,348
189,348
319,348
359,348
100,349
189,349
319,349
359,349
100,350
189,350
318,350
359,350
100,351
189,351
318,351
359,351
100,352
189,352
318,352
360,352
100,353
190,353
318,353
359,353
100,354
190,354
318,354
359,354
100,355
190,355
317,355
359,355
100,356
190,356
317,356
359,356
99,357
190,357
317,357
360,357
99,358
190,358
317,358
360,358
99,359
190,359
317,359
361,359
