151,71
166,71
148,72
168,72
134,73
139,73
146,73
170,73
133,74
134,74
136,74
140,74
143,74
145,74
147,74
171,74
132,75
169,75
172,75
172,75
131,76
170,76
172,76
173,76
131,77
171,77
173,77
174,77
133,78
171,78
174,78
175,78
133,79
173,79
175,79
175,79
133,80
176,80
133,81
177,81
133,82
178,82
132,83
179,83
132,84
180,84
131,85
182,85
131,86
182,86
131,87
180,87
182,87
183,87
131,88
181,88
183,88
184,88
130,89
183,89
130,90
183,90
130,91
183,91
129,92
183,92
129,93
183,93
130,94
184,94
131,95
131,95
133,95
185,95
131,96
185,96
131,97
186,97
131,98
187,98
132,99
187,99
133,100
137,100
139,100
188,100
133,101
135,101
137,101
188,101
133,102
134,102
137,102
137,102
139,102
189,102
134,103
135,103
140,103
189,103
141,104
190,104
141,105
190,105
141,106
190,106
140,107
191,107
140,108
191,108
139,109
189,109
192,109
192,109
138,110
189,110
137,111
189,111
138,112
189,112
140,113
189,113
141,114
188,114
141,115
188,115
141,116
188,116
142,117
183,117
186,117
188,117
143,118
183,118
144,119
183,119
145,120
183,120
145,121
182,121
146,122
183,122
148,123
182,123
149,124
182,124
148,125
179,125
181,125
183,125
147,126
179,126
183,126
183,126
143,127
172,127
175,127
175,127
178,127
179,127
183,127
183,127
143,128
171,128
178,128
178,128
142,129
170,129
141,130
169,130
140,131
169,131
140,132
140,132
143,132
169,132
140,133
170,133
141,134
142,134
144,134
171,134
142,135
142,135
144,135
171,135
142,136
171,136
143,137
171,137
143,138
172,138
141,139
172,139
142,140
172,140
138,141
139,141
143,141
173,141
137,142
139,142
143,142
173,142
325,142
329,142
136,143
174,143
323,143
331,143
135,144
174,144
321,144
332,144
134,145
175,145
316,145
333,145
133,146
175,146
312,146
334,146
132,147
175,147
311,147
334,147
131,148
175,148
309,148
335,148
131,149
131,149
133,149
175,149
306,149
335,149
131,150
176,150
303,150
305,150
308,150
334,150
129,151
129,151
131,151
176,151
302,151
334,151
129,152
176,152
301,152
302,152
304,152
333,152
129,153
177,153
300,153
301,153
303,153
333,153
128,154
177,154
299,154
333,154
127,155
177,155
299,155
334,155
126,156
176,156
299,156
335,156
126,157
176,157
299,157
335,157
125,158
176,158
299,158
336,158
125,159
175,159
299,159
337,159
124,160
175,160
299,160
337,160
124,161
174,161
300,161
301,161
303,161
337,161
345,161
361,161
124,162
175,162
301,162
364,162
123,163
175,163
303,163
367,163
123,164
175,164
304,164
368,164
124,165
174,165
304,165
369,165
124,166
173,166
304,166
370,166
124,167
174,167
304,167
371,167
124,168
175,168
305,168
372,168
125,169
176,169
305,169
373,169
126,170
176,170
305,170
371,170
373,170
373,170
127,171
127,171
129,171
175,171
305,171
374,171
127,172
172,172
174,172
175,172
305,172
374,172
128,173
174,173
305,173
374,173
129,174
174,174
305,174
374,174
131,175
174,175
303,175
374,175
132,176
175,176
301,176
374,176
133,177
175,177
300,177
373,177
133,178
175,178
299,178
373,178
133,179
176,179
297,179
372,179
134,180
176,180
296,180
371,180
133,181
176,181
294,181
370,181
133,182
177,182
293,182
370,182
133,183
177,183
292,183
369,183
132,184
178,184
291,184
364,184
367,184
368,184
132,185
178,185
290,185
367,185
132,186
178,186
289,186
365,186
132,187
179,187
288,187
364,187
132,188
179,188
242,188
242,188
256,188
258,188
288,188
363,188
132,189
179,189
241,189
245,189
255,189
259,189
287,189
361,189
132,190
179,190
244,190
249,190
255,190
261,190
286,190
360,190
132,191
179,191
246,191
250,191
255,191
262,191
286,191
358,191
132,192
180,192
244,192
252,192
254,192
265,192
285,192
286,192
288,192
358,192
411,192
415,192
132,193
180,193
244,193
247,193
250,193
267,193
285,193
286,193
288,193
358,193
410,193
415,193
422,193
422,193
131,194
180,194
228,194
228,194
230,194
231,194
241,194
269,194
285,194
357,194
407,194
407,194
409,194
417,194
420,194
423,194
131,195
179,195
228,195
234,195
236,195
238,195
240,195
271,195
284,195
356,195
406,195
420,195
131,196
179,196
229,196
273,196
284,196
356,196
403,196
423,196
130,197
179,197
230,197
275,197
284,197
357,197
401,197
423,197
130,198
176,198
178,198
179,198
235,198
278,198
284,198
358,198
400,198
428,198
431,198
431,198
436,198
437,198
129,199
175,199
177,199
178,199
234,199
359,199
396,199
397,199
400,199
433,199
436,199
437,199
128,200
177,200
238,200
249,200
252,200
352,200
354,200
360,200
391,200
433,200
436,200
439,200
127,201
176,201
238,201
243,201
248,201
248,201
252,201
351,201
356,201
361,201
387,201
439,201
127,202
175,202
252,202
352,202
357,202
362,202
384,202
439,202
126,203
126,203
129,203
174,203
253,203
353,203
358,203
363,203
381,203
383,203
385,203
436,203
438,203
438,203
126,204
174,204
253,204
351,204
359,204
363,204
378,204
434,204
125,205
173,205
252,205
350,205
360,205
363,205
376,205
378,205
381,205
435,205
124,206
172,206
252,206
349,206
374,206
430,206
432,206
432,206
123,207
171,207
252,207
348,207
370,207
422,207
424,207
430,207
123,208
170,208
252,208
309,208
312,208
349,208
368,208
419,208
421,208
421,208
424,208
424,208
124,209
169,209
252,209
308,209
316,209
349,209
365,209
365,209
367,209
420,209
124,210
169,210
252,210
307,210
315,210
347,210
349,210
350,210
364,210
420,210
124,211
168,211
252,211
308,211
316,211
349,211
361,211
420,211
124,212
167,212
272,212
310,212
318,212
349,212
360,212
420,212
124,213
167,213
273,213
311,213
320,213
350,213
355,213
355,213
358,213
399,213
401,213
412,213
414,213
420,213
124,214
166,214
281,214
312,214
320,214
397,214
418,214
418,214
123,215
165,215
289,215
315,215
320,215
376,215
379,215
383,215
386,215
390,215
392,215
392,215
123,216
165,216
292,216
316,216
318,216
318,216
320,216
382,216
123,217
123,217
125,217
165,217
294,217
377,217
122,218
166,218
298,218
373,218
122,219
167,219
300,219
371,219
121,220
168,220
302,220
369,220
121,221
169,221
303,221
365,221
120,222
170,222
307,222
362,222
120,223
171,223
309,223
360,223
120,224
171,224
311,224
357,224
119,225
172,225
314,225
357,225
119,226
173,226
317,226
356,226
119,227
119,227
121,227
171,227
174,227
175,227
318,227
356,227
121,228
171,228
319,228
321,228
323,228
357,228
121,229
172,229
320,229
321,229
323,229
357,229
120,230
172,230
322,230
358,230
120,231
171,231
323,231
358,231
119,232
173,232
323,232
359,232
119,233
173,233
323,233
359,233
119,234
174,234
323,234
359,234
118,235
174,235
322,235
359,235
118,236
175,236
322,236
360,236
118,237
172,237
175,237
175,237
322,237
322,237
324,237
360,237
119,238
175,238
322,238
322,238
324,238
360,238
117,239
175,239
322,239
322,239
324,239
360,239
116,240
176,240
323,240
361,240
116,241
176,241
324,241
361,241
116,242
176,242
325,242
361,242
116,243
177,243
325,243
361,243
116,244
177,244
326,244
361,244
116,245
177,245
326,245
362,245
116,246
178,246
327,246
362,246
116,247
178,247
327,247
362,247
116,248
179,248
328,248
362,248
116,249
179,249
328,249
362,249
116,250
179,250
329,250
362,250
116,251
179,251
329,251
362,251
116,252
179,252
330,252
363,252
115,253
180,253
330,253
363,253
115,254
180,254
330,254
363,254
115,255
180,255
331,255
363,255
115,256
181,256
331,256
363,256
115,257
181,257
332,257
363,257
114,258
181,258
332,258
363,258
114,259
182,259
332,259
363,259
114,260
182,260
332,260
364,260
114,261
182,261
332,261
364,261
114,262
183,262
332,262
364,262
114,263
183,263
332,263
365,263
113,264
183,264
331,264
365,264
113,265
183,265
331,265
365,265
113,266
183,266
331,266
331,266
333,266
365,266
113,267
184,267
330,267
366,267
113,268
184,268
330,268
366,268
113,269
184,269
330,269
366,269
113,270
185,270
329,270
366,270
113,271
185,271
331,271
367,271
112,272
185,272
331,272
367,272
112,273
185,273
331,273
366,273
112,274
185,274
330,274
365,274
112,275
186,275
330,275
365,275
112,276
186,276
329,276
366,276
112,277
186,277
329,277
366,277
112,278
186,278
328,278
366,278
112,279
187,279
328,279
366,279
112,280
187,280
327,280
367,280
111,281
187,281
327,281
367,281
111,282
187,282
327,282
367,282
111,283
187,283
326,283
368,283
111,284
188,284
326,284
368,284
111,285
188,285
325,285
368,285
111,286
188,286
325,286
368,286
110,287
188,287
325,287
369,287
110,288
188,288
324,288
369,288
110,289
189,289
324,289
369,289
110,290
189,290
323,290
369,290
110,291
189,291
323,291
369,291
109,292
189,292
323,292
370,292
109,293
187,293
189,293
189,293
322,293
370,293
109,294
189,294
322,294
370,294
109,295
190,295
322,295
370,295
109,296
190,296
322,296
370,296
109,297
190,297
321,297
370,297
109,298
190,298
321,298
370,298
109,299
190,299
321,299
371,299
108,300
190,300
320,300
371,300
108,301
190,301
320,301
371,301
108,302
190,302
320,302
371,302
108,303
190,303
320,303
371,303
108,304
190,304
319,304
371,304
108,305
191,305
319,305
372,305
107,306
191,306
319,306
372,306
107,307
191,307
318,307
372,307
107,308
191,308
318,308
372,308
107,309
191,309
318,309
372,309
107,310
191,310
318,310
372,310
107,311
191,311
318,311
372,311
107,312
192,312
317,312
373,312
106,313
192,313
317,313
373,313
106,314
192,314
316,314
373,314
106,315
192,315
316,315
373,315
106,316
192,316
316,316
373,316
106,317
192,317
316,317
372,317
106,318
192,318
315,318
374,318
106,319
192,319
315,319
374,319
106,320
192,320
315,320
374,320
105,321
193,321
314,321
374,321
105,322
193,322
314,322
374,322
105,323
193,323
314,323
375,323
105,324
193,324
314,324
375,324
105,325
193,325
313,325
375,325
105,326
193,326
313,326
375,326
105,327
193,327
313,327
376,327
105,328
194,328
312,328
376,328
104,329
194,329
312,329
377,329
104,330
192,330
194,330
194,330
312,330
377,330
105,331
194,331
312,331
378,331
105,332
194,332
311,332
378,332
105,333
195,333
310,333
379,333
105,334
195,334
310,334
379,334
104,335
195,335
310,335
380,335
104,336
195,336
309,336
381,336
104,337
195,337
309,337
309,337
311,337
381,337
104,338
196,338
308,338
382,338
104,339
196,339
308,339
382,339
104,340
196,340
308,340
382,340
104,341
196,341
309,341
382,341
103,342
196,342
310,342
379,342
381,342
381,342
103,343
196,343
311,343
379,343
103,344
197,344
313,344
376,344
103,345
197,345
316,345
372,345
103,346
197,346
318,346
369,346
103,347
197,347
320,347
364,347
102,348
197,348
328,348
362,348
102,349
197,349
333,349
362,349
102,350
198,350
333,350
362,350
102,351
198,351
333,351
362,351
102,352
198,352
334,352
362,352
102,353
198,353
334,353
361,353
102,354
198,354
334,354
361,354
102,355
199,355
335,355
361,355
102,356
199,356
335,356
361,356
101,357
199,357
335,357
361,357
101,358
199,358
336,358
360,358
101,359
199,359
336,359
360,359
