151,71
166,71
148,72
168,72
134,73
139,73
146,73
171,73
133,74
134,74
136,74
140,74
143,74
145,74
147,74
172,74
132,75
170,75
172,75
173,75
132,76
171,76
173,76
174,76
132,77
171,77
174,77
174,77
133,78
172,78
174,78
175,78
133,79
173,79
175,79
176,79
134,80
176,80
134,81
177,81
133,82
178,82
132,83
179,83
132,84
180,84
132,85
182,85
131,86
182,86
131,87
180,87
182,87
183,87
131,88
181,88
183,88
184,88
131,89
184,89
130,90
184,90
130,91
183,91
130,92
183,92
129,93
183,93
131,94
184,94
131,95
185,95
131,96
185,96
131,97
186,97
131,98
186,98
132,99
187,99
133,100
137,100
140,100
188,100
137,101
188,101
134,102
134,102
138,102
138,102
140,102
189,102
140,103
189,103
141,104
189,104
141,105
190,105
141,106
190,106
141,107
191,107
140,108
191,108
139,109
191,109
138,110
189,110
192,110
192,110
137,111
189,111
138,112
188,112
140,113
188,113
141,114
188,114
141,115
188,115
141,116
188,116
142,117
184,117
186,117
187,117
143,118
182,118
186,118
187,118
144,119
182,119
145,120
182,120
145,121
182,121
146,122
182,122
148,123
182,123
149,124
182,124
148,125
178,125
180,125
181,125
147,126
178,126
181,126
181,126
143,127
173,127
177,127
177,127
182,127
182,127
143,128
173,128
142,129
170,129
141,130
167,130
169,130
169,130
140,131
141,131
143,131
169,131
141,132
141,132
143,132
169,132
141,133
170,133
141,134
142,134
144,134
171,134
142,135
171,135
143,136
171,136
143,137
171,137
143,138
172,138
142,139
172,139
142,140
172,140
138,141
140,141
143,141
173,141
137,142
173,142
136,143
174,143
135,144
174,144
134,145
175,145
323,145
330,145
133,146
175,146
320,146
332,146
132,147
175,147
316,147
332,147
132,148
175,148
312,148
333,148
131,149
176,149
311,149
333,149
130,150
176,150
309,150
334,150
129,151
176,151
306,151
334,151
129,152
177,152
304,152
305,152
308,152
333,152
129,153
177,153
302,153
333,153
128,154
177,154
300,154
332,154
128,155
177,155
300,155
332,155
127,156
176,156
299,156
332,156
126,157
176,157
299,157
333,157
126,158
176,158
299,158
334,158
125,159
175,159
298,159
334,159
124,160
175,160
298,160
335,160
124,161
174,161
298,161
336,161
124,162
175,162
299,162
336,162
346,162
359,162
124,163
175,163
299,163
300,163
303,163
363,163
123,164
175,164
300,164
365,164
124,165
174,165
304,165
367,165
124,166
173,166
304,166
368,166
124,167
174,167
304,167
369,167
124,168
175,168
304,168
370,168
125,169
172,169
174,169
177,169
304,169
371,169
126,170
177,170
304,170
372,170
126,171
128,171
130,171
175,171
304,171
373,171
127,172
174,172
304,172
371,172
373,172
373,172
128,173
174,173
304,173
374,173
130,174
173,174
304,174
374,174
131,175
173,175
304,175
374,175
132,176
174,176
303,176
374,176
132,177
174,177
302,177
373,177
133,178
174,178
300,178
373,178
133,179
174,179
299,179
373,179
133,180
174,180
297,180
372,180
132,181
174,181
260,181
261,181
296,181
372,181
132,182
175,182
259,182
262,182
295,182
371,182
132,183
175,183
251,183
251,183
259,183
264,183
293,183
370,183
132,184
175,184
251,184
253,184
259,184
265,184
292,184
369,184
132,185
176,185
252,185
254,185
258,185
266,185
291,185
365,185
367,185
368,185
408,185
408,185
132,186
176,186
251,186
256,186
258,186
268,186
290,186
365,186
367,186
367,186
406,186
411,186
132,187
176,187
251,187
269,187
289,187
366,187
405,187
412,187
418,187
418,187
132,188
177,188
234,188
271,188
288,188
365,188
404,188
413,188
416,188
417,188
131,189
177,189
235,189
272,189
288,189
288,189
290,189
363,189
404,189
413,189
131,190
177,190
238,190
274,190
287,190
362,190
400,190
416,190
131,191
177,191
238,191
271,191
273,191
275,191
286,191
361,191
399,191
415,191
417,191
417,191
131,192
177,192
240,192
276,192
285,192
359,192
397,192
417,192
428,192
428,192
131,193
177,193
242,193
279,193
285,193
359,193
395,193
423,193
425,193
430,193
131,194
177,194
246,194
247,194
250,194
280,194
284,194
355,194
357,194
357,194
394,194
429,194
431,194
433,194
130,195
177,195
255,195
354,195
392,195
392,195
394,195
433,195
130,196
177,196
256,196
353,196
388,196
433,196
130,197
177,197
255,197
352,197
387,197
432,197
129,198
176,198
255,198
353,198
384,198
430,198
128,199
176,199
255,199
353,199
381,199
429,199
128,200
175,200
255,200
352,200
381,200
382,200
384,200
427,200
127,201
175,201
255,201
353,201
378,201
418,201
420,201
424,201
127,202
174,202
254,202
352,202
376,202
418,202
420,202
420,202
126,203
126,203
128,203
173,203
254,203
254,203
256,203
352,203
375,203
418,203
420,203
420,203
126,204
172,204
258,204
352,204
373,204
420,204
125,205
171,205
264,205
352,205
371,205
419,205
124,206
171,206
269,206
351,206
368,206
418,206
123,207
170,207
273,207
351,207
366,207
415,207
123,208
169,208
277,208
279,208
281,208
352,208
366,208
405,208
124,209
169,209
279,209
352,209
363,209
396,209
125,210
168,210
282,210
311,210
313,210
350,210
360,210
394,210
124,211
167,211
285,211
311,211
316,211
347,211
349,211
349,211
360,211
391,211
124,212
167,212
287,212
311,212
316,212
349,212
357,212
385,212
387,212
387,212
124,213
166,213
290,213
313,213
315,213
315,213
317,213
349,213
356,213
383,213
124,214
165,214
293,214
349,214
353,214
379,214
124,215
165,215
294,215
376,215
124,216
165,216
297,216
375,216
123,217
123,217
125,217
166,217
298,217
373,217
122,218
166,218
299,218
370,218
122,219
167,219
302,219
367,219
122,220
168,220
303,220
366,220
121,221
169,221
306,221
363,221
121,222
170,222
308,222
360,222
120,223
171,223
310,223
359,223
120,224
171,224
311,224
358,224
119,225
172,225
314,225
356,225
119,226
173,226
317,226
356,226
119,227
119,227
121,227
171,227
173,227
175,227
318,227
356,227
121,228
171,228
319,228
320,228
323,228
356,228
121,229
172,229
320,229
321,229
323,229
356,229
120,230
172,230
321,230
357,230
120,231
172,231
322,231
357,231
119,232
173,232
323,232
358,232
119,233
173,233
323,233
359,233
119,234
174,234
322,234
359,234
118,235
174,235
322,235
359,235
118,236
172,236
174,236
175,236
322,236
359,236
118,237
173,237
175,237
175,237
322,237
359,237
119,238
175,238
322,238
359,238
117,239
176,239
322,239
360,239
117,240
176,240
322,240
360,240
116,241
176,241
322,241
360,241
116,242
177,242
323,242
360,242
116,243
177,243
324,243
361,243
117,244
177,244
324,244
361,244
117,245
178,245
325,245
361,245
117,246
178,246
326,246
361,246
117,247
178,247
326,247
361,247
116,248
179,248
327,248
361,248
116,249
179,249
327,249
362,249
116,250
179,250
327,250
362,250
116,251
179,251
329,251
362,251
116,252
180,252
329,252
362,252
115,253
180,253
329,253
362,253
115,254
180,254
329,254
362,254
115,255
180,255
329,255
362,255
115,256
181,256
330,256
362,256
115,257
181,257
331,257
362,257
115,258
181,258
331,258
363,258
115,259
182,259
331,259
363,259
115,260
182,260
331,260
363,260
114,261
182,261
331,261
363,261
114,262
183,262
331,262
363,262
114,263
183,263
331,263
364,263
114,264
183,264
331,264
364,264
114,265
183,265
331,265
364,265
113,266
183,266
331,266
365,266
113,267
184,267
330,267
330,267
332,267
365,267
113,268
184,268
330,268
365,268
113,269
184,269
330,269
366,269
113,270
185,270
329,270
366,270
113,271
185,271
329,271
366,271
113,272
185,272
329,272
366,272
113,273
185,273
331,273
367,273
112,274
185,274
331,274
366,274
112,275
185,275
330,275
365,275
112,276
186,276
330,276
365,276
112,277
186,277
329,277
365,277
112,278
186,278
328,278
365,278
112,279
186,279
328,279
366,279
112,280
187,280
328,280
366,280
112,281
187,281
327,281
366,281
112,282
187,282
327,282
367,282
111,283
187,283
326,283
367,283
111,284
187,284
326,284
367,284
111,285
188,285
326,285
367,285
111,286
188,286
325,286
368,286
111,287
188,287
325,287
368,287
111,288
188,288
324,288
368,288
111,289
188,289
324,289
368,289
110,290
189,290
324,290
368,290
110,291
189,291
323,291
369,291
110,292
189,292
323,292
369,292
110,293
189,293
323,293
369,293
110,294
187,294
189,294
189,294
322,294
369,294
110,295
187,295
189,295
189,295
322,295
369,295
109,296
190,296
322,296
369,296
109,297
190,297
322,297
369,297
109,298
190,298
321,298
370,298
109,299
190,299
321,299
370,299
109,300
190,300
321,300
370,300
109,301
190,301
321,301
370,301
109,302
190,302
320,302
370,302
109,303
190,303
320,303
370,303
109,304
190,304
320,304
370,304
108,305
190,305
320,305
370,305
108,306
190,306
319,306
370,306
108,307
191,307
319,307
370,307
108,308
191,308
319,308
371,308
108,309
191,309
319,309
371,309
108,310
191,310
319,310
371,310
108,311
191,311
318,311
371,311
107,312
191,312
318,312
371,312
107,313
191,313
318,313
371,313
107,314
191,314
318,314
371,314
107,315
191,315
318,315
371,315
107,316
192,316
317,316
371,316
107,317
192,317
317,317
371,317
107,318
192,318
317,318
371,318
107,319
192,319
317,319
371,319
107,320
192,320
317,320
372,320
106,321
192,321
316,321
372,321
106,322
106,322
108,322
192,322
316,322
372,322
106,323
106,323
108,323
192,323
316,323
371,323
106,324
193,324
315,324
372,324
106,325
193,325
315,325
372,325
106,326
193,326
315,326
372,326
106,327
193,327
315,327
372,327
106,328
193,328
315,328
372,328
106,329
193,329
314,329
373,329
106,330
193,330
314,330
373,330
106,331
193,331
314,331
373,331
105,332
194,332
314,332
373,332
105,333
192,333
194,333
194,333
314,333
373,333
105,334
194,334
313,334
373,334
105,335
194,335
313,335
373,335
105,336
194,336
313,336
374,336
105,337
195,337
313,337
374,337
105,338
195,338
312,338
374,338
105,339
195,339
311,339
312,339
314,339
375,339
105,340
195,340
311,340
375,340
105,341
195,341
311,341
375,341
105,342
195,342
311,342
375,342
105,343
196,343
311,343
376,343
104,344
196,344
311,344
313,344
316,344
377,344
104,345
196,345
313,345
377,345
104,346
196,346
315,346
377,346
104,347
196,347
318,347
376,347
104,348
196,348
320,348
372,348
104,349
197,349
327,349
365,349
104,350
197,350
333,350
362,350
104,351
197,351
334,351
362,351
104,352
197,352
334,352
362,352
104,353
197,353
334,353
362,353
104,354
197,354
335,354
361,354
103,355
197,355
335,355
361,355
103,356
198,356
335,356
361,356
103,357
198,357
336,357
361,357
103,358
198,358
336,358
361,358
103,359
198,359
336,359
360,359
