155,71
165,71
150,72
168,72
135,73
140,73
147,73
170,73
134,74
135,74
137,74
140,74
145,74
172,74
133,75
140,75
143,75
170,75
172,75
173,75
133,76
171,76
173,76
174,76
133,77
172,77
174,77
175,77
134,78
172,78
175,78
175,78
134,79
173,79
176,79
176,79
134,80
177,80
134,81
177,81
134,82
178,82
133,83
179,83
133,84
180,84
133,85
182,85
132,86
183,86
132,87
181,87
183,87
184,87
132,88
181,88
184,88
184,88
131,89
184,89
131,90
184,90
131,91
184,91
131,92
184,92
130,93
184,93
131,94
184,94
132,95
185,95
132,96
186,96
132,97
186,97
132,98
187,98
133,99
188,99
133,100
138,100
140,100
188,100
134,101
135,101
138,101
189,101
134,102
135,102
139,102
189,102
141,103
189,103
142,104
190,104
142,105
190,105
142,106
191,106
142,107
191,107
141,108
189,108
191,108
191,108
140,109
189,109
191,109
192,109
139,110
189,110
192,110
192,110
138,111
189,111
192,111
192,111
138,112
189,112
140,113
189,113
141,114
189,114
142,115
188,115
142,116
184,116
187,116
188,116
143,117
183,117
187,117
188,117
144,118
183,118
187,118
187,118
144,119
183,119
187,119
187,119
146,120
183,120
146,121
182,121
146,122
181,122
147,123
179,123
150,124
179,124
150,125
181,125
149,126
180,126
146,127
146,127
148,127
172,127
174,127
176,127
180,127
180,127
143,128
171,128
175,128
175,128
180,128
180,128
143,129
171,129
175,129
175,129
142,130
171,130
141,131
142,131
144,131
170,131
141,132
170,132
141,133
170,133
142,134
171,134
143,135
171,135
143,136
171,136
144,137
171,137
144,138
172,138
143,139
172,139
143,140
172,140
143,141
173,141
138,142
141,142
143,142
173,142
137,143
174,143
136,144
174,144
135,145
174,145
323,145
329,145
134,146
175,146
322,146
331,146
133,147
175,147
317,147
332,147
132,148
175,148
312,148
333,148
132,149
175,149
311,149
333,149
131,150
176,150
309,150
312,150
314,150
334,150
130,151
176,151
307,151
334,151
130,152
176,152
304,152
333,152
130,153
177,153
302,153
304,153
307,153
333,153
129,154
177,154
301,154
332,154
128,155
177,155
300,155
332,155
127,156
176,156
299,156
332,156
126,157
176,157
299,157
333,157
126,158
176,158
299,158
334,158
125,159
176,159
298,159
334,159
124,160
175,160
299,160
335,160
124,161
175,161
299,161
336,161
124,162
174,162
299,162
336,162
348,162
357,162
124,163
174,163
299,163
300,163
303,163
338,163
341,163
362,163
123,164
175,164
300,164
364,164
124,165
174,165
303,165
367,165
124,166
173,166
304,166
368,166
124,167
173,167
304,167
369,167
124,168
174,168
304,168
370,168
124,169
175,169
304,169
371,169
125,170
127,170
129,170
177,170
304,170
372,170
126,171
175,171
304,171
372,171
127,172
174,172
304,172
371,172
373,172
373,172
129,173
173,173
304,173
371,173
373,173
373,173
131,174
173,174
304,174
374,174
132,175
173,175
304,175
374,175
132,176
173,176
304,176
374,176
133,177
173,177
302,177
373,177
133,178
173,178
301,178
373,178
133,179
173,179
299,179
373,179
134,180
173,180
298,180
372,180
133,181
173,181
260,181
261,181
296,181
372,181
133,182
174,182
260,182
263,182
295,182
296,182
298,182
371,182
133,183
174,183
251,183
251,183
259,183
264,183
293,183
370,183
133,184
174,184
252,184
253,184
259,184
266,184
292,184
369,184
133,185
174,185
252,185
254,185
258,185
267,185
291,185
368,185
408,185
410,185
133,186
174,186
252,186
255,186
257,186
268,186
290,186
364,186
367,186
367,186
406,186
411,186
419,186
420,186
133,187
174,187
235,187
235,187
251,187
269,187
289,187
366,187
404,187
412,187
418,187
419,187
133,188
174,188
235,188
271,188
289,188
365,188
403,188
412,188
417,188
418,188
132,189
175,189
236,189
273,189
288,189
364,189
403,189
418,189
132,190
175,190
237,190
274,190
287,190
362,190
399,190
415,190
417,190
417,190
132,191
174,191
239,191
276,191
286,191
361,191
398,191
415,191
417,191
418,191
132,192
175,192
241,192
277,192
285,192
286,192
288,192
360,192
397,192
420,192
424,192
424,192
132,193
175,193
243,193
279,193
285,193
359,193
395,193
431,193
132,194
175,194
248,194
248,194
252,194
280,194
284,194
355,194
357,194
357,194
393,194
426,194
430,194
431,194
131,195
175,195
255,195
354,195
391,195
433,195
131,196
175,196
255,196
353,196
388,196
388,196
390,196
423,196
427,196
432,196
131,197
175,197
256,197
353,197
388,197
423,197
428,197
433,197
130,198
175,198
256,198
353,198
384,198
425,198
428,198
431,198
129,199
175,199
255,199
353,199
382,199
423,199
426,199
431,199
129,200
174,200
255,200
353,200
379,200
423,200
427,200
430,200
128,201
174,201
255,201
353,201
378,201
379,201
381,201
427,201
128,202
174,202
254,202
351,202
353,202
354,202
376,202
417,202
420,202
422,202
127,203
127,203
129,203
171,203
173,203
173,203
254,203
353,203
374,203
419,203
127,204
172,204
259,204
354,204
372,204
419,204
126,205
171,205
265,205
355,205
371,205
419,205
125,206
171,206
271,206
353,206
369,206
418,206
124,207
170,207
274,207
354,207
366,207
411,207
124,208
169,208
276,208
276,208
278,208
280,208
282,208
354,208
366,208
403,208
124,209
169,209
279,209
351,209
353,209
354,209
363,209
398,209
125,210
168,210
283,210
351,210
353,210
354,210
361,210
393,210
125,211
167,211
285,211
311,211
316,211
353,211
359,211
390,211
125,212
167,212
288,212
311,212
316,212
353,212
357,212
387,212
125,213
166,213
290,213
312,213
317,213
383,213
124,214
125,214
127,214
165,214
293,214
379,214
124,215
125,215
127,215
165,215
294,215
313,215
315,215
376,215
124,216
165,216
297,216
374,216
124,217
166,217
298,217
372,217
124,218
167,218
299,218
369,218
123,219
168,219
302,219
367,219
122,220
168,220
303,220
366,220
122,221
170,221
305,221
363,221
122,222
170,222
308,222
360,222
121,223
171,223
310,223
359,223
120,224
172,224
312,224
358,224
120,225
173,225
314,225
356,225
120,226
174,226
317,226
356,226
120,227
172,227
175,227
175,227
318,227
356,227
119,228
172,228
319,228
320,228
323,228
356,228
117,229
118,229
120,229
172,229
320,229
356,229
116,230
173,230
322,230
357,230
114,231
173,231
322,231
357,231
113,232
174,232
322,232
359,232
113,233
113,233
116,233
174,233
322,233
358,233
112,234
113,234
116,234
175,234
322,234
359,234
112,235
112,235
114,235
172,235
175,235
175,235
322,235
359,235
112,236
114,236
116,236
175,236
322,236
359,236
113,237
176,237
322,237
359,237
112,238
114,238
116,238
176,238
322,238
359,238
111,239
113,239
116,239
176,239
322,239
360,239
110,240
112,240
116,240
177,240
322,240
360,240
109,241
110,241
116,241
177,241
322,241
360,241
109,242
110,242
114,242
114,242
116,242
177,242
323,242
360,242
114,243
178,243
324,243
360,243
114,244
178,244
324,244
361,244
117,245
179,245
325,245
361,245
117,246
179,246
326,246
361,246
118,247
179,247
326,247
361,247
118,248
179,248
327,248
361,248
118,249
180,249
327,249
362,249
117,250
180,250
327,250
362,250
117,251
180,251
329,251
362,251
117,252
181,252
329,252
362,252
117,253
181,253
329,253
362,253
116,254
181,254
329,254
362,254
116,255
181,255
329,255
362,255
116,256
182,256
330,256
362,256
116,257
182,257
331,257
362,257
116,258
182,258
331,258
363,258
116,259
183,259
331,259
363,259
116,260
183,260
331,260
363,260
116,261
183,261
331,261
363,261
115,262
183,262
331,262
363,262
115,263
184,263
331,263
364,263
115,264
184,264
331,264
364,264
115,265
184,265
331,265
364,265
115,266
185,266
331,266
365,266
115,267
185,267
330,267
330,267
332,267
365,267
115,268
185,268
330,268
365,268
115,269
185,269
330,269
366,269
114,270
186,270
329,270
366,270
114,271
186,271
329,271
366,271
114,272
186,272
329,272
367,272
114,273
186,273
330,273
367,273
114,274
187,274
330,274
366,274
114,275
187,275
330,275
366,275
114,276
187,276
330,276
365,276
114,277
187,277
329,277
365,277
113,278
188,278
328,278
365,278
113,279
188,279
328,279
366,279
113,280
188,280
328,280
366,280
113,281
188,281
327,281
366,281
113,282
188,282
326,282
367,282
113,283
189,283
326,283
367,283
113,284
189,284
326,284
367,284
113,285
189,285
325,285
367,285
112,286
190,286
325,286
368,286
112,287
190,287
324,287
368,287
112,288
190,288
324,288
368,288
112,289
190,289
324,289
368,289
112,290
190,290
323,290
368,290
112,291
190,291
323,291
369,291
112,292
190,292
323,292
369,292
112,293
190,293
323,293
369,293
111,294
191,294
322,294
369,294
111,295
191,295
322,295
369,295
111,296
191,296
322,296
370,296
111,297
191,297
321,297
370,297
111,298
191,298
321,298
370,298
111,299
191,299
321,299
370,299
111,300
191,300
320,300
370,300
110,301
192,301
320,301
370,301
110,302
192,302
320,302
370,302
110,303
192,303
320,303
370,303
110,304
192,304
319,304
371,304
110,305
192,305
319,305
371,305
110,306
192,306
319,306
371,306
109,307
192,307
319,307
371,307
109,308
193,308
318,308
371,308
109,309
193,309
318,309
371,309
109,310
193,310
318,310
371,310
109,311
193,311
318,311
371,311
109,312
193,312
318,312
372,312
109,313
193,313
317,313
372,313
109,314
193,314
317,314
372,314
109,315
193,315
317,315
372,315
109,316
194,316
316,316
372,316
108,317
194,317
316,317
372,317
108,318
194,318
316,318
372,318
108,319
192,319
194,319
194,319
315,319
372,319
108,320
194,320
315,320
373,320
108,321
194,321
315,321
373,321
108,322
195,322
315,322
373,322
108,323
195,323
315,323
373,323
108,324
195,324
314,324
373,324
108,325
108,325
110,325
195,325
314,325
373,325
108,326
108,326
110,326
195,326
314,326
373,326
108,327
108,327
110,327
195,327
313,327
374,327
108,328
196,328
313,328
374,328
108,329
196,329
313,329
374,329
107,330
196,330
312,330
374,330
107,331
196,331
312,331
374,331
107,332
196,332
311,332
374,332
107,333
196,333
311,333
375,333
107,334
196,334
311,334
375,334
107,335
197,335
310,335
375,335
107,336
197,336
310,336
375,336
107,337
197,337
310,337
376,337
107,338
197,338
309,338
375,338
107,339
197,339
309,339
377,339
107,340
197,340
308,340
309,340
311,340
377,340
107,341
198,341
308,341
377,341
107,342
198,342
308,342
378,342
107,343
198,343
309,343
379,343
107,344
198,344
310,344
313,344
315,344
379,344
107,345
199,345
311,345
379,345
106,346
199,346
314,346
377,346
106,347
199,347
317,347
374,347
106,348
199,348
319,348
370,348
106,349
199,349
326,349
364,349
106,350
199,350
333,350
362,350
106,351
106,351
108,351
200,351
334,351
362,351
106,352
106,352
108,352
200,352
334,352
362,352
106,353
200,353
334,353
362,353
106,354
200,354
335,354
361,354
105,355
200,355
335,355
361,355
106,356
200,356
335,356
361,356
105,357
201,357
336,357
361,357
105,358
201,358
336,358
361,358
105,359
200,359
336,359
360,359
