116,0
215,0
116,1
215,1
116,2
215,2
114,3
215,3
110,4
112,4
114,4
219,4
109,5
112,5
114,5
218,5
108,6
219,6
107,7
219,7
107,8
220,8
107,9
220,9
105,10
221,10
106,11
221,11
106,12
222,12
106,13
222,13
106,14
223,14
106,15
222,15
106,16
222,16
105,17
222,17
104,18
222,18
103,19
221,19
103,20
222,20
103,21
222,21
102,22
223,22
101,23
223,23
101,24
223,24
101,25
223,25
101,26
223,26
101,27
223,27
101,28
224,28
101,29
226,29
101,30
227,30
101,31
228,31
101,32
228,32
231,32
231,32
101,33
231,33
101,34
231,34
101,35
231,35
101,36
232,36
101,37
232,37
102,38
233,38
102,39
233,39
102,40
234,40
102,41
235,41
103,42
235,42
103,43
236,43
103,44
235,44
103,45
236,45
103,46
236,46
104,47
237,47
104,48
239,48
104,49
239,49
104,50
239,50
104,51
240,51
104,52
241,52
104,53
241,53
290,53
300,53
104,54
241,54
288,54
302,54
104,55
242,55
286,55
304,55
104,56
242,56
285,56
313,56
104,57
242,57
285,57
313,57
106,58
243,58
284,58
314,58
106,59
243,59
283,59
316,59
107,60
243,60
283,60
329,60
107,61
243,61
283,61
330,61
107,62
244,62
283,62
331,62
107,63
244,63
283,63
332,63
107,64
245,64
282,64
337,64
339,64
340,64
107,65
245,65
247,65
247,65
282,65
341,65
107,66
247,66
282,66
342,66
107,67
247,67
280,67
344,67
108,68
247,68
280,68
347,68
108,69
247,69
280,69
347,69
108,70
247,70
280,70
347,70
108,71
247,71
279,71
357,71
108,72
248,72
279,72
359,72
108,73
248,73
279,73
359,73
109,74
248,74
279,74
360,74
109,75
249,75
279,75
361,75
109,76
250,76
279,76
362,76
110,77
251,77
280,77
364,77
110,78
251,78
280,78
365,78
111,79
251,79
280,79
366,79
111,80
251,80
280,80
366,80
111,81
251,81
280,81
366,81
111,82
251,82
280,82
367,82
111,83
251,83
281,83
367,83
110,84
251,84
281,84
367,84
110,85
251,85
281,85
367,85
110,86
251,86
280,86
367,86
109,87
251,87
280,87
367,87
109,88
251,88
280,88
367,88
109,89
251,89
280,89
368,89
109,90
251,90
279,90
368,90
109,91
251,91
279,91
369,91
109,92
249,92
278,92
369,92
109,93
249,93
278,93
368,93
109,94
249,94
277,94
368,94
109,95
249,95
277,95
368,95
108,96
249,96
276,96
368,96
108,97
249,97
276,97
368,97
107,98
249,98
276,98
367,98
107,99
248,99
275,99
367,99
106,100
248,100
275,100
367,100
106,101
248,101
274,101
367,101
106,102
248,102
274,102
367,102
106,103
248,103
273,103
367,103
106,104
248,104
273,104
366,104
106,105
245,105
273,105
365,105
106,106
245,106
273,106
361,106
106,107
244,107
273,107
359,107
106,108
244,108
273,108
358,108
106,109
241,109
273,109
357,109
106,110
240,110
272,110
356,110
105,111
240,111
272,111
356,111
103,112
240,112
271,112
355,112
103,113
240,113
271,113
355,113
103,114
240,114
270,114
355,114
103,115
239,115
270,115
355,115
103,116
239,116
269,116
353,116
103,117
239,117
269,117
352,117
103,118
239,118
269,118
352,118
103,119
239,119
269,119
352,119
103,120
107,120
109,120
237,120
269,120
355,120
103,121
103,121
105,121
107,121
109,121
237,121
269,121
355,121
103,122
103,122
105,122
106,122
109,122
235,122
267,122
267,122
269,122
355,122
103,123
103,123
109,123
234,123
267,123
267,123
269,123
355,123
103,124
103,124
109,124
218,124
227,124
233,124
265,124
265,124
267,124
267,124
269,124
355,124
103,125
103,125
109,125
217,125
265,125
267,125
269,125
355,125
103,126
103,126
109,126
216,126
265,126
267,126
269,126
355,126
109,127
213,127
265,127
267,127
269,127
355,127
113,128
209,128
265,128
355,128
114,129
206,129
265,129
355,129
118,130
205,130
265,130
355,130
120,131
205,131
263,131
263,131
265,131
355,131
121,132
205,132
263,132
263,132
265,132
355,132
121,133
204,133
263,133
263,133
265,133
355,133
123,134
204,134
263,134
263,134
265,134
355,134
124,135
204,135
262,135
263,135
265,135
355,135
125,136
204,136
261,136
262,136
265,136
355,136
126,137
203,137
262,137
355,137
127,138
203,138
262,138
355,138
127,139
203,139
262,139
355,139
131,140
203,140
260,140
355,140
134,141
203,141
259,141
355,141
134,142
203,142
259,142
355,142
135,143
203,143
259,143
355,143
136,144
203,144
257,144
355,144
137,145
203,145
256,145
355,145
138,146
204,146
256,146
355,146
139,147
205,147
253,147
352,147
139,148
208,148
246,148
352,148
139,149
208,149
222,149
223,149
238,149
239,149
246,149
352,149
139,150
355,150
139,151
355,151
139,152
355,152
139,153
355,153
139,154
355,154
139,155
355,155
138,156
355,156
137,157
355,157
136,158
355,158
136,159
355,159
135,160
355,160
135,161
355,161
135,162
355,162
134,163
356,163
134,164
356,164
134,165
356,165
134,166
356,166
134,167
356,167
135,168
357,168
135,169
357,169
136,170
357,170
136,171
357,171
136,172
358,172
137,173
359,173
138,174
361,174
138,175
361,175
138,176
364,176
138,177
365,177
138,178
365,178
138,179
369,179
138,180
375,180
138,181
376,181
138,182
378,182
138,183
380,183
138,184
380,184
137,185
381,185
137,186
383,186
135,187
385,187
135,188
385,188
134,189
387,189
132,190
389,190
132,191
391,191
131,192
242,192
245,192
393,192
130,193
240,193
247,193
395,193
129,194
237,194
249,194
396,194
127,195
237,195
249,195
398,195
126,196
236,196
249,196
401,196
125,197
236,197
250,197
399,197
401,197
401,197
124,198
236,198
250,198
403,198
123,199
236,199
251,199
404,199
122,200
236,200
251,200
406,200
121,201
236,201
251,201
406,201
408,201
408,201
120,202
236,202
251,202
409,202
119,203
236,203
251,203
411,203
118,204
236,204
251,204
411,204
117,205
237,205
250,205
411,205
116,206
237,206
250,206
411,206
116,207
238,207
250,207
412,207
115,208
239,208
249,208
415,208
115,209
239,209
248,209
415,209
114,210
240,210
247,210
416,210
113,211
416,211
112,212
416,212
111,213
416,213
110,214
416,214
110,215
416,215
109,216
416,216
109,217
416,217
109,218
417,218
108,219
417,219
108,220
349,220
357,220
417,220
107,221
345,221
362,221
417,221
107,222
345,222
367,222
417,222
107,223
345,223
373,223
417,223
106,224
344,224
377,224
417,224
106,225
344,225
390,225
417,225
105,226
344,226
390,226
417,226
105,227
344,227
395,227
417,227
105,228
343,228
416,228
416,228
105,229
343,229
104,230
343,230
104,231
343,231
104,232
343,232
103,233
343,233
102,234
343,234
102,235
343,235
101,236
343,236
101,237
341,237
99,238
340,238
98,239
340,239
98,240
339,240
98,241
338,241
96,242
335,242
95,243
335,243
94,244
335,244
94,245
335,245
94,246
334,246
94,247
334,247
93,248
333,248
92,249
332,249
91,250
332,250
90,251
333,251
90,252
334,252
90,253
334,253
90,254
334,254
89,255
332,255
334,255
334,255
89,256
331,256
89,257
331,257
89,258
331,258
89,259
331,259
89,260
331,260
89,261
331,261
89,262
331,262
89,263
331,263
89,264
330,264
89,265
330,265
89,266
330,266
89,267
330,267
89,268
331,268
89,269
331,269
89,270
331,270
89,271
331,271
89,272
331,272
89,273
331,273
90,274
331,274
90,275
331,275
90,276
331,276
91,277
330,277
92,278
329,278
92,279
329,279
93,280
328,280
94,281
328,281
96,282
327,282
96,283
327,283
100,284
327,284
102,285
327,285
104,286
327,286
104,287
327,287
106,288
326,288
106,289
326,289
106,290
325,290
107,291
325,291
107,292
325,292
108,293
325,293
108,294
325,294
108,295
325,295
110,296
194,296
201,296
325,296
110,297
193,297
203,297
327,297
110,298
191,298
205,298
327,298
110,299
191,299
205,299
327,299
111,300
191,300
206,300
327,300
111,301
190,301
207,301
327,301
111,302
190,302
208,302
327,302
111,303
190,303
209,303
327,303
112,304
190,304
209,304
327,304
112,305
189,305
210,305
327,305
112,306
189,306
211,306
327,306
112,307
189,307
212,307
327,307
112,308
188,308
212,308
327,308
112,309
188,309
212,309
327,309
112,310
188,310
214,310
327,310
112,311
188,311
214,311
327,311
112,312
188,312
215,312
327,312
112,313
188,313
215,313
327,313
112,314
187,314
215,314
327,314
112,315
187,315
215,315
327,315
112,316
187,316
214,316
328,316
112,317
187,317
213,317
328,317
112,318
186,318
212,318
328,318
112,319
187,319
212,319
328,319
112,320
187,320
212,320
329,320
112,321
187,321
211,321
329,321
112,322
185,322
211,322
330,322
112,323
185,323
210,323
330,323
112,324
185,324
210,324
331,324
112,325
185,325
210,325
331,325
111,326
184,326
209,326
332,326
111,327
184,327
209,327
332,327
110,328
184,328
209,328
333,328
110,329
184,329
208,329
333,329
110,330
184,330
208,330
333,330
110,331
184,331
208,331
335,331
110,332
184,332
208,332
336,332
110,333
183,333
208,333
336,333
110,334
183,334
208,334
337,334
110,335
183,335
208,335
337,335
110,336
181,336
206,336
338,336
110,337
181,337
206,337
338,337
110,338
180,338
206,338
339,338
110,339
180,339
205,339
340,339
110,340
180,340
205,340
340,340
110,341
180,341
205,341
340,341
110,342
180,342
204,342
341,342
110,343
180,343
204,343
342,343
110,344
180,344
203,344
343,344
110,345
180,345
203,345
343,345
110,346
180,346
202,346
344,346
110,347
179,347
202,347
344,347
110,348
179,348
201,348
344,348
110,349
179,349
201,349
344,349
110,350
178,350
200,350
344,350
110,351
178,351
199,351
344,351
108,352
177,352
199,352
344,352
108,353
177,353
198,353
344,353
108,354
177,354
198,354
345,354
108,355
177,355
197,355
345,355
107,356
177,356
197,356
345,356
107,357
177,357
196,357
345,357
107,358
177,358
196,358
347,358
107,359
177,359
195,359
347,359
