16,185
29,185
430,185
463,185
9,186
22,186
24,186
41,186
423,186
471,186
12,187
31,187
34,187
51,187
417,187
470,187
19,188
32,188
34,188
59,188
412,188
457,188
459,188
463,188
28,189
63,189
408,189
448,189
32,190
68,190
406,190
440,190
36,191
51,191
54,191
69,191
71,191
72,191
400,191
406,191
408,191
425,191
48,192
76,192
399,192
414,192
54,193
79,193
396,193
412,193
56,194
81,194
393,194
406,194
408,194
408,194
64,195
86,195
390,195
398,195
400,195
400,195
68,196
74,196
76,196
88,196
387,196
387,196
389,196
391,196
393,196
395,196
397,196
398,196
72,197
92,197
386,197
395,197
77,198
95,198
386,198
390,198
392,198
392,198
84,199
91,199
95,199
99,199
380,199
389,199
85,200
87,200
89,200
103,200
378,200
384,200
386,200
387,200
87,201
104,201
376,201
384,201
91,202
91,202
94,202
105,202
107,202
107,202
374,202
380,202
97,203
113,203
371,203
379,203
100,204
114,204
368,204
376,204
103,205
117,205
366,205
369,205
108,206
122,206
363,206
367,206
370,206
371,206
115,207
125,207
362,207
367,207
115,208
128,208
360,208
366,208
121,209
131,209
357,209
361,209
125,210
133,210
136,210
136,210
354,210
360,210
126,211
138,211
352,211
352,211
354,211
355,211
131,212
131,212
133,212
141,212
351,212
354,212
136,213
143,213
347,213
351,213
138,214
143,214
145,214
147,214
344,214
346,214
348,214
348,214
148,215
149,215
342,215
345,215
144,216
145,216
147,216
153,216
339,216
343,216
152,217
155,217
338,217
340,217
154,218
160,218
334,218
335,218
156,219
162,219
331,219
333,219
164,220
165,220
328,220
330,220
165,221
166,221
168,221
169,221
170,222
171,222
174,223
174,223
176,223
176,223
177,224
177,224
