232,79
279,79
217,80
295,80
207,81
305,81
197,82
314,82
190,83
318,83
181,84
325,84
175,85
329,85
169,86
170,86
172,86
332,86
165,87
341,87
160,88
345,88
151,89
348,89
147,90
353,90
144,91
355,91
137,92
361,92
137,93
363,93
129,94
369,94
126,95
371,95
122,96
376,96
117,97
118,97
120,97
380,97
115,98
381,98
111,99
387,99
107,100
389,100
106,101
392,101
101,102
396,102
99,103
399,103
96,104
403,104
91,105
403,105
89,106
408,106
85,107
413,107
83,108
416,108
81,109
419,109
78,110
424,110
75,111
424,111
73,112
430,112
70,113
432,113
66,114
436,114
64,115
438,115
440,115
440,115
61,116
443,116
57,117
446,117
448,117
448,117
55,118
449,118
52,119
452,119
50,120
456,120
48,121
248,121
252,121
459,121
45,122
247,122
254,122
461,122
44,123
242,123
255,123
464,123
39,124
241,124
258,124
469,124
36,125
237,125
261,125
472,125
33,126
234,126
265,126
475,126
30,127
230,127
267,127
477,127
27,128
227,128
271,128
271,128
273,128
274,128
276,128
479,128
25,129
224,129
273,129
479,129
23,130
222,130
275,130
275,130
279,130
279,130
281,130
479,130
18,131
219,131
281,131
479,131
16,132
16,132
18,132
215,132
284,132
479,132
16,133
212,133
289,133
479,133
12,134
212,134
289,134
479,134
9,135
211,135
290,135
479,135
6,136
210,136
291,136
479,136
2,137
207,137
291,137
479,137
0,138
209,138
292,138
479,138
0,139
208,139
292,139
479,139
0,140
207,140
293,140
479,140
0,141
206,141
293,141
479,141
0,142
205,142
294,142
479,142
0,143
205,143
295,143
479,143
0,144
204,144
295,144
479,144
0,145
203,145
296,145
479,145
0,146
201,146
297,146
479,146
0,147
201,147
297,147
479,147
0,148
199,148
204,148
204,148
298,148
479,148
0,149
199,149
299,149
479,149
0,150
198,150
300,150
479,150
0,151
197,151
300,151
479,151
0,152
197,152
301,152
479,152
0,153
196,153
302,153
479,153
0,154
196,154
303,154
479,154
0,155
195,155
303,155
479,155
0,156
195,156
304,156
479,156
0,157
194,157
305,157
479,157
0,158
193,158
306,158
479,158
0,159
193,159
307,159
479,159
0,160
192,160
308,160
479,160
0,161
191,161
308,161
479,161
0,162
186,162
188,162
190,162
309,162
479,162
0,163
186,163
188,163
190,163
310,163
479,163
0,164
189,164
311,164
479,164
0,165
189,165
312,165
479,165
0,166
189,166
312,166
479,166
0,167
190,167
313,167
479,167
0,168
189,168
312,168
479,168
0,169
189,169
312,169
479,169
0,170
189,170
312,170
479,170
0,171
189,171
311,171
479,171
0,172
189,172
311,172
479,172
0,173
188,173
311,173
479,173
0,174
188,174
311,174
479,174
0,175
188,175
311,175
479,175
0,176
188,176
311,176
479,176
0,177
187,177
311,177
479,177
0,178
187,178
311,178
479,178
0,179
187,179
191,179
191,179
311,179
479,179
0,180
187,180
311,180
479,180
0,181
187,181
311,181
479,181
0,182
187,182
311,182
479,182
0,183
187,183
311,183
479,183
0,184
187,184
311,184
479,184
0,185
187,185
311,185
479,185
0,186
187,186
311,186
479,186
0,187
187,187
311,187
479,187
0,188
187,188
191,188
191,188
311,188
479,188
0,189
187,189
191,189
191,189
311,189
479,189
0,190
187,190
312,190
479,190
0,191
187,191
311,191
479,191
0,192
187,192
311,192
479,192
0,193
187,193
311,193
479,193
0,194
187,194
312,194
479,194
0,195
187,195
312,195
479,195
0,196
187,196
312,196
479,196
0,197
188,197
312,197
479,197
0,198
188,198
312,198
479,198
0,199
188,199
312,199
479,199
0,200
188,200
312,200
479,200
0,201
187,201
312,201
479,201
0,202
187,202
312,202
479,202
0,203
188,203
312,203
479,203
0,204
189,204
312,204
479,204
0,205
189,205
312,205
479,205
0,206
190,206
311,206
479,206
0,207
191,207
311,207
479,207
0,208
192,208
310,208
479,208
0,209
192,209
309,209
479,209
0,210
192,210
309,210
478,210
0,211
193,211
308,211
476,211
0,212
193,212
307,212
474,212
0,213
193,213
306,213
471,213
0,214
193,214
198,214
198,214
306,214
467,214
0,215
193,215
198,215
199,215
305,215
305,215
307,215
466,215
0,216
194,216
199,216
200,216
304,216
464,216
0,217
195,217
199,217
200,217
303,217
462,217
0,218
196,218
200,218
201,218
303,218
459,218
0,219
196,219
201,219
202,219
302,219
302,219
304,219
454,219
0,220
197,220
202,220
202,220
301,220
452,220
0,221
198,221
202,221
203,221
300,221
450,221
0,222
198,222
203,222
203,222
300,222
447,222
5,223
199,223
204,223
204,223
299,223
447,223
9,224
200,224
205,224
205,224
298,224
442,224
12,225
201,225
298,225
436,225
440,225
441,225
16,226
202,226
297,226
437,226
20,227
203,227
296,227
436,227
27,228
204,228
295,228
433,228
28,229
205,229
295,229
425,229
429,229
429,229
35,230
203,230
205,230
205,230
293,230
425,230
37,231
204,231
206,231
206,231
292,231
425,231
42,232
207,232
293,232
293,232
295,232
422,232
49,233
208,233
291,233
419,233
52,234
209,234
291,234
292,234
294,234
417,234
52,235
210,235
290,235
414,235
60,236
209,236
289,236
410,236
64,237
213,237
288,237
407,237
67,238
216,238
287,238
403,238
71,239
218,239
225,239
225,239
284,239
402,239
76,240
220,240
228,240
228,240
282,240
398,240
81,241
222,241
230,241
230,241
232,241
232,241
279,241
397,241
85,242
224,242
233,242
235,242
276,242
392,242
394,242
394,242
87,243
225,243
274,243
390,243
92,244
228,244
271,244
385,244
95,245
230,245
269,245
272,245
275,245
381,245
101,246
234,246
263,246
263,246
265,246
379,246
103,247
237,247
257,247
376,247
112,248
244,248
254,248
370,248
116,249
246,249
252,249
368,249
118,250
243,250
245,250
364,250
123,251
243,251
246,251
360,251
130,252
357,252
137,253
345,253
350,253
352,253
140,254
344,254
147,255
340,255
152,256
152,256
156,256
332,256
159,257
324,257
328,257
329,257
164,258
315,258
319,258
321,258
323,258
323,258
174,259
312,259
184,260
303,260
193,261
298,261
202,262
280,262
221,263
221,263
