0,0
174,0
307,0
479,0
0,1
174,1
307,1
479,1
0,2
174,2
307,2
479,2
0,3
174,3
307,3
479,3
0,4
174,4
307,4
479,4
0,5
174,5
307,5
479,5
0,6
173,6
307,6
479,6
0,7
173,7
307,7
479,7
0,8
173,8
307,8
479,8
0,9
173,9
307,9
479,9
0,10
172,10
307,10
479,10
0,11
172,11
307,11
479,11
0,12
172,12
307,12
479,12
0,13
172,13
307,13
479,13
0,14
173,14
307,14
479,14
0,15
173,15
307,15
479,15
0,16
173,16
308,16
479,16
0,17
173,17
308,17
479,17
0,18
172,18
308,18
479,18
0,19
172,19
308,19
479,19
0,20
172,20
308,20
479,20
0,21
173,21
307,21
479,21
0,22
173,22
307,22
479,22
0,23
173,23
307,23
479,23
0,24
173,24
307,24
479,24
0,25
173,25
307,25
479,25
0,26
174,26
307,26
479,26
0,27
174,27
307,27
479,27
0,28
174,28
307,28
479,28
0,29
174,29
307,29
479,29
0,30
174,30
307,30
479,30
0,31
174,31
306,31
479,31
0,32
174,32
306,32
479,32
0,33
174,33
306,33
479,33
0,34
176,34
306,34
479,34
0,35
176,35
306,35
479,35
0,36
175,36
306,36
479,36
0,37
175,37
306,37
479,37
0,38
175,38
306,38
479,38
0,39
175,39
306,39
479,39
0,40
176,40
306,40
479,40
0,41
176,41
305,41
479,41
0,42
176,42
305,42
479,42
0,43
176,43
305,43
479,43
0,44
176,44
304,44
479,44
0,45
176,45
304,45
479,45
0,46
176,46
304,46
479,46
0,47
176,47
303,47
479,47
0,48
177,48
303,48
479,48
0,49
177,49
303,49
479,49
0,50
177,50
303,50
479,50
0,51
178,51
302,51
479,51
0,52
178,52
302,52
479,52
0,53
178,53
302,53
479,53
0,54
179,54
301,54
479,54
0,55
180,55
301,55
479,55
0,56
180,56
301,56
479,56
0,57
180,57
300,57
479,57
0,58
180,58
300,58
479,58
0,59
180,59
300,59
479,59
0,60
181,60
300,60
479,60
0,61
181,61
299,61
479,61
0,62
182,62
299,62
479,62
0,63
182,63
298,63
479,63
0,64
184,64
298,64
479,64
0,65
184,65
298,65
479,65
0,66
185,66
298,66
479,66
0,67
186,67
297,67
479,67
0,68
186,68
296,68
479,68
0,69
186,69
296,69
479,69
0,70
187,70
295,70
479,70
0,71
187,71
295,71
479,71
0,72
187,72
294,72
479,72
0,73
188,73
294,73
479,73
0,74
188,74
293,74
479,74
0,75
189,75
293,75
479,75
0,76
189,76
293,76
479,76
0,77
191,77
292,77
479,77
0,78
191,78
291,78
479,78
0,79
192,79
290,79
479,79
0,80
193,80
289,80
479,80
0,81
193,81
290,81
479,81
0,82
194,82
289,82
479,82
0,83
194,83
289,83
479,83
0,84
194,84
288,84
479,84
0,85
194,85
287,85
479,85
0,86
195,86
287,86
479,86
0,87
196,87
286,87
479,87
0,88
197,88
286,88
479,88
0,89
197,89
285,89
479,89
0,90
197,90
284,90
479,90
0,91
199,91
284,91
479,91
0,92
201,92
283,92
479,92
0,93
201,93
283,93
479,93
0,94
202,94
282,94
479,94
0,95
202,95
281,95
479,95
0,96
203,96
279,96
479,96
0,97
203,97
278,97
479,97
0,98
204,98
277,98
479,98
0,99
205,99
277,99
479,99
0,100
206,100
276,100
479,100
0,101
207,101
275,101
479,101
0,102
207,102
274,102
479,102
0,103
207,103
274,103
479,103
0,104
208,104
273,104
479,104
0,105
209,105
272,105
479,105
0,106
210,106
270,106
479,106
0,107
210,107
270,107
479,107
0,108
211,108
269,108
479,108
0,109
212,109
268,109
479,109
0,110
213,110
267,110
479,110
0,111
213,111
266,111
479,111
0,112
214,112
265,112
479,112
0,113
215,113
264,113
479,113
0,114
215,114
263,114
479,114
0,115
215,115
262,115
479,115
0,116
216,116
262,116
479,116
0,117
218,117
261,117
479,117
0,118
218,118
260,118
479,118
0,119
219,119
259,119
479,119
0,120
219,120
258,120
479,120
0,121
220,121
257,121
479,121
0,122
221,122
256,122
479,122
0,123
221,123
256,123
479,123
0,124
221,124
255,124
479,124
0,125
221,125
255,125
479,125
0,126
223,126
254,126
479,126
0,127
223,127
254,127
479,127
0,128
224,128
253,128
479,128
0,129
224,129
253,129
479,129
0,130
225,130
252,130
479,130
0,131
226,131
251,131
479,131
0,132
226,132
251,132
479,132
0,133
226,133
250,133
479,133
0,134
227,134
249,134
479,134
0,135
228,135
249,135
479,135
0,136
229,136
249,136
479,136
0,137
229,137
248,137
479,137
0,138
230,138
247,138
479,138
0,139
231,139
246,139
479,139
0,140
231,140
237,140
237,140
246,140
479,140
0,141
231,141
237,141
237,141
245,141
479,141
0,142
232,142
237,142
237,142
244,142
479,142
0,143
233,143
237,143
237,143
240,143
479,143
0,144
479,144
0,145
479,145
0,146
479,146
0,147
479,147
0,148
479,148
0,149
241,149
245,149
479,149
0,150
241,150
245,150
479,150
0,151
241,151
245,151
479,151
0,152
240,152
246,152
479,152
0,153
241,153
246,153
479,153
0,154
240,154
247,154
479,154
0,155
240,155
248,155
479,155
0,156
239,156
248,156
479,156
0,157
239,157
248,157
479,157
0,158
240,158
248,158
479,158
0,159
240,159
250,159
479,159
0,160
239,160
251,160
479,160
0,161
238,161
251,161
479,161
0,162
238,162
252,162
252,162
254,162
479,162
0,163
238,163
252,163
479,163
0,164
237,164
256,164
479,164
0,165
238,165
258,165
479,165
0,166
237,166
261,166
479,166
0,167
235,167
263,167
479,167
0,168
233,168
265,168
479,168
0,169
232,169
265,169
479,169
0,170
231,170
266,170
479,170
0,171
230,171
267,171
479,171
0,172
229,172
268,172
479,172
0,173
228,173
268,173
479,173
0,174
228,174
269,174
479,174
0,175
227,175
270,175
479,175
0,176
227,176
270,176
479,176
0,177
227,177
271,177
479,177
0,178
226,178
271,178
479,178
0,179
226,179
272,179
479,179
0,180
226,180
273,180
274,180
276,180
479,180
0,181
225,181
273,181
479,181
0,182
225,182
274,182
275,182
278,182
479,182
0,183
225,183
275,183
479,183
0,184
224,184
278,184
479,184
0,185
224,185
285,185
479,185
0,186
224,186
292,186
479,186
0,187
224,187
295,187
479,187
0,188
224,188
298,188
479,188
0,189
223,189
301,189
479,189
0,190
223,190
303,190
479,190
0,191
223,191
306,191
307,191
309,191
479,191
0,192
222,192
308,192
479,192
0,193
219,193
310,193
479,193
0,194
217,194
311,194
479,194
0,195
214,195
312,195
479,195
0,196
212,196
314,196
479,196
0,197
210,197
315,197
479,197
0,198
208,198
316,198
479,198
0,199
206,199
318,199
479,199
0,200
204,200
318,200
479,200
0,201
203,201
318,201
479,201
0,202
202,202
319,202
479,202
0,203
200,203
319,203
479,203
0,204
199,204
319,204
479,204
0,205
198,205
319,205
479,205
0,206
197,206
319,206
479,206
0,207
196,207
319,207
479,207
0,208
195,208
320,208
479,208
0,209
193,209
320,209
479,209
0,210
194,210
321,210
479,210
0,211
193,211
321,211
479,211
0,212
192,212
322,212
479,212
0,213
191,213
322,213
479,213
0,214
191,214
322,214
479,214
0,215
190,215
322,215
479,215
0,216
190,216
321,216
479,216
0,217
190,217
313,217
317,217
322,217
479,217
0,218
189,218
309,218
315,218
317,218
317,218
322,218
479,218
0,219
189,219
306,219
317,219
322,219
479,219
0,220
188,220
304,220
316,220
321,220
479,220
0,221
187,221
304,221
316,221
321,221
479,221
0,222
187,222
303,222
303,222
305,222
316,222
320,222
479,222
0,223
187,223
302,223
302,223
304,223
304,223
307,223
315,223
320,223
479,223
0,224
186,224
305,224
315,224
320,224
479,224
0,225
185,225
307,225
314,225
319,225
479,225
0,226
185,226
308,226
314,226
319,226
479,226
0,227
184,227
310,227
312,227
318,227
479,227
0,228
184,228
298,228
299,228
317,228
479,228
0,229
183,229
297,229
300,229
316,229
479,229
0,230
183,230
290,230
291,230
296,230
302,230
315,230
479,230
0,231
182,231
273,231
274,231
276,231
290,231
297,231
302,231
314,231
479,231
0,232
184,232
191,232
191,232
267,232
290,232
295,232
302,232
305,232
307,232
312,232
479,232
0,233
184,233
192,233
197,233
265,233
289,233
295,233
479,233
0,234
185,234
192,234
198,234
264,234
288,234
294,234
479,234
0,235
183,235
185,235
185,235
192,235
200,235
262,235
287,235
293,235
479,235
0,236
187,236
192,236
201,236
265,236
287,236
292,236
479,236
0,237
187,237
192,237
201,237
267,237
285,237
291,237
479,237
0,238
186,238
192,238
202,238
219,238
221,238
269,238
284,238
291,238
479,238
0,239
187,239
192,239
202,239
216,239
221,239
271,239
271,239
273,239
282,239
289,239
479,239
0,240
187,240
193,240
202,240
218,240
218,240
220,240
220,240
276,240
278,240
288,240
479,240
0,241
188,241
194,241
196,241
198,241
201,241
219,241
219,241
221,241
221,241
260,241
260,241
286,241
479,241
0,242
188,242
194,242
200,242
208,242
211,242
221,242
221,242
260,242
261,242
285,242
479,242
0,243
188,243
197,243
197,243
207,243
208,243
211,243
211,243
260,243
261,243
282,243
479,243
0,244
189,244
206,244
214,244
261,244
268,244
280,244
479,244
0,245
191,245
204,245
215,245
262,245
273,245
276,245
479,245
0,246
192,246
202,246
216,246
262,246
479,246
0,247
217,247
261,247
479,247
0,248
219,248
261,248
479,248
0,249
216,249
261,249
479,249
0,250
216,250
262,250
479,250
0,251
216,251
263,251
479,251
0,252
216,252
264,252
479,252
0,253
216,253
264,253
479,253
0,254
216,254
264,254
479,254
0,255
217,255
264,255
479,255
0,256
218,256
265,256
479,256
0,257
220,257
264,257
479,257
0,258
220,258
263,258
479,258
0,259
220,259
263,259
479,259
0,260
219,260
263,260
479,260
0,261
219,261
264,261
479,261
0,262
218,262
263,262
479,262
0,263
218,263
263,263
479,263
0,264
218,264
264,264
479,264
0,265
219,265
264,265
479,265
0,266
220,266
264,266
479,266
0,267
220,267
265,267
479,267
0,268
219,268
265,268
479,268
0,269
220,269
266,269
479,269
0,270
220,270
267,270
479,270
0,271
219,271
267,271
479,271
0,272
219,272
268,272
479,272
0,273
219,273
268,273
479,273
0,274
219,274
268,274
479,274
0,275
218,275
268,275
479,275
0,276
218,276
268,276
479,276
0,277
218,277
268,277
479,277
0,278
218,278
268,278
479,278
0,279
218,279
268,279
479,279
0,280
218,280
268,280
479,280
0,281
218,281
267,281
479,281
0,282
218,282
267,282
479,282
0,283
217,283
267,283
479,283
0,284
217,284
268,284
479,284
0,285
217,285
269,285
479,285
0,286
217,286
267,286
479,286
0,287
217,287
267,287
479,287
0,288
217,288
267,288
479,288
0,289
217,289
266,289
479,289
0,290
216,290
266,290
479,290
0,291
216,291
266,291
479,291
0,292
216,292
265,292
479,292
0,293
215,293
265,293
479,293
0,294
213,294
216,294
216,294
264,294
479,294
0,295
212,295
263,295
479,295
0,296
211,296
258,296
260,296
262,296
479,296
0,297
211,297
259,297
259,297
262,297
479,297
0,298
211,298
259,298
260,298
262,298
479,298
0,299
211,299
260,299
479,299
0,300
211,300
260,300
479,300
0,301
212,301
261,301
479,301
0,302
212,302
261,302
479,302
0,303
212,303
261,303
479,303
0,304
214,304
261,304
479,304
0,305
214,305
261,305
479,305
0,306
214,306
262,306
479,306
0,307
213,307
263,307
479,307
0,308
213,308
263,308
479,308
0,309
213,309
263,309
479,309
0,310
212,310
263,310
479,310
0,311
210,311
212,311
212,311
264,311
479,311
0,312
212,312
264,312
479,312
0,313
212,313
264,313
479,313
0,314
211,314
265,314
479,314
0,315
211,315
265,315
479,315
0,316
211,316
266,316
479,316
0,317
211,317
266,317
479,317
0,318
210,318
266,318
479,318
0,319
210,319
266,319
479,319
0,320
209,320
267,320
479,320
0,321
209,321
267,321
479,321
0,322
208,322
268,322
479,322
0,323
208,323
268,323
479,323
0,324
208,324
269,324
479,324
0,325
207,325
269,325
479,325
0,326
207,326
269,326
479,326
0,327
207,327
270,327
479,327
0,328
206,328
271,328
479,328
0,329
206,329
271,329
479,329
0,330
205,330
271,330
479,330
0,331
205,331
272,331
479,331
0,332
204,332
272,332
479,332
0,333
204,333
274,333
479,333
0,334
203,334
273,334
479,334
0,335
203,335
274,335
479,335
0,336
203,336
274,336
479,336
0,337
202,337
274,337
479,337
0,338
202,338
275,338
479,338
0,339
201,339
275,339
479,339
0,340
201,340
276,340
479,340
0,341
200,341
276,341
479,341
0,342
199,342
277,342
479,342
0,343
199,343
277,343
479,343
0,344
199,344
277,344
479,344
0,345
198,345
278,345
278,345
280,345
479,345
0,346
198,346
278,346
479,346
0,347
197,347
278,347
479,347
0,348
197,348
279,348
479,348
0,349
197,349
279,349
479,349
0,350
197,350
279,350
479,350
0,351
197,351
279,351
479,351
0,352
196,352
280,352
479,352
0,353
196,353
280,353
479,353
0,354
196,354
280,354
479,354
0,355
195,355
280,355
479,355
0,356
195,356
280,356
479,356
0,357
195,357
279,357
479,357
0,358
194,358
278,358
479,358
0,359
195,359
277,359
479,359
