0,0
216,0
264,0
479,0
0,1
216,1
264,1
479,1
0,2
216,2
264,2
479,2
0,3
215,3
264,3
479,3
0,4
215,4
264,4
479,4
0,5
215,5
264,5
479,5
0,6
214,6
264,6
479,6
0,7
214,7
265,7
479,7
0,8
214,8
265,8
479,8
0,9
214,9
265,9
479,9
0,10
214,10
265,10
479,10
0,11
215,11
265,11
479,11
0,12
215,12
265,12
479,12
0,13
215,13
265,13
479,13
0,14
215,14
264,14
479,14
0,15
215,15
264,15
479,15
0,16
214,16
264,16
479,16
0,17
214,17
264,17
479,17
0,18
214,18
264,18
479,18
0,19
215,19
264,19
479,19
0,20
215,20
264,20
479,20
0,21
215,21
264,21
479,21
0,22
215,22
263,22
479,22
0,23
215,23
263,23
479,23
0,24
215,24
263,24
479,24
0,25
215,25
263,25
479,25
0,26
216,26
263,26
479,26
0,27
216,27
263,27
479,27
0,28
216,28
263,28
479,28
0,29
216,29
262,29
479,29
0,30
216,30
262,30
479,30
0,31
217,31
262,31
479,31
0,32
217,32
262,32
479,32
0,33
217,33
262,33
479,33
0,34
218,34
261,34
479,34
0,35
218,35
261,35
479,35
0,36
218,36
261,36
479,36
0,37
218,37
261,37
479,37
0,38
218,38
261,38
479,38
0,39
218,39
261,39
479,39
0,40
218,40
261,40
479,40
0,41
218,41
260,41
479,41
0,42
219,42
260,42
479,42
0,43
219,43
260,43
479,43
0,44
219,44
260,44
479,44
0,45
219,45
260,45
479,45
0,46
220,46
259,46
479,46
0,47
220,47
259,47
479,47
0,48
220,48
259,48
479,48
0,49
220,49
258,49
479,49
0,50
221,50
258,50
479,50
0,51
221,51
258,51
479,51
0,52
223,52
258,52
479,52
0,53
223,53
257,53
479,53
0,54
223,54
257,54
479,54
0,55
223,55
256,55
479,55
0,56
224,56
256,56
479,56
0,57
224,57
255,57
479,57
0,58
224,58
254,58
479,58
0,59
224,59
254,59
479,59
0,60
225,60
254,60
479,60
0,61
225,61
253,61
479,61
0,62
225,62
253,62
479,62
0,63
225,63
252,63
479,63
0,64
225,64
252,64
479,64
0,65
225,65
252,65
479,65
0,66
225,66
252,66
479,66
0,67
227,67
252,67
479,67
0,68
227,68
252,68
479,68
0,69
228,69
251,69
479,69
0,70
229,70
251,70
479,70
0,71
229,71
250,71
479,71
0,72
230,72
250,72
479,72
0,73
230,73
249,73
479,73
0,74
231,74
248,74
479,74
0,75
231,75
247,75
479,75
0,76
231,76
247,76
479,76
0,77
233,77
242,77
242,77
246,77
479,77
0,78
234,78
241,78
242,78
246,78
479,78
0,79
236,79
241,79
242,79
246,79
479,79
0,80
238,80
241,80
242,80
245,80
479,80
0,81
239,81
241,81
241,81
243,81
479,81
0,82
479,82
0,83
242,83
244,83
479,83
0,84
479,84
0,85
479,85
0,86
245,86
248,86
479,86
0,87
245,87
249,87
479,87
0,88
245,88
249,88
479,88
0,89
245,89
249,89
479,89
0,90
245,90
249,90
479,90
0,91
245,91
250,91
479,91
0,92
245,92
251,92
479,92
0,93
244,93
252,93
479,93
0,94
244,94
252,94
479,94
0,95
244,95
252,95
479,95
0,96
244,96
254,96
479,96
0,97
244,97
255,97
479,97
0,98
244,98
255,98
479,98
0,99
243,99
256,99
479,99
0,100
243,100
257,100
479,100
0,101
243,101
259,101
479,101
0,102
242,102
264,102
479,102
0,103
242,103
266,103
479,103
0,104
240,104
268,104
479,104
0,105
240,105
268,105
479,105
0,106
238,106
269,106
479,106
0,107
237,107
270,107
479,107
0,108
233,108
235,108
236,108
271,108
479,108
0,109
235,109
272,109
479,109
0,110
231,110
233,110
234,110
273,110
479,110
0,111
233,111
273,111
479,111
0,112
232,112
274,112
479,112
0,113
232,113
275,113
479,113
0,114
232,114
275,114
479,114
0,115
231,115
276,115
479,115
0,116
231,116
277,116
479,116
0,117
231,117
277,117
479,117
0,118
231,118
278,118
479,118
0,119
230,119
280,119
479,119
0,120
230,120
291,120
479,120
0,121
230,121
300,121
479,121
0,122
230,122
303,122
479,122
0,123
230,123
306,123
479,123
0,124
229,124
308,124
479,124
0,125
229,125
311,125
312,125
314,125
479,125
0,126
229,126
312,126
479,126
0,127
229,127
314,127
479,127
0,128
228,128
315,128
479,128
0,129
228,129
316,129
479,129
0,130
225,130
318,130
479,130
0,131
223,131
319,131
479,131
0,132
222,132
319,132
479,132
0,133
220,133
320,133
479,133
0,134
219,134
320,134
479,134
0,135
216,135
320,135
479,135
0,136
215,136
320,136
479,136
0,137
214,137
321,137
479,137
0,138
212,138
322,138
479,138
0,139
211,139
323,139
479,139
0,140
210,140
324,140
479,140
0,141
208,141
325,141
325,141
327,141
479,141
0,142
207,142
326,142
326,142
328,142
479,142
0,143
206,143
327,143
479,143
0,144
205,144
328,144
479,144
0,145
204,145
328,145
479,145
0,146
203,146
327,146
479,146
0,147
202,147
328,147
479,147
0,148
201,148
327,148
479,148
0,149
200,149
319,149
319,149
323,149
323,149
327,149
479,149
0,150
199,150
317,150
319,150
321,150
322,150
327,150
479,150
0,151
198,151
316,151
322,151
327,151
479,151
0,152
197,152
314,152
316,152
318,152
322,152
327,152
479,152
0,153
197,153
313,153
322,153
326,153
479,153
0,154
196,154
312,154
322,154
326,154
479,154
0,155
196,155
312,155
321,155
326,155
479,155
0,156
196,156
311,156
321,156
326,156
479,156
0,157
195,157
312,157
321,157
325,157
479,157
0,158
195,158
314,158
321,158
325,158
479,158
0,159
195,159
317,159
319,159
325,159
479,159
0,160
195,160
317,160
318,160
324,160
479,160
0,161
195,161
309,161
310,161
323,161
479,161
0,162
195,162
308,162
313,162
322,162
479,162
0,163
195,163
299,163
303,163
308,163
308,163
310,163
314,163
321,163
479,163
0,164
195,164
291,164
303,164
307,164
479,164
0,165
195,165
286,165
286,165
288,165
297,165
299,165
301,165
307,165
479,165
0,166
195,166
284,166
301,166
306,166
479,166
0,167
195,167
282,167
300,167
306,167
479,167
0,168
195,168
279,168
300,168
305,168
305,168
307,168
479,168
0,169
195,169
278,169
299,169
304,169
305,169
307,169
479,169
0,170
195,170
276,170
293,170
295,170
298,170
304,170
479,170
0,171
195,171
274,171
297,171
303,171
479,171
0,172
194,172
205,172
208,172
277,172
296,172
302,172
479,172
0,173
194,173
201,173
211,173
280,173
282,173
284,173
295,173
301,173
479,173
0,174
192,174
194,174
194,174
201,174
212,174
283,174
292,174
300,174
479,174
0,175
191,175
193,175
194,175
202,175
214,175
268,175
272,175
286,175
290,175
299,175
479,175
0,176
197,176
203,176
214,176
216,176
216,176
267,176
267,176
269,176
275,176
297,176
479,176
0,177
195,177
197,177
198,177
203,177
216,177
267,177
278,177
296,177
479,177
0,178
199,178
204,178
216,178
218,178
218,178
230,178
230,178
268,178
281,178
292,178
479,178
0,179
200,179
205,179
218,179
268,179
479,179
0,180
200,180
205,180
216,180
223,180
225,180
268,180
479,180
0,181
201,181
206,181
209,181
211,181
213,181
222,181
226,181
268,181
479,181
0,182
202,182
209,182
211,182
222,182
228,182
269,182
479,182
0,183
202,183
219,183
229,183
269,183
479,183
0,184
204,184
219,184
226,184
269,184
479,184
0,185
205,185
215,185
226,185
270,185
479,185
0,186
225,186
271,186
479,186
0,187
225,187
271,187
479,187
0,188
226,188
272,188
479,188
0,189
226,189
272,189
479,189
0,190
226,190
272,190
479,190
0,191
226,191
272,191
479,191
0,192
227,192
230,192
230,192
270,192
479,192
0,193
230,193
270,193
479,193
0,194
230,194
270,194
479,194
0,195
229,195
271,195
479,195
0,196
229,196
271,196
479,196
0,197
229,197
271,197
479,197
0,198
228,198
271,198
479,198
0,199
229,199
272,199
479,199
0,200
230,200
272,200
479,200
0,201
231,201
272,201
479,201
0,202
231,202
273,202
479,202
0,203
232,203
274,203
479,203
0,204
231,204
275,204
479,204
0,205
231,205
275,205
479,205
0,206
231,206
275,206
479,206
0,207
231,207
276,207
479,207
0,208
231,208
276,208
479,208
0,209
231,209
276,209
479,209
0,210
230,210
276,210
479,210
0,211
230,211
276,211
479,211
0,212
230,212
276,212
479,212
0,213
230,213
276,213
479,213
0,214
230,214
275,214
479,214
0,215
229,215
275,215
479,215
0,216
229,216
275,216
479,216
0,217
229,217
275,217
479,217
0,218
229,218
275,218
479,218
0,219
229,219
274,219
479,219
0,220
229,220
267,220
267,220
274,220
479,220
0,221
228,221
267,221
268,221
272,221
479,221
0,222
228,222
267,222
268,222
271,222
479,222
0,223
228,223
267,223
479,223
0,224
228,224
267,224
479,224
0,225
228,225
267,225
479,225
0,226
228,226
269,226
479,226
0,227
225,227
227,227
228,227
269,227
479,227
0,228
225,228
227,228
228,228
269,228
479,228
0,229
225,229
227,229
228,229
269,229
479,229
0,230
224,230
270,230
479,230
0,231
224,231
269,231
479,231
0,232
224,232
269,232
479,232
0,233
224,233
270,233
479,233
0,234
224,234
270,234
479,234
0,235
224,235
270,235
479,235
0,236
224,236
270,236
479,236
0,237
225,237
271,237
479,237
0,238
226,238
271,238
479,238
0,239
226,239
272,239
479,239
0,240
226,240
272,240
479,240
0,241
225,241
272,241
479,241
0,242
225,242
273,242
479,242
0,243
225,243
273,243
479,243
0,244
225,244
274,244
479,244
0,245
224,245
274,245
479,245
0,246
224,246
275,246
479,246
0,247
224,247
275,247
479,247
0,248
224,248
275,248
479,248
0,249
224,249
276,249
479,249
0,250
224,250
277,250
479,250
0,251
223,251
277,251
479,251
0,252
223,252
277,252
479,252
0,253
223,253
278,253
479,253
0,254
222,254
279,254
479,254
0,255
222,255
279,255
479,255
0,256
221,256
280,256
479,256
0,257
221,257
280,257
479,257
0,258
221,258
280,258
479,258
0,259
220,259
281,259
479,259
0,260
220,260
281,260
479,260
0,261
220,261
282,261
479,261
0,262
220,262
282,262
479,262
0,263
219,263
283,263
479,263
0,264
219,264
283,264
479,264
0,265
218,265
284,265
479,265
0,266
218,266
284,266
479,266
0,267
218,267
285,267
479,267
0,268
217,268
285,268
479,268
0,269
217,269
286,269
479,269
0,270
216,270
286,270
479,270
0,271
216,271
287,271
479,271
0,272
216,272
287,272
479,272
0,273
215,273
287,273
479,273
0,274
215,274
288,274
479,274
0,275
214,275
288,275
479,275
0,276
214,276
288,276
479,276
0,277
213,277
289,277
479,277
0,278
213,278
289,278
479,278
0,279
213,279
290,279
479,279
0,280
212,280
289,280
479,280
0,281
212,281
289,281
479,281
0,282
212,282
290,282
479,282
0,283
211,283
290,283
479,283
0,284
211,284
289,284
479,284
0,285
211,285
288,285
479,285
0,286
211,286
288,286
479,286
0,287
210,287
288,287
479,287
0,288
210,288
288,288
479,288
0,289
210,289
288,289
479,289
0,290
214,290
288,290
479,290
0,291
213,291
288,291
479,291
0,292
211,292
213,292
213,292
287,292
479,292
0,293
213,293
285,293
479,293
0,294
211,294
213,294
213,294
281,294
479,294
0,295
213,295
279,295
281,295
284,295
479,295
0,296
213,296
278,296
479,296
0,297
212,297
278,297
479,297
0,298
212,298
216,298
216,298
277,298
479,298
0,299
224,299
276,299
479,299
0,300
231,300
274,300
479,300
0,301
229,301
231,301
233,301
269,301
479,301
0,302
232,302
234,302
235,302
268,302
479,302
0,303
236,303
266,303
479,303
0,304
236,304
248,304
248,304
265,304
479,304
0,305
236,305
248,305
248,305
263,305
479,305
0,306
237,306
248,306
249,306
261,306
479,306
0,307
238,307
248,307
250,307
258,307
479,307
0,308
238,308
247,308
250,308
258,308
479,308
0,309
238,309
247,309
248,309
250,309
250,309
258,309
479,309
0,310
239,310
247,310
250,310
258,310
479,310
0,311
239,311
247,311
249,311
258,311
479,311
0,312
237,312
259,312
479,312
0,313
235,313
259,313
263,313
266,313
479,313
0,314
212,314
234,314
234,314
285,314
479,314
0,315
206,315
290,315
479,315
0,316
199,316
294,316
479,316
0,317
191,317
304,317
479,317
0,318
189,318
311,318
479,318
0,319
188,319
315,319
479,319
0,320
188,320
315,320
479,320
0,321
188,321
317,321
479,321
0,322
188,322
320,322
479,322
0,323
187,323
322,323
479,323
0,324
187,324
323,324
479,324
0,325
189,325
323,325
479,325
0,326
190,326
322,326
479,326
0,327
193,327
322,327
479,327
0,328
197,328
319,328
319,328
321,328
479,328
0,329
201,329
316,329
479,329
0,330
206,330
313,330
479,330
0,331
210,331
309,331
479,331
0,332
221,332
305,332
479,332
0,333
230,333
290,333
479,333
0,334
256,334
270,334
479,334
0,335
479,335
0,336
479,336
0,337
479,337
0,338
479,338
0,339
479,339
0,340
479,340
0,341
479,341
0,342
479,342
0,343
479,343
0,344
479,344
0,345
479,345
0,346
479,346
0,347
479,347
0,348
479,348
0,349
479,349
0,350
479,350
0,351
479,351
0,352
479,352
0,353
479,353
0,354
479,354
0,355
479,355
0,356
479,356
0,357
479,357
0,358
479,358
0,359
479,359
