0,0
334,0
339,0
479,0
0,1
333,1
341,1
479,1
0,2
333,2
341,2
479,2
0,3
332,3
342,3
479,3
0,4
332,4
341,4
479,4
0,5
331,5
341,5
479,5
0,6
331,6
341,6
479,6
0,7
331,7
340,7
479,7
0,8
331,8
340,8
479,8
0,9
330,9
339,9
479,9
0,10
329,10
339,10
479,10
0,11
328,11
339,11
339,11
341,11
479,11
0,12
327,12
339,12
479,12
0,13
325,13
339,13
479,13
0,14
325,14
339,14
479,14
0,15
325,15
340,15
479,15
0,16
325,16
340,16
479,16
0,17
325,17
340,17
479,17
0,18
325,18
340,18
479,18
0,19
325,19
340,19
479,19
0,20
323,20
339,20
479,20
0,21
321,21
339,21
479,21
0,22
319,22
338,22
479,22
0,23
319,23
336,23
479,23
0,24
318,24
337,24
479,24
0,25
318,25
338,25
479,25
0,26
317,26
339,26
479,26
0,27
316,27
339,27
479,27
0,28
315,28
339,28
479,28
0,29
315,29
340,29
479,29
0,30
315,30
340,30
479,30
0,31
315,31
317,31
319,31
340,31
479,31
0,32
298,32
315,32
322,32
339,32
479,32
0,33
293,33
319,33
321,33
339,33
479,33
0,34
290,34
339,34
339,34
342,34
479,34
0,35
287,35
331,35
332,35
339,35
479,35
0,36
285,36
331,36
332,36
339,36
479,36
0,37
284,37
332,37
334,37
339,37
479,37
0,38
282,38
334,38
337,38
339,38
479,38
0,39
281,39
336,39
479,39
0,40
280,40
339,40
479,40
0,41
279,41
340,41
479,41
0,42
278,42
341,42
479,42
0,43
277,43
343,43
479,43
0,44
276,44
344,44
479,44
0,45
275,45
345,45
479,45
0,46
274,46
346,46
479,46
0,47
274,47
347,47
479,47
0,48
272,48
348,48
479,48
0,49
271,49
350,49
479,49
0,50
271,50
350,50
479,50
0,51
269,51
351,51
479,51
0,52
269,52
352,52
479,52
0,53
268,53
353,53
479,53
0,54
266,54
354,54
479,54
0,55
266,55
354,55
479,55
0,56
264,56
355,56
479,56
0,57
264,57
356,57
479,57
0,58
263,58
356,58
479,58
0,59
263,59
357,59
479,59
0,60
262,60
357,60
479,60
0,61
261,61
358,61
479,61
0,62
261,62
358,62
479,62
0,63
259,63
358,63
479,63
0,64
258,64
358,64
479,64
0,65
258,65
359,65
479,65
0,66
257,66
359,66
479,66
0,67
255,67
359,67
479,67
0,68
253,68
359,68
479,68
0,69
251,69
359,69
479,69
0,70
206,70
208,70
231,70
233,70
248,70
359,70
479,70
0,71
200,71
360,71
479,71
0,72
186,72
189,72
195,72
360,72
479,72
0,73
186,73
189,73
192,73
360,73
479,73
0,74
189,74
360,74
479,74
0,75
186,75
360,75
479,75
0,76
178,76
181,76
184,76
360,76
479,76
0,77
181,77
360,77
479,77
0,78
179,78
360,78
479,78
0,79
177,79
360,79
479,79
0,80
175,80
360,80
479,80
0,81
172,81
360,81
479,81
0,82
167,82
169,82
171,82
360,82
479,82
0,83
169,83
360,83
479,83
0,84
168,84
360,84
479,84
0,85
167,85
360,85
479,85
0,86
161,86
163,86
166,86
360,86
479,86
0,87
164,87
360,87
479,87
0,88
163,88
360,88
479,88
0,89
162,89
360,89
479,89
0,90
162,90
360,90
479,90
0,91
161,91
360,91
479,91
0,92
159,92
161,92
161,92
360,92
479,92
0,93
162,93
360,93
479,93
0,94
161,94
360,94
479,94
0,95
160,95
360,95
479,95
0,96
160,96
361,96
479,96
0,97
158,97
361,97
479,97
0,98
157,98
361,98
479,98
0,99
156,99
361,99
479,99
0,100
155,100
361,100
479,100
0,101
152,101
154,101
154,101
361,101
479,101
0,102
153,102
362,102
479,102
0,103
153,103
362,103
479,103
0,104
152,104
362,104
479,104
0,105
152,105
362,105
479,105
0,106
152,106
362,106
479,106
0,107
153,107
363,107
479,107
0,108
153,108
363,108
479,108
0,109
153,109
166,109
166,109
364,109
479,109
0,110
153,110
166,110
169,110
364,110
479,110
0,111
153,111
165,111
172,111
365,111
479,111
0,112
155,112
167,112
173,112
366,112
479,112
0,113
155,113
166,113
177,113
367,113
479,113
0,114
155,114
165,114
176,114
178,114
180,114
367,114
479,114
0,115
155,115
165,115
181,115
369,115
479,115
0,116
155,116
165,116
183,116
370,116
479,116
0,117
155,117
165,117
185,117
371,117
479,117
0,118
155,118
165,118
186,118
373,118
479,118
0,119
155,119
166,119
188,119
374,119
479,119
0,120
155,120
157,120
157,120
165,120
189,120
376,120
479,120
0,121
157,121
165,121
189,121
378,121
479,121
0,122
157,122
166,122
189,122
379,122
479,122
0,123
157,123
166,123
189,123
380,123
479,123
0,124
158,124
167,124
193,124
382,124
479,124
0,125
158,125
167,125
193,125
383,125
479,125
0,126
159,126
168,126
193,126
384,126
479,126
0,127
159,127
168,127
193,127
386,127
479,127
0,128
160,128
169,128
195,128
387,128
479,128
0,129
160,129
170,129
195,129
388,129
479,129
0,130
160,130
170,130
197,130
390,130
479,130
0,131
161,131
171,131
197,131
390,131
479,131
0,132
162,132
172,132
195,132
391,132
479,132
0,133
162,133
173,133
192,133
392,133
479,133
0,134
163,134
174,134
190,134
393,134
479,134
0,135
164,135
175,135
189,135
395,135
479,135
0,136
164,136
176,136
187,136
396,136
479,136
0,137
166,137
178,137
184,137
397,137
479,137
0,138
167,138
202,138
203,138
398,138
479,138
0,139
168,139
200,139
202,139
399,139
479,139
0,140
170,140
197,140
203,140
400,140
479,140
0,141
170,141
194,141
203,141
216,141
216,141
401,141
479,141
0,142
172,142
193,142
204,142
216,142
220,142
402,142
479,142
0,143
176,143
190,143
205,143
218,143
225,143
403,143
479,143
0,144
179,144
188,144
205,144
217,144
225,144
404,144
479,144
0,145
205,145
218,145
226,145
405,145
479,145
0,146
206,146
218,146
227,146
406,146
479,146
0,147
207,147
219,147
227,147
407,147
479,147
0,148
207,148
220,148
228,148
407,148
479,148
0,149
207,149
220,149
228,149
408,149
479,149
0,150
208,150
220,150
229,150
409,150
479,150
0,151
208,151
220,151
229,151
410,151
479,151
0,152
207,152
209,152
210,152
221,152
222,152
224,152
229,152
411,152
479,152
0,153
209,153
222,153
229,153
411,153
479,153
0,154
209,154
223,154
229,154
412,154
479,154
0,155
209,155
223,155
229,155
413,155
479,155
0,156
209,156
224,156
229,156
413,156
479,156
0,157
209,157
226,157
229,157
414,157
479,157
0,158
210,158
227,158
229,158
415,158
479,158
0,159
210,159
227,159
229,159
415,159
479,159
0,160
210,160
227,160
229,160
416,160
479,160
0,161
210,161
228,161
229,161
416,161
479,161
0,162
210,162
417,162
479,162
0,163
210,163
418,163
479,163
0,164
212,164
418,164
479,164
0,165
212,165
419,165
479,165
0,166
212,166
238,166
239,166
420,166
479,166
0,167
212,167
238,167
238,167
240,167
240,167
420,167
479,167
0,168
213,168
222,168
223,168
239,168
239,168
421,168
479,168
0,169
213,169
223,169
224,169
239,169
239,169
421,169
479,169
0,170
211,170
213,170
214,170
223,170
225,170
239,170
239,170
421,170
479,170
0,171
211,171
213,171
214,171
223,171
226,171
422,171
479,171
0,172
214,172
224,172
228,172
422,172
479,172
0,173
214,173
224,173
228,173
423,173
479,173
0,174
214,174
224,174
228,174
423,174
479,174
0,175
214,175
224,175
228,175
424,175
479,175
0,176
215,176
224,176
228,176
424,176
479,176
0,177
215,177
224,177
228,177
297,177
304,177
424,177
479,177
0,178
216,178
224,178
228,178
294,178
295,178
298,178
300,178
304,178
304,178
425,178
479,178
0,179
216,179
224,179
228,179
294,179
305,179
330,179
337,179
425,179
479,179
0,180
216,180
226,180
227,180
295,180
305,180
318,180
345,180
348,180
348,180
425,180
479,180
0,181
216,181
226,181
227,181
294,181
306,181
318,181
353,181
426,181
479,181
0,182
216,182
226,182
227,182
294,182
306,182
319,182
356,182
426,182
479,182
0,183
217,183
226,183
227,183
294,183
307,183
320,183
361,183
426,183
479,183
0,184
217,184
226,184
227,184
294,184
307,184
321,184
363,184
426,184
479,184
0,185
217,185
225,185
227,185
294,185
308,185
321,185
365,185
426,185
479,185
0,186
218,186
225,186
227,186
294,186
308,186
322,186
367,186
427,186
479,186
0,187
218,187
294,187
309,187
322,187
369,187
427,187
479,187
0,188
218,188
227,188
227,188
294,188
310,188
324,188
373,188
427,188
479,188
0,189
218,189
226,189
227,189
294,189
311,189
324,189
374,189
409,189
413,189
427,189
479,189
0,190
218,190
294,190
312,190
324,190
377,190
408,190
415,190
427,190
479,190
0,191
219,191
295,191
312,191
325,191
379,191
410,191
415,191
427,191
479,191
0,192
219,192
295,192
313,192
326,192
382,192
410,192
412,192
426,192
479,192
0,193
219,193
295,193
314,193
327,193
382,193
426,193
479,193
0,194
218,194
295,194
314,194
328,194
383,194
424,194
479,194
0,195
217,195
295,195
316,195
329,195
381,195
424,195
479,195
0,196
216,196
295,196
316,196
330,196
380,196
403,196
403,196
416,196
416,196
424,196
424,196
427,196
479,196
0,197
215,197
295,197
317,197
331,197
377,197
402,197
403,197
416,197
416,197
423,197
423,197
426,197
479,197
0,198
215,198
295,198
318,198
333,198
376,198
402,198
403,198
405,198
406,198
414,198
415,198
423,198
423,198
425,198
479,198
0,199
214,199
295,199
320,199
333,199
334,199
336,199
374,199
403,199
404,199
407,199
411,199
413,199
414,199
422,199
479,199
0,200
211,200
213,200
214,200
295,200
321,200
335,200
370,200
402,200
405,200
407,200
407,200
409,200
409,200
411,200
415,200
423,200
423,200
425,200
479,200
0,201
213,201
295,201
323,201
336,201
369,201
403,201
410,201
413,201
414,201
423,201
479,201
0,202
213,202
295,202
325,202
338,202
366,202
392,202
394,202
403,202
407,202
412,202
414,202
422,202
479,202
0,203
213,203
295,203
325,203
340,203
364,203
386,203
394,203
404,203
406,203
410,203
414,203
421,203
479,203
0,204
213,204
295,204
326,204
342,204
361,204
384,204
394,204
404,204
406,204
408,204
413,204
420,204
479,204
0,205
213,205
295,205
328,205
344,205
347,205
350,205
358,205
382,205
394,205
404,205
406,205
408,205
413,205
420,205
479,205
0,206
213,206
295,206
331,206
354,206
356,206
380,206
394,206
405,206
406,206
409,206
412,206
420,206
479,206
0,207
213,207
295,207
333,207
379,207
396,207
405,207
406,207
409,207
412,207
420,207
479,207
0,208
213,208
295,208
335,208
377,208
396,208
406,208
407,208
410,208
412,208
419,208
479,208
0,209
213,209
295,209
336,209
376,209
397,209
407,209
412,209
419,209
479,209
0,210
213,210
296,210
340,210
374,210
398,210
408,210
410,210
419,210
479,210
0,211
213,211
296,211
342,211
371,211
399,211
409,211
410,211
418,211
418,211
420,211
479,211
0,212
213,212
296,212
341,212
343,212
345,212
369,212
400,212
418,212
479,212
0,213
213,213
295,213
350,213
365,213
401,213
418,213
479,213
0,214
213,214
296,214
403,214
418,214
479,214
0,215
213,215
296,215
404,215
417,215
479,215
0,216
213,216
296,216
404,216
406,216
406,216
416,216
479,216
0,217
213,217
296,217
408,217
415,217
479,217
0,218
213,218
296,218
479,218
0,219
213,219
296,219
479,219
0,220
213,220
296,220
479,220
0,221
213,221
296,221
479,221
0,222
214,222
297,222
479,222
0,223
214,223
297,223
479,223
0,224
215,224
298,224
479,224
0,225
215,225
298,225
479,225
0,226
215,226
298,226
479,226
0,227
216,227
298,227
479,227
0,228
216,228
298,228
479,228
0,229
217,229
299,229
479,229
0,230
217,230
299,230
479,230
0,231
217,231
299,231
479,231
0,232
217,232
300,232
479,232
0,233
218,233
300,233
479,233
0,234
218,234
300,234
479,234
0,235
219,235
300,235
479,235
0,236
219,236
301,236
479,236
0,237
219,237
301,237
479,237
0,238
219,238
301,238
479,238
0,239
220,239
302,239
479,239
0,240
220,240
302,240
479,240
0,241
221,241
302,241
479,241
0,242
221,242
302,242
479,242
0,243
222,243
303,243
479,243
0,244
222,244
303,244
479,244
0,245
223,245
303,245
479,245
0,246
224,246
304,246
479,246
0,247
225,247
304,247
479,247
0,248
227,248
304,248
479,248
0,249
227,249
304,249
479,249
0,250
227,250
305,250
305,250
307,250
479,250
0,251
227,251
305,251
479,251
0,252
225,252
305,252
479,252
0,253
221,253
223,253
226,253
306,253
479,253
0,254
219,254
306,254
479,254
0,255
218,255
307,255
479,255
0,256
217,256
306,256
479,256
0,257
217,257
307,257
307,257
309,257
479,257
0,258
216,258
307,258
307,258
309,258
479,258
0,259
215,259
307,259
479,259
0,260
215,260
307,260
479,260
0,261
214,261
308,261
479,261
0,262
213,262
308,262
479,262
0,263
213,263
308,263
479,263
0,264
213,264
308,264
479,264
0,265
212,265
308,265
479,265
0,266
212,266
309,266
479,266
0,267
212,267
309,267
479,267
0,268
212,268
309,268
479,268
0,269
212,269
309,269
479,269
0,270
212,270
310,270
479,270
0,271
212,271
311,271
479,271
0,272
212,272
311,272
479,272
0,273
212,273
311,273
479,273
0,274
212,274
311,274
479,274
0,275
212,275
311,275
479,275
0,276
212,276
311,276
479,276
0,277
213,277
311,277
479,277
0,278
214,278
311,278
479,278
0,279
215,279
311,279
479,279
0,280
215,280
312,280
479,280
0,281
216,281
312,281
479,281
0,282
217,282
312,282
479,282
0,283
216,283
312,283
479,283
0,284
216,284
312,284
479,284
0,285
216,285
312,285
479,285
0,286
215,286
312,286
479,286
0,287
215,287
312,287
479,287
0,288
215,288
312,288
479,288
0,289
213,289
312,289
479,289
0,290
213,290
311,290
479,290
0,291
214,291
311,291
479,291
0,292
214,292
311,292
479,292
0,293
213,293
311,293
479,293
0,294
213,294
311,294
479,294
0,295
212,295
311,295
479,295
0,296
212,296
311,296
479,296
0,297
212,297
312,297
479,297
0,298
211,298
312,298
479,298
0,299
211,299
312,299
479,299
0,300
211,300
312,300
479,300
0,301
211,301
312,301
479,301
0,302
211,302
312,302
479,302
0,303
210,303
312,303
479,303
0,304
210,304
312,304
479,304
0,305
210,305
312,305
479,305
0,306
209,306
312,306
479,306
0,307
210,307
312,307
479,307
0,308
210,308
312,308
479,308
0,309
209,309
312,309
479,309
0,310
209,310
311,310
479,310
0,311
208,311
311,311
479,311
0,312
208,312
311,312
479,312
0,313
208,313
311,313
479,313
0,314
208,314
311,314
479,314
0,315
207,315
311,315
479,315
0,316
207,316
311,316
479,316
0,317
207,317
311,317
479,317
0,318
206,318
311,318
479,318
0,319
206,319
311,319
479,319
0,320
206,320
312,320
479,320
0,321
205,321
312,321
479,321
0,322
205,322
312,322
479,322
0,323
205,323
312,323
479,323
0,324
205,324
312,324
479,324
0,325
204,325
312,325
479,325
0,326
204,326
312,326
479,326
0,327
204,327
312,327
479,327
0,328
203,328
312,328
479,328
0,329
203,329
312,329
479,329
0,330
203,330
312,330
479,330
0,331
202,331
312,331
479,331
0,332
202,332
312,332
479,332
0,333
202,333
312,333
479,333
0,334
202,334
312,334
479,334
0,335
202,335
312,335
479,335
0,336
201,336
312,336
479,336
0,337
201,337
312,337
479,337
0,338
200,338
312,338
479,338
0,339
200,339
312,339
479,339
0,340
200,340
312,340
479,340
0,341
200,341
312,341
479,341
0,342
199,342
312,342
479,342
0,343
199,343
312,343
479,343
0,344
198,344
312,344
479,344
0,345
198,345
312,345
479,345
0,346
197,346
312,346
479,346
0,347
197,347
312,347
479,347
0,348
196,348
311,348
479,348
0,349
196,349
311,349
479,349
0,350
196,350
311,350
479,350
0,351
195,351
304,351
304,351
311,351
479,351
0,352
196,352
311,352
479,352
0,353
196,353
311,353
479,353
0,354
195,354
311,354
479,354
0,355
194,355
311,355
479,355
0,356
194,356
305,356
305,356
311,356
479,356
0,357
194,357
305,357
305,357
311,357
479,357
0,358
194,358
305,358
305,358
311,358
479,358
0,359
193,359
305,359
305,359
311,359
479,359
