0,0
197,0
199,0
199,0
355,0
356,0
358,0
479,0
0,1
197,1
199,1
199,1
356,1
357,1
359,1
479,1
0,2
199,2
358,2
479,2
0,3
199,3
359,3
479,3
0,4
198,4
360,4
479,4
0,5
198,5
361,5
479,5
0,6
196,6
362,6
479,6
0,7
196,7
363,7
479,7
0,8
196,8
365,8
479,8
0,9
196,9
366,9
479,9
0,10
195,10
367,10
479,10
0,11
194,11
369,11
479,11
0,12
194,12
371,12
479,12
0,13
194,13
371,13
479,13
0,14
194,14
372,14
479,14
0,15
194,15
373,15
479,15
0,16
193,16
375,16
479,16
0,17
192,17
377,17
479,17
0,18
192,18
378,18
479,18
0,19
192,19
379,19
479,19
0,20
192,20
380,20
479,20
0,21
191,21
381,21
479,21
0,22
191,22
382,22
479,22
0,23
191,23
383,23
479,23
0,24
190,24
384,24
479,24
0,25
190,25
386,25
479,25
0,26
189,26
387,26
479,26
0,27
189,27
389,27
479,27
0,28
189,28
389,28
479,28
0,29
188,29
390,29
479,29
0,30
188,30
392,30
479,30
0,31
187,31
393,31
479,31
0,32
187,32
394,32
479,32
0,33
187,33
396,33
479,33
0,34
187,34
397,34
479,34
0,35
187,35
398,35
479,35
0,36
186,36
400,36
401,36
403,36
479,36
0,37
186,37
400,37
479,37
0,38
186,38
402,38
479,38
0,39
185,39
404,39
479,39
0,40
185,40
405,40
479,40
0,41
185,41
405,41
479,41
0,42
185,42
407,42
479,42
0,43
184,43
408,43
479,43
0,44
184,44
409,44
479,44
0,45
184,45
410,45
479,45
0,46
184,46
412,46
479,46
0,47
184,47
412,47
479,47
0,48
185,48
414,48
479,48
0,49
187,49
415,49
479,49
0,50
189,50
416,50
479,50
0,51
193,51
418,51
479,51
0,52
195,52
419,52
479,52
0,53
198,53
420,53
479,53
0,54
199,54
421,54
479,54
0,55
203,55
422,55
479,55
0,56
206,56
424,56
479,56
0,57
207,57
425,57
479,57
0,58
209,58
426,58
479,58
0,59
212,59
427,59
479,59
0,60
214,60
429,60
479,60
0,61
216,61
430,61
479,61
0,62
219,62
432,62
479,62
0,63
221,63
432,63
479,63
0,64
225,64
433,64
479,64
0,65
228,65
434,65
479,65
0,66
230,66
436,66
479,66
0,67
233,67
437,67
479,67
0,68
236,68
439,68
440,68
443,68
479,68
0,69
238,69
440,69
479,69
0,70
242,70
441,70
479,70
0,71
245,71
442,71
479,71
0,72
248,72
443,72
479,72
0,73
249,73
445,73
479,73
0,74
252,74
446,74
479,74
0,75
255,75
447,75
479,75
0,76
257,76
448,76
448,76
450,76
479,76
0,77
258,77
449,77
479,77
0,78
261,78
451,78
479,78
0,79
264,79
452,79
479,79
0,80
268,80
453,80
479,80
0,81
271,81
454,81
479,81
0,82
273,82
456,82
479,82
0,83
275,83
457,83
479,83
0,84
279,84
458,84
479,84
0,85
281,85
459,85
479,85
0,86
198,86
202,86
286,86
460,86
479,86
0,87
198,87
202,87
288,87
461,87
479,87
0,88
198,88
203,88
289,88
463,88
479,88
0,89
198,89
203,89
209,89
220,89
292,89
464,89
465,89
467,89
479,89
0,90
198,90
203,90
206,90
223,90
294,90
466,90
479,90
0,91
198,91
204,91
205,91
224,91
232,91
235,91
297,91
466,91
479,91
0,92
198,92
204,92
205,92
236,92
300,92
468,92
479,92
0,93
198,93
236,93
302,93
469,93
479,93
0,94
192,94
194,94
194,94
235,94
305,94
470,94
479,94
0,95
191,95
234,95
306,95
472,95
479,95
0,96
191,96
233,96
312,96
473,96
479,96
0,97
192,97
233,97
313,97
474,97
479,97
0,98
194,98
234,98
316,98
475,98
479,98
0,99
194,99
234,99
318,99
476,99
479,99
0,100
196,100
234,100
320,100
477,100
479,100
0,101
195,101
235,101
322,101
479,101
479,101
0,102
195,102
236,102
328,102
0,103
195,103
236,103
330,103
0,104
196,104
234,104
332,104
0,105
196,105
234,105
334,105
0,106
197,106
232,106
233,106
235,106
336,106
0,107
195,107
197,107
198,107
231,107
341,107
0,108
199,108
229,108
343,108
0,109
200,109
229,109
345,109
0,110
202,110
229,110
348,110
0,111
202,111
229,111
349,111
0,112
199,112
201,112
202,112
229,112
352,112
0,113
199,113
201,113
202,113
229,113
354,113
0,114
202,114
229,114
356,114
0,115
202,115
229,115
361,115
0,116
202,116
229,116
364,116
0,117
202,117
229,117
366,117
0,118
202,118
229,118
368,118
0,119
202,119
229,119
370,119
0,120
202,120
229,120
373,120
0,121
202,121
229,121
376,121
0,122
202,122
230,122
379,122
0,123
202,123
234,123
382,123
0,124
201,124
236,124
384,124
0,125
200,125
236,125
237,125
239,125
387,125
0,126
199,126
237,126
238,126
240,126
389,126
0,127
199,127
238,127
238,127
240,127
392,127
0,128
198,128
239,128
396,128
0,129
197,129
239,129
399,129
0,130
196,130
239,130
401,130
0,131
196,131
240,131
403,131
0,132
195,132
241,132
405,132
0,133
195,133
241,133
408,133
0,134
195,134
241,134
410,134
0,135
195,135
242,135
413,135
0,136
195,136
243,136
416,136
0,137
195,137
243,137
418,137
0,138
195,138
244,138
421,138
0,139
196,139
244,139
424,139
0,140
196,140
232,140
233,140
244,140
428,140
0,141
195,141
233,141
234,141
244,141
429,141
0,142
195,142
232,142
233,142
244,142
432,142
0,143
195,143
231,143
232,143
244,143
434,143
0,144
195,144
231,144
232,144
244,144
437,144
0,145
195,145
231,145
232,145
243,145
436,145
0,146
195,146
231,146
231,146
242,146
434,146
436,146
436,146
0,147
195,147
231,147
231,147
241,147
434,147
0,148
194,148
241,148
433,148
0,149
194,149
240,149
433,149
0,150
194,150
240,150
433,150
0,151
194,151
239,151
433,151
0,152
191,152
193,152
193,152
238,152
238,152
240,152
433,152
0,153
193,153
238,153
433,153
0,154
190,154
237,154
433,154
0,155
189,155
236,155
433,155
0,156
189,156
235,156
433,156
0,157
189,157
234,157
434,157
0,158
187,158
189,158
189,158
235,158
434,158
0,159
189,159
236,159
434,159
0,160
190,160
239,160
435,160
0,161
190,161
238,161
238,161
240,161
436,161
0,162
191,162
237,162
437,162
0,163
191,163
237,163
237,163
239,163
438,163
0,164
191,164
237,164
440,164
0,165
191,165
236,165
441,165
0,166
191,166
236,166
443,166
0,167
191,167
236,167
444,167
0,168
190,168
235,168
443,168
0,169
190,169
234,169
443,169
0,170
190,170
234,170
443,170
0,171
190,171
233,171
443,171
0,172
190,172
234,172
441,172
0,173
190,173
235,173
441,173
0,174
189,174
235,174
441,174
0,175
189,175
236,175
441,175
0,176
189,176
236,176
442,176
0,177
189,177
237,177
443,177
0,178
188,178
238,178
443,178
0,179
188,179
238,179
444,179
0,180
188,180
239,180
445,180
0,181
189,181
239,181
447,181
0,182
189,182
240,182
449,182
0,183
189,183
240,183
451,183
0,184
190,184
241,184
454,184
0,185
190,185
242,185
456,185
0,186
190,186
243,186
458,186
0,187
190,187
243,187
461,187
464,187
465,187
0,188
190,188
244,188
468,188
0,189
189,189
244,189
467,189
0,190
189,190
244,190
467,190
0,191
188,191
244,191
467,191
0,192
188,192
244,192
466,192
0,193
188,193
243,193
466,193
0,194
188,194
244,194
465,194
0,195
188,195
244,195
465,195
0,196
188,196
191,196
191,196
244,196
465,196
0,197
191,197
244,197
465,197
0,198
191,198
245,198
465,198
0,199
191,199
245,199
466,199
0,200
191,200
246,200
466,200
0,201
190,201
247,201
466,201
0,202
190,202
247,202
467,202
0,203
190,203
248,203
468,203
0,204
189,204
248,204
470,204
0,205
189,205
249,205
476,205
0,206
189,206
250,206
479,206
0,207
188,207
250,207
479,207
0,208
188,208
250,208
479,208
0,209
187,209
251,209
479,209
0,210
187,210
251,210
479,210
0,211
187,211
252,211
479,211
0,212
186,212
252,212
479,212
0,213
186,213
252,213
479,213
0,214
186,214
254,214
479,214
0,215
186,215
254,215
479,215
0,216
185,216
254,216
479,216
0,217
184,217
256,217
479,217
0,218
184,218
254,218
479,218
0,219
184,219
255,219
479,219
0,220
184,220
256,220
479,220
0,221
183,221
255,221
479,221
0,222
183,222
256,222
479,222
0,223
183,223
253,223
479,223
0,224
183,224
252,224
479,224
0,225
183,225
253,225
479,225
0,226
183,226
254,226
479,226
0,227
183,227
255,227
479,227
0,228
182,228
254,228
479,228
0,229
182,229
249,229
249,229
254,229
479,229
0,230
182,230
247,230
479,230
0,231
182,231
245,231
479,231
0,232
182,232
244,232
479,232
0,233
182,233
242,233
479,233
0,234
184,234
236,234
236,234
242,234
479,234
0,235
185,235
235,235
479,235
0,236
185,236
234,236
235,236
237,236
479,236
0,237
185,237
233,237
479,237
0,238
185,238
233,238
479,238
0,239
186,239
233,239
479,239
0,240
187,240
232,240
479,240
0,241
188,241
232,241
479,241
0,242
188,242
232,242
479,242
0,243
187,243
221,243
221,243
232,243
479,243
0,244
186,244
199,244
203,244
219,244
221,244
233,244
479,244
0,245
186,245
199,245
204,245
218,245
221,245
232,245
479,245
0,246
186,246
199,246
206,246
216,246
218,246
220,246
220,246
233,246
479,246
0,247
186,247
199,247
209,247
214,247
215,247
217,247
220,247
233,247
479,247
0,248
186,248
199,248
220,248
234,248
479,248
0,249
186,249
199,249
220,249
233,249
479,249
0,250
186,250
198,250
220,250
233,250
479,250
0,251
186,251
198,251
220,251
233,251
479,251
0,252
186,252
198,252
220,252
233,252
479,252
0,253
186,253
198,253
220,253
233,253
479,253
0,254
186,254
198,254
220,254
233,254
479,254
0,255
186,255
198,255
220,255
233,255
479,255
0,256
186,256
197,256
220,256
232,256
479,256
0,257
186,257
197,257
220,257
232,257
479,257
0,258
186,258
197,258
220,258
232,258
479,258
0,259
186,259
197,259
220,259
232,259
479,259
0,260
180,260
182,260
184,260
197,260
220,260
232,260
479,260
0,261
182,261
197,261
220,261
232,261
479,261
0,262
181,262
197,262
220,262
232,262
479,262
0,263
180,263
197,263
221,263
232,263
479,263
0,264
179,264
197,264
199,264
202,264
221,264
232,264
479,264
0,265
180,265
198,265
220,265
232,265
479,265
0,266
179,266
198,266
201,266
220,266
220,266
240,266
479,266
0,267
180,267
198,267
199,267
248,267
479,267
0,268
181,268
256,268
479,268
0,269
180,269
260,269
479,269
0,270
177,270
268,270
479,270
0,271
177,271
269,271
479,271
0,272
177,272
269,272
479,272
0,273
178,273
268,273
479,273
0,274
179,274
268,274
479,274
0,275
182,275
266,275
479,275
0,276
187,276
261,276
479,276
0,277
193,277
258,277
479,277
0,278
199,278
248,278
479,278
0,279
207,279
237,279
479,279
0,280
479,280
0,281
479,281
0,282
479,282
0,283
479,283
0,284
479,284
0,285
479,285
0,286
479,286
0,287
479,287
0,288
479,288
0,289
479,289
0,290
479,290
0,291
479,291
0,292
479,292
0,293
479,293
0,294
479,294
0,295
479,295
0,296
479,296
0,297
479,297
0,298
479,298
0,299
479,299
0,300
479,300
0,301
479,301
0,302
479,302
0,303
479,303
0,304
479,304
0,305
479,305
0,306
479,306
0,307
479,307
0,308
479,308
0,309
479,309
0,310
479,310
0,311
479,311
0,312
479,312
0,313
479,313
0,314
479,314
0,315
479,315
0,316
479,316
0,317
479,317
0,318
479,318
0,319
479,319
0,320
479,320
0,321
479,321
0,322
479,322
0,323
479,323
0,324
479,324
0,325
479,325
0,326
479,326
0,327
479,327
0,328
479,328
0,329
479,329
0,330
479,330
0,331
479,331
0,332
479,332
0,333
479,333
0,334
479,334
0,335
479,335
0,336
479,336
0,337
479,337
0,338
479,338
0,339
479,339
0,340
479,340
0,341
479,341
0,342
479,342
0,343
479,343
0,344
479,344
0,345
479,345
0,346
479,346
0,347
479,347
0,348
479,348
0,349
479,349
0,350
479,350
0,351
479,351
0,352
479,352
0,353
479,353
0,354
479,354
0,355
479,355
0,356
479,356
0,357
479,357
0,358
479,358
0,359
479,359
