0,0
479,0
0,1
479,1
0,2
479,2
0,3
479,3
0,4
479,4
0,5
479,5
0,6
479,6
0,7
479,7
0,8
479,8
0,9
479,9
0,10
479,10
0,11
479,11
0,12
479,12
0,13
479,13
0,14
479,14
0,15
479,15
0,16
479,16
0,17
479,17
0,18
479,18
0,19
479,19
0,20
479,20
0,21
479,21
0,22
479,22
0,23
479,23
0,24
479,24
0,25
479,25
0,26
479,26
0,27
479,27
0,28
479,28
0,29
479,29
0,30
479,30
0,31
479,31
0,32
479,32
0,33
479,33
0,34
479,34
0,35
479,35
0,36
479,36
0,37
479,37
0,38
479,38
0,39
479,39
0,40
479,40
0,41
479,41
0,42
479,42
0,43
479,43
0,44
479,44
0,45
479,45
0,46
479,46
0,47
479,47
0,48
479,48
0,49
213,49
221,49
479,49
0,50
213,50
223,50
479,50
0,51
213,51
224,51
479,51
0,52
205,52
208,52
213,52
223,52
479,52
0,53
205,53
210,53
213,53
224,53
479,53
0,54
205,54
224,54
479,54
0,55
205,55
224,55
479,55
0,56
205,56
247,56
251,56
254,56
479,56
0,57
205,57
252,57
256,57
258,57
479,57
0,58
205,58
259,58
260,58
265,58
479,58
0,59
205,59
265,59
479,59
0,60
207,60
270,60
479,60
0,61
207,61
273,61
479,61
0,62
207,62
279,62
479,62
0,63
203,63
280,63
479,63
0,64
197,64
199,64
199,64
282,64
479,64
0,65
196,65
283,65
479,65
0,66
195,66
284,66
479,66
0,67
195,67
197,67
197,67
284,67
479,67
0,68
194,68
284,68
479,68
0,69
193,69
283,69
479,69
0,70
194,70
284,70
479,70
0,71
193,71
284,71
479,71
0,72
195,72
284,72
479,72
0,73
196,73
282,73
479,73
0,74
199,74
281,74
479,74
0,75
201,75
280,75
479,75
0,76
203,76
281,76
479,76
0,77
203,77
282,77
479,77
0,78
204,78
208,78
208,78
282,78
479,78
0,79
205,79
208,79
209,79
282,79
479,79
0,80
208,80
283,80
479,80
0,81
208,81
283,81
479,81
0,82
208,82
282,82
479,82
0,83
208,83
282,83
479,83
0,84
208,84
282,84
479,84
0,85
208,85
280,85
479,85
0,86
208,86
278,86
479,86
0,87
208,87
278,87
479,87
0,88
208,88
278,88
479,88
0,89
208,89
279,89
479,89
0,90
208,90
279,90
479,90
0,91
207,91
280,91
479,91
0,92
207,92
281,92
479,92
0,93
207,93
282,93
479,93
0,94
205,94
283,94
479,94
0,95
205,95
284,95
479,95
0,96
205,96
284,96
479,96
0,97
204,97
292,97
479,97
0,98
203,98
296,98
297,98
299,98
479,98
0,99
203,99
300,99
479,99
0,100
202,100
304,100
479,100
0,101
201,101
307,101
479,101
0,102
199,102
308,102
479,102
0,103
199,103
308,103
479,103
0,104
196,104
311,104
479,104
0,105
191,105
313,105
479,105
0,106
182,106
184,106
184,106
315,106
479,106
0,107
181,107
201,107
201,107
316,107
479,107
0,108
173,108
316,108
479,108
0,109
172,109
317,109
479,109
0,110
172,110
318,110
479,110
0,111
172,111
320,111
479,111
0,112
172,112
320,112
321,112
324,112
479,112
0,113
172,113
204,113
204,113
322,113
479,113
0,114
172,114
204,114
205,114
323,114
479,114
0,115
171,115
202,115
206,115
210,115
213,115
218,115
222,115
324,115
479,115
0,116
172,116
200,116
221,116
326,116
479,116
0,117
172,117
200,117
217,117
327,117
479,117
0,118
172,118
197,118
220,118
327,118
479,118
0,119
173,119
192,119
219,119
328,119
479,119
0,120
91,120
96,120
96,120
116,120
176,120
186,120
213,120
329,120
479,120
0,121
92,121
120,121
193,121
196,121
196,121
212,121
212,121
329,121
479,121
0,122
93,122
129,122
191,122
329,122
479,122
0,123
97,123
129,123
191,123
329,123
479,123
0,124
98,124
134,124
187,124
329,124
479,124
0,125
99,125
136,125
186,125
328,125
331,125
339,125
479,125
0,126
100,126
138,126
184,126
340,126
479,126
0,127
101,127
140,127
155,127
159,127
177,127
341,127
479,127
0,128
107,128
145,128
147,128
172,128
173,128
344,128
479,128
0,129
107,129
144,129
159,129
344,129
479,129
0,130
108,130
340,130
479,130
0,131
111,131
339,131
479,131
0,132
105,132
338,132
479,132
0,133
104,133
338,133
479,133
0,134
104,134
336,134
479,134
0,135
105,135
335,135
479,135
0,136
107,136
332,136
479,136
0,137
109,137
332,137
479,137
0,138
112,138
114,138
114,138
332,138
479,138
0,139
118,139
331,139
479,139
0,140
122,140
331,140
479,140
0,141
123,141
330,141
479,141
0,142
147,142
329,142
479,142
0,143
153,143
328,143
479,143
0,144
159,144
328,144
479,144
0,145
169,145
326,145
479,145
0,146
183,146
188,146
191,146
269,146
269,146
325,146
479,146
0,147
189,147
196,147
197,147
264,147
270,147
325,147
479,147
0,148
215,148
264,148
271,148
324,148
479,148
0,149
215,149
264,149
273,149
324,149
479,149
0,150
216,150
264,150
275,150
323,150
479,150
0,151
216,151
264,151
276,151
324,151
479,151
0,152
216,152
263,152
278,152
323,152
479,152
0,153
216,153
263,153
279,153
322,153
479,153
0,154
215,154
263,154
279,154
302,154
302,154
321,154
479,154
0,155
215,155
263,155
280,155
320,155
479,155
0,156
211,156
263,156
279,156
320,156
479,156
0,157
211,157
263,157
280,157
320,157
479,157
0,158
211,158
263,158
280,158
319,158
479,158
0,159
211,159
263,159
281,159
289,159
289,159
319,159
479,159
0,160
210,160
212,160
212,160
263,160
281,160
303,160
303,160
317,160
479,160
0,161
210,161
263,161
281,161
285,161
288,161
304,161
305,161
316,161
479,161
0,162
209,162
263,162
290,162
305,162
306,162
314,162
479,162
0,163
209,163
263,163
291,163
306,163
307,163
309,163
479,163
0,164
209,164
263,164
291,164
306,164
479,164
0,165
209,165
263,165
292,165
305,165
479,165
0,166
209,166
263,166
292,166
304,166
479,166
0,167
208,167
221,167
221,167
263,167
293,167
304,167
479,167
0,168
208,168
221,168
221,168
262,168
293,168
302,168
479,168
0,169
207,169
220,169
221,169
262,169
293,169
302,169
479,169
0,170
207,170
217,170
221,170
262,170
293,170
302,170
479,170
0,171
208,171
211,171
221,171
262,171
293,171
301,171
479,171
0,172
209,172
218,172
221,172
262,172
293,172
300,172
479,172
0,173
221,173
262,173
479,173
0,174
193,174
200,174
200,174
208,174
221,174
262,174
479,174
0,175
193,175
210,175
221,175
262,175
479,175
0,176
193,176
218,176
220,176
262,176
479,176
0,177
193,177
283,177
479,177
0,178
193,178
284,178
479,178
0,179
193,179
284,179
479,179
0,180
193,180
284,180
479,180
0,181
194,181
284,181
479,181
0,182
194,182
284,182
479,182
0,183
193,183
284,183
479,183
0,184
193,184
284,184
479,184
0,185
193,185
284,185
479,185
0,186
193,186
284,186
479,186
0,187
193,187
284,187
479,187
0,188
193,188
284,188
479,188
0,189
193,189
286,189
479,189
0,190
193,190
283,190
479,190
0,191
193,191
283,191
284,191
291,191
479,191
0,192
193,192
298,192
479,192
0,193
193,193
301,193
479,193
0,194
194,194
302,194
479,194
0,195
194,195
303,195
479,195
0,196
194,196
303,196
479,196
0,197
194,197
304,197
479,197
0,198
195,198
305,198
479,198
0,199
195,199
307,199
479,199
0,200
195,200
308,200
479,200
0,201
197,201
309,201
479,201
0,202
198,202
310,202
479,202
0,203
199,203
311,203
479,203
0,204
199,204
311,204
479,204
0,205
199,205
311,205
479,205
0,206
195,206
197,206
197,206
311,206
479,206
0,207
196,207
311,207
479,207
0,208
192,208
310,208
479,208
0,209
194,209
310,209
479,209
0,210
192,210
307,210
479,210
0,211
191,211
304,211
479,211
0,212
187,212
294,212
479,212
0,213
186,213
188,213
188,213
293,213
479,213
0,214
185,214
290,214
479,214
0,215
184,215
288,215
479,215
0,216
134,216
284,216
479,216
0,217
129,217
284,217
479,217
0,218
119,218
283,218
479,218
0,219
119,219
282,219
479,219
0,220
117,220
281,220
479,220
0,221
117,221
281,221
479,221
0,222
111,222
278,222
279,222
281,222
479,222
0,223
111,223
278,223
278,223
281,223
479,223
0,224
109,224
279,224
279,224
282,224
479,224
0,225
109,225
279,225
280,225
282,225
479,225
0,226
107,226
280,226
280,226
282,226
479,226
0,227
107,227
280,227
479,227
0,228
104,228
107,228
107,228
281,228
479,228
0,229
107,229
282,229
479,229
0,230
105,230
282,230
479,230
0,231
104,231
284,231
479,231
0,232
104,232
285,232
479,232
0,233
102,233
286,233
479,233
0,234
99,234
101,234
101,234
287,234
479,234
0,235
99,235
101,235
101,235
288,235
479,235
0,236
99,236
101,236
102,236
289,236
479,236
0,237
102,237
289,237
289,237
291,237
479,237
0,238
103,238
291,238
479,238
0,239
104,239
292,239
479,239
0,240
104,240
293,240
479,240
0,241
106,241
294,241
479,241
0,242
107,242
295,242
479,242
0,243
103,243
105,243
110,243
297,243
479,243
0,244
115,244
130,244
135,244
298,244
479,244
0,245
118,245
127,245
135,245
300,245
479,245
0,246
135,246
301,246
479,246
0,247
135,247
302,247
479,247
0,248
135,248
303,248
479,248
0,249
135,249
304,249
479,249
0,250
136,250
306,250
479,250
0,251
136,251
307,251
479,251
0,252
136,252
309,252
479,252
0,253
136,253
311,253
479,253
0,254
136,254
312,254
479,254
0,255
136,255
313,255
479,255
0,256
136,256
317,256
318,256
320,256
321,256
336,256
479,256
0,257
136,257
340,257
479,257
0,258
137,258
341,258
479,258
0,259
138,259
346,259
479,259
0,260
139,260
344,260
479,260
0,261
139,261
346,261
479,261
0,262
139,262
347,262
479,262
0,263
139,263
347,263
479,263
0,264
140,264
348,264
479,264
0,265
140,265
349,265
479,265
0,266
141,266
350,266
479,266
0,267
141,267
350,267
479,267
0,268
143,268
350,268
479,268
0,269
144,269
350,269
479,269
0,270
145,270
193,270
206,270
350,270
479,270
0,271
146,271
192,271
208,271
350,271
479,271
0,272
148,272
192,272
210,272
350,272
479,272
0,273
150,273
184,273
212,273
350,273
479,273
0,274
152,274
178,274
213,274
350,274
479,274
0,275
154,275
170,275
213,275
349,275
479,275
0,276
156,276
166,276
213,276
348,276
479,276
0,277
158,277
166,277
213,277
347,277
479,277
0,278
213,278
346,278
479,278
0,279
213,279
345,279
479,279
0,280
214,280
345,280
479,280
0,281
214,281
342,281
479,281
0,282
215,282
338,282
479,282
0,283
215,283
266,283
266,283
310,283
320,283
328,283
333,283
336,283
479,283
0,284
215,284
266,284
266,284
268,284
271,284
274,284
277,284
319,284
479,284
0,285
215,285
266,285
281,285
310,285
479,285
0,286
215,286
266,286
479,286
0,287
215,287
265,287
479,287
0,288
214,288
265,288
479,288
0,289
214,289
265,289
479,289
0,290
214,290
264,290
479,290
0,291
214,291
264,291
479,291
0,292
214,292
265,292
479,292
0,293
214,293
265,293
479,293
0,294
214,294
265,294
479,294
0,295
214,295
265,295
479,295
0,296
215,296
265,296
479,296
0,297
215,297
265,297
479,297
0,298
215,298
265,298
479,298
0,299
215,299
265,299
479,299
0,300
215,300
266,300
479,300
0,301
215,301
266,301
479,301
0,302
215,302
266,302
479,302
0,303
215,303
266,303
479,303
0,304
213,304
266,304
479,304
0,305
213,305
267,305
479,305
0,306
213,306
268,306
479,306
0,307
213,307
268,307
479,307
0,308
213,308
268,308
479,308
0,309
213,309
268,309
479,309
0,310
213,310
268,310
479,310
0,311
213,311
268,311
479,311
0,312
213,312
268,312
479,312
0,313
213,313
268,313
479,313
0,314
213,314
268,314
479,314
0,315
213,315
268,315
479,315
0,316
213,316
268,316
479,316
0,317
213,317
268,317
479,317
0,318
213,318
268,318
479,318
0,319
213,319
268,319
479,319
0,320
213,320
268,320
479,320
0,321
213,321
268,321
479,321
0,322
213,322
268,322
479,322
0,323
213,323
268,323
479,323
0,324
213,324
268,324
479,324
0,325
213,325
268,325
479,325
0,326
213,326
268,326
479,326
0,327
213,327
268,327
479,327
0,328
213,328
268,328
479,328
0,329
213,329
268,329
479,329
0,330
213,330
268,330
479,330
0,331
213,331
268,331
479,331
0,332
213,332
268,332
479,332
0,333
213,333
268,333
479,333
0,334
213,334
268,334
479,334
0,335
213,335
267,335
479,335
0,336
213,336
267,336
479,336
0,337
213,337
266,337
479,337
0,338
213,338
266,338
479,338
0,339
213,339
266,339
479,339
0,340
213,340
265,340
479,340
0,341
213,341
264,341
479,341
0,342
213,342
264,342
479,342
0,343
212,343
264,343
479,343
0,344
212,344
264,344
479,344
0,345
212,345
264,345
479,345
0,346
212,346
264,346
479,346
0,347
212,347
264,347
479,347
0,348
212,348
263,348
479,348
0,349
212,349
264,349
479,349
0,350
212,350
264,350
479,350
0,351
212,351
264,351
479,351
0,352
212,352
264,352
479,352
0,353
212,353
264,353
479,353
0,354
212,354
264,354
479,354
0,355
212,355
264,355
479,355
0,356
212,356
263,356
479,356
0,357
212,357
263,357
479,357
0,358
212,358
263,358
479,358
0,359
212,359
263,359
479,359
