0,0
479,0
0,1
479,1
0,2
479,2
0,3
479,3
0,4
479,4
0,5
479,5
0,6
479,6
0,7
479,7
0,8
479,8
0,9
479,9
0,10
479,10
0,11
479,11
0,12
479,12
0,13
479,13
0,14
479,14
0,15
479,15
0,16
479,16
0,17
479,17
0,18
479,18
0,19
479,19
0,20
479,20
0,21
479,21
0,22
479,22
0,23
479,23
0,24
479,24
0,25
479,25
0,26
479,26
0,27
479,27
0,28
479,28
0,29
479,29
0,30
479,30
0,31
479,31
0,32
479,32
0,33
479,33
0,34
479,34
0,35
479,35
0,36
479,36
0,37
479,37
0,38
479,38
0,39
479,39
0,40
479,40
0,41
479,41
0,42
479,42
0,43
479,43
0,44
479,44
0,45
211,45
213,45
479,45
0,46
208,46
215,46
479,46
0,47
207,47
215,47
479,47
0,48
207,48
215,48
479,48
0,49
206,49
215,49
479,49
0,50
203,50
206,50
206,50
215,50
479,50
0,51
202,51
205,51
205,51
216,51
479,51
0,52
202,52
217,52
479,52
0,53
202,53
217,53
479,53
0,54
201,54
217,54
479,54
0,55
201,55
218,55
479,55
0,56
188,56
191,56
198,56
218,56
479,56
0,57
188,57
197,57
198,57
219,57
479,57
0,58
186,58
219,58
479,58
0,59
186,59
221,59
479,59
0,60
187,60
230,60
479,60
0,61
184,61
188,61
188,61
234,61
479,61
0,62
184,62
238,62
479,62
0,63
185,63
239,63
479,63
0,64
185,64
241,64
479,64
0,65
186,65
242,65
479,65
0,66
189,66
195,66
195,66
243,66
479,66
0,67
190,67
243,67
479,67
0,68
191,68
244,68
246,68
249,68
479,68
0,69
187,69
190,69
191,69
252,69
479,69
0,70
186,70
189,70
189,70
253,70
479,70
0,71
186,71
254,71
479,71
0,72
183,72
186,72
186,72
255,72
479,72
0,73
184,73
255,73
479,73
0,74
183,74
255,74
479,74
0,75
183,75
255,75
479,75
0,76
183,76
188,76
188,76
256,76
479,76
0,77
183,77
255,77
479,77
0,78
187,78
255,78
479,78
0,79
187,79
255,79
479,79
0,80
191,80
255,80
479,80
0,81
191,81
255,81
479,81
0,82
192,82
256,82
479,82
0,83
193,83
196,83
196,83
257,83
479,83
0,84
195,84
258,84
479,84
0,85
194,85
259,85
479,85
0,86
193,86
258,86
479,86
0,87
192,87
258,87
479,87
0,88
188,88
190,88
192,88
258,88
479,88
0,89
188,89
190,89
191,89
257,89
479,89
0,90
190,90
253,90
255,90
258,90
479,90
0,91
189,91
249,91
254,91
257,91
479,91
0,92
187,92
247,92
247,92
249,92
479,92
0,93
187,93
247,93
479,93
0,94
183,94
247,94
479,94
0,95
183,95
247,95
479,95
0,96
185,96
247,96
479,96
0,97
184,97
247,97
479,97
0,98
182,98
246,98
479,98
0,99
179,99
181,99
181,99
246,99
479,99
0,100
180,100
245,100
479,100
0,101
179,101
245,101
479,101
0,102
178,102
247,102
479,102
0,103
176,103
249,103
479,103
0,104
174,104
249,104
479,104
0,105
171,105
250,105
479,105
0,106
155,106
160,106
160,106
251,106
479,106
0,107
155,107
160,107
161,107
252,107
479,107
0,108
153,108
252,108
479,108
0,109
150,109
253,109
479,109
0,110
148,110
253,110
479,110
0,111
145,111
253,111
479,111
0,112
145,112
254,112
479,112
0,113
145,113
255,113
479,113
0,114
145,114
257,114
280,114
292,114
479,114
0,115
143,115
257,115
277,115
292,115
479,115
0,116
140,116
259,116
274,116
292,116
479,116
0,117
139,117
262,117
271,117
290,117
479,117
0,118
138,118
264,118
270,118
289,118
289,118
291,118
479,118
0,119
133,119
136,119
137,119
289,119
289,119
291,119
479,119
0,120
133,120
294,120
479,120
0,121
132,121
295,121
479,121
0,122
127,122
129,122
130,122
296,122
296,122
301,122
479,122
0,123
129,123
296,123
296,123
302,123
479,123
0,124
119,124
121,124
122,124
125,124
126,124
306,124
307,124
318,124
479,124
0,125
124,125
318,125
479,125
0,126
119,126
121,126
123,126
318,126
479,126
0,127
119,127
121,127
121,127
317,127
479,127
0,128
120,128
316,128
479,128
0,129
117,129
315,129
479,129
0,130
115,130
117,130
117,130
307,130
479,130
0,131
116,131
308,131
479,131
0,132
112,132
114,132
115,132
308,132
479,132
0,133
112,133
114,133
114,133
310,133
479,133
0,134
113,134
311,134
479,134
0,135
112,135
310,135
479,135
0,136
111,136
305,136
479,136
0,137
112,137
304,137
479,137
0,138
113,138
303,138
479,138
0,139
117,139
301,139
479,139
0,140
116,140
300,140
479,140
0,141
112,141
115,141
115,141
300,141
479,141
0,142
112,142
299,142
479,142
0,143
113,143
297,143
479,143
0,144
112,144
298,144
479,144
0,145
111,145
300,145
303,145
305,145
306,145
308,145
479,145
0,146
110,146
309,146
479,146
0,147
110,147
308,147
479,147
0,148
111,148
308,148
479,148
0,149
111,149
194,149
198,149
307,149
479,149
0,150
111,150
193,150
198,150
307,150
308,150
315,150
316,150
318,150
479,150
0,151
112,151
193,151
198,151
319,151
479,151
0,152
112,152
192,152
198,152
321,152
479,152
0,153
113,153
191,153
198,153
304,153
304,153
325,153
479,153
0,154
111,154
113,154
114,154
118,154
122,154
190,154
198,154
302,154
302,154
332,154
479,154
0,155
112,155
114,155
120,155
184,155
184,155
189,155
198,155
301,155
302,155
331,155
479,155
0,156
116,156
183,156
198,156
329,156
479,156
0,157
116,157
183,157
198,157
329,157
479,157
0,158
117,158
121,158
123,158
181,158
199,158
328,158
479,158
0,159
120,159
145,159
148,159
176,159
200,159
327,159
479,159
0,160
119,160
132,160
144,160
147,160
147,160
149,160
149,160
176,160
200,160
326,160
479,160
0,161
119,161
126,161
144,161
146,161
148,161
169,161
200,161
325,161
479,161
0,162
122,162
124,162
143,162
145,162
145,162
168,162
200,162
323,162
479,162
0,163
145,163
166,163
166,163
168,163
200,163
254,163
254,163
320,163
479,163
0,164
141,164
144,164
144,164
166,164
201,164
316,164
479,164
0,165
143,165
156,165
156,165
166,165
201,165
254,165
258,165
309,165
479,165
0,166
139,166
141,166
142,166
154,166
202,166
254,166
261,166
303,166
479,166
0,167
141,167
150,167
202,167
254,167
262,167
280,167
282,167
292,167
479,167
0,168
202,168
254,168
264,168
271,168
479,168
0,169
202,169
254,169
479,169
0,170
202,170
254,170
479,170
0,171
202,171
255,171
479,171
0,172
202,172
255,172
479,172
0,173
202,173
255,173
479,173
0,174
202,174
255,174
479,174
0,175
202,175
255,175
479,175
0,176
202,176
255,176
479,176
0,177
202,177
256,177
479,177
0,178
203,178
255,178
255,178
257,178
479,178
0,179
203,179
255,179
255,179
257,179
479,179
0,180
203,180
257,180
479,180
0,181
203,181
258,181
479,181
0,182
203,182
258,182
479,182
0,183
194,183
259,183
479,183
0,184
190,184
259,184
479,184
0,185
186,185
260,185
479,185
0,186
184,186
260,186
479,186
0,187
181,187
260,187
479,187
0,188
179,188
260,188
479,188
0,189
178,189
260,189
479,189
0,190
175,190
260,190
479,190
0,191
175,191
260,191
479,191
0,192
175,192
261,192
479,192
0,193
175,193
263,193
479,193
0,194
175,194
265,194
479,194
0,195
175,195
265,195
479,195
0,196
175,196
266,196
479,196
0,197
176,197
267,197
479,197
0,198
176,198
268,198
479,198
0,199
176,199
269,199
479,199
0,200
177,200
271,200
479,200
0,201
177,201
271,201
479,201
0,202
178,202
272,202
479,202
0,203
178,203
272,203
479,203
0,204
178,204
272,204
479,204
0,205
179,205
273,205
479,205
0,206
179,206
274,206
479,206
0,207
179,207
276,207
479,207
0,208
180,208
276,208
479,208
0,209
180,209
276,209
479,209
0,210
180,210
276,210
479,210
0,211
180,211
276,211
479,211
0,212
180,212
280,212
479,212
0,213
180,213
280,213
479,213
0,214
181,214
281,214
282,214
286,214
479,214
0,215
182,215
288,215
479,215
0,216
183,216
288,216
479,216
0,217
182,217
290,217
479,217
0,218
182,218
294,218
479,218
0,219
181,219
302,219
479,219
0,220
181,220
304,220
479,220
0,221
181,221
306,221
479,221
0,222
178,222
325,222
479,222
0,223
178,223
339,223
479,223
0,224
178,224
345,224
479,224
0,225
177,225
346,225
351,225
356,225
479,225
0,226
176,226
349,226
349,226
360,226
479,226
0,227
176,227
363,227
479,227
0,228
175,228
364,228
479,228
0,229
175,229
367,229
479,229
0,230
174,230
368,230
479,230
0,231
173,231
368,231
479,231
0,232
171,232
369,232
479,232
0,233
171,233
371,233
479,233
0,234
169,234
374,234
479,234
0,235
169,235
376,235
479,235
0,236
167,236
381,236
479,236
0,237
167,237
381,237
479,237
0,238
166,238
382,238
479,238
0,239
165,239
384,239
479,239
0,240
163,240
384,240
479,240
0,241
161,241
384,241
479,241
0,242
159,242
384,242
479,242
0,243
159,243
384,243
479,243
0,244
152,244
384,244
479,244
0,245
151,245
159,245
159,245
384,245
479,245
0,246
153,246
384,246
479,246
0,247
151,247
384,247
479,247
0,248
145,248
384,248
479,248
0,249
142,249
384,249
479,249
0,250
138,250
384,250
479,250
0,251
135,251
384,251
479,251
0,252
126,252
129,252
131,252
384,252
479,252
0,253
125,253
384,253
479,253
0,254
119,254
121,254
123,254
383,254
479,254
0,255
119,255
383,255
479,255
0,256
111,256
383,256
479,256
0,257
109,257
383,257
479,257
0,258
109,258
382,258
479,258
0,259
108,259
382,259
479,259
0,260
107,260
380,260
479,260
0,261
107,261
380,261
479,261
0,262
107,262
379,262
479,262
0,263
107,263
378,263
479,263
0,264
107,264
373,264
479,264
0,265
109,265
115,265
115,265
372,265
479,265
0,266
111,266
115,266
115,266
372,266
479,266
0,267
111,267
113,267
113,267
371,267
479,267
0,268
111,268
113,268
115,268
371,268
479,268
0,269
111,269
113,269
114,269
369,269
479,269
0,270
113,270
368,270
479,270
0,271
113,271
367,271
479,271
0,272
113,272
365,272
479,272
0,273
113,273
364,273
479,273
0,274
112,274
362,274
479,274
0,275
111,275
361,275
479,275
0,276
110,276
361,276
479,276
0,277
108,277
360,277
479,277
0,278
106,278
359,278
479,278
0,279
105,279
358,279
479,279
0,280
104,280
356,280
356,280
358,280
479,280
0,281
103,281
356,281
356,281
358,281
479,281
0,282
103,282
356,282
479,282
0,283
103,283
356,283
479,283
0,284
103,284
356,284
479,284
0,285
103,285
356,285
479,285
0,286
103,286
355,286
479,286
0,287
103,287
339,287
339,287
354,287
479,287
0,288
102,288
354,288
479,288
0,289
102,289
352,289
479,289
0,290
102,290
350,290
479,290
0,291
103,291
347,291
479,291
0,292
104,292
319,292
320,292
344,292
479,292
0,293
105,293
343,293
479,293
0,294
108,294
341,294
479,294
0,295
111,295
335,295
479,295
0,296
112,296
314,296
316,296
319,296
479,296
0,297
113,297
140,297
140,297
312,297
479,297
0,298
114,298
140,298
141,298
306,298
479,298
0,299
115,299
146,299
147,299
302,299
479,299
0,300
116,300
140,300
143,300
145,300
152,300
295,300
479,300
0,301
121,301
141,301
143,301
145,301
158,301
160,301
161,301
283,301
284,301
288,301
479,301
0,302
124,302
126,302
126,302
140,302
155,302
157,302
160,302
282,302
479,302
0,303
135,303
138,303
157,303
160,303
172,303
185,303
186,303
280,303
479,303
0,304
195,304
272,304
479,304
0,305
195,305
272,305
479,305
0,306
195,306
256,306
479,306
0,307
195,307
254,307
479,307
0,308
195,308
246,308
479,308
0,309
195,309
246,309
479,309
0,310
195,310
245,310
479,310
0,311
195,311
245,311
479,311
0,312
195,312
244,312
479,312
0,313
195,313
244,313
479,313
0,314
195,314
243,314
479,314
0,315
195,315
243,315
479,315
0,316
195,316
243,316
479,316
0,317
195,317
243,317
479,317
0,318
195,318
243,318
479,318
0,319
195,319
243,319
479,319
0,320
194,320
242,320
479,320
0,321
194,321
242,321
479,321
0,322
194,322
242,322
479,322
0,323
194,323
242,323
479,323
0,324
194,324
242,324
479,324
0,325
194,325
242,325
479,325
0,326
194,326
242,326
479,326
0,327
194,327
242,327
479,327
0,328
194,328
242,328
479,328
0,329
194,329
241,329
479,329
0,330
194,330
241,330
479,330
0,331
194,331
241,331
479,331
0,332
194,332
241,332
479,332
0,333
194,333
241,333
479,333
0,334
194,334
241,334
479,334
0,335
194,335
241,335
479,335
0,336
194,336
241,336
479,336
0,337
194,337
241,337
479,337
0,338
195,338
241,338
479,338
0,339
195,339
241,339
479,339
0,340
195,340
241,340
479,340
0,341
195,341
241,341
479,341
0,342
195,342
241,342
479,342
0,343
195,343
241,343
479,343
0,344
195,344
242,344
479,344
0,345
195,345
242,345
479,345
0,346
195,346
242,346
479,346
0,347
195,347
242,347
479,347
0,348
195,348
242,348
479,348
0,349
195,349
242,349
479,349
0,350
196,350
242,350
479,350
0,351
196,351
242,351
479,351
0,352
197,352
241,352
479,352
0,353
197,353
241,353
479,353
0,354
197,354
241,354
479,354
0,355
197,355
241,355
479,355
0,356
197,356
241,356
479,356
0,357
197,357
241,357
479,357
0,358
197,358
241,358
479,358
0,359
197,359
241,359
479,359
