0,0
479,0
0,1
479,1
0,2
479,2
0,3
479,3
0,4
479,4
0,5
479,5
0,6
479,6
0,7
479,7
0,8
479,8
0,9
479,9
0,10
479,10
0,11
479,11
0,12
479,12
0,13
479,13
0,14
479,14
0,15
479,15
0,16
479,16
0,17
479,17
0,18
479,18
0,19
479,19
0,20
479,20
0,21
479,21
0,22
479,22
0,23
479,23
0,24
479,24
0,25
479,25
0,26
479,26
0,27
479,27
0,28
479,28
0,29
200,29
204,29
204,29
207,29
479,29
0,30
199,30
207,30
479,30
0,31
198,31
208,31
479,31
0,32
198,32
208,32
479,32
0,33
198,33
210,33
479,33
0,34
198,34
210,34
479,34
0,35
198,35
209,35
337,35
339,35
340,35
344,35
479,35
0,36
198,36
210,36
339,36
343,36
479,36
0,37
198,37
211,37
338,37
343,37
479,37
0,38
198,38
212,38
337,38
343,38
479,38
0,39
198,39
214,39
336,39
343,39
479,39
0,40
198,40
214,40
334,40
342,40
479,40
0,41
199,41
214,41
334,41
342,41
342,41
344,41
479,41
0,42
199,42
215,42
333,42
342,42
342,42
344,42
479,42
0,43
199,43
216,43
332,43
342,43
479,43
0,44
199,44
217,44
331,44
341,44
479,44
0,45
199,45
218,45
331,45
341,45
479,45
0,46
199,46
218,46
330,46
341,46
479,46
0,47
199,47
220,47
329,47
341,47
479,47
0,48
199,48
221,48
328,48
341,48
479,48
0,49
200,49
222,49
328,49
341,49
479,49
0,50
200,50
223,50
324,50
326,50
327,50
341,50
479,50
0,51
200,51
223,51
323,51
326,51
326,51
341,51
479,51
0,52
200,52
223,52
325,52
341,52
479,52
0,53
200,53
224,53
268,53
280,53
288,53
290,53
325,53
341,53
479,53
0,54
200,54
225,54
324,54
341,54
479,54
0,55
200,55
227,55
238,55
240,55
248,55
280,55
323,55
341,55
479,55
0,56
201,56
226,56
232,56
302,56
322,56
340,56
479,56
0,57
199,57
201,57
201,57
227,57
229,57
307,57
321,57
340,57
479,57
0,58
199,58
201,58
201,58
310,58
320,58
340,58
479,58
0,59
199,59
201,59
202,59
311,59
316,59
340,59
479,59
0,60
201,60
312,60
315,60
340,60
479,60
0,61
187,61
189,61
189,61
340,61
479,61
0,62
186,62
340,62
479,62
0,63
185,63
340,63
479,63
0,64
185,64
340,64
479,64
0,65
185,65
339,65
479,65
0,66
185,66
341,66
479,66
0,67
186,67
341,67
479,67
0,68
187,68
342,68
479,68
0,69
187,69
343,69
479,69
0,70
189,70
343,70
479,70
0,71
190,71
343,71
479,71
0,72
190,72
345,72
479,72
0,73
191,73
346,73
479,73
0,74
193,74
346,74
479,74
0,75
193,75
344,75
344,75
346,75
479,75
0,76
194,76
346,76
479,76
0,77
194,77
196,77
196,77
345,77
479,77
0,78
197,78
345,78
479,78
0,79
198,79
351,79
479,79
0,80
194,80
351,80
479,80
0,81
195,81
354,81
479,81
0,82
194,82
358,82
479,82
0,83
193,83
360,83
479,83
0,84
192,84
363,84
367,84
369,84
479,84
0,85
191,85
367,85
479,85
0,86
190,86
370,86
479,86
0,87
189,87
372,87
479,87
0,88
188,88
374,88
479,88
0,89
186,89
375,89
479,89
0,90
186,90
375,90
479,90
0,91
185,91
375,91
479,91
0,92
184,92
374,92
479,92
0,93
183,93
370,93
479,93
0,94
182,94
368,94
479,94
0,95
182,95
366,95
369,95
371,95
479,95
0,96
181,96
362,96
479,96
0,97
180,97
359,97
479,97
0,98
179,98
356,98
479,98
0,99
178,99
353,99
479,99
0,100
177,100
349,100
479,100
0,101
176,101
351,101
351,101
353,101
479,101
0,102
175,102
352,102
479,102
0,103
175,103
353,103
479,103
0,104
174,104
353,104
479,104
0,105
174,105
354,105
479,105
0,106
174,106
354,106
479,106
0,107
174,107
354,107
479,107
0,108
174,108
182,108
187,108
352,108
479,108
0,109
190,109
351,109
479,109
0,110
194,110
349,110
479,110
0,111
202,111
345,111
479,111
0,112
207,112
339,112
479,112
0,113
215,113
332,113
479,113
0,114
214,114
321,114
322,114
324,114
479,114
0,115
214,115
321,115
479,115
0,116
214,116
322,116
322,116
324,116
479,116
0,117
213,117
322,117
479,117
0,118
213,118
322,118
479,118
0,119
213,119
323,119
479,119
0,120
213,120
323,120
479,120
0,121
213,121
323,121
479,121
0,122
213,122
323,122
479,122
0,123
213,123
324,123
479,123
0,124
213,124
323,124
479,124
0,125
213,125
323,125
479,125
0,126
213,126
323,126
479,126
0,127
213,127
323,127
479,127
0,128
213,128
323,128
479,128
0,129
213,129
323,129
479,129
0,130
213,130
323,130
479,130
0,131
213,131
323,131
479,131
0,132
213,132
322,132
479,132
0,133
212,133
322,133
479,133
0,134
212,134
322,134
479,134
0,135
213,135
322,135
479,135
0,136
213,136
322,136
479,136
0,137
213,137
322,137
479,137
0,138
213,138
322,138
479,138
0,139
213,139
322,139
479,139
0,140
213,140
323,140
479,140
0,141
213,141
323,141
479,141
0,142
213,142
323,142
479,142
0,143
213,143
323,143
479,143
0,144
214,144
323,144
479,144
0,145
214,145
323,145
479,145
0,146
214,146
323,146
479,146
0,147
214,147
323,147
479,147
0,148
215,148
323,148
479,148
0,149
215,149
323,149
479,149
0,150
215,150
323,150
479,150
0,151
215,151
323,151
479,151
0,152
216,152
323,152
479,152
0,153
216,153
323,153
479,153
0,154
216,154
323,154
479,154
0,155
217,155
323,155
479,155
0,156
217,156
323,156
479,156
0,157
217,157
323,157
479,157
0,158
217,158
323,158
479,158
0,159
217,159
323,159
479,159
0,160
217,160
323,160
479,160
0,161
217,161
323,161
479,161
0,162
217,162
324,162
479,162
0,163
217,163
324,163
479,163
0,164
217,164
324,164
479,164
0,165
217,165
324,165
479,165
0,166
217,166
324,166
479,166
0,167
217,167
324,167
479,167
0,168
217,168
324,168
479,168
0,169
217,169
324,169
479,169
0,170
216,170
324,170
479,170
0,171
216,171
324,171
479,171
0,172
216,172
324,172
479,172
0,173
216,173
324,173
479,173
0,174
216,174
324,174
479,174
0,175
216,175
324,175
479,175
0,176
216,176
325,176
479,176
0,177
216,177
325,177
479,177
0,178
216,178
325,178
479,178
0,179
216,179
325,179
479,179
0,180
216,180
325,180
479,180
0,181
216,181
325,181
479,181
0,182
216,182
325,182
479,182
0,183
216,183
325,183
479,183
0,184
216,184
325,184
479,184
0,185
216,185
325,185
479,185
0,186
216,186
325,186
479,186
0,187
216,187
325,187
479,187
0,188
216,188
325,188
479,188
0,189
216,189
325,189
479,189
0,190
215,190
325,190
479,190
0,191
215,191
325,191
479,191
0,192
215,192
325,192
479,192
0,193
215,193
325,193
479,193
0,194
215,194
325,194
479,194
0,195
215,195
325,195
479,195
0,196
215,196
325,196
479,196
0,197
215,197
325,197
479,197
0,198
215,198
325,198
479,198
0,199
215,199
325,199
479,199
0,200
215,200
325,200
479,200
0,201
215,201
325,201
479,201
0,202
213,202
325,202
479,202
0,203
208,203
325,203
479,203
0,204
203,204
325,204
479,204
0,205
201,205
325,205
479,205
0,206
198,206
324,206
479,206
0,207
196,207
324,207
479,207
0,208
195,208
324,208
479,208
0,209
193,209
324,209
479,209
0,210
191,210
324,210
479,210
0,211
191,211
325,211
479,211
0,212
188,212
325,212
479,212
0,213
187,213
326,213
479,213
0,214
188,214
327,214
479,214
0,215
184,215
186,215
186,215
328,215
479,215
0,216
186,216
329,216
479,216
0,217
185,217
329,217
479,217
0,218
184,218
329,218
479,218
0,219
183,219
330,219
479,219
0,220
182,220
330,220
479,220
0,221
181,221
331,221
479,221
0,222
180,222
332,222
479,222
0,223
179,223
332,223
479,223
0,224
178,224
332,224
479,224
0,225
177,225
333,225
479,225
0,226
176,226
333,226
479,226
0,227
176,227
334,227
479,227
0,228
175,228
334,228
479,228
0,229
174,229
334,229
479,229
0,230
173,230
335,230
479,230
0,231
172,231
335,231
479,231
0,232
170,232
172,232
172,232
336,232
479,232
0,233
170,233
336,233
479,233
0,234
170,234
337,234
479,234
0,235
169,235
337,235
479,235
0,236
169,236
338,236
479,236
0,237
169,237
338,237
479,237
0,238
168,238
339,238
479,238
0,239
167,239
339,239
479,239
0,240
167,240
340,240
479,240
0,241
167,241
340,241
479,241
0,242
166,242
341,242
479,242
0,243
166,243
341,243
479,243
0,244
166,244
341,244
479,244
0,245
166,245
342,245
479,245
0,246
165,246
342,246
479,246
0,247
165,247
343,247
479,247
0,248
165,248
343,248
479,248
0,249
165,249
343,249
479,249
0,250
165,250
344,250
479,250
0,251
165,251
344,251
479,251
0,252
165,252
344,252
479,252
0,253
166,253
344,253
479,253
0,254
166,254
344,254
479,254
0,255
166,255
345,255
479,255
0,256
167,256
344,256
479,256
0,257
167,257
345,257
479,257
0,258
166,258
345,258
479,258
0,259
165,259
345,259
479,259
0,260
164,260
345,260
479,260
0,261
164,261
345,261
479,261
0,262
163,262
344,262
479,262
0,263
163,263
344,263
479,263
0,264
163,264
344,264
479,264
0,265
162,265
343,265
479,265
0,266
162,266
343,266
479,266
0,267
161,267
342,267
479,267
0,268
159,268
342,268
479,268
0,269
158,269
341,269
479,269
0,270
158,270
340,270
479,270
0,271
157,271
340,271
479,271
0,272
157,272
339,272
479,272
0,273
156,273
338,273
479,273
0,274
156,274
337,274
479,274
0,275
157,275
338,275
479,275
0,276
157,276
210,276
211,276
338,276
479,276
0,277
158,277
210,277
210,277
338,277
479,277
0,278
158,278
209,278
210,278
338,278
479,278
0,279
158,279
210,279
210,279
339,279
479,279
0,280
159,280
210,280
210,280
339,280
479,280
0,281
158,281
209,281
210,281
339,281
479,281
0,282
158,282
208,282
210,282
339,282
479,282
0,283
157,283
208,283
208,283
210,283
210,283
339,283
479,283
0,284
157,284
208,284
210,284
339,284
479,284
0,285
157,285
207,285
210,285
339,285
479,285
0,286
156,286
207,286
210,286
339,286
479,286
0,287
156,287
206,287
210,287
339,287
479,287
0,288
156,288
206,288
210,288
339,288
479,288
0,289
155,289
205,289
205,289
208,289
210,289
338,289
479,289
0,290
154,290
338,290
479,290
0,291
154,291
338,291
479,291
0,292
154,292
338,292
479,292
0,293
154,293
338,293
479,293
0,294
153,294
337,294
479,294
0,295
152,295
337,295
479,295
0,296
152,296
337,296
479,296
0,297
151,297
337,297
479,297
0,298
151,298
337,298
479,298
0,299
151,299
337,299
479,299
0,300
151,300
338,300
479,300
0,301
150,301
338,301
479,301
0,302
150,302
338,302
479,302
0,303
149,303
339,303
479,303
0,304
149,304
339,304
479,304
0,305
149,305
338,305
479,305
0,306
148,306
338,306
479,306
0,307
148,307
339,307
479,307
0,308
148,308
339,308
479,308
0,309
147,309
339,309
479,309
0,310
147,310
339,310
479,310
0,311
147,311
339,311
479,311
0,312
146,312
339,312
339,312
341,312
479,312
0,313
146,313
339,313
339,313
341,313
479,313
0,314
146,314
341,314
479,314
0,315
146,315
340,315
479,315
0,316
146,316
340,316
479,316
0,317
146,317
340,317
479,317
0,318
146,318
340,318
479,318
0,319
146,319
340,319
479,319
0,320
146,320
340,320
342,320
344,320
479,320
0,321
147,321
340,321
479,321
0,322
147,322
343,322
343,322
345,322
352,322
354,322
479,322
0,323
147,323
349,323
352,323
355,323
479,323
0,324
147,324
353,324
479,324
0,325
148,325
354,325
479,325
0,326
148,326
354,326
479,326
0,327
148,327
354,327
479,327
0,328
149,328
354,328
479,328
0,329
149,329
354,329
479,329
0,330
149,330
211,330
211,330
354,330
479,330
0,331
149,331
151,331
151,331
208,331
212,331
354,331
479,331
0,332
150,332
207,332
207,332
209,332
212,332
354,332
479,332
0,333
150,333
200,333
208,333
210,333
212,333
353,333
479,333
0,334
151,334
198,334
212,334
353,334
479,334
0,335
154,335
197,335
212,335
353,335
479,335
0,336
154,336
192,336
213,336
353,336
479,336
0,337
154,337
156,337
156,337
189,337
213,337
352,337
479,337
0,338
157,338
185,338
213,338
352,338
479,338
0,339
158,339
184,339
213,339
352,339
479,339
0,340
161,340
178,340
213,340
351,340
479,340
0,341
166,341
174,341
214,341
351,341
479,341
0,342
163,342
167,342
169,342
172,342
212,342
350,342
479,342
0,343
207,343
349,343
479,343
0,344
190,344
192,344
194,344
197,344
200,344
349,344
479,344
0,345
194,345
348,345
479,345
0,346
190,346
347,346
479,346
0,347
187,347
347,347
479,347
0,348
178,348
181,348
185,348
348,348
479,348
0,349
182,349
348,349
479,349
0,350
179,350
348,350
479,350
0,351
178,351
348,351
479,351
0,352
176,352
348,352
479,352
0,353
173,353
348,353
479,353
0,354
172,354
348,354
479,354
0,355
171,355
349,355
479,355
0,356
171,356
349,356
479,356
0,357
171,357
349,357
479,357
0,358
171,358
349,358
479,358
0,359
172,359
349,359
479,359
