0,0
479,0
0,1
479,1
0,2
479,2
0,3
479,3
0,4
479,4
0,5
479,5
0,6
479,6
0,7
479,7
0,8
479,8
0,9
479,9
0,10
479,10
0,11
479,11
0,12
479,12
0,13
479,13
0,14
479,14
0,15
479,15
0,16
479,16
0,17
479,17
0,18
479,18
0,19
479,19
0,20
479,20
0,21
479,21
0,22
479,22
0,23
479,23
0,24
229,24
233,24
479,24
0,25
228,25
234,25
479,25
0,26
227,26
234,26
479,26
0,27
227,27
234,27
479,27
0,28
220,28
226,28
226,28
234,28
479,28
0,29
220,29
234,29
479,29
0,30
216,30
234,30
479,30
0,31
215,31
234,31
479,31
0,32
214,32
234,32
479,32
0,33
213,33
234,33
479,33
0,34
211,34
234,34
479,34
0,35
211,35
234,35
479,35
0,36
207,36
210,36
210,36
234,36
479,36
0,37
167,37
170,37
175,37
184,37
207,37
209,37
209,37
233,37
479,37
0,38
167,38
185,38
209,38
233,38
479,38
0,39
169,39
187,39
208,39
233,39
479,39
0,40
168,40
192,40
205,40
208,40
208,40
232,40
479,40
0,41
168,41
205,41
206,41
232,41
479,41
0,42
168,42
206,42
206,42
231,42
479,42
0,43
168,43
231,43
479,43
0,44
169,44
204,44
204,44
231,44
479,44
0,45
169,45
231,45
479,45
0,46
169,46
231,46
479,46
0,47
170,47
231,47
479,47
0,48
170,48
232,48
479,48
0,49
168,49
170,49
171,49
232,49
479,49
0,50
167,50
171,50
171,50
232,50
479,50
0,51
166,51
232,51
479,51
0,52
165,52
172,52
172,52
242,52
479,52
0,53
165,53
172,53
172,53
248,53
479,53
0,54
164,54
251,54
479,54
0,55
164,55
255,55
255,55
257,55
479,55
0,56
164,56
260,56
271,56
280,56
479,56
0,57
164,57
266,57
271,57
281,57
479,57
0,58
164,58
269,58
271,58
285,58
479,58
0,59
165,59
271,59
271,59
285,59
479,59
0,60
165,60
175,60
175,60
289,60
479,60
0,61
166,61
290,61
479,61
0,62
166,62
293,62
479,62
0,63
166,63
307,63
310,63
312,63
479,63
0,64
167,64
314,64
479,64
0,65
167,65
315,65
479,65
0,66
167,66
316,66
479,66
0,67
167,67
317,67
479,67
0,68
168,68
312,68
479,68
0,69
168,69
315,69
479,69
0,70
167,70
322,70
479,70
0,71
166,71
326,71
479,71
0,72
163,72
330,72
479,72
0,73
160,73
330,73
479,73
0,74
158,74
332,74
479,74
0,75
152,75
155,75
157,75
332,75
479,75
0,76
154,76
332,76
479,76
0,77
153,77
331,77
479,77
0,78
151,78
330,78
479,78
0,79
150,79
329,79
479,79
0,80
149,80
328,80
479,80
0,81
147,81
328,81
479,81
0,82
146,82
328,82
479,82
0,83
145,83
327,83
479,83
0,84
147,84
327,84
479,84
0,85
149,85
327,85
479,85
0,86
146,86
326,86
479,86
0,87
146,87
326,87
479,87
0,88
146,88
326,88
479,88
0,89
146,89
327,89
479,89
0,90
145,90
327,90
479,90
0,91
145,91
327,91
479,91
0,92
145,92
327,92
479,92
0,93
145,93
327,93
479,93
0,94
146,94
327,94
479,94
0,95
147,95
327,95
479,95
0,96
144,96
327,96
479,96
0,97
146,97
327,97
479,97
0,98
150,98
327,98
479,98
0,99
149,99
327,99
479,99
0,100
149,100
327,100
479,100
0,101
149,101
327,101
479,101
0,102
149,102
328,102
479,102
0,103
149,103
328,103
479,103
0,104
151,104
328,104
479,104
0,105
152,105
329,105
479,105
0,106
153,106
330,106
479,106
0,107
154,107
330,107
479,107
0,108
158,108
331,108
479,108
0,109
164,109
331,109
479,109
0,110
165,110
332,110
479,110
0,111
166,111
332,111
479,111
0,112
165,112
331,112
479,112
0,113
162,113
166,113
166,113
331,113
479,113
0,114
159,114
332,114
479,114
0,115
158,115
331,115
479,115
0,116
157,116
332,116
479,116
0,117
156,117
334,117
479,117
0,118
87,118
93,118
107,118
109,118
153,118
334,118
479,118
0,119
87,119
94,119
95,119
98,119
107,119
109,119
109,119
124,119
152,119
335,119
479,119
0,120
78,120
100,120
102,120
104,120
106,120
130,120
130,120
132,120
151,120
335,120
479,120
0,121
73,121
101,121
103,121
105,121
105,121
134,121
149,121
336,121
479,121
0,122
67,122
101,122
102,122
138,122
147,122
338,122
479,122
0,123
66,123
100,123
101,123
139,123
147,123
337,123
479,123
0,124
66,124
97,124
98,124
144,124
145,124
339,124
479,124
0,125
65,125
97,125
97,125
146,125
147,125
299,125
299,125
301,125
302,125
339,125
479,125
0,126
64,126
96,126
96,126
296,126
302,126
340,126
479,126
0,127
63,127
295,127
303,127
340,127
479,127
0,128
62,128
295,128
306,128
330,128
335,128
337,128
479,128
0,129
61,129
295,129
311,129
328,129
479,129
0,130
60,130
296,130
317,130
327,130
479,130
0,131
59,131
296,131
479,131
0,132
59,132
296,132
479,132
0,133
58,133
296,133
479,133
0,134
57,134
296,134
479,134
0,135
56,135
296,135
479,135
0,136
55,136
296,136
479,136
0,137
54,137
295,137
479,137
0,138
53,138
295,138
479,138
0,139
52,139
295,139
479,139
0,140
51,140
293,140
479,140
0,141
50,141
294,141
479,141
0,142
50,142
81,142
81,142
294,142
479,142
0,143
49,143
80,143
80,143
294,143
479,143
0,144
49,144
294,144
479,144
0,145
49,145
294,145
479,145
0,146
49,146
293,146
479,146
0,147
49,147
293,147
479,147
0,148
49,148
292,148
479,148
0,149
49,149
76,149
76,149
292,149
479,149
0,150
48,150
76,150
76,150
292,150
479,150
0,151
47,151
292,151
479,151
0,152
46,152
292,152
479,152
0,153
46,153
292,153
479,153
0,154
45,154
292,154
479,154
0,155
45,155
292,155
479,155
0,156
45,156
293,156
479,156
0,157
45,157
293,157
479,157
0,158
45,158
293,158
479,158
0,159
45,159
293,159
479,159
0,160
45,160
293,160
479,160
0,161
44,161
293,161
479,161
0,162
44,162
293,162
479,162
0,163
44,163
294,163
479,163
0,164
44,164
294,164
479,164
0,165
44,165
293,165
479,165
0,166
44,166
293,166
479,166
0,167
43,167
293,167
479,167
0,168
43,168
293,168
479,168
0,169
43,169
293,169
479,169
0,170
42,170
293,170
479,170
0,171
42,171
294,171
479,171
0,172
42,172
294,172
479,172
0,173
42,173
294,173
479,173
0,174
41,174
126,174
130,174
148,174
151,174
294,174
479,174
0,175
41,175
125,175
151,175
294,175
479,175
0,176
41,176
123,176
150,176
294,176
479,176
0,177
41,177
123,177
150,177
294,177
479,177
0,178
41,178
122,178
150,178
294,178
479,178
0,179
40,179
122,179
150,179
294,179
479,179
0,180
39,180
122,180
151,180
294,180
479,180
0,181
39,181
121,181
153,181
294,181
479,181
0,182
39,182
121,182
156,182
294,182
479,182
0,183
38,183
121,183
158,183
294,183
479,183
0,184
37,184
120,184
159,184
294,184
479,184
0,185
37,185
118,185
159,185
294,185
479,185
0,186
36,186
117,186
161,186
294,186
479,186
0,187
36,187
117,187
162,187
294,187
479,187
0,188
36,188
116,188
165,188
294,188
479,188
0,189
36,189
114,189
167,189
294,189
479,189
0,190
36,190
113,190
169,190
295,190
479,190
0,191
36,191
112,191
169,191
295,191
479,191
0,192
36,192
111,192
171,192
295,192
479,192
0,193
36,193
111,193
172,193
295,193
479,193
0,194
36,194
110,194
171,194
295,194
479,194
0,195
35,195
110,195
171,195
295,195
479,195
0,196
35,196
109,196
127,196
145,196
171,196
295,196
479,196
0,197
35,197
109,197
127,197
150,197
171,197
296,197
479,197
0,198
35,198
109,198
127,198
153,198
171,198
296,198
479,198
0,199
35,199
108,199
127,199
155,199
171,199
296,199
479,199
0,200
35,200
108,200
123,200
160,200
171,200
296,200
479,200
0,201
35,201
107,201
121,201
123,201
123,201
160,201
164,201
296,201
479,201
0,202
35,202
106,202
119,202
296,202
479,202
0,203
35,203
106,203
121,203
296,203
479,203
0,204
35,204
106,204
111,204
120,204
120,204
295,204
479,204
0,205
35,205
106,205
110,205
119,205
119,205
296,205
479,205
0,206
35,206
107,206
108,206
118,206
118,206
297,206
479,206
0,207
35,207
297,207
479,207
0,208
35,208
297,208
479,208
0,209
35,209
298,209
479,209
0,210
35,210
298,210
479,210
0,211
35,211
296,211
479,211
0,212
36,212
296,212
479,212
0,213
36,213
297,213
479,213
0,214
36,214
297,214
479,214
0,215
36,215
297,215
479,215
0,216
36,216
298,216
479,216
0,217
37,217
299,217
479,217
0,218
37,218
299,218
479,218
0,219
37,219
300,219
479,219
0,220
37,220
93,220
93,220
301,220
479,220
0,221
37,221
301,221
479,221
0,222
37,222
302,222
479,222
0,223
37,223
301,223
479,223
0,224
37,224
303,224
479,224
0,225
39,225
304,225
479,225
0,226
39,226
304,226
479,226
0,227
39,227
304,227
479,227
0,228
39,228
44,228
44,228
305,228
479,228
0,229
39,229
306,229
479,229
0,230
39,230
306,230
479,230
0,231
39,231
307,231
479,231
0,232
39,232
307,232
479,232
0,233
39,233
307,233
479,233
0,234
39,234
308,234
479,234
0,235
39,235
41,235
41,235
309,235
479,235
0,236
39,236
41,236
41,236
309,236
479,236
0,237
39,237
310,237
479,237
0,238
39,238
311,238
479,238
0,239
39,239
311,239
479,239
0,240
40,240
311,240
479,240
0,241
40,241
313,241
479,241
0,242
40,242
313,242
479,242
0,243
40,243
313,243
479,243
0,244
40,244
314,244
479,244
0,245
40,245
314,245
479,245
0,246
40,246
314,246
479,246
0,247
40,247
314,247
479,247
0,248
40,248
314,248
479,248
0,249
40,249
315,249
479,249
0,250
40,250
315,250
479,250
0,251
40,251
170,251
172,251
315,251
479,251
0,252
40,252
169,252
172,252
315,252
479,252
0,253
40,253
167,253
171,253
315,253
479,253
0,254
40,254
166,254
171,254
315,254
479,254
0,255
40,255
163,255
171,255
315,255
479,255
0,256
40,256
163,256
170,256
315,256
479,256
0,257
40,257
161,257
170,257
315,257
479,257
0,258
41,258
158,258
171,258
315,258
479,258
0,259
41,259
159,259
171,259
315,259
315,259
317,259
479,259
0,260
41,260
132,260
132,260
158,260
170,260
316,260
479,260
0,261
42,261
133,261
134,261
154,261
170,261
316,261
479,261
0,262
42,262
131,262
134,262
151,262
170,262
314,262
479,262
0,263
43,263
130,263
141,263
149,263
169,263
313,263
479,263
0,264
44,264
129,264
169,264
313,264
479,264
0,265
44,265
95,265
95,265
127,265
169,265
312,265
479,265
0,266
44,266
127,266
169,266
312,266
479,266
0,267
44,267
126,267
169,267
311,267
479,267
0,268
44,268
110,268
111,268
113,268
113,268
125,268
169,268
310,268
479,268
0,269
45,269
107,269
113,269
124,269
169,269
309,269
479,269
0,270
45,270
105,270
115,270
122,270
169,270
309,270
479,270
0,271
45,271
103,271
118,271
120,271
169,271
309,271
479,271
0,272
46,272
99,272
169,272
309,272
479,272
0,273
46,273
98,273
169,273
310,273
479,273
0,274
47,274
95,274
169,274
310,274
479,274
0,275
47,275
93,275
169,275
310,275
479,275
0,276
48,276
91,276
169,276
310,276
479,276
0,277
50,277
88,277
169,277
311,277
479,277
0,278
50,278
86,278
169,278
311,278
479,278
0,279
51,279
84,279
169,279
312,279
479,279
0,280
53,280
81,280
169,280
312,280
479,280
0,281
55,281
79,281
169,281
312,281
479,281
0,282
57,282
69,282
169,282
312,282
479,282
0,283
168,283
312,283
479,283
0,284
168,284
312,284
479,284
0,285
168,285
312,285
479,285
0,286
168,286
312,286
479,286
0,287
168,287
311,287
479,287
0,288
168,288
312,288
479,288
0,289
168,289
312,289
479,289
0,290
168,290
312,290
479,290
0,291
168,291
313,291
479,291
0,292
168,292
314,292
479,292
0,293
168,293
314,293
479,293
0,294
168,294
314,294
479,294
0,295
168,295
314,295
479,295
0,296
167,296
173,296
173,296
314,296
479,296
0,297
167,297
173,297
173,297
314,297
479,297
0,298
167,298
173,298
173,298
314,298
479,298
0,299
167,299
173,299
173,299
314,299
479,299
0,300
166,300
173,300
173,300
315,300
479,300
0,301
166,301
173,301
173,301
315,301
479,301
0,302
165,302
173,302
173,302
315,302
479,302
0,303
165,303
173,303
173,303
315,303
479,303
0,304
165,304
173,304
173,304
315,304
479,304
0,305
165,305
173,305
173,305
315,305
479,305
0,306
165,306
173,306
173,306
315,306
479,306
0,307
165,307
173,307
173,307
315,307
479,307
0,308
165,308
172,308
173,308
316,308
479,308
0,309
165,309
172,309
173,309
316,309
479,309
0,310
165,310
172,310
173,310
316,310
479,310
0,311
165,311
172,311
173,311
317,311
479,311
0,312
165,312
172,312
173,312
316,312
479,312
0,313
165,313
170,313
170,313
172,313
173,313
317,313
479,313
0,314
165,314
170,314
170,314
172,314
173,314
317,314
479,314
0,315
165,315
170,315
170,315
172,315
173,315
317,315
479,315
0,316
165,316
170,316
170,316
172,316
173,316
317,316
479,316
0,317
165,317
170,317
170,317
172,317
173,317
318,317
479,317
0,318
165,318
170,318
170,318
172,318
173,318
318,318
479,318
0,319
165,319
170,319
170,319
172,319
173,319
318,319
479,319
0,320
165,320
169,320
173,320
318,320
479,320
0,321
166,321
168,321
173,321
319,321
479,321
0,322
173,322
319,322
479,322
0,323
173,323
319,323
479,323
0,324
163,324
165,324
171,324
173,324
173,324
319,324
479,324
0,325
173,325
320,325
479,325
0,326
173,326
320,326
321,326
323,326
479,326
0,327
173,327
320,327
320,327
323,327
479,327
0,328
173,328
323,328
479,328
0,329
173,329
323,329
479,329
0,330
174,330
176,330
177,330
323,330
479,330
0,331
177,331
323,331
479,331
0,332
177,332
323,332
479,332
0,333
178,333
324,333
479,333
0,334
178,334
324,334
479,334
0,335
179,335
324,335
479,335
0,336
179,336
324,336
479,336
0,337
179,337
324,337
479,337
0,338
165,338
167,338
171,338
174,338
179,338
324,338
479,338
0,339
155,339
161,339
162,339
167,339
170,339
177,339
179,339
324,339
479,339
0,340
154,340
324,340
479,340
0,341
153,341
324,341
324,341
326,341
479,341
0,342
145,342
324,342
324,342
326,342
479,342
0,343
143,343
324,343
324,343
326,343
479,343
0,344
143,344
324,344
324,344
326,344
479,344
0,345
138,345
326,345
479,345
0,346
136,346
327,346
479,346
0,347
137,347
327,347
479,347
0,348
136,348
327,348
479,348
0,349
135,349
326,349
479,349
0,350
135,350
326,350
479,350
0,351
133,351
326,351
479,351
0,352
133,352
327,352
479,352
0,353
133,353
327,353
479,353
0,354
133,354
327,354
479,354
0,355
135,355
327,355
479,355
0,356
135,356
327,356
479,356
0,357
135,357
328,357
479,357
0,358
135,358
328,358
479,358
0,359
135,359
328,359
479,359
