0,0
479,0
0,1
479,1
0,2
479,2
0,3
479,3
0,4
479,4
0,5
479,5
0,6
479,6
0,7
479,7
0,8
479,8
0,9
479,9
0,10
479,10
0,11
479,11
0,12
479,12
0,13
479,13
0,14
479,14
0,15
479,15
0,16
479,16
0,17
479,17
0,18
479,18
0,19
479,19
0,20
479,20
0,21
479,21
0,22
479,22
0,23
479,23
0,24
479,24
0,25
479,25
0,26
479,26
0,27
479,27
0,28
479,28
0,29
479,29
0,30
479,30
0,31
479,31
0,32
479,32
0,33
479,33
0,34
479,34
0,35
479,35
0,36
479,36
0,37
479,37
0,38
479,38
0,39
479,39
0,40
479,40
0,41
284,41
287,41
479,41
0,42
287,42
294,42
479,42
0,43
285,43
294,43
479,43
0,44
283,44
294,44
479,44
0,45
279,45
281,45
283,45
294,45
479,45
0,46
280,46
293,46
479,46
0,47
279,47
293,47
479,47
0,48
278,48
293,48
479,48
0,49
255,49
260,49
276,49
293,49
479,49
0,50
253,50
264,50
264,50
270,50
274,50
293,50
479,50
0,51
165,51
171,51
252,51
272,51
273,51
293,51
479,51
0,52
164,52
166,52
167,52
169,52
251,52
292,52
479,52
0,53
163,53
171,53
226,53
228,53
250,53
292,53
479,53
0,54
164,54
173,54
228,54
240,54
249,54
292,54
479,54
0,55
162,55
174,55
217,55
292,55
479,55
0,56
163,56
174,56
211,56
291,56
479,56
0,57
163,57
176,57
209,57
291,57
479,57
0,58
163,58
176,58
206,58
291,58
479,58
0,59
163,59
177,59
201,59
204,59
204,59
291,59
479,59
0,60
163,60
177,60
200,60
291,60
479,60
0,61
163,61
179,61
198,61
291,61
479,61
0,62
162,62
180,62
196,62
290,62
479,62
0,63
162,63
181,63
193,63
290,63
479,63
0,64
162,64
182,64
187,64
189,64
190,64
192,64
192,64
290,64
479,64
0,65
163,65
182,65
192,65
289,65
479,65
0,66
164,66
184,66
191,66
289,66
290,66
292,66
479,66
0,67
164,67
185,67
187,67
189,67
190,67
289,67
290,67
292,67
479,67
0,68
164,68
185,68
186,68
188,68
189,68
289,68
479,68
0,69
165,69
186,69
188,69
288,69
479,69
0,70
165,70
187,70
187,70
288,70
479,70
0,71
166,71
287,71
479,71
0,72
167,72
286,72
479,72
0,73
167,73
286,73
479,73
0,74
167,74
285,74
286,74
288,74
479,74
0,75
167,75
285,75
286,75
304,75
479,75
0,76
168,76
315,76
479,76
0,77
168,77
320,77
479,77
0,78
169,78
326,78
479,78
0,79
169,79
330,79
479,79
0,80
170,80
333,80
479,80
0,81
171,81
333,81
479,81
0,82
171,82
333,82
479,82
0,83
171,83
333,83
479,83
0,84
170,84
173,84
173,84
333,84
479,84
0,85
173,85
326,85
327,85
329,85
479,85
0,86
174,86
321,86
479,86
0,87
172,87
317,87
479,87
0,88
171,88
173,88
174,88
313,88
479,88
0,89
172,89
307,89
307,89
309,89
479,89
0,90
169,90
304,90
479,90
0,91
166,91
306,91
479,91
0,92
164,92
306,92
479,92
0,93
161,93
307,93
479,93
0,94
160,94
308,94
479,94
0,95
158,95
309,95
479,95
0,96
151,96
153,96
157,96
308,96
479,96
0,97
151,97
153,97
155,97
308,97
479,97
0,98
154,98
308,98
479,98
0,99
152,99
308,99
479,99
0,100
151,100
308,100
479,100
0,101
148,101
150,101
151,101
308,101
479,101
0,102
150,102
307,102
479,102
0,103
149,103
307,103
479,103
0,104
148,104
306,104
479,104
0,105
148,105
305,105
479,105
0,106
148,106
302,106
479,106
0,107
149,107
302,107
479,107
0,108
149,108
301,108
479,108
0,109
147,109
300,109
479,109
0,110
147,110
299,110
479,110
0,111
148,111
297,111
479,111
0,112
148,112
295,112
479,112
0,113
149,113
294,113
479,113
0,114
149,114
292,114
479,114
0,115
150,115
290,115
479,115
0,116
151,116
288,116
479,116
0,117
152,117
286,117
287,117
289,117
479,117
0,118
154,118
287,118
479,118
0,119
155,119
287,119
479,119
0,120
158,120
287,120
479,120
0,121
160,121
288,121
479,121
0,122
160,122
288,122
479,122
0,123
159,123
289,123
479,123
0,124
159,124
289,124
479,124
0,125
11,125
16,125
159,125
289,125
479,125
0,126
10,126
15,126
159,126
289,126
290,126
292,126
479,126
0,127
7,127
17,127
159,127
290,127
479,127
0,128
6,128
18,128
159,128
172,128
172,128
290,128
479,128
0,129
5,129
18,129
159,129
171,129
173,129
290,129
479,129
0,130
4,130
18,130
21,130
24,130
160,130
162,130
162,130
170,130
173,130
291,130
479,130
0,131
3,131
26,131
174,131
291,131
291,131
293,131
479,131
0,132
2,132
27,132
175,132
291,132
479,132
0,133
2,133
27,133
175,133
291,133
479,133
0,134
1,134
27,134
175,134
292,134
479,134
0,135
0,135
26,135
176,135
293,135
479,135
25,136
176,136
292,136
479,136
25,137
177,137
292,137
479,137
24,138
177,138
293,138
479,138
23,139
176,139
178,139
178,139
293,139
479,139
22,140
179,140
293,140
479,140
21,141
179,141
294,141
479,141
21,142
180,142
294,142
479,142
20,143
180,143
294,143
479,143
19,144
181,144
294,144
479,144
18,145
182,145
295,145
479,145
17,146
183,146
296,146
479,146
15,147
183,147
296,147
479,147
16,148
184,148
296,148
479,148
14,149
185,149
296,149
479,149
14,150
185,150
297,150
479,150
16,151
18,151
24,151
185,151
296,151
479,151
27,152
186,152
296,152
479,152
28,153
186,153
297,153
479,153
29,154
186,154
297,154
479,154
30,155
186,155
298,155
479,155
32,156
187,156
298,156
479,156
34,157
187,157
299,157
479,157
35,158
188,158
298,158
479,158
35,159
188,159
298,159
479,159
35,160
188,160
298,160
298,160
300,160
479,160
37,161
189,161
301,161
479,161
38,162
189,162
301,162
479,162
39,163
190,163
301,163
479,163
40,164
190,164
299,164
299,164
301,164
479,164
41,165
191,165
299,165
299,165
301,165
479,165
42,166
191,166
299,166
299,166
301,166
479,166
43,167
191,167
300,167
479,167
44,168
191,168
300,168
479,168
45,169
192,169
300,169
479,169
46,170
191,170
300,170
479,170
46,171
191,171
301,171
479,171
47,172
191,172
194,172
194,172
301,172
479,172
47,173
191,173
302,173
479,173
48,174
191,174
302,174
479,174
48,175
191,175
302,175
479,175
49,176
191,176
302,176
479,176
49,177
191,177
302,177
479,177
49,178
191,178
302,178
479,178
49,179
191,179
302,179
479,179
49,180
192,180
303,180
479,180
49,181
193,181
303,181
479,181
49,182
193,182
303,182
479,182
50,183
193,183
303,183
479,183
50,184
193,184
303,184
479,184
50,185
193,185
304,185
479,185
50,186
192,186
304,186
479,186
50,187
191,187
304,187
479,187
50,188
191,188
304,188
479,188
51,189
191,189
304,189
479,189
51,190
191,190
304,190
479,190
52,191
191,191
305,191
479,191
52,192
193,192
306,192
479,192
52,193
193,193
202,193
202,193
306,193
479,193
52,194
195,194
202,194
202,194
306,194
479,194
0,195
0,195
52,195
195,195
306,195
479,195
0,196
3,196
54,196
191,196
193,196
197,196
306,196
479,196
0,197
4,197
55,197
192,197
194,197
198,197
306,197
479,197
0,198
4,198
55,198
191,198
194,198
194,198
307,198
479,198
0,199
5,199
57,199
191,199
307,199
479,199
0,200
7,200
57,200
159,200
161,200
182,200
307,200
479,200
0,201
8,201
57,201
175,201
307,201
479,201
0,202
9,202
57,202
166,202
308,202
479,202
0,203
11,203
57,203
164,203
308,203
479,203
0,204
12,204
60,204
162,204
308,204
479,204
0,205
13,205
60,205
159,205
309,205
479,205
0,206
14,206
60,206
153,206
309,206
479,206
0,207
15,207
60,207
147,207
309,207
479,207
0,208
15,208
61,208
143,208
310,208
479,208
0,209
15,209
62,209
138,209
310,209
479,209
0,210
16,210
62,210
134,210
310,210
479,210
0,211
17,211
62,211
132,211
311,211
479,211
0,212
18,212
63,212
130,212
311,212
479,212
0,213
18,213
64,213
128,213
311,213
479,213
0,214
18,214
64,214
125,214
311,214
479,214
0,215
19,215
65,215
125,215
312,215
479,215
0,216
20,216
66,216
125,216
312,216
479,216
0,217
20,217
66,217
124,217
312,217
479,217
0,218
20,218
67,218
124,218
313,218
479,218
0,219
20,219
68,219
123,219
313,219
479,219
0,220
21,220
67,220
123,220
313,220
479,220
0,221
21,221
69,221
123,221
313,221
479,221
0,222
21,222
69,222
123,222
313,222
479,222
0,223
21,223
70,223
123,223
314,223
479,223
0,224
22,224
70,224
70,224
72,224
123,224
314,224
479,224
0,225
23,225
71,225
122,225
314,225
479,225
0,226
24,226
71,226
121,226
315,226
479,226
0,227
24,227
72,227
115,227
119,227
119,227
315,227
479,227
0,228
24,228
73,228
115,228
117,228
118,228
315,228
315,228
318,228
479,228
0,229
25,229
74,229
116,229
318,229
479,229
0,230
26,230
74,230
115,230
318,230
479,230
0,231
26,231
75,231
112,231
318,231
479,231
0,232
27,232
75,232
112,232
320,232
479,232
0,233
27,233
76,233
110,233
322,233
479,233
0,234
28,234
76,234
107,234
322,234
479,234
0,235
28,235
76,235
108,235
323,235
479,235
0,236
29,236
78,236
105,236
322,236
479,236
0,237
30,237
78,237
104,237
323,237
323,237
326,237
479,237
0,238
31,238
78,238
105,238
332,238
479,238
0,239
32,239
79,239
101,239
103,239
104,239
330,239
479,239
0,240
32,240
80,240
101,240
103,240
103,240
105,240
105,240
327,240
479,240
0,241
32,241
80,241
100,241
103,241
105,241
327,241
479,241
0,242
32,242
81,242
103,242
326,242
479,242
0,243
33,243
81,243
102,243
326,243
479,243
0,244
35,244
83,244
101,244
326,244
479,244
0,245
35,245
83,245
100,245
326,245
479,245
0,246
36,246
83,246
98,246
327,246
479,246
0,247
37,247
83,247
96,247
183,247
183,247
327,247
479,247
0,248
37,248
84,248
95,248
183,248
183,248
328,248
479,248
0,249
37,249
85,249
95,249
182,249
182,249
328,249
479,249
0,250
38,250
85,250
91,250
93,250
94,250
181,250
181,250
183,250
183,250
328,250
479,250
0,251
38,251
86,251
91,251
93,251
93,251
180,251
183,251
328,251
479,251
0,252
39,252
87,252
92,252
179,252
179,252
182,252
183,252
330,252
479,252
0,253
39,253
87,253
90,253
178,253
181,253
330,253
479,253
0,254
40,254
88,254
89,254
176,254
181,254
331,254
479,254
0,255
40,255
88,255
88,255
176,255
184,255
331,255
479,255
0,256
42,256
175,256
184,256
332,256
479,256
0,257
42,257
174,257
184,257
332,257
479,257
0,258
43,258
172,258
184,258
333,258
479,258
0,259
43,259
171,259
184,259
333,259
479,259
0,260
43,260
170,260
185,260
334,260
479,260
0,261
44,261
168,261
185,261
335,261
479,261
0,262
45,262
167,262
185,262
336,262
479,262
0,263
45,263
165,263
185,263
336,263
479,263
0,264
46,264
149,264
150,264
163,264
185,264
336,264
479,264
0,265
47,265
148,265
153,265
160,265
185,265
337,265
479,265
0,266
47,266
147,266
185,266
337,266
479,266
0,267
47,267
145,267
156,267
158,267
186,267
338,267
479,267
0,268
48,268
144,268
186,268
338,268
479,268
0,269
48,269
143,269
186,269
339,269
479,269
0,270
49,270
142,270
184,270
186,270
186,270
339,270
479,270
0,271
50,271
141,271
184,271
186,271
186,271
340,271
479,271
0,272
51,272
141,272
186,272
342,272
479,272
0,273
51,273
125,273
126,273
139,273
186,273
342,273
479,273
0,274
51,274
124,274
127,274
138,274
184,274
186,274
186,274
342,274
479,274
0,275
52,275
122,275
128,275
135,275
183,275
186,275
186,275
335,275
335,275
342,275
479,275
0,276
53,276
122,276
130,276
134,276
186,276
342,276
479,276
0,277
53,277
119,277
119,277
122,277
186,277
342,277
479,277
0,278
54,278
118,278
186,278
342,278
479,278
0,279
55,279
117,279
186,279
342,279
479,279
0,280
55,280
116,280
186,280
337,280
337,280
339,280
339,280
342,280
479,280
0,281
56,281
113,281
113,281
116,281
187,281
337,281
337,281
342,281
479,281
0,282
56,282
112,282
187,282
338,282
338,282
342,282
479,282
0,283
57,283
110,283
187,283
338,283
338,283
342,283
479,283
0,284
58,284
108,284
187,284
338,284
338,284
342,284
479,284
0,285
59,285
108,285
187,285
338,285
338,285
342,285
479,285
0,286
59,286
104,286
187,286
338,286
479,286
0,287
60,287
103,287
187,287
338,287
479,287
0,288
61,288
101,288
187,288
339,288
479,288
0,289
62,289
100,289
187,289
339,289
479,289
0,290
63,290
99,290
187,290
339,290
479,290
0,291
64,291
97,291
187,291
340,291
479,291
0,292
64,292
94,292
187,292
340,292
479,292
0,293
67,293
92,293
187,293
340,293
479,293
0,294
69,294
87,294
188,294
340,294
479,294
0,295
71,295
82,295
82,295
84,295
188,295
340,295
341,295
344,295
479,295
0,296
78,296
81,296
188,296
341,296
341,296
344,296
479,296
0,297
78,297
80,297
188,297
341,297
341,297
344,297
479,297
0,298
188,298
341,298
479,298
0,299
188,299
342,299
479,299
0,300
188,300
342,300
479,300
0,301
188,301
342,301
479,301
0,302
189,302
342,302
479,302
0,303
189,303
342,303
479,303
0,304
189,304
342,304
479,304
0,305
189,305
342,305
479,305
0,306
189,306
338,306
479,306
0,307
190,307
338,307
479,307
0,308
190,308
336,308
479,308
0,309
190,309
336,309
479,309
0,310
190,310
336,310
479,310
0,311
190,311
336,311
479,311
0,312
190,312
336,312
479,312
0,313
190,313
336,313
479,313
0,314
191,314
336,314
479,314
0,315
191,315
336,315
479,315
0,316
191,316
336,316
479,316
0,317
191,317
336,317
479,317
0,318
192,318
336,318
479,318
0,319
192,319
336,319
479,319
0,320
192,320
337,320
479,320
0,321
192,321
338,321
479,321
0,322
192,322
338,322
479,322
0,323
193,323
338,323
479,323
0,324
193,324
338,324
479,324
0,325
193,325
338,325
479,325
0,326
191,326
194,326
194,326
338,326
479,326
0,327
191,327
338,327
479,327
0,328
191,328
338,328
479,328
0,329
192,329
338,329
479,329
0,330
193,330
338,330
479,330
0,331
193,331
338,331
479,331
0,332
195,332
338,332
479,332
0,333
195,333
338,333
479,333
0,334
196,334
337,334
479,334
0,335
196,335
337,335
479,335
0,336
196,336
337,336
479,336
0,337
197,337
336,337
479,337
0,338
197,338
336,338
479,338
0,339
195,339
197,339
197,339
336,339
479,339
0,340
197,340
336,340
479,340
0,341
197,341
336,341
479,341
0,342
197,342
335,342
479,342
0,343
195,343
197,343
197,343
334,343
479,343
0,344
177,344
332,344
479,344
0,345
168,345
170,345
171,345
332,345
479,345
0,346
162,346
165,346
165,346
332,346
479,346
0,347
161,347
332,347
479,347
0,348
158,348
332,348
479,348
0,349
155,349
333,349
479,349
0,350
152,350
333,350
479,350
0,351
151,351
333,351
479,351
0,352
148,352
333,352
479,352
0,353
145,353
334,353
479,353
0,354
142,354
334,354
479,354
0,355
142,355
335,355
479,355
0,356
141,356
334,356
479,356
0,357
140,357
334,357
479,357
0,358
140,358
335,358
479,358
0,359
140,359
335,359
479,359
