0,0
479,0
0,1
479,1
0,2
479,2
0,3
479,3
0,4
479,4
0,5
479,5
0,6
479,6
0,7
479,7
0,8
479,8
0,9
479,9
0,10
479,10
0,11
479,11
0,12
479,12
0,13
479,13
0,14
479,14
0,15
479,15
0,16
479,16
0,17
479,17
0,18
479,18
0,19
479,19
0,20
479,20
0,21
479,21
0,22
479,22
0,23
479,23
0,24
479,24
0,25
479,25
0,26
479,26
0,27
479,27
0,28
479,28
0,29
479,29
0,30
479,30
0,31
479,31
0,32
479,32
0,33
479,33
0,34
479,34
0,35
479,35
0,36
479,36
0,37
479,37
0,38
479,38
0,39
479,39
0,40
230,40
255,40
479,40
0,41
220,41
259,41
479,41
0,42
214,42
263,42
267,42
269,42
479,42
0,43
212,43
266,43
479,43
0,44
209,44
268,44
479,44
0,45
205,45
270,45
479,45
0,46
204,46
271,46
479,46
0,47
202,47
273,47
479,47
0,48
201,48
274,48
479,48
0,49
199,49
276,49
479,49
0,50
198,50
278,50
479,50
0,51
197,51
278,51
479,51
0,52
195,52
279,52
479,52
0,53
194,53
280,53
479,53
0,54
193,54
281,54
479,54
0,55
193,55
282,55
479,55
0,56
192,56
283,56
479,56
0,57
191,57
284,57
479,57
0,58
190,58
285,58
479,58
0,59
189,59
286,59
479,59
0,60
188,60
287,60
479,60
0,61
188,61
288,61
479,61
0,62
187,62
288,62
479,62
0,63
186,63
289,63
479,63
0,64
186,64
290,64
479,64
0,65
185,65
290,65
479,65
0,66
185,66
291,66
479,66
0,67
184,67
292,67
479,67
0,68
184,68
293,68
479,68
0,69
183,69
296,69
479,69
0,70
183,70
299,70
479,70
0,71
182,71
303,71
479,71
0,72
182,72
305,72
479,72
0,73
181,73
307,73
479,73
0,74
181,74
308,74
479,74
0,75
181,75
309,75
479,75
0,76
178,76
310,76
479,76
0,77
173,77
311,77
479,77
0,78
171,78
297,78
301,78
312,78
479,78
0,79
169,79
298,79
298,79
301,79
303,79
312,79
479,79
0,80
167,80
298,80
299,80
301,80
304,80
313,80
479,80
0,81
166,81
299,81
305,81
313,81
479,81
0,82
165,82
299,82
305,82
313,82
479,82
0,83
163,83
299,83
305,83
314,83
479,83
0,84
163,84
178,84
179,84
299,84
305,84
314,84
479,84
0,85
162,85
175,85
178,85
299,85
304,85
314,85
479,85
0,86
161,86
172,86
178,86
300,86
304,86
314,86
479,86
0,87
161,87
170,87
178,87
301,87
303,87
313,87
479,87
0,88
160,88
169,88
171,88
174,88
177,88
300,88
302,88
313,88
479,88
0,89
160,89
168,89
177,89
300,89
302,89
313,89
479,89
0,90
160,90
168,90
177,90
301,90
301,90
313,90
479,90
0,91
160,91
170,91
177,91
312,91
479,91
0,92
160,92
168,92
168,92
170,92
176,92
311,92
479,92
0,93
160,93
169,93
176,93
311,93
479,93
0,94
160,94
169,94
176,94
310,94
479,94
0,95
160,95
170,95
176,95
310,95
479,95
0,96
161,96
170,96
176,96
309,96
309,96
311,96
479,96
0,97
161,97
171,97
176,97
309,97
479,97
0,98
161,98
172,98
176,98
308,98
479,98
0,99
162,99
173,99
176,99
307,99
479,99
0,100
162,100
174,100
176,100
306,100
479,100
0,101
163,101
175,101
176,101
305,101
479,101
0,102
163,102
176,102
177,102
304,102
479,102
0,103
164,103
304,103
479,103
0,104
165,104
303,104
479,104
0,105
166,105
301,105
479,105
0,106
167,106
301,106
479,106
0,107
167,107
301,107
301,107
303,107
479,107
0,108
167,108
301,108
301,108
303,108
479,108
0,109
169,109
302,109
479,109
0,110
170,110
302,110
479,110
0,111
171,111
302,111
479,111
0,112
173,112
303,112
479,112
0,113
174,113
303,113
303,113
305,113
479,113
0,114
173,114
304,114
479,114
0,115
172,115
304,115
479,115
0,116
171,116
305,116
479,116
0,117
170,117
306,117
479,117
0,118
169,118
306,118
479,118
0,119
168,119
307,119
479,119
0,120
167,120
308,120
479,120
0,121
159,121
309,121
479,121
0,122
159,122
310,122
479,122
0,123
158,123
311,123
479,123
0,124
158,124
312,124
479,124
0,125
158,125
313,125
479,125
0,126
159,126
313,126
479,126
0,127
159,127
313,127
479,127
0,128
159,128
313,128
479,128
0,129
159,129
313,129
479,129
0,130
159,130
313,130
479,130
0,131
158,131
313,131
479,131
0,132
158,132
313,132
479,132
0,133
157,133
313,133
479,133
0,134
156,134
313,134
479,134
0,135
156,135
312,135
479,135
0,136
156,136
312,136
479,136
0,137
156,137
303,137
304,137
312,137
479,137
0,138
157,138
302,138
306,138
308,138
309,138
311,138
479,138
0,139
159,139
302,139
479,139
0,140
162,140
301,140
479,140
0,141
163,141
301,141
479,141
0,142
165,142
300,142
479,142
0,143
166,143
300,143
479,143
0,144
168,144
299,144
479,144
0,145
169,145
183,145
183,145
299,145
479,145
0,146
172,146
182,146
184,146
299,146
299,146
302,146
479,146
0,147
173,147
182,147
184,147
299,147
299,147
302,147
479,147
0,148
176,148
181,148
184,148
302,148
479,148
0,149
184,149
300,149
479,149
0,150
184,150
300,150
479,150
0,151
184,151
300,151
300,151
303,151
479,151
0,152
184,152
300,152
300,152
302,152
479,152
0,153
184,153
301,153
479,153
0,154
184,154
301,154
479,154
0,155
184,155
301,155
479,155
0,156
184,156
301,156
479,156
0,157
184,157
301,157
479,157
0,158
184,158
301,158
479,158
0,159
184,159
301,159
479,159
0,160
184,160
301,160
479,160
0,161
182,161
184,161
184,161
301,161
479,161
0,162
182,162
184,162
184,162
302,162
479,162
0,163
182,163
184,163
184,163
302,163
479,163
0,164
182,164
184,164
184,164
302,164
479,164
0,165
184,165
302,165
479,165
0,166
184,166
302,166
479,166
0,167
184,167
302,167
479,167
0,168
184,168
302,168
479,168
0,169
184,169
302,169
479,169
0,170
183,170
302,170
479,170
0,171
183,171
302,171
302,171
304,171
479,171
0,172
183,172
302,172
302,172
304,172
479,172
0,173
183,173
302,173
302,173
304,173
479,173
0,174
183,174
303,174
479,174
0,175
183,175
303,175
479,175
0,176
183,176
303,176
479,176
0,177
183,177
303,177
479,177
0,178
183,178
303,178
479,178
0,179
183,179
303,179
479,179
0,180
183,180
303,180
479,180
0,181
183,181
303,181
479,181
0,182
183,182
303,182
479,182
0,183
183,183
303,183
479,183
0,184
183,184
304,184
479,184
0,185
183,185
304,185
479,185
0,186
183,186
304,186
479,186
0,187
183,187
304,187
479,187
0,188
183,188
304,188
479,188
0,189
183,189
304,189
479,189
0,190
183,190
304,190
479,190
0,191
183,191
304,191
479,191
0,192
183,192
304,192
479,192
0,193
183,193
304,193
479,193
0,194
183,194
304,194
479,194
0,195
183,195
304,195
479,195
0,196
183,196
304,196
479,196
0,197
183,197
304,197
479,197
0,198
183,198
304,198
479,198
0,199
183,199
304,199
479,199
0,200
178,200
304,200
479,200
0,201
176,201
304,201
479,201
0,202
175,202
304,202
479,202
0,203
173,203
304,203
479,203
0,204
172,204
304,204
479,204
0,205
171,205
305,205
479,205
0,206
164,206
166,206
170,206
305,206
479,206
0,207
169,207
305,207
479,207
0,208
165,208
167,208
168,208
305,208
479,208
0,209
164,209
166,209
167,209
305,209
479,209
0,210
165,210
305,210
479,210
0,211
164,211
305,211
479,211
0,212
162,212
305,212
479,212
0,213
161,213
305,213
479,213
0,214
159,214
305,214
479,214
0,215
158,215
306,215
479,215
0,216
157,216
306,216
479,216
0,217
156,217
306,217
479,217
0,218
155,218
306,218
479,218
0,219
154,219
308,219
479,219
0,220
154,220
309,220
479,220
0,221
153,221
309,221
479,221
0,222
153,222
310,222
479,222
0,223
152,223
311,223
479,223
0,224
152,224
311,224
479,224
0,225
151,225
312,225
479,225
0,226
151,226
313,226
479,226
0,227
151,227
313,227
479,227
0,228
128,228
133,228
150,228
314,228
479,228
0,229
127,229
134,229
148,229
150,229
150,229
314,229
479,229
0,230
127,230
136,230
148,230
150,230
150,230
315,230
479,230
0,231
127,231
137,231
150,231
316,231
479,231
0,232
126,232
138,232
143,232
145,232
150,232
316,232
479,232
0,233
126,233
140,233
140,233
145,233
146,233
317,233
479,233
0,234
126,234
317,234
479,234
0,235
126,235
317,235
479,235
0,236
125,236
318,236
479,236
0,237
125,237
318,237
479,237
0,238
125,238
319,238
479,238
0,239
125,239
320,239
479,239
0,240
124,240
319,240
479,240
0,241
124,241
320,241
479,241
0,242
124,242
320,242
479,242
0,243
124,243
320,243
479,243
0,244
124,244
321,244
479,244
0,245
124,245
321,245
479,245
0,246
124,246
321,246
479,246
0,247
124,247
321,247
479,247
0,248
124,248
322,248
479,248
0,249
124,249
322,249
479,249
0,250
124,250
322,250
479,250
0,251
123,251
322,251
479,251
0,252
123,252
322,252
479,252
0,253
123,253
323,253
479,253
0,254
123,254
323,254
479,254
0,255
124,255
323,255
479,255
0,256
123,256
322,256
479,256
0,257
124,257
322,257
479,257
0,258
124,258
322,258
479,258
0,259
123,259
322,259
479,259
0,260
120,260
322,260
479,260
0,261
120,261
322,261
479,261
0,262
120,262
322,262
479,262
0,263
120,263
321,263
479,263
0,264
123,264
176,264
176,264
179,264
182,264
322,264
479,264
0,265
123,265
176,265
182,265
322,265
479,265
0,266
124,266
176,266
177,266
179,266
179,266
182,266
182,266
322,266
479,266
0,267
124,267
176,267
179,267
181,267
181,267
323,267
479,267
0,268
123,268
176,268
181,268
323,268
479,268
0,269
122,269
176,269
180,269
323,269
479,269
0,270
122,270
176,270
180,270
324,270
479,270
0,271
121,271
175,271
179,271
325,271
479,271
0,272
121,272
175,272
178,272
325,272
479,272
0,273
120,273
174,273
178,273
325,273
479,273
0,274
120,274
174,274
178,274
325,274
479,274
0,275
120,275
165,275
167,275
174,275
177,275
326,275
479,275
0,276
119,276
165,276
169,276
173,276
177,276
326,276
479,276
0,277
119,277
166,277
177,277
326,277
479,277
0,278
119,278
166,278
177,278
326,278
479,278
0,279
119,279
166,279
176,279
326,279
479,279
0,280
117,280
119,280
120,280
167,280
176,280
326,280
479,280
0,281
120,281
167,281
176,281
326,281
479,281
0,282
120,282
167,282
176,282
326,282
479,282
0,283
120,283
166,283
175,283
325,283
479,283
0,284
120,284
166,284
175,284
325,284
479,284
0,285
120,285
165,285
175,285
324,285
479,285
0,286
121,286
163,286
175,286
324,286
479,286
0,287
121,287
159,287
175,287
324,287
479,287
0,288
121,288
155,288
175,288
322,288
479,288
0,289
122,289
156,289
175,289
321,289
479,289
0,290
122,290
156,290
175,290
321,290
479,290
0,291
123,291
156,291
175,291
322,291
479,291
0,292
123,292
156,292
175,292
322,292
479,292
0,293
124,293
157,293
175,293
322,293
479,293
0,294
124,294
158,294
175,294
323,294
479,294
0,295
124,295
158,295
175,295
324,295
479,295
0,296
125,296
158,296
175,296
315,296
315,296
324,296
479,296
0,297
125,297
158,297
175,297
315,297
316,297
325,297
479,297
0,298
126,298
158,298
175,298
315,298
316,298
325,298
479,298
0,299
127,299
158,299
176,299
316,299
316,299
325,299
479,299
0,300
127,300
159,300
176,300
316,300
316,300
326,300
479,300
0,301
127,301
159,301
176,301
316,301
316,301
326,301
479,301
0,302
128,302
159,302
177,302
317,302
317,302
327,302
479,302
0,303
128,303
159,303
177,303
317,303
317,303
327,303
479,303
0,304
129,304
160,304
177,304
317,304
317,304
328,304
479,304
0,305
129,305
160,305
178,305
328,305
479,305
0,306
130,306
160,306
178,306
318,306
318,306
328,306
479,306
0,307
131,307
161,307
178,307
327,307
479,307
0,308
131,308
161,308
178,308
326,308
479,308
0,309
132,309
161,309
179,309
325,309
479,309
0,310
132,310
162,310
179,310
323,310
479,310
0,311
132,311
162,311
179,311
321,311
479,311
0,312
133,312
162,312
179,312
320,312
479,312
0,313
133,313
162,313
179,313
320,313
479,313
0,314
134,314
163,314
178,314
315,314
315,314
320,314
479,314
0,315
134,315
163,315
178,315
315,315
315,315
317,315
479,315
0,316
135,316
164,316
178,316
315,316
479,316
0,317
135,317
164,317
178,317
315,317
316,317
319,317
479,317
0,318
135,318
164,318
178,318
316,318
316,318
318,318
479,318
0,319
136,319
164,319
178,319
316,319
479,319
0,320
136,320
165,320
178,320
316,320
479,320
0,321
137,321
165,321
178,321
316,321
479,321
0,322
138,322
167,322
178,322
317,322
479,322
0,323
138,323
166,323
178,323
316,323
479,323
0,324
138,324
166,324
178,324
316,324
479,324
0,325
139,325
166,325
178,325
316,325
479,325
0,326
139,326
167,326
178,326
316,326
479,326
0,327
139,327
167,327
178,327
316,327
479,327
0,328
140,328
167,328
178,328
316,328
479,328
0,329
140,329
168,329
178,329
316,329
479,329
0,330
141,330
168,330
178,330
316,330
479,330
0,331
141,331
168,331
177,331
316,331
479,331
0,332
142,332
169,332
177,332
316,332
479,332
0,333
143,333
169,333
177,333
316,333
479,333
0,334
143,334
169,334
177,334
316,334
479,334
0,335
143,335
169,335
177,335
316,335
479,335
0,336
144,336
170,336
177,336
316,336
479,336
0,337
144,337
170,337
170,337
172,337
177,337
316,337
479,337
0,338
144,338
171,338
177,338
316,338
479,338
0,339
145,339
171,339
172,339
174,339
177,339
316,339
479,339
0,340
146,340
174,340
177,340
317,340
479,340
0,341
146,341
317,341
317,341
319,341
479,341
0,342
146,342
317,342
317,342
319,342
479,342
0,343
147,343
317,343
479,343
0,344
147,344
317,344
479,344
0,345
148,345
317,345
479,345
0,346
148,346
317,346
479,346
0,347
149,347
318,347
479,347
0,348
149,348
317,348
479,348
0,349
149,349
317,349
479,349
0,350
150,350
317,350
479,350
0,351
150,351
317,351
479,351
0,352
151,352
317,352
479,352
0,353
151,353
317,353
479,353
0,354
152,354
318,354
479,354
0,355
152,355
318,355
479,355
0,356
153,356
318,356
479,356
0,357
153,357
318,357
479,357
0,358
154,358
318,358
479,358
0,359
154,359
318,359
479,359
