0,0
479,0
0,1
479,1
0,2
479,2
0,3
479,3
0,4
479,4
0,5
479,5
0,6
479,6
0,7
479,7
0,8
479,8
0,9
479,9
0,10
479,10
0,11
479,11
0,12
479,12
0,13
479,13
0,14
479,14
0,15
479,15
0,16
479,16
0,17
479,17
0,18
479,18
0,19
479,19
0,20
479,20
0,21
479,21
0,22
479,22
0,23
479,23
0,24
479,24
0,25
479,25
0,26
479,26
0,27
479,27
0,28
479,28
0,29
479,29
0,30
479,30
0,31
479,31
0,32
479,32
0,33
479,33
0,34
479,34
0,35
479,35
0,36
479,36
0,37
479,37
0,38
479,38
0,39
479,39
0,40
243,40
251,40
479,40
0,41
231,41
257,41
479,41
0,42
222,42
260,42
479,42
0,43
217,43
263,43
479,43
0,44
213,44
267,44
270,44
272,44
479,44
0,45
210,45
270,45
479,45
0,46
207,46
271,46
479,46
0,47
205,47
272,47
479,47
0,48
201,48
203,48
204,48
274,48
479,48
0,49
202,49
276,49
479,49
0,50
200,50
277,50
479,50
0,51
199,51
278,51
479,51
0,52
198,52
279,52
479,52
0,53
196,53
281,53
479,53
0,54
196,54
282,54
479,54
0,55
194,55
282,55
479,55
0,56
194,56
284,56
479,56
0,57
193,57
285,57
479,57
0,58
192,58
286,58
479,58
0,59
191,59
286,59
479,59
0,60
190,60
287,60
479,60
0,61
189,61
288,61
479,61
0,62
189,62
289,62
479,62
0,63
188,63
289,63
479,63
0,64
187,64
290,64
479,64
0,65
187,65
291,65
479,65
0,66
186,66
292,66
479,66
0,67
186,67
292,67
479,67
0,68
185,68
293,68
479,68
0,69
185,69
294,69
479,69
0,70
184,70
295,70
479,70
0,71
184,71
298,71
479,71
0,72
183,72
303,72
479,72
0,73
183,73
305,73
479,73
0,74
183,74
307,74
479,74
0,75
182,75
308,75
479,75
0,76
182,76
310,76
479,76
0,77
181,77
311,77
479,77
0,78
178,78
312,78
479,78
0,79
174,79
298,79
298,79
312,79
479,79
0,80
171,80
299,80
302,80
313,80
479,80
0,81
170,81
300,81
300,81
303,81
304,81
314,81
479,81
0,82
168,82
300,82
305,82
314,82
479,82
0,83
166,83
300,83
306,83
314,83
479,83
0,84
166,84
300,84
306,84
314,84
479,84
0,85
164,85
301,85
306,85
315,85
479,85
0,86
164,86
178,86
180,86
301,86
306,86
315,86
479,86
0,87
163,87
176,87
179,87
301,87
305,87
315,87
479,87
0,88
162,88
173,88
179,88
301,88
305,88
315,88
479,88
0,89
162,89
171,89
178,89
302,89
304,89
315,89
479,89
0,90
162,90
170,90
172,90
174,90
178,90
302,90
304,90
314,90
479,90
0,91
161,91
169,91
169,91
172,91
178,91
302,91
303,91
314,91
479,91
0,92
161,92
169,92
169,92
171,92
178,92
302,92
302,92
314,92
479,92
0,93
161,93
169,93
178,93
302,93
302,93
313,93
479,93
0,94
161,94
169,94
177,94
313,94
479,94
0,95
161,95
170,95
177,95
312,95
479,95
0,96
161,96
170,96
177,96
312,96
479,96
0,97
162,97
171,97
172,97
174,97
177,97
311,97
479,97
0,98
162,98
172,98
177,98
310,98
479,98
0,99
162,99
173,99
177,99
310,99
479,99
0,100
163,100
174,100
177,100
309,100
479,100
0,101
163,101
175,101
177,101
308,101
479,101
0,102
164,102
176,102
177,102
307,102
479,102
0,103
164,103
177,103
178,103
307,103
479,103
0,104
165,104
178,104
178,104
306,104
479,104
0,105
166,105
305,105
479,105
0,106
166,106
304,106
479,106
0,107
167,107
303,107
479,107
0,108
168,108
302,108
479,108
0,109
169,109
302,109
479,109
0,110
168,110
170,110
170,110
303,110
479,110
0,111
171,111
303,111
479,111
0,112
172,112
304,112
479,112
0,113
173,113
304,113
479,113
0,114
174,114
305,114
479,114
0,115
175,115
305,115
479,115
0,116
173,116
306,116
479,116
0,117
173,117
306,117
479,117
0,118
172,118
307,118
479,118
0,119
171,119
308,119
479,119
0,120
170,120
308,120
479,120
0,121
169,121
310,121
479,121
0,122
166,122
310,122
479,122
0,123
160,123
311,123
479,123
0,124
160,124
312,124
479,124
0,125
160,125
313,125
479,125
0,126
160,126
314,126
479,126
0,127
160,127
314,127
479,127
0,128
160,128
314,128
479,128
0,129
160,129
314,129
479,129
0,130
160,130
314,130
479,130
0,131
161,131
314,131
479,131
0,132
160,132
314,132
479,132
0,133
159,133
314,133
479,133
0,134
158,134
314,134
479,134
0,135
157,135
314,135
479,135
0,136
157,136
314,136
479,136
0,137
157,137
314,137
479,137
0,138
157,138
304,138
305,138
314,138
479,138
0,139
158,139
304,139
306,139
313,139
479,139
0,140
159,140
303,140
479,140
0,141
162,141
303,141
308,141
311,141
479,141
0,142
164,142
302,142
479,142
0,143
165,143
301,143
479,143
0,144
168,144
301,144
479,144
0,145
169,145
300,145
479,145
0,146
171,146
184,146
184,146
300,146
479,146
0,147
173,147
183,147
185,147
300,147
479,147
0,148
174,148
183,148
185,148
300,148
479,148
0,149
177,149
182,149
185,149
301,149
479,149
0,150
185,150
301,150
479,150
0,151
185,151
301,151
301,151
304,151
479,151
0,152
185,152
301,152
301,152
304,152
479,152
0,153
185,153
302,153
479,153
0,154
185,154
302,154
479,154
0,155
185,155
302,155
479,155
0,156
185,156
302,156
479,156
0,157
185,157
302,157
479,157
0,158
185,158
302,158
479,158
0,159
185,159
302,159
479,159
0,160
185,160
302,160
479,160
0,161
185,161
303,161
479,161
0,162
185,162
303,162
479,162
0,163
185,163
303,163
479,163
0,164
185,164
303,164
479,164
0,165
185,165
303,165
479,165
0,166
185,166
303,166
479,166
0,167
185,167
303,167
479,167
0,168
185,168
303,168
479,168
0,169
185,169
304,169
479,169
0,170
185,170
304,170
479,170
0,171
185,171
303,171
479,171
0,172
185,172
303,172
479,172
0,173
185,173
304,173
479,173
0,174
185,174
304,174
479,174
0,175
185,175
304,175
479,175
0,176
185,176
304,176
479,176
0,177
185,177
304,177
479,177
0,178
184,178
304,178
479,178
0,179
184,179
304,179
479,179
0,180
184,180
304,180
479,180
0,181
185,181
304,181
479,181
0,182
184,182
304,182
479,182
0,183
184,183
304,183
479,183
0,184
184,184
304,184
479,184
0,185
184,185
304,185
479,185
0,186
184,186
304,186
479,186
0,187
184,187
304,187
479,187
0,188
184,188
304,188
479,188
0,189
184,189
305,189
479,189
0,190
184,190
305,190
479,190
0,191
184,191
305,191
479,191
0,192
184,192
306,192
479,192
0,193
184,193
305,193
479,193
0,194
184,194
305,194
479,194
0,195
184,195
305,195
479,195
0,196
184,196
305,196
479,196
0,197
184,197
306,197
479,197
0,198
184,198
305,198
479,198
0,199
184,199
306,199
479,199
0,200
183,200
305,200
479,200
0,201
178,201
306,201
479,201
0,202
177,202
306,202
479,202
0,203
175,203
306,203
479,203
0,204
174,204
306,204
479,204
0,205
173,205
306,205
479,205
0,206
172,206
306,206
479,206
0,207
171,207
306,207
479,207
0,208
170,208
307,208
479,208
0,209
165,209
168,209
168,209
307,209
479,209
0,210
164,210
167,210
167,210
307,210
479,210
0,211
166,211
307,211
479,211
0,212
164,212
307,212
479,212
0,213
163,213
307,213
479,213
0,214
161,214
307,214
479,214
0,215
160,215
307,215
479,215
0,216
159,216
307,216
479,216
0,217
158,217
307,217
479,217
0,218
157,218
307,218
308,218
310,218
479,218
0,219
156,219
307,219
308,219
310,219
479,219
0,220
155,220
309,220
479,220
0,221
155,221
310,221
479,221
0,222
154,222
310,222
479,222
0,223
154,223
311,223
479,223
0,224
153,224
312,224
479,224
0,225
153,225
313,225
479,225
0,226
153,226
313,226
479,226
0,227
152,227
314,227
479,227
0,228
130,228
132,228
152,228
314,228
479,228
0,229
129,229
134,229
152,229
315,229
479,229
0,230
128,230
136,230
149,230
151,230
152,230
316,230
479,230
0,231
128,231
137,231
149,231
151,231
151,231
316,231
479,231
0,232
128,232
138,232
151,232
317,232
479,232
0,233
127,233
140,233
151,233
317,233
479,233
0,234
127,234
318,234
479,234
0,235
127,235
318,235
479,235
0,236
126,236
319,236
479,236
0,237
126,237
319,237
479,237
0,238
126,238
319,238
479,238
0,239
126,239
320,239
479,239
0,240
126,240
320,240
479,240
0,241
125,241
320,241
479,241
0,242
125,242
321,242
479,242
0,243
125,243
321,243
479,243
0,244
125,244
322,244
479,244
0,245
125,245
322,245
479,245
0,246
125,246
322,246
479,246
0,247
125,247
322,247
479,247
0,248
125,248
322,248
479,248
0,249
125,249
323,249
479,249
0,250
125,250
323,250
479,250
0,251
124,251
323,251
479,251
0,252
124,252
323,252
479,252
0,253
124,253
323,253
479,253
0,254
124,254
324,254
479,254
0,255
125,255
324,255
479,255
0,256
125,256
324,256
479,256
0,257
125,257
324,257
479,257
0,258
125,258
323,258
479,258
0,259
125,259
323,259
479,259
0,260
123,260
323,260
479,260
0,261
121,261
323,261
479,261
0,262
121,262
323,262
479,262
0,263
121,263
323,263
479,263
0,264
121,264
322,264
479,264
0,265
124,265
177,265
183,265
323,265
479,265
0,266
124,266
177,266
183,266
323,266
479,266
0,267
124,267
177,267
178,267
180,267
180,267
183,267
183,267
323,267
479,267
0,268
124,268
177,268
180,268
182,268
182,268
324,268
479,268
0,269
124,269
177,269
182,269
324,269
479,269
0,270
123,270
177,270
181,270
324,270
479,270
0,271
122,271
176,271
177,271
179,271
181,271
325,271
479,271
0,272
122,272
176,272
180,272
325,272
479,272
0,273
122,273
176,273
176,273
178,273
179,273
326,273
479,273
0,274
121,274
175,274
176,274
178,274
179,274
326,274
479,274
0,275
121,275
167,275
167,275
175,275
176,275
178,275
178,275
326,275
479,275
0,276
121,276
166,276
168,276
174,276
178,276
327,276
479,276
0,277
120,277
167,277
170,277
173,277
178,277
327,277
479,277
0,278
120,278
167,278
178,278
327,278
479,278
0,279
120,279
167,279
177,279
327,279
479,279
0,280
120,280
168,280
177,280
326,280
479,280
0,281
118,281
120,281
120,281
168,281
177,281
326,281
479,281
0,282
120,282
168,282
177,282
326,282
479,282
0,283
121,283
168,283
176,283
326,283
479,283
0,284
121,284
168,284
176,284
326,284
479,284
0,285
121,285
167,285
176,285
325,285
479,285
0,286
121,286
166,286
176,286
325,286
479,286
0,287
121,287
164,287
176,287
325,287
479,287
0,288
122,288
156,288
176,288
324,288
479,288
0,289
122,289
156,289
176,289
322,289
479,289
0,290
123,290
156,290
176,290
322,290
479,290
0,291
123,291
157,291
176,291
322,291
479,291
0,292
124,292
157,292
176,292
323,292
479,292
0,293
124,293
157,293
176,293
323,293
479,293
0,294
125,294
158,294
176,294
323,294
479,294
0,295
125,295
158,295
176,295
324,295
479,295
0,296
125,296
158,296
176,296
324,296
479,296
0,297
126,297
158,297
176,297
316,297
317,297
325,297
479,297
0,298
126,298
159,298
176,298
316,298
317,298
325,298
479,298
0,299
127,299
159,299
176,299
316,299
317,299
326,299
479,299
0,300
127,300
159,300
176,300
317,300
317,300
326,300
479,300
0,301
128,301
160,301
177,301
317,301
317,301
327,301
479,301
0,302
128,302
160,302
177,302
317,302
318,302
327,302
479,302
0,303
129,303
160,303
178,303
318,303
318,303
328,303
479,303
0,304
129,304
160,304
178,304
318,304
318,304
328,304
479,304
0,305
130,305
161,305
178,305
318,305
318,305
329,305
479,305
0,306
130,306
161,306
178,306
329,306
479,306
0,307
131,307
161,307
178,307
319,307
319,307
329,307
479,307
0,308
131,308
162,308
179,308
328,308
479,308
0,309
132,309
162,309
179,309
327,309
479,309
0,310
132,310
162,310
179,310
320,310
320,310
326,310
479,310
0,311
133,311
163,311
179,311
324,311
479,311
0,312
133,312
163,312
179,312
321,312
479,312
0,313
134,313
163,313
179,313
321,313
479,313
0,314
134,314
163,314
179,314
321,314
479,314
0,315
134,315
163,315
179,315
316,315
317,315
321,315
479,315
0,316
135,316
164,316
179,316
316,316
316,316
318,316
479,316
0,317
135,317
164,317
179,317
316,317
479,317
0,318
136,318
164,318
179,318
316,318
317,318
320,318
479,318
0,319
136,319
165,319
179,319
317,319
317,319
319,319
479,319
0,320
137,320
165,320
180,320
317,320
479,320
0,321
137,321
165,321
180,321
317,321
479,321
0,322
138,322
166,322
180,322
317,322
479,322
0,323
138,323
166,323
166,323
168,323
180,323
317,323
479,323
0,324
139,324
167,324
180,324
317,324
479,324
0,325
139,325
167,325
179,325
317,325
479,325
0,326
140,326
167,326
179,326
317,326
479,326
0,327
140,327
167,327
179,327
317,327
479,327
0,328
140,328
168,328
179,328
317,328
479,328
0,329
140,329
168,329
179,329
317,329
479,329
0,330
141,330
168,330
179,330
317,330
479,330
0,331
142,331
169,331
179,331
317,331
479,331
0,332
142,332
169,332
179,332
317,332
479,332
0,333
143,333
169,333
179,333
317,333
479,333
0,334
143,334
170,334
178,334
318,334
479,334
0,335
143,335
170,335
178,335
317,335
479,335
0,336
144,336
170,336
178,336
317,336
479,336
0,337
144,337
171,337
171,337
173,337
178,337
317,337
479,337
0,338
145,338
171,338
171,338
173,338
178,338
317,338
479,338
0,339
146,339
172,339
178,339
318,339
479,339
0,340
146,340
174,340
178,340
318,340
479,340
0,341
146,341
177,341
178,341
318,341
479,341
0,342
147,342
318,342
479,342
0,343
147,343
318,343
479,343
0,344
148,344
318,344
479,344
0,345
148,345
318,345
479,345
0,346
149,346
318,346
479,346
0,347
149,347
318,347
479,347
0,348
149,348
318,348
479,348
0,349
150,349
318,349
479,349
0,350
150,350
318,350
479,350
0,351
151,351
318,351
479,351
0,352
151,352
319,352
479,352
0,353
152,353
319,353
479,353
0,354
152,354
319,354
479,354
0,355
153,355
319,355
479,355
0,356
153,356
319,356
479,356
0,357
153,357
319,357
479,357
0,358
154,358
319,358
479,358
0,359
154,359
319,359
479,359
