0,0
479,0
0,1
479,1
0,2
479,2
0,3
479,3
0,4
479,4
0,5
479,5
0,6
479,6
0,7
479,7
0,8
479,8
0,9
479,9
0,10
479,10
0,11
479,11
0,12
479,12
0,13
479,13
0,14
479,14
0,15
479,15
0,16
479,16
0,17
479,17
0,18
479,18
0,19
479,19
0,20
479,20
0,21
479,21
0,22
479,22
0,23
479,23
0,24
479,24
0,25
479,25
0,26
479,26
0,27
479,27
0,28
479,28
0,29
479,29
0,30
479,30
0,31
479,31
0,32
479,32
0,33
479,33
0,34
479,34
0,35
479,35
0,36
479,36
0,37
479,37
0,38
479,38
0,39
479,39
0,40
479,40
0,41
479,41
0,42
233,42
258,42
479,42
0,43
226,43
263,43
479,43
0,44
219,44
266,44
479,44
0,45
215,45
268,45
270,45
272,45
479,45
0,46
212,46
270,46
479,46
0,47
209,47
272,47
479,47
0,48
207,48
273,48
479,48
0,49
205,49
275,49
479,49
0,50
204,50
277,50
479,50
0,51
202,51
278,51
479,51
0,52
201,52
279,52
479,52
0,53
199,53
280,53
479,53
0,54
199,54
282,54
479,54
0,55
198,55
283,55
479,55
0,56
196,56
284,56
479,56
0,57
196,57
285,57
479,57
0,58
195,58
286,58
479,58
0,59
194,59
287,59
479,59
0,60
193,60
288,60
479,60
0,61
192,61
288,61
479,61
0,62
191,62
289,62
479,62
0,63
191,63
290,63
479,63
0,64
190,64
291,64
479,64
0,65
189,65
292,65
479,65
0,66
188,66
292,66
479,66
0,67
188,67
293,67
479,67
0,68
187,68
294,68
479,68
0,69
186,69
294,69
479,69
0,70
186,70
295,70
479,70
0,71
186,71
296,71
479,71
0,72
185,72
297,72
479,72
0,73
185,73
300,73
479,73
0,74
185,74
304,74
479,74
0,75
184,75
307,75
479,75
0,76
183,76
309,76
479,76
0,77
183,77
310,77
479,77
0,78
183,78
312,78
479,78
0,79
182,79
312,79
479,79
0,80
180,80
313,80
479,80
0,81
175,81
300,81
300,81
314,81
479,81
0,82
173,82
300,82
304,82
315,82
479,82
0,83
172,83
301,83
302,83
304,83
306,83
316,83
479,83
0,84
169,84
301,84
307,84
316,84
479,84
0,85
168,85
302,85
306,85
308,85
308,85
316,85
479,85
0,86
167,86
302,86
308,86
316,86
479,86
0,87
166,87
302,87
308,87
316,87
479,87
0,88
165,88
180,88
181,88
302,88
308,88
316,88
479,88
0,89
164,89
177,89
180,89
303,89
307,89
316,89
479,89
0,90
164,90
174,90
180,90
303,90
307,90
316,90
479,90
0,91
163,91
172,91
180,91
303,91
306,91
316,91
479,91
0,92
163,92
172,92
173,92
176,92
179,92
304,92
306,92
316,92
479,92
0,93
163,93
171,93
171,93
174,93
179,93
303,93
305,93
316,93
479,93
0,94
163,94
170,94
171,94
173,94
179,94
303,94
304,94
315,94
479,94
0,95
162,95
170,95
179,95
303,95
304,95
315,95
479,95
0,96
163,96
170,96
179,96
315,96
479,96
0,97
163,97
171,97
179,97
314,97
479,97
0,98
163,98
172,98
179,98
314,98
479,98
0,99
163,99
173,99
173,99
175,99
179,99
313,99
479,99
0,100
163,100
173,100
174,100
176,100
179,100
313,100
479,100
0,101
163,101
174,101
179,101
313,101
479,101
0,102
164,102
175,102
179,102
311,102
479,102
0,103
164,103
176,103
179,103
310,103
479,103
0,104
165,104
177,104
179,104
310,104
479,104
0,105
165,105
178,105
179,105
309,105
479,105
0,106
166,106
179,106
179,106
308,106
479,106
0,107
167,107
307,107
479,107
0,108
168,108
306,108
479,108
0,109
169,109
305,109
479,109
0,110
169,110
304,110
479,110
0,111
170,111
304,111
479,111
0,112
169,112
171,112
171,112
304,112
479,112
0,113
172,113
305,113
479,113
0,114
173,114
305,114
479,114
0,115
174,115
306,115
479,115
0,116
175,116
306,116
479,116
0,117
176,117
307,117
479,117
0,118
175,118
307,118
479,118
0,119
174,119
308,119
479,119
0,120
173,120
309,120
479,120
0,121
172,121
310,121
479,121
0,122
165,122
168,122
171,122
310,122
479,122
0,123
170,123
311,123
479,123
0,124
167,124
312,124
479,124
0,125
162,125
313,125
479,125
0,126
161,126
314,126
479,126
0,127
161,127
315,127
479,127
0,128
161,128
316,128
479,128
0,129
161,129
316,129
479,129
0,130
161,130
316,130
479,130
0,131
162,131
316,131
479,131
0,132
162,132
316,132
479,132
0,133
162,133
316,133
479,133
0,134
161,134
316,134
479,134
0,135
160,135
316,135
479,135
0,136
159,136
315,136
479,136
0,137
159,137
315,137
479,137
0,138
158,138
315,138
479,138
0,139
158,139
306,139
306,139
315,139
479,139
0,140
159,140
305,140
307,140
314,140
479,140
0,141
160,141
305,141
308,141
310,141
312,141
314,141
479,141
0,142
162,142
304,142
479,142
0,143
164,143
303,143
479,143
0,144
166,144
303,144
479,144
0,145
168,145
302,145
479,145
0,146
170,146
302,146
479,146
0,147
171,147
302,147
479,147
0,148
173,148
185,148
186,148
301,148
479,148
0,149
175,149
184,149
186,149
302,149
479,149
0,150
177,150
183,150
186,150
302,150
479,150
0,151
179,151
182,151
187,151
302,151
479,151
0,152
187,152
303,152
479,152
0,153
187,153
303,153
479,153
0,154
187,154
303,154
479,154
0,155
186,155
304,155
479,155
0,156
187,156
304,156
479,156
0,157
187,157
303,157
479,157
0,158
187,158
303,158
479,158
0,159
187,159
304,159
479,159
0,160
187,160
304,160
479,160
0,161
187,161
304,161
479,161
0,162
187,162
304,162
479,162
0,163
187,163
304,163
479,163
0,164
187,164
304,164
479,164
0,165
187,165
304,165
479,165
0,166
187,166
304,166
479,166
0,167
187,167
304,167
479,167
0,168
186,168
304,168
479,168
0,169
186,169
304,169
479,169
0,170
186,170
304,170
479,170
0,171
186,171
305,171
479,171
0,172
186,172
305,172
479,172
0,173
186,173
305,173
479,173
0,174
186,174
305,174
479,174
0,175
186,175
305,175
479,175
0,176
186,176
305,176
479,176
0,177
186,177
305,177
479,177
0,178
186,178
305,178
479,178
0,179
186,179
305,179
479,179
0,180
186,180
305,180
479,180
0,181
186,181
306,181
479,181
0,182
186,182
306,182
479,182
0,183
186,183
306,183
479,183
0,184
186,184
306,184
479,184
0,185
186,185
306,185
479,185
0,186
186,186
306,186
479,186
0,187
186,187
306,187
479,187
0,188
186,188
306,188
479,188
0,189
186,189
306,189
479,189
0,190
186,190
306,190
479,190
0,191
186,191
306,191
479,191
0,192
186,192
307,192
479,192
0,193
186,193
307,193
479,193
0,194
185,194
307,194
479,194
0,195
185,195
307,195
479,195
0,196
185,196
307,196
479,196
0,197
185,197
307,197
479,197
0,198
185,198
307,198
479,198
0,199
185,199
307,199
479,199
0,200
185,200
307,200
479,200
0,201
185,201
307,201
479,201
0,202
180,202
308,202
479,202
0,203
178,203
308,203
479,203
0,204
177,204
308,204
479,204
0,205
175,205
308,205
479,205
0,206
174,206
308,206
479,206
0,207
173,207
308,207
479,207
0,208
172,208
308,208
479,208
0,209
168,209
170,209
171,209
308,209
479,209
0,210
167,210
169,210
170,210
308,210
479,210
0,211
169,211
308,211
479,211
0,212
167,212
308,212
479,212
0,213
165,213
308,213
479,213
0,214
164,214
308,214
479,214
0,215
162,215
308,215
479,215
0,216
161,216
308,216
479,216
0,217
160,217
308,217
479,217
0,218
159,218
309,218
479,218
0,219
158,219
309,219
309,219
311,219
479,219
0,220
157,220
309,220
309,220
311,220
479,220
0,221
157,221
310,221
479,221
0,222
156,222
311,222
479,222
0,223
155,223
312,223
479,223
0,224
155,224
312,224
479,224
0,225
154,225
313,225
479,225
0,226
154,226
314,226
479,226
0,227
154,227
314,227
479,227
0,228
153,228
315,228
479,228
0,229
130,229
134,229
153,229
316,229
479,229
0,230
130,230
136,230
153,230
316,230
479,230
0,231
130,231
137,231
153,231
317,231
479,231
0,232
129,232
139,232
150,232
152,232
153,232
317,232
479,232
0,233
129,233
140,233
146,233
148,233
152,233
318,233
479,233
0,234
128,234
141,234
151,234
318,234
479,234
0,235
128,235
319,235
479,235
0,236
128,236
320,236
479,236
0,237
128,237
320,237
479,237
0,238
127,238
320,238
479,238
0,239
127,239
320,239
479,239
0,240
127,240
321,240
479,240
0,241
127,241
322,241
479,241
0,242
127,242
322,242
479,242
0,243
127,243
322,243
479,243
0,244
126,244
322,244
479,244
0,245
126,245
323,245
479,245
0,246
126,246
323,246
479,246
0,247
126,247
323,247
479,247
0,248
126,248
324,248
479,248
0,249
126,249
324,249
479,249
0,250
126,250
324,250
479,250
0,251
126,251
324,251
479,251
0,252
126,252
324,252
479,252
0,253
126,253
324,253
479,253
0,254
126,254
325,254
479,254
0,255
126,255
325,255
479,255
0,256
126,256
325,256
479,256
0,257
126,257
325,257
479,257
0,258
126,258
325,258
479,258
0,259
127,259
325,259
479,259
0,260
126,260
325,260
479,260
0,261
123,261
324,261
479,261
0,262
122,262
324,262
479,262
0,263
122,263
324,263
479,263
0,264
122,264
324,264
479,264
0,265
122,265
323,265
479,265
0,266
125,266
178,266
178,266
180,266
185,266
324,266
479,266
0,267
125,267
178,267
184,267
324,267
479,267
0,268
125,268
178,268
181,268
184,268
184,268
325,268
479,268
0,269
125,269
178,269
184,269
325,269
479,269
0,270
125,270
178,270
183,270
325,270
479,270
0,271
124,271
178,271
182,271
326,271
479,271
0,272
124,272
177,272
178,272
180,272
182,272
326,272
479,272
0,273
123,273
177,273
181,273
327,273
479,273
0,274
123,274
177,274
180,274
327,274
479,274
0,275
122,275
176,275
177,275
179,275
180,275
328,275
479,275
0,276
122,276
168,276
168,276
176,276
177,276
179,276
180,276
328,276
479,276
0,277
121,277
168,277
169,277
176,277
177,277
179,277
179,277
328,277
479,277
0,278
121,278
168,278
171,278
174,278
179,278
328,278
479,278
0,279
121,279
168,279
179,279
328,279
479,279
0,280
121,280
169,280
179,280
328,280
479,280
0,281
121,281
169,281
178,281
328,281
479,281
0,282
119,282
121,282
121,282
169,282
178,282
328,282
479,282
0,283
121,283
169,283
178,283
327,283
479,283
0,284
121,284
169,284
178,284
327,284
479,284
0,285
122,285
169,285
178,285
327,285
479,285
0,286
122,286
168,286
177,286
327,286
479,286
0,287
122,287
167,287
177,287
326,287
479,287
0,288
123,288
165,288
177,288
326,288
479,288
0,289
123,289
157,289
177,289
326,289
479,289
0,290
123,290
157,290
177,290
323,290
479,290
0,291
124,291
157,291
177,291
323,291
479,291
0,292
124,292
158,292
177,292
324,292
479,292
0,293
124,293
158,293
177,293
324,293
479,293
0,294
125,294
158,294
177,294
324,294
479,294
0,295
126,295
159,295
177,295
325,295
479,295
0,296
126,296
159,296
177,296
325,296
479,296
0,297
126,297
159,297
177,297
326,297
479,297
0,298
127,298
159,298
177,298
317,298
318,298
326,298
479,298
0,299
127,299
160,299
177,299
317,299
318,299
327,299
479,299
0,300
128,300
160,300
177,300
317,300
318,300
327,300
479,300
0,301
128,301
160,301
178,301
318,301
318,301
328,301
479,301
0,302
129,302
161,302
178,302
318,302
318,302
328,302
479,302
0,303
129,303
161,303
178,303
318,303
319,303
329,303
479,303
0,304
130,304
161,304
178,304
319,304
319,304
329,304
479,304
0,305
130,305
161,305
179,305
319,305
319,305
330,305
479,305
0,306
131,306
162,306
179,306
319,306
319,306
330,306
479,306
0,307
131,307
162,307
179,307
320,307
320,307
330,307
479,307
0,308
132,308
162,308
179,308
320,308
320,308
330,308
479,308
0,309
132,309
163,309
179,309
320,309
320,309
330,309
479,309
0,310
132,310
163,310
180,310
321,310
321,310
329,310
479,310
0,311
133,311
163,311
180,311
321,311
321,311
328,311
479,311
0,312
133,312
163,312
180,312
324,312
479,312
0,313
134,313
164,313
180,313
322,313
479,313
0,314
134,314
164,314
180,314
322,314
479,314
0,315
135,315
164,315
180,315
322,315
479,315
0,316
135,316
164,316
180,316
316,316
318,316
322,316
479,316
0,317
136,317
165,317
180,317
316,317
316,317
319,317
479,317
0,318
136,318
165,318
180,318
317,318
479,318
0,319
137,319
166,319
180,319
317,319
318,319
320,319
479,319
0,320
137,320
166,320
181,320
317,320
479,320
0,321
138,321
166,321
181,321
318,321
479,321
0,322
138,322
166,322
181,322
318,322
479,322
0,323
138,323
167,323
181,323
318,323
479,323
0,324
139,324
167,324
181,324
318,324
479,324
0,325
139,325
168,325
181,325
318,325
479,325
0,326
140,326
168,326
168,326
170,326
181,326
318,326
479,326
0,327
140,327
168,327
181,327
318,327
479,327
0,328
141,328
168,328
181,328
318,328
479,328
0,329
142,329
169,329
181,329
318,329
479,329
0,330
142,330
169,330
181,330
318,330
479,330
0,331
142,331
169,331
181,331
319,331
479,331
0,332
143,332
170,332
181,332
319,332
479,332
0,333
143,333
170,333
181,333
319,333
479,333
0,334
144,334
170,334
181,334
319,334
479,334
0,335
144,335
171,335
181,335
319,335
479,335
0,336
144,336
171,336
181,336
319,336
479,336
0,337
145,337
171,337
181,337
319,337
479,337
0,338
146,338
172,338
180,338
319,338
479,338
0,339
146,339
172,339
172,339
174,339
180,339
319,339
479,339
0,340
146,340
172,340
180,340
320,340
479,340
0,341
147,341
173,341
180,341
320,341
479,341
0,342
147,342
177,342
180,342
320,342
479,342
0,343
148,343
320,343
479,343
0,344
148,344
320,344
479,344
0,345
148,345
320,345
479,345
0,346
149,346
320,346
479,346
0,347
149,347
320,347
479,347
0,348
150,348
320,348
479,348
0,349
150,349
320,349
479,349
0,350
151,350
320,350
479,350
0,351
151,351
320,351
479,351
0,352
151,352
320,352
479,352
0,353
152,353
320,353
479,353
0,354
152,354
320,354
479,354
0,355
153,355
320,355
479,355
0,356
153,356
320,356
479,356
0,357
154,357
320,357
479,357
0,358
154,358
320,358
479,358
0,359
154,359
320,359
479,359
