91,0
350,0
90,1
350,1
91,2
339,2
341,2
341,2
344,2
349,2
91,3
337,3
344,3
348,3
91,4
336,4
347,4
347,4
91,5
334,5
92,6
332,6
92,7
332,7
92,8
331,8
92,9
331,9
92,10
331,10
92,11
330,11
93,12
330,12
93,13
329,13
94,14
328,14
94,15
326,15
96,16
326,16
97,17
326,17
97,18
325,18
99,19
324,19
100,20
322,20
102,21
323,21
103,22
322,22
104,23
322,23
105,24
321,24
105,25
320,25
109,26
319,26
111,27
319,27
112,28
318,28
113,29
316,29
114,30
317,30
115,31
316,31
116,32
315,32
117,33
314,33
118,34
314,34
119,35
313,35
120,36
312,36
120,37
311,37
121,38
311,38
121,39
311,39
121,40
310,40
122,41
309,41
123,42
309,42
124,43
308,43
124,44
308,44
125,45
307,45
126,46
306,46
127,47
306,47
127,48
305,48
128,49
305,49
129,50
305,50
129,51
304,51
129,52
304,52
132,53
303,53
133,54
302,54
137,55
302,55
141,56
301,56
145,57
301,57
148,58
300,58
149,59
298,59
151,60
298,60
153,61
297,61
155,62
297,62
157,63
297,63
158,64
296,64
160,65
296,65
162,66
295,66
163,67
295,67
164,68
295,68
165,69
295,69
166,70
294,70
167,71
294,71
170,72
293,72
170,73
292,73
172,74
291,74
170,75
290,75
169,76
290,76
167,77
290,77
166,78
290,78
166,79
289,79
164,80
289,80
164,81
289,81
163,82
289,82
162,83
289,83
295,83
295,83
161,84
297,84
159,85
159,85
161,85
300,85
158,86
297,86
299,86
299,86
155,87
155,87
157,87
297,87
154,88
298,88
150,89
298,89
149,90
298,90
146,91
298,91
145,92
299,92
140,93
299,93
141,94
299,94
141,95
300,95
142,96
298,96
142,97
298,97
143,98
298,98
144,99
298,99
144,100
297,100
145,101
297,101
145,102
297,102
145,103
297,103
145,104
297,104
145,105
297,105
145,106
297,106
143,107
297,107
145,108
297,108
144,109
298,109
145,110
298,110
145,111
299,111
144,112
299,112
144,113
301,113
308,113
314,113
139,114
139,114
142,114
303,114
307,114
315,114
137,115
139,115
141,115
315,115
137,116
316,116
137,117
316,117
137,118
317,118
137,119
317,119
137,120
320,120
137,121
321,121
137,122
322,122
136,123
323,123
136,124
324,124
136,125
326,125
136,126
328,126
136,127
335,127
136,128
336,128
135,129
337,129
135,130
338,130
135,131
339,131
134,132
340,132
134,133
340,133
134,134
340,134
134,135
340,135
134,136
340,136
132,137
340,137
128,138
129,138
132,138
340,138
127,139
129,139
131,139
132,139
134,139
339,139
127,140
340,140
127,141
340,141
344,141
347,141
125,142
344,142
346,142
349,142
125,143
349,143
124,144
351,144
124,145
351,145
124,146
351,146
123,147
352,147
123,148
352,148
123,149
353,149
122,150
353,150
118,151
119,151
121,151
353,151
117,152
353,152
117,153
353,153
117,154
354,154
117,155
356,155
116,156
356,156
116,157
357,157
116,158
358,158
361,158
362,158
108,159
108,159
116,159
363,159
115,160
363,160
114,161
364,161
108,162
109,162
113,162
364,162
108,163
365,163
109,164
369,164
109,165
369,165
109,166
370,166
109,167
370,167
110,168
370,168
110,169
371,169
110,170
371,170
110,171
372,171
110,172
372,172
111,173
372,173
111,174
373,174
112,175
374,175
111,176
376,176
113,177
376,177
113,178
376,178
114,179
375,179
377,179
377,179
115,180
377,180
117,181
377,181
116,182
377,182
117,183
377,183
118,184
378,184
119,185
378,185
120,186
378,186
121,187
378,187
122,188
378,188
123,189
378,189
124,190
378,190
124,191
377,191
124,192
377,192
124,193
376,193
124,194
376,194
124,195
374,195
124,196
373,196
124,197
373,197
124,198
373,198
123,199
373,199
122,200
372,200
122,201
371,201
121,202
370,202
120,203
369,203
118,204
368,204
118,205
368,205
115,206
367,206
114,207
366,207
111,208
366,208
110,209
365,209
109,210
365,210
109,211
364,211
109,212
363,212
109,213
363,213
108,214
363,214
107,215
363,215
108,216
363,216
107,217
362,217
107,218
363,218
105,219
105,219
107,219
363,219
104,220
363,220
103,221
364,221
102,222
365,222
99,223
366,223
96,224
367,224
95,225
368,225
95,226
370,226
95,227
372,227
95,228
373,228
95,229
373,229
95,230
373,230
94,231
374,231
94,232
374,232
94,233
374,233
93,234
374,234
92,235
375,235
92,236
375,236
92,237
377,237
91,238
378,238
90,239
379,239
90,240
380,240
88,241
381,241
86,242
381,242
86,243
381,243
85,244
383,244
85,245
382,245
84,246
386,246
84,247
387,247
84,248
387,248
83,249
387,249
83,250
388,250
82,251
389,251
81,252
390,252
80,253
391,253
80,254
391,254
78,255
391,255
78,256
392,256
77,257
392,257
77,258
393,258
75,259
394,259
72,260
395,260
57,261
58,261
64,261
395,261
51,262
397,262
50,263
397,263
50,264
399,264
50,265
399,265
50,266
401,266
50,267
402,267
50,268
402,268
50,269
402,269
50,270
402,270
51,271
401,271
50,272
401,272
51,273
400,273
52,274
400,274
52,275
399,275
53,276
398,276
53,277
398,277
53,278
397,278
54,279
396,279
55,280
396,280
55,281
394,281
57,282
394,282
58,283
393,283
59,284
392,284
60,285
390,285
62,286
389,286
63,287
388,287
64,288
386,288
66,289
385,289
67,290
385,290
68,291
384,291
69,292
383,292
70,293
383,293
71,294
382,294
72,295
381,295
73,296
380,296
73,297
379,297
74,298
378,298
76,299
378,299
76,300
377,300
77,301
377,301
78,302
376,302
80,303
376,303
81,304
375,304
82,305
375,305
83,306
375,306
83,307
374,307
84,308
374,308
85,309
374,309
87,310
373,310
88,311
373,311
91,312
373,312
90,313
373,313
93,314
373,314
94,315
373,315
95,316
373,316
97,317
373,317
98,318
374,318
99,319
99,319
101,319
374,319
99,320
375,320
101,321
376,321
101,322
376,322
104,323
376,323
104,324
375,324
104,325
375,325
106,326
375,326
106,327
374,327
107,328
373,328
108,329
373,329
109,330
373,330
109,331
373,331
110,332
372,332
110,333
371,333
111,334
370,334
113,335
370,335
113,336
369,336
116,337
368,337
116,338
368,338
117,339
366,339
118,340
366,340
120,341
365,341
120,342
364,342
121,343
363,343
122,344
363,344
124,345
362,345
124,346
361,346
124,347
361,347
125,348
359,348
126,349
359,349
127,350
358,350
128,351
357,351
129,352
356,352
129,353
355,353
130,354
354,354
130,355
353,355
131,356
352,356
132,357
352,357
132,358
351,358
132,359
350,359
