88,0
330,0
332,0
332,0
87,1
330,1
86,2
330,2
86,3
329,3
86,4
329,4
86,5
328,5
86,6
328,6
86,7
327,7
86,8
326,8
86,9
326,9
87,10
326,10
87,11
325,11
87,12
325,12
87,13
324,13
87,14
324,14
87,15
322,15
89,16
323,16
89,17
322,17
90,18
322,18
91,19
322,19
92,20
321,20
93,21
320,21
94,22
320,22
95,23
319,23
96,24
320,24
98,25
319,25
99,26
319,26
100,27
319,27
101,28
102,28
104,28
317,28
102,29
318,29
103,30
317,30
104,31
316,31
105,32
316,32
107,33
316,33
109,34
315,34
109,35
315,35
110,36
315,36
111,37
315,37
112,38
314,38
113,39
314,39
115,40
313,40
116,41
313,41
117,42
312,42
118,43
311,43
119,44
311,44
120,45
311,45
121,46
310,46
121,47
309,47
123,48
310,48
124,49
310,49
125,50
310,50
126,51
309,51
126,52
309,52
127,53
308,53
129,54
308,54
130,55
308,55
131,56
307,56
133,57
306,57
137,58
305,58
136,59
306,59
137,60
305,60
138,61
305,61
140,62
305,62
140,63
305,63
142,64
303,64
142,65
304,65
143,66
303,66
144,67
303,67
146,68
303,68
146,69
303,69
146,70
301,70
147,71
301,71
147,72
302,72
147,73
302,73
147,74
301,74
148,75
301,75
148,76
301,76
148,77
301,77
148,78
300,78
147,79
300,79
147,80
299,80
147,81
299,81
146,82
299,82
146,83
299,83
146,84
299,84
145,85
299,85
145,86
299,86
144,87
299,87
143,88
300,88
143,89
300,89
143,90
301,90
143,91
301,91
142,92
301,92
142,93
302,93
142,94
303,94
141,95
303,95
141,96
304,96
141,97
305,97
140,98
305,98
140,99
306,99
140,100
307,100
140,101
307,101
140,102
308,102
139,103
309,103
140,104
310,104
140,105
311,105
139,106
311,106
139,107
312,107
139,108
314,108
138,109
315,109
138,110
138,110
140,110
316,110
138,111
317,111
137,112
317,112
137,113
318,113
137,114
319,114
136,115
320,115
136,116
320,116
136,117
321,117
136,118
322,118
136,119
323,119
135,120
324,120
134,121
325,121
134,122
325,122
134,123
326,123
133,124
327,124
133,125
328,125
133,126
329,126
133,127
329,127
131,128
330,128
131,129
330,129
130,130
332,130
130,131
333,131
129,132
129,132
131,132
334,132
128,133
335,133
127,134
335,134
127,135
336,135
128,136
336,136
125,137
337,137
125,138
338,138
124,139
339,139
124,140
340,140
123,141
341,141
122,142
342,142
122,143
344,143
121,144
344,144
120,145
345,145
119,146
346,146
119,147
346,147
119,148
348,148
118,149
349,149
118,150
349,150
117,151
350,151
117,152
352,152
115,153
352,153
115,154
352,154
114,155
353,155
113,156
355,156
113,157
355,157
112,158
357,158
111,159
357,159
111,160
357,160
110,161
358,161
360,161
360,161
110,162
360,162
110,163
361,163
110,164
362,164
110,165
362,165
110,166
363,166
110,167
363,167
110,168
364,168
111,169
364,169
111,170
365,170
112,171
365,171
113,172
365,172
114,173
366,173
115,174
365,174
115,175
365,175
116,176
366,176
117,177
366,177
117,178
366,178
118,179
366,179
120,180
366,180
120,181
366,181
120,182
366,182
121,183
366,183
122,184
366,184
122,185
366,185
125,186
366,186
124,187
366,187
125,188
366,188
126,189
366,189
127,190
366,190
128,191
365,191
128,192
365,192
129,193
365,193
129,194
365,194
129,195
365,195
129,196
364,196
130,197
364,197
130,198
363,198
130,199
362,199
130,200
363,200
130,201
362,201
129,202
361,202
129,203
360,203
128,204
359,204
128,205
359,205
127,206
359,206
126,207
359,207
126,208
357,208
125,209
357,209
124,210
357,210
124,211
357,211
123,212
355,212
122,213
355,213
121,214
355,214
120,215
354,215
119,216
353,216
118,217
353,217
117,218
352,218
116,219
352,219
116,220
351,220
115,221
351,221
114,222
350,222
113,223
350,223
112,224
349,224
111,225
349,225
111,226
349,226
110,227
349,227
109,228
349,228
108,229
349,229
107,230
349,230
106,231
348,231
106,232
349,232
105,233
349,233
104,234
349,234
103,235
350,235
103,236
351,236
102,237
351,237
101,238
351,238
100,239
352,239
99,240
354,240
98,241
354,241
97,242
354,242
97,243
355,243
95,244
355,244
94,245
356,245
94,246
357,246
93,247
358,247
92,248
359,248
90,249
359,249
90,250
360,250
89,251
361,251
87,252
362,252
87,253
363,253
86,254
363,254
86,255
364,255
85,256
365,256
83,257
365,257
82,258
366,258
82,259
368,259
80,260
369,260
79,261
369,261
79,262
369,262
77,263
370,263
77,264
371,264
75,265
372,265
75,266
373,266
73,267
373,267
72,268
373,268
72,269
374,269
70,270
374,270
70,271
375,271
70,272
375,272
70,273
376,273
70,274
376,274
70,275
377,275
70,276
377,276
71,277
378,277
71,278
378,278
72,279
379,279
72,280
379,280
73,281
379,281
73,282
379,282
74,283
379,283
75,284
379,284
76,285
378,285
78,286
377,286
78,287
377,287
79,288
377,288
80,289
377,289
82,290
376,290
82,291
376,291
84,292
375,292
85,293
375,293
86,294
375,294
87,295
374,295
88,296
374,296
88,297
373,297
89,298
372,298
89,299
372,299
91,300
371,300
92,301
371,301
93,302
371,302
94,303
370,303
94,304
368,304
96,305
368,305
97,306
368,306
98,307
368,307
98,308
367,308
100,309
367,309
101,310
367,310
102,311
102,311
104,311
365,311
103,312
365,312
103,313
365,313
105,314
364,314
105,315
363,315
106,316
363,316
108,317
362,317
108,318
362,318
109,319
362,319
111,320
361,320
114,321
362,321
113,322
360,322
114,323
360,323
115,324
360,324
116,325
360,325
117,326
359,326
118,327
359,327
119,328
359,328
120,329
358,329
121,330
357,330
122,331
356,331
124,332
356,332
125,333
356,333
125,334
355,334
126,335
354,335
127,336
354,336
128,337
353,337
129,338
353,338
130,339
352,339
131,340
351,340
131,341
351,341
132,342
351,342
133,343
350,343
133,344
349,344
134,345
349,345
135,346
349,346
135,347
348,347
136,348
348,348
137,349
347,349
137,350
347,350
138,351
346,351
138,352
346,352
140,353
345,353
140,354
344,354
140,355
344,355
141,356
344,356
142,357
342,357
142,358
342,358
142,359
342,359
