271,15
275,15
270,16
281,16
269,17
284,17
268,18
288,18
266,19
292,19
265,20
295,20
264,21
295,21
263,22
294,22
296,22
296,22
262,23
296,23
261,24
296,24
260,25
296,25
259,26
297,26
258,27
297,27
257,28
297,28
256,29
298,29
255,30
298,30
254,31
298,31
255,32
299,32
254,33
302,33
254,34
308,34
254,35
312,35
254,36
314,36
255,37
316,37
255,38
319,38
255,39
320,39
255,40
322,40
256,41
323,41
255,42
325,42
256,43
326,43
256,44
327,44
257,45
328,45
257,46
329,46
257,47
330,47
258,48
331,48
257,49
332,49
257,50
333,50
255,51
334,51
255,52
336,52
253,53
337,53
252,54
338,54
250,55
336,55
338,55
339,55
249,56
340,56
249,57
341,57
246,58
247,58
250,58
342,58
246,59
343,59
245,60
344,60
244,61
344,61
243,62
345,62
242,63
242,63
244,63
345,63
241,64
346,64
240,65
347,65
239,66
347,66
239,67
348,67
238,68
349,68
238,69
349,69
238,70
349,70
237,71
350,71
237,72
350,72
236,73
350,73
236,74
236,74
238,74
351,74
235,75
351,75
235,76
351,76
235,77
352,77
234,78
352,78
234,79
352,79
234,80
353,80
234,81
353,81
233,82
353,82
233,83
353,83
233,84
354,84
232,85
354,85
232,86
354,86
232,87
355,87
232,88
355,88
232,89
355,89
232,90
355,90
231,91
355,91
231,92
232,92
234,92
356,92
231,93
356,93
231,94
354,94
356,94
356,94
231,95
354,95
356,95
356,95
231,96
356,96
231,97
356,97
231,98
357,98
231,99
357,99
232,100
357,100
233,101
358,101
233,102
358,102
233,103
358,103
233,104
359,104
233,105
359,105
234,106
359,106
234,107
234,107
238,107
360,107
234,108
234,108
238,108
361,108
238,109
362,109
238,110
362,110
238,111
363,111
239,112
364,112
239,113
364,113
239,114
365,114
239,115
365,115
239,116
239,116
241,116
366,116
240,117
365,117
240,118
251,118
253,118
254,118
258,118
367,118
240,119
240,119
243,119
251,119
253,119
255,119
258,119
364,119
366,119
368,119
240,120
240,120
244,120
246,120
248,120
250,120
253,120
255,120
258,120
364,120
368,120
368,120
244,121
250,121
254,121
255,121
259,121
364,121
369,121
369,121
245,122
245,122
247,122
250,122
255,122
256,122
259,122
365,122
369,122
369,122
248,123
250,123
255,123
257,123
260,123
365,123
370,123
370,123
250,124
250,124
256,124
257,124
260,124
366,124
257,125
257,125
260,125
367,125
252,126
252,126
257,126
365,126
367,126
368,126
258,127
368,127
402,127
402,127
259,128
369,128
402,128
403,128
261,129
370,129
401,129
403,129
261,130
367,130
370,130
370,130
401,130
401,130
403,130
404,130
260,131
367,131
371,131
371,131
401,131
405,131
260,132
367,132
400,132
405,132
260,133
367,133
399,133
406,133
259,134
367,134
398,134
407,134
259,135
259,135
261,135
367,135
398,135
407,135
258,136
366,136
397,136
408,136
257,137
367,137
396,137
409,137
257,138
367,138
394,138
410,138
255,139
367,139
394,139
410,139
256,140
357,140
359,140
367,140
393,140
411,140
257,141
357,141
361,141
368,141
392,141
412,141
259,142
259,142
261,142
357,142
361,142
369,142
392,142
413,142
263,143
357,143
362,143
366,143
391,143
413,143
264,144
357,144
363,144
363,144
365,144
365,144
391,144
414,144
266,145
357,145
363,145
365,145
390,145
415,145
266,146
357,146
364,146
365,146
389,146
416,146
266,147
266,147
268,147
357,147
364,147
365,147
389,147
417,147
266,148
357,148
364,148
366,148
389,148
418,148
267,149
357,149
364,149
364,149
388,149
418,149
269,150
352,150
354,150
357,150
364,150
364,150
387,150
417,150
419,150
420,150
270,151
352,151
355,151
357,151
364,151
364,151
386,151
420,151
271,152
352,152
356,152
357,152
364,152
364,152
385,152
421,152
272,153
352,153
356,153
357,153
364,153
364,153
384,153
422,153
274,154
295,154
298,154
352,154
356,154
357,154
383,154
423,154
275,155
295,155
298,155
353,155
356,155
357,155
383,155
424,155
276,156
276,156
278,156
292,156
294,156
295,156
298,156
353,156
357,156
358,156
382,156
425,156
277,157
290,157
294,157
294,157
298,157
353,157
357,157
358,157
381,157
426,157
277,158
290,158
294,158
294,158
298,158
353,158
357,158
357,158
380,158
427,158
278,159
290,159
298,159
348,159
350,159
354,159
357,159
357,159
379,159
428,159
279,160
286,160
290,160
290,160
298,160
344,160
346,160
347,160
351,160
354,160
379,160
429,160
280,161
283,161
285,161
286,161
290,161
290,161
298,161
344,161
347,161
347,161
353,161
354,161
378,161
430,161
285,162
285,162
290,162
290,162
298,162
343,162
353,162
354,162
377,162
432,162
298,163
343,163
353,163
355,163
376,163
432,163
156,164
156,164
299,164
334,164
338,164
343,164
376,164
434,164
146,165
146,165
150,165
152,165
154,165
157,165
160,165
160,165
299,165
334,165
338,165
343,165
375,165
434,165
145,166
160,166
299,166
333,166
339,166
343,166
373,166
436,166
144,167
161,167
299,167
333,167
339,167
343,167
373,167
435,167
437,167
437,167
143,168
161,168
299,168
331,168
339,168
343,168
372,168
438,168
142,169
162,169
298,169
332,169
340,169
343,169
371,169
440,169
141,170
163,170
297,170
332,170
340,170
343,170
370,170
441,170
140,171
163,171
296,171
333,171
340,171
343,171
369,171
370,171
372,171
442,171
139,172
164,172
295,172
333,172
340,172
344,172
368,172
444,172
140,173
165,173
293,173
334,173
340,173
344,173
368,173
445,173
140,174
165,174
292,174
334,174
341,174
341,174
343,174
344,174
367,174
446,174
141,175
166,175
291,175
335,175
341,175
343,175
366,175
448,175
141,176
166,176
290,176
335,176
341,176
343,176
365,176
450,176
142,177
167,177
289,177
336,177
341,177
344,177
364,177
451,177
143,178
168,178
288,178
336,178
341,178
344,178
363,178
452,178
143,179
168,179
287,179
336,179
341,179
344,179
362,179
454,179
144,180
169,180
286,180
337,180
341,180
343,180
361,180
456,180
145,181
169,181
285,181
337,181
341,181
344,181
360,181
457,181
145,182
170,182
284,182
337,182
341,182
344,182
359,182
459,182
146,183
171,183
284,183
337,183
341,183
344,183
357,183
460,183
146,184
171,184
200,184
203,184
282,184
338,184
341,184
344,184
356,184
462,184
147,185
172,185
200,185
206,185
282,185
345,185
355,185
464,185
148,186
172,186
199,186
209,186
254,186
261,186
275,186
275,186
277,186
278,186
280,186
346,186
353,186
466,186
148,187
173,187
198,187
211,187
246,187
256,187
274,187
347,187
352,187
468,187
149,188
173,188
197,188
213,188
236,188
254,188
272,188
348,188
351,188
470,188
149,189
174,189
193,189
193,189
195,189
215,189
232,189
250,189
271,189
471,189
150,190
175,190
191,190
216,190
224,190
245,190
270,190
473,190
150,191
175,191
190,191
227,191
229,191
229,191
234,191
240,191
270,191
270,191
272,191
475,191
151,192
176,192
190,192
236,192
269,192
479,192
152,193
152,193
155,193
176,193
190,193
231,193
269,193
479,193
153,194
177,194
190,194
228,194
269,194
479,194
153,195
178,195
187,195
223,195
268,195
479,195
154,196
178,196
186,196
220,196
269,196
479,196
154,197
179,197
183,197
221,197
269,197
479,197
155,198
221,198
268,198
479,198
155,199
222,199
268,199
479,199
156,200
222,200
267,200
479,200
157,201
223,201
266,201
479,201
158,202
223,202
264,202
479,202
158,203
223,203
264,203
479,203
158,204
224,204
263,204
479,204
159,205
225,205
262,205
479,205
160,206
225,206
262,206
479,206
160,207
225,207
261,207
479,207
160,208
226,208
261,208
479,208
160,209
226,209
260,209
479,209
159,210
159,210
161,210
227,210
259,210
479,210
159,211
227,211
259,211
479,211
159,212
192,212
195,212
227,212
259,212
479,212
159,213
228,213
259,213
479,213
159,214
159,214
161,214
191,214
196,214
228,214
259,214
479,214
159,215
191,215
197,215
227,215
259,215
479,215
160,216
191,216
197,216
229,216
259,216
479,216
160,217
191,217
198,217
229,217
259,217
479,217
161,218
192,218
198,218
229,218
259,218
479,218
161,219
192,219
199,219
229,219
259,219
479,219
161,220
193,220
200,220
230,220
259,220
479,220
162,221
194,221
200,221
230,221
261,221
479,221
162,222
195,222
201,222
230,222
260,222
479,222
163,223
196,223
202,223
230,223
260,223
479,223
164,224
197,224
203,224
204,224
206,224
231,224
260,224
479,224
164,225
198,225
205,225
205,225
207,225
231,225
259,225
479,225
164,226
200,226
205,226
231,226
258,226
479,226
164,227
201,227
206,227
231,227
258,227
479,227
163,228
202,228
207,228
232,228
258,228
479,228
163,229
202,229
208,229
232,229
257,229
479,229
163,230
203,230
210,230
233,230
257,230
479,230
163,231
204,231
209,231
234,231
256,231
479,231
164,232
205,232
210,232
234,232
256,232
479,232
164,233
206,233
211,233
235,233
256,233
479,233
164,234
207,234
211,234
235,234
255,234
479,234
164,235
236,235
255,235
479,235
165,236
237,236
254,236
391,236
393,236
479,236
165,237
237,237
254,237
391,237
394,237
479,237
165,238
237,238
254,238
389,238
394,238
479,238
166,239
238,239
254,239
254,239
256,239
388,239
394,239
479,239
166,240
239,240
253,240
388,240
394,240
479,240
166,241
239,241
253,241
387,241
394,241
479,241
167,242
240,242
253,242
253,242
255,242
387,242
394,242
397,242
399,242
479,242
167,243
240,243
252,243
383,243
385,243
387,243
394,243
396,243
400,243
479,243
168,244
240,244
252,244
381,244
386,244
386,244
394,244
395,244
399,244
479,244
168,245
241,245
251,245
380,245
386,245
386,245
394,245
395,245
399,245
479,245
168,246
242,246
251,246
380,246
394,246
394,246
399,246
479,246
169,247
242,247
251,247
382,247
394,247
394,247
399,247
479,247
169,248
169,248
171,248
242,248
251,248
385,248
399,248
479,248
170,249
243,249
251,249
385,249
399,249
479,249
170,250
243,250
251,250
386,250
399,250
479,250
171,251
244,251
250,251
373,251
399,251
479,251
173,252
244,252
250,252
372,252
398,252
479,252
177,253
245,253
250,253
372,253
398,253
479,253
180,254
245,254
250,254
373,254
398,254
479,254
183,255
246,255
250,255
373,255
397,255
479,255
184,256
247,256
250,256
338,256
341,256
360,256
397,256
479,256
185,257
247,257
249,257
338,257
342,257
360,257
397,257
397,257
399,257
479,257
186,258
338,258
343,258
361,258
397,258
397,258
399,258
404,258
406,258
479,258
190,259
338,259
345,259
362,259
396,259
403,259
407,259
479,259
191,260
193,260
195,260
337,260
347,260
359,260
396,260
403,260
406,260
479,260
193,261
337,261
396,261
402,261
406,261
479,261
194,262
337,262
396,262
401,262
405,262
479,262
196,263
337,263
395,263
400,263
405,263
479,263
199,264
337,264
395,264
400,264
405,264
479,264
201,265
337,265
395,265
399,265
405,265
479,265
203,266
337,266
340,266
343,266
395,266
398,266
405,266
479,266
205,267
340,267
343,267
344,267
395,267
397,267
404,267
479,267
207,268
344,268
395,268
396,268
405,268
479,268
208,269
344,269
395,269
396,269
404,269
479,269
211,270
346,270
394,270
395,270
404,270
479,270
212,271
346,271
394,271
394,271
404,271
479,271
213,272
337,272
339,272
346,272
394,272
394,272
403,272
479,272
215,273
346,273
403,273
479,273
215,274
336,274
338,274
345,274
403,274
479,274
216,275
335,275
339,275
346,275
403,275
479,275
216,276
335,276
338,276
346,276
403,276
479,276
217,277
335,277
340,277
346,277
403,277
479,277
217,278
335,278
339,278
346,278
402,278
479,278
217,279
335,279
340,279
346,279
402,279
479,279
217,280
334,280
340,280
345,280
402,280
479,280
218,281
334,281
340,281
345,281
402,281
479,281
218,282
334,282
340,282
345,282
402,282
479,282
219,283
334,283
341,283
345,283
402,283
479,283
219,284
334,284
341,284
345,284
402,284
479,284
221,285
334,285
341,285
345,285
402,285
403,285
406,285
479,285
221,286
334,286
341,286
345,286
402,286
403,286
406,286
479,286
222,287
334,287
341,287
345,287
402,287
402,287
406,287
479,287
223,288
333,288
341,288
345,288
401,288
402,288
406,288
479,288
223,289
333,289
342,289
345,289
401,289
401,289
406,289
479,289
225,290
333,290
342,290
345,290
401,290
401,290
406,290
479,290
226,291
333,291
342,291
345,291
406,291
479,291
226,292
333,292
342,292
345,292
406,292
479,292
227,293
333,293
342,293
345,293
405,293
479,293
229,294
333,294
342,294
345,294
405,294
479,294
230,295
333,295
342,295
346,295
405,295
479,295
231,296
333,296
342,296
346,296
405,296
479,296
232,297
333,297
342,297
346,297
405,297
479,297
233,298
333,298
342,298
346,298
405,298
410,298
412,298
413,298
416,298
479,298
234,299
333,299
342,299
346,299
406,299
411,299
416,299
479,299
235,300
333,300
342,300
346,300
405,300
411,300
415,300
479,300
237,301
333,301
343,301
346,301
405,301
410,301
415,301
479,301
238,302
333,302
343,302
346,302
405,302
409,302
414,302
479,302
239,303
333,303
343,303
346,303
405,303
409,303
414,303
479,303
239,304
333,304
343,304
347,304
405,304
408,304
414,304
479,304
240,305
334,305
343,305
347,305
405,305
408,305
414,305
479,305
241,306
334,306
343,306
347,306
405,306
407,306
413,306
479,306
243,307
335,307
343,307
347,307
405,307
406,307
413,307
479,307
243,308
335,308
343,308
347,308
405,308
406,308
413,308
479,308
245,309
336,309
343,309
347,309
405,309
405,309
413,309
422,309
424,309
438,309
440,309
479,309
245,310
336,310
343,310
347,310
413,310
421,310
424,310
438,310
440,310
479,310
247,311
336,311
343,311
348,311
413,311
421,311
424,311
437,311
440,311
479,311
248,312
337,312
343,312
347,312
413,312
420,312
424,312
437,312
440,312
479,312
249,313
337,313
343,313
348,313
413,313
419,313
424,313
436,313
440,313
479,313
249,314
337,314
343,314
348,314
412,314
418,314
424,314
436,314
439,314
479,314
250,315
338,315
343,315
348,315
412,315
417,315
423,315
435,315
439,315
479,315
249,316
338,316
343,316
348,316
412,316
416,316
423,316
435,316
439,316
479,316
249,317
339,317
343,317
348,317
412,317
415,317
423,317
434,317
438,317
479,317
249,318
339,318
343,318
348,318
412,318
414,318
422,318
434,318
438,318
479,318
249,319
340,319
343,319
349,319
411,319
412,319
422,319
433,319
438,319
479,319
248,320
340,320
343,320
349,320
422,320
432,320
437,320
479,320
248,321
349,321
422,321
432,321
437,321
479,321
248,322
349,322
422,322
431,322
437,322
479,322
247,323
349,323
421,323
431,323
436,323
479,323
247,324
349,324
421,324
431,324
437,324
479,324
247,325
350,325
421,325
430,325
436,325
479,325
247,326
350,326
420,326
422,326
426,326
428,326
430,326
430,326
436,326
479,326
247,327
350,327
420,327
421,327
425,327
430,327
435,327
479,327
246,328
350,328
420,328
421,328
425,328
426,328
428,328
430,328
435,328
479,328
244,329
350,329
420,329
420,329
425,329
429,329
435,329
479,329
243,330
350,330
425,330
426,330
429,330
429,330
435,330
479,330
242,331
350,331
424,331
425,331
435,331
473,331
476,331
479,331
242,332
351,332
425,332
425,332
435,332
472,332
476,332
479,332
241,333
351,333
424,333
424,333
434,333
471,333
476,333
479,333
241,334
242,334
244,334
351,334
424,334
424,334
434,334
471,334
476,334
479,334
240,335
351,335
434,335
471,335
476,335
479,335
240,336
352,336
434,336
471,336
476,336
479,336
240,337
352,337
434,337
471,337
476,337
479,337
240,338
352,338
355,338
356,338
434,338
471,338
476,338
479,338
240,339
357,339
434,339
471,339
476,339
479,339
240,340
359,340
433,340
433,340
435,340
470,340
476,340
479,340
240,341
359,341
433,341
433,341
435,341
470,341
475,341
479,341
240,342
358,342
360,342
360,342
433,342
470,342
475,342
479,342
240,343
361,343
433,343
470,343
475,343
479,343
240,344
359,344
361,344
362,344
433,344
470,344
475,344
479,344
241,345
362,345
432,345
470,345
475,345
479,345
241,346
363,346
432,346
469,346
475,346
479,346
241,347
364,347
432,347
469,347
474,347
479,347
242,348
365,348
432,348
434,348
436,348
469,348
474,348
479,348
243,349
365,349
432,349
433,349
436,349
469,349
474,349
479,349
243,350
366,350
432,350
433,350
436,350
469,350
474,350
479,350
244,351
367,351
432,351
432,351
435,351
469,351
473,351
479,351
244,352
367,352
431,352
431,352
435,352
469,352
473,352
479,352
244,353
367,353
434,353
469,353
473,353
479,353
244,354
368,354
434,354
468,354
473,354
479,354
244,355
368,355
434,355
468,355
473,355
479,355
244,356
368,356
433,356
468,356
473,356
479,356
244,357
368,357
432,357
468,357
473,357
479,357
244,358
368,358
432,358
468,358
473,358
479,358
244,359
368,359
432,359
468,359
473,359
479,359
