269,15
271,15
268,16
276,16
267,17
281,17
266,18
286,18
265,19
289,19
264,20
292,20
263,21
293,21
262,22
291,22
293,22
293,22
260,23
293,23
260,24
294,24
259,25
294,25
258,26
294,26
257,27
295,27
256,28
295,28
255,29
295,29
254,30
296,30
253,31
296,31
252,32
297,32
252,33
300,33
251,34
306,34
251,35
310,35
252,36
313,36
252,37
314,37
253,38
317,38
253,39
318,39
253,40
320,40
253,41
322,41
254,42
323,42
254,43
325,43
254,44
326,44
255,45
324,45
326,45
327,45
255,46
328,46
255,47
329,47
256,48
330,48
256,49
331,49
256,50
332,50
254,51
333,51
253,52
335,52
252,53
336,53
251,54
337,54
250,55
338,55
248,56
339,56
247,57
340,57
246,58
246,58
249,58
341,58
245,59
342,59
244,60
340,60
342,60
343,60
243,61
343,61
242,62
344,62
241,63
241,63
243,63
345,63
240,64
345,64
239,65
346,65
239,66
347,66
238,67
345,67
347,67
347,67
237,68
345,68
347,68
348,68
237,69
348,69
237,70
349,70
236,71
349,71
236,72
347,72
349,72
349,72
235,73
350,73
235,74
350,74
234,75
235,75
237,75
350,75
234,76
351,76
234,77
351,77
233,78
351,78
233,79
352,79
233,80
352,80
233,81
352,81
232,82
352,82
232,83
353,83
232,84
353,84
232,85
353,85
231,86
353,86
231,87
354,87
231,88
354,88
231,89
354,89
231,90
354,90
230,91
354,91
230,92
355,92
230,93
355,93
230,94
355,94
230,95
353,95
355,95
356,95
230,96
353,96
355,96
356,96
230,97
230,97
232,97
356,97
230,98
356,98
230,99
354,99
356,99
356,99
231,100
354,100
356,100
357,100
231,101
357,101
231,102
357,102
231,103
358,103
232,104
358,104
232,105
358,105
232,106
359,106
233,107
360,107
233,108
234,108
237,108
361,108
233,109
233,109
237,109
361,109
233,110
233,110
237,110
362,110
237,111
362,111
237,112
363,112
237,113
364,113
238,114
365,114
238,115
365,115
238,116
366,116
239,117
364,117
366,117
366,117
239,118
367,118
239,119
364,119
367,119
367,119
243,120
249,120
251,120
254,120
257,120
364,120
368,120
368,120
243,121
248,121
252,121
254,121
258,121
364,121
368,121
368,121
240,122
240,122
244,122
246,122
248,122
248,122
253,122
254,122
258,122
365,122
369,122
369,122
244,123
249,123
254,123
255,123
259,123
365,123
247,124
247,124
249,124
249,124
254,124
255,124
259,124
366,124
250,125
250,125
255,125
256,125
259,125
367,125
251,126
251,126
256,126
256,126
260,126
367,126
402,126
402,126
256,127
257,127
260,127
368,127
402,127
402,127
257,128
366,128
368,128
369,128
402,128
403,128
259,129
366,129
370,129
370,129
401,129
403,129
260,130
366,130
401,130
401,130
403,130
404,130
260,131
366,131
401,131
405,131
260,132
366,132
400,132
405,132
260,133
366,133
399,133
406,133
259,134
366,134
398,134
407,134
259,135
366,135
398,135
407,135
258,136
366,136
397,136
408,136
258,137
366,137
396,137
409,137
257,138
366,138
394,138
410,138
255,139
255,139
257,139
356,139
358,139
366,139
394,139
410,139
255,140
256,140
258,140
356,140
359,140
367,140
393,140
411,140
256,141
356,141
360,141
367,141
392,141
412,141
257,142
356,142
361,142
366,142
392,142
413,142
261,143
356,143
362,143
365,143
391,143
413,143
263,144
356,144
363,144
363,144
365,144
365,144
390,144
414,144
265,145
356,145
363,145
364,145
390,145
415,145
265,146
356,146
364,146
364,146
389,146
416,146
266,147
356,147
364,147
364,147
389,147
417,147
266,148
266,148
268,148
356,148
364,148
366,148
389,148
418,148
266,149
356,149
364,149
364,149
387,149
418,149
267,150
356,150
364,150
364,150
387,150
417,150
419,150
420,150
269,151
354,151
356,151
356,151
364,151
364,151
386,151
420,151
270,152
356,152
385,152
421,152
271,153
352,153
355,153
356,153
384,153
422,153
273,154
352,154
356,154
356,154
383,154
423,154
274,155
294,155
298,155
353,155
356,155
356,155
383,155
424,155
275,156
292,156
294,156
295,156
298,156
353,156
382,156
425,156
276,157
291,157
294,157
294,157
298,157
353,157
381,157
426,157
277,158
290,158
294,158
294,158
298,158
347,158
350,158
353,158
380,158
427,158
277,159
290,159
294,159
294,159
298,159
347,159
350,159
354,159
379,159
428,159
278,160
286,160
288,160
290,160
298,160
343,160
346,160
347,160
351,160
354,160
379,160
429,160
279,161
285,161
289,161
290,161
298,161
343,161
352,161
354,161
378,161
430,161
284,162
285,162
289,162
289,162
298,162
343,162
353,162
354,162
377,162
432,162
285,163
285,163
298,163
334,163
337,163
343,163
376,163
433,163
298,164
333,164
337,164
343,164
375,164
434,164
146,165
146,165
150,165
151,165
154,165
155,165
298,165
333,165
338,165
343,165
374,165
434,165
145,166
147,166
149,166
160,166
298,166
333,166
338,166
343,166
373,166
436,166
144,167
160,167
299,167
332,167
339,167
343,167
372,167
435,167
437,167
437,167
143,168
161,168
299,168
331,168
339,168
343,168
372,168
438,168
142,169
161,169
298,169
331,169
340,169
343,169
371,169
440,169
141,170
162,170
297,170
331,170
340,170
343,170
370,170
441,170
140,171
163,171
296,171
332,171
340,171
343,171
369,171
370,171
372,171
442,171
139,172
163,172
294,172
333,172
340,172
343,172
368,172
444,172
139,173
163,173
293,173
333,173
340,173
343,173
368,173
445,173
140,174
164,174
292,174
334,174
341,174
343,174
367,174
446,174
140,175
165,175
291,175
334,175
341,175
341,175
343,175
343,175
366,175
448,175
141,176
165,176
290,176
335,176
341,176
343,176
365,176
449,176
142,177
166,177
289,177
336,177
341,177
343,177
364,177
451,177
142,178
167,178
288,178
336,178
341,178
343,178
363,178
452,178
143,179
167,179
287,179
336,179
341,179
343,179
362,179
454,179
143,180
168,180
286,180
337,180
341,180
344,180
361,180
456,180
144,181
168,181
285,181
337,181
341,181
344,181
360,181
457,181
145,182
169,182
284,182
337,182
341,182
344,182
359,182
459,182
145,183
170,183
283,183
337,183
341,183
344,183
357,183
460,183
146,184
170,184
282,184
338,184
341,184
344,184
356,184
462,184
146,185
171,185
282,185
345,185
355,185
463,185
147,186
171,186
201,186
205,186
276,186
278,186
280,186
346,186
353,186
465,186
148,187
172,187
200,187
208,187
273,187
347,187
352,187
467,187
148,188
172,188
199,188
200,188
202,188
212,188
252,188
262,188
272,188
348,188
351,188
469,188
149,189
173,189
198,189
213,189
243,189
258,189
271,189
471,189
149,190
174,190
194,190
194,190
196,190
215,190
236,190
254,190
270,190
473,190
150,191
174,191
192,191
216,191
227,191
227,191
229,191
249,191
270,191
475,191
151,192
175,192
191,192
233,192
237,192
245,192
269,192
477,192
151,193
152,193
154,193
175,193
191,193
228,193
236,193
241,193
269,193
479,193
152,194
152,194
154,194
176,194
191,194
236,194
268,194
479,194
152,195
177,195
190,195
232,195
268,195
479,195
153,196
177,196
189,196
226,196
268,196
479,196
154,197
178,197
187,197
221,197
268,197
479,197
154,198
178,198
184,198
221,198
268,198
479,198
155,199
179,199
183,199
222,199
267,199
479,199
155,200
223,200
266,200
479,200
156,201
223,201
266,201
479,201
157,202
223,202
264,202
479,202
158,203
182,203
184,203
224,203
263,203
479,203
158,204
182,204
185,204
224,204
263,204
479,204
159,205
182,205
185,205
225,205
262,205
479,205
159,206
225,206
261,206
479,206
160,207
226,207
261,207
479,207
160,208
226,208
261,208
479,208
160,209
227,209
260,209
479,209
159,210
227,210
259,210
479,210
158,211
227,211
259,211
479,211
158,212
228,212
259,212
479,212
158,213
159,213
161,213
228,213
259,213
479,213
159,214
159,214
161,214
228,214
259,214
479,214
159,215
159,215
161,215
190,215
197,215
228,215
259,215
479,215
159,216
190,216
198,216
198,216
200,216
229,216
259,216
479,216
160,217
190,217
198,217
229,217
259,217
479,217
160,218
190,218
198,218
229,218
259,218
479,218
160,219
191,219
199,219
230,219
259,219
479,219
160,220
191,220
200,220
230,220
259,220
479,220
161,221
193,221
200,221
230,221
260,221
479,221
161,222
194,222
201,222
231,222
260,222
479,222
162,223
195,223
202,223
231,223
260,223
479,223
162,224
163,224
165,224
196,224
203,224
231,224
260,224
479,224
163,225
197,225
204,225
204,225
207,225
231,225
260,225
479,225
163,226
198,226
204,226
205,226
207,226
231,226
259,226
479,226
163,227
199,227
206,227
232,227
258,227
479,227
163,228
200,228
207,228
232,228
258,228
479,228
163,229
201,229
207,229
232,229
258,229
479,229
162,230
202,230
208,230
233,230
257,230
479,230
162,231
203,231
211,231
233,231
256,231
479,231
163,232
204,232
209,232
234,232
256,232
479,232
163,233
205,233
210,233
235,233
255,233
479,233
163,234
206,234
211,234
235,234
255,234
479,234
163,235
207,235
211,235
236,235
255,235
479,235
164,236
208,236
211,236
236,236
254,236
391,236
393,236
479,236
164,237
237,237
254,237
390,237
394,237
479,237
165,238
237,238
254,238
389,238
394,238
479,238
165,239
238,239
254,239
254,239
256,239
388,239
394,239
479,239
165,240
239,240
253,240
387,240
394,240
479,240
166,241
239,241
253,241
387,241
394,241
479,241
166,242
239,242
252,242
387,242
394,242
479,242
166,243
240,243
252,243
386,243
394,243
396,243
399,243
479,243
167,244
241,244
252,244
381,244
385,244
386,244
394,244
396,244
398,244
479,244
167,245
241,245
251,245
380,245
394,245
395,245
398,245
479,245
167,246
242,246
251,246
380,246
394,246
394,246
399,246
479,246
168,247
242,247
251,247
382,247
394,247
394,247
399,247
479,247
168,248
243,248
251,248
385,248
399,248
479,248
168,249
243,249
251,249
385,249
399,249
479,249
169,250
244,250
251,250
386,250
399,250
479,250
169,251
244,251
250,251
373,251
398,251
479,251
171,252
245,252
250,252
372,252
398,252
479,252
174,253
245,253
250,253
372,253
398,253
479,253
177,254
246,254
250,254
373,254
397,254
479,254
181,255
246,255
250,255
373,255
397,255
479,255
182,256
338,256
341,256
360,256
397,256
397,256
399,256
479,256
183,257
338,257
342,257
360,257
396,257
397,257
399,257
479,257
185,258
338,258
343,258
361,258
396,258
404,258
406,258
479,258
187,259
338,259
345,259
362,259
396,259
403,259
406,259
479,259
188,260
337,260
347,260
359,260
396,260
402,260
406,260
479,260
190,261
193,261
195,261
337,261
396,261
402,261
406,261
479,261
192,262
337,262
395,262
401,262
405,262
479,262
194,263
337,263
395,263
400,263
405,263
479,263
196,264
337,264
395,264
399,264
404,264
479,264
199,265
337,265
395,265
398,265
404,265
479,265
201,266
337,266
340,266
343,266
395,266
397,266
404,266
479,266
203,267
340,267
343,267
344,267
394,267
396,267
404,267
479,267
204,268
344,268
394,268
396,268
404,268
479,268
206,269
344,269
394,269
395,269
403,269
479,269
208,270
346,270
394,270
394,270
403,270
479,270
210,271
346,271
394,271
394,271
403,271
479,271
212,272
337,272
339,272
346,272
403,272
479,272
213,273
346,273
403,273
479,273
214,274
335,274
338,274
345,274
403,274
479,274
215,275
335,275
338,275
346,275
403,275
479,275
215,276
335,276
338,276
346,276
402,276
479,276
216,277
335,277
339,277
346,277
402,277
479,277
216,278
335,278
339,278
346,278
402,278
479,278
216,279
335,279
340,279
346,279
402,279
479,279
217,280
334,280
340,280
346,280
402,280
479,280
217,281
334,281
340,281
345,281
402,281
479,281
218,282
334,282
340,282
345,282
402,282
479,282
218,283
334,283
341,283
345,283
402,283
479,283
218,284
334,284
341,284
345,284
402,284
403,284
405,284
479,284
219,285
334,285
341,285
345,285
402,285
403,285
406,285
479,285
220,286
334,286
341,286
345,286
402,286
402,286
406,286
479,286
221,287
334,287
341,287
345,287
401,287
402,287
405,287
479,287
222,288
333,288
341,288
345,288
401,288
401,288
405,288
479,288
222,289
333,289
342,289
345,289
401,289
401,289
405,289
479,289
223,290
333,290
342,290
345,290
405,290
479,290
225,291
333,291
342,291
345,291
405,291
479,291
225,292
333,292
342,292
345,292
405,292
479,292
226,293
333,293
342,293
345,293
405,293
479,293
228,294
333,294
342,294
345,294
405,294
479,294
228,295
333,295
342,295
346,295
405,295
479,295
229,296
230,296
232,296
333,296
342,296
346,296
405,296
479,296
231,297
333,297
342,297
346,297
405,297
479,297
232,298
333,298
342,298
346,298
405,298
410,298
412,298
412,298
415,298
479,298
233,299
333,299
342,299
346,299
405,299
411,299
415,299
479,299
234,300
333,300
342,300
346,300
405,300
411,300
415,300
479,300
235,301
333,301
343,301
346,301
405,301
410,301
414,301
479,301
236,302
333,302
343,302
347,302
405,302
409,302
414,302
479,302
237,303
333,303
343,303
347,303
405,303
408,303
414,303
479,303
238,304
333,304
343,304
347,304
405,304
405,304
407,304
408,304
413,304
479,304
239,305
334,305
343,305
347,305
405,305
407,305
413,305
479,305
240,306
334,306
343,306
347,306
405,306
407,306
413,306
479,306
241,307
335,307
343,307
347,307
405,307
406,307
413,307
479,307
243,308
335,308
343,308
347,308
405,308
405,308
413,308
479,308
244,309
336,309
343,309
347,309
413,309
438,309
440,309
479,309
245,310
336,310
343,310
348,310
413,310
420,310
424,310
438,310
440,310
479,310
246,311
336,311
343,311
347,311
412,311
420,311
424,311
437,311
440,311
479,311
247,312
337,312
343,312
348,312
412,312
419,312
424,312
436,312
440,312
479,312
248,313
337,313
343,313
348,313
412,313
419,313
423,313
436,313
439,313
479,313
249,314
337,314
343,314
348,314
412,314
418,314
423,314
435,314
439,314
479,314
250,315
338,315
343,315
348,315
412,315
417,315
423,315
435,315
439,315
479,315
250,316
338,316
343,316
348,316
412,316
416,316
423,316
434,316
438,316
479,316
249,317
339,317
343,317
348,317
412,317
415,317
422,317
434,317
438,317
479,317
249,318
339,318
343,318
348,318
412,318
413,318
422,318
433,318
438,318
479,318
249,319
340,319
343,319
349,319
411,319
412,319
422,319
433,319
438,319
479,319
248,320
340,320
343,320
347,320
349,320
349,320
422,320
432,320
437,320
479,320
248,321
349,321
422,321
432,321
437,321
479,321
248,322
349,322
421,322
431,322
436,322
479,322
248,323
349,323
421,323
430,323
436,323
479,323
247,324
349,324
421,324
430,324
436,324
479,324
247,325
350,325
420,325
423,325
425,325
430,325
435,325
479,325
247,326
350,326
420,326
422,326
425,326
427,326
429,326
429,326
435,326
479,326
247,327
350,327
420,327
421,327
425,327
429,327
435,327
479,327
246,328
350,328
420,328
420,328
424,328
425,328
427,328
429,328
435,328
479,328
244,329
350,329
424,329
429,329
435,329
479,329
243,330
351,330
424,330
426,330
435,330
479,330
242,331
351,331
424,331
425,331
435,331
472,331
475,331
479,331
242,332
351,332
424,332
424,332
434,332
472,332
475,332
479,332
241,333
351,333
424,333
424,333
434,333
471,333
476,333
479,333
241,334
242,334
244,334
351,334
434,334
471,334
476,334
479,334
240,335
351,335
434,335
471,335
476,335
479,335
240,336
352,336
434,336
470,336
476,336
479,336
240,337
352,337
433,337
470,337
476,337
479,337
240,338
352,338
355,338
356,338
433,338
470,338
476,338
479,338
240,339
357,339
433,339
470,339
476,339
479,339
240,340
359,340
433,340
470,340
475,340
479,340
240,341
359,341
433,341
470,341
475,341
479,341
240,342
358,342
360,342
360,342
432,342
470,342
475,342
479,342
240,343
361,343
432,343
469,343
475,343
479,343
240,344
359,344
361,344
362,344
432,344
469,344
474,344
479,344
241,345
362,345
432,345
469,345
474,345
479,345
241,346
363,346
432,346
469,346
474,346
479,346
241,347
364,347
432,347
469,347
474,347
479,347
242,348
365,348
432,348
469,348
474,348
479,348
243,349
365,349
432,349
433,349
435,349
469,349
473,349
479,349
243,350
366,350
431,350
432,350
435,350
469,350
473,350
479,350
244,351
367,351
431,351
431,351
435,351
469,351
473,351
479,351
244,352
367,352
434,352
468,352
473,352
479,352
244,353
367,353
434,353
468,353
473,353
479,353
244,354
368,354
433,354
468,354
473,354
479,354
244,355
368,355
433,355
468,355
473,355
479,355
244,356
368,356
432,356
468,356
473,356
479,356
244,357
368,357
432,357
468,357
473,357
479,357
244,358
368,358
432,358
468,358
472,358
479,358
244,359
368,359
431,359
468,359
472,359
479,359
