259,17
269,17
258,18
274,18
257,19
257,19
260,19
279,19
256,20
282,20
255,21
283,21
254,22
281,22
283,22
284,22
253,23
282,23
284,23
284,23
252,24
285,24
252,25
285,25
251,26
286,26
250,27
286,27
249,28
286,28
248,29
287,29
247,30
287,30
246,31
288,31
245,32
290,32
244,33
295,33
244,34
301,34
303,34
303,34
243,35
304,35
243,36
243,36
245,36
307,36
243,37
309,37
244,38
312,38
244,39
314,39
244,40
312,40
314,40
315,40
245,41
317,41
245,42
318,42
245,43
319,43
246,44
321,44
246,45
322,45
247,46
323,46
247,47
325,47
247,48
326,48
248,49
248,49
250,49
328,49
248,50
329,50
248,51
330,51
248,52
332,52
248,53
333,53
247,54
334,54
246,55
335,55
245,56
336,56
244,57
334,57
336,57
337,57
243,58
335,58
337,58
338,58
243,59
336,59
338,59
339,59
241,60
339,60
240,61
337,61
339,61
340,61
239,62
341,62
238,63
341,63
237,64
342,64
237,65
343,65
236,66
341,66
343,66
343,66
235,67
341,67
343,67
344,67
235,68
344,68
234,69
345,69
234,70
345,70
233,71
346,71
233,72
346,72
232,73
347,73
232,74
347,74
232,75
347,75
231,76
347,76
231,77
348,77
231,78
348,78
230,79
348,79
230,80
349,80
229,81
349,81
229,82
349,82
229,83
349,83
229,84
350,84
228,85
350,85
228,86
350,86
228,87
351,87
228,88
351,88
228,89
351,89
228,90
351,90
227,91
228,91
230,91
351,91
227,92
352,92
227,93
352,93
227,94
352,94
227,95
353,95
227,96
353,96
227,97
353,97
227,98
354,98
227,99
355,99
227,100
228,100
230,100
355,100
227,101
355,101
228,102
356,102
228,103
354,103
356,103
356,103
228,104
357,104
228,105
357,105
229,106
358,106
229,107
359,107
229,108
359,108
230,109
359,109
230,110
360,110
230,111
360,111
230,112
231,112
233,112
361,112
230,113
230,113
234,113
361,113
234,114
362,114
234,115
362,115
235,116
363,116
235,117
363,117
235,118
364,118
235,119
365,119
236,120
365,120
236,121
363,121
237,122
364,122
237,123
364,123
237,124
238,124
240,124
365,124
237,125
238,125
241,125
242,125
245,125
251,125
255,125
365,125
238,126
238,126
242,126
242,126
245,126
246,126
248,126
251,126
256,126
367,126
402,126
402,126
242,127
242,127
246,127
247,127
250,127
251,127
257,127
365,127
367,127
367,127
402,127
403,127
247,128
248,128
251,128
252,128
258,128
365,128
402,128
403,128
250,129
252,129
258,129
365,129
401,129
404,129
251,130
253,130
258,130
365,130
401,130
401,130
403,130
404,130
252,131
254,131
259,131
365,131
401,131
405,131
259,132
365,132
400,132
406,132
259,133
365,133
400,133
401,133
403,133
406,133
259,134
365,134
399,134
405,134
407,134
407,134
258,135
365,135
398,135
408,135
258,136
362,136
364,136
364,136
398,136
408,136
258,137
364,137
396,137
409,137
257,138
354,138
356,138
364,138
395,138
410,138
257,139
354,139
358,139
359,139
363,139
364,139
394,139
395,139
397,139
411,139
256,140
354,140
358,140
359,140
363,140
364,140
394,140
411,140
255,141
354,141
359,141
359,141
363,141
364,141
393,141
412,141
255,142
354,142
360,142
363,142
392,142
413,142
254,143
354,143
361,143
363,143
391,143
414,143
255,144
354,144
362,144
363,144
391,144
415,144
256,145
354,145
363,145
363,145
390,145
415,145
261,146
354,146
363,146
363,146
390,146
416,146
264,147
354,147
363,147
363,147
390,147
417,147
265,148
354,148
389,148
418,148
265,149
354,149
388,149
419,149
265,150
354,150
387,150
420,150
266,151
266,151
268,151
354,151
386,151
420,151
266,152
354,152
385,152
421,152
268,153
268,153
270,153
354,153
385,153
422,153
271,154
343,154
346,154
354,154
384,154
423,154
271,155
343,155
347,155
354,155
383,155
424,155
271,156
343,156
347,156
354,156
382,156
425,156
272,157
343,157
348,157
354,157
381,157
426,157
272,158
343,158
348,158
353,158
380,158
427,158
272,159
273,159
278,159
291,159
294,159
341,159
348,159
348,159
351,159
351,159
379,159
428,159
272,160
273,160
278,160
288,160
290,160
290,160
294,160
341,160
348,160
348,160
379,160
429,160
273,161
273,161
278,161
290,161
295,161
341,161
378,161
430,161
278,162
281,162
283,162
285,162
290,162
290,162
296,162
340,162
377,162
377,162
379,162
431,162
278,163
284,163
290,163
290,163
297,163
332,163
335,163
337,163
339,163
340,163
376,163
432,163
279,164
279,164
281,164
281,164
283,164
283,164
290,164
290,164
297,164
331,164
335,164
337,164
340,164
340,164
375,164
434,164
279,165
279,165
297,165
331,165
335,165
337,165
339,165
340,165
375,165
435,165
279,166
279,166
297,166
331,166
336,166
337,166
339,166
340,166
373,166
436,166
298,167
329,167
332,167
332,167
336,167
337,167
339,167
340,167
373,167
437,167
298,168
330,168
337,168
340,168
372,168
438,168
144,169
145,169
149,169
150,169
297,169
330,169
337,169
340,169
371,169
439,169
143,170
150,170
295,170
331,170
337,170
340,170
370,170
441,170
143,171
147,171
150,171
152,171
294,171
331,171
337,171
340,171
369,171
442,171
142,172
155,172
157,172
158,172
293,172
332,172
337,172
340,172
368,172
443,172
141,173
158,173
292,173
333,173
337,173
340,173
367,173
445,173
140,174
156,174
158,174
158,174
291,174
333,174
337,174
340,174
367,174
446,174
139,175
159,175
290,175
334,175
337,175
340,175
366,175
447,175
137,176
159,176
289,176
335,176
337,176
340,176
364,176
449,176
137,177
138,177
140,177
160,177
288,177
335,177
337,177
340,177
363,177
450,177
138,178
138,178
140,178
161,178
287,178
340,178
363,178
452,178
138,179
139,179
141,179
161,179
286,179
337,179
339,179
340,179
361,179
453,179
139,180
139,180
141,180
161,180
285,180
340,180
360,180
455,180
139,181
162,181
284,181
340,181
359,181
456,181
140,182
163,182
283,182
340,182
357,182
458,182
140,183
163,183
282,183
283,183
285,183
340,183
356,183
460,183
141,184
164,184
281,184
341,184
355,184
461,184
142,185
164,185
280,185
343,185
353,185
463,185
142,186
165,186
280,186
342,186
352,186
465,186
143,187
165,187
273,187
344,187
351,187
467,187
143,188
166,188
272,188
344,188
349,188
469,188
144,189
164,189
166,189
167,189
271,189
344,189
349,189
470,189
144,190
167,190
270,190
345,190
347,190
472,190
145,191
168,191
269,191
474,191
145,192
168,192
268,192
477,192
146,193
169,193
268,193
479,193
146,194
169,194
268,194
479,194
147,195
170,195
267,195
479,195
147,196
170,196
201,196
206,196
267,196
479,196
148,197
171,197
200,197
209,197
267,197
479,197
149,198
171,198
199,198
200,198
202,198
212,198
267,198
479,198
149,199
172,199
198,199
199,199
201,199
214,199
261,199
261,199
266,199
479,199
150,200
173,200
193,200
215,200
252,200
260,200
265,200
479,200
150,201
150,201
153,201
173,201
192,201
213,201
215,201
217,201
239,201
240,201
242,201
256,201
264,201
479,201
151,202
151,202
153,202
173,202
191,202
217,202
228,202
253,202
264,202
479,202
151,203
152,203
154,203
174,203
191,203
247,203
263,203
479,203
152,204
175,204
191,204
242,204
262,204
479,204
152,205
175,205
191,205
238,205
261,205
479,205
153,206
176,206
190,206
233,206
261,206
479,206
153,207
177,207
188,207
224,207
226,207
228,207
260,207
479,207
154,208
177,208
184,208
222,208
259,208
479,208
155,209
177,209
182,209
222,209
259,209
479,209
155,210
178,210
180,210
222,210
258,210
479,210
156,211
222,211
258,211
479,211
156,212
223,212
258,212
479,212
157,213
180,213
184,213
224,213
258,213
479,213
157,214
180,214
184,214
224,214
258,214
479,214
156,215
181,215
185,215
224,215
258,215
258,215
260,215
479,215
155,216
179,216
181,216
181,216
185,216
225,216
258,216
479,216
155,217
182,217
185,217
225,217
258,217
479,217
155,218
183,218
186,218
226,218
258,218
479,218
155,219
156,219
158,219
183,219
187,219
226,219
258,219
479,219
155,220
184,220
187,220
226,220
258,220
479,220
156,221
184,221
188,221
227,221
259,221
479,221
156,222
184,222
188,222
227,222
259,222
479,222
156,223
185,223
189,223
227,223
259,223
479,223
157,224
227,224
259,224
479,224
157,225
188,225
197,225
227,225
259,225
479,225
157,226
188,226
197,226
228,226
258,226
479,226
158,227
189,227
198,227
228,227
258,227
479,227
158,228
190,228
199,228
228,228
257,228
479,228
159,229
191,229
199,229
229,229
257,229
479,229
159,230
192,230
200,230
229,230
256,230
479,230
160,231
193,231
201,231
229,231
256,231
479,231
160,232
194,232
202,232
229,232
255,232
479,232
159,233
195,233
202,233
229,233
255,233
479,233
158,234
195,234
203,234
230,234
255,234
479,234
158,235
196,235
204,235
230,235
254,235
479,235
158,236
197,236
205,236
230,236
254,236
391,236
393,236
479,236
159,237
198,237
206,237
230,237
254,237
391,237
394,237
479,237
159,238
199,238
207,238
231,238
253,238
390,238
394,238
479,238
159,239
200,239
207,239
232,239
253,239
388,239
394,239
479,239
159,240
201,240
208,240
233,240
252,240
388,240
394,240
479,240
160,241
202,241
209,241
234,241
252,241
387,241
394,241
479,241
160,242
203,242
209,242
235,242
252,242
387,242
394,242
479,242
160,243
204,243
210,243
233,243
235,243
235,243
252,243
387,243
394,243
479,243
160,244
205,244
210,244
236,244
251,244
386,244
394,244
479,244
160,245
206,245
210,245
237,245
251,245
380,245
386,245
386,245
394,245
396,245
399,245
479,245
161,246
207,246
211,246
238,246
251,246
380,246
386,246
386,246
394,246
395,246
399,246
479,246
161,247
208,247
211,247
238,247
251,247
381,247
394,247
394,247
399,247
479,247
161,248
239,248
251,248
383,248
399,248
479,248
162,249
240,249
251,249
385,249
399,249
479,249
162,250
241,250
250,250
386,250
399,250
479,250
162,251
163,251
165,251
241,251
250,251
374,251
377,251
381,251
399,251
479,251
163,252
163,252
165,252
242,252
250,252
371,252
398,252
479,252
163,253
243,253
250,253
371,253
398,253
479,253
163,254
243,254
250,254
372,254
398,254
479,254
164,255
164,255
166,255
244,255
250,255
373,255
397,255
479,255
164,256
165,256
167,256
245,256
250,256
360,256
397,256
479,256
164,257
166,257
168,257
246,257
250,257
338,257
341,257
360,257
397,257
479,257
166,258
247,258
249,258
338,258
342,258
361,258
397,258
479,258
169,259
337,259
344,259
362,259
397,259
479,259
173,260
337,260
347,260
362,260
396,260
403,260
406,260
479,260
175,261
337,261
396,261
402,261
406,261
479,261
177,262
337,262
396,262
402,262
405,262
479,262
179,263
337,263
396,263
401,263
405,263
479,263
179,264
337,264
395,264
400,264
405,264
479,264
181,265
337,265
395,265
399,265
405,265
479,265
183,266
337,266
341,266
343,266
395,266
398,266
404,266
479,266
184,267
344,267
395,267
397,267
404,267
479,267
186,268
345,268
395,268
396,268
404,268
479,268
188,269
345,269
395,269
396,269
404,269
479,269
190,270
346,270
394,270
395,270
403,270
479,270
191,271
344,271
346,271
346,271
394,271
394,271
403,271
479,271
193,272
196,272
198,272
344,272
346,272
346,272
394,272
394,272
403,272
479,272
196,273
346,273
403,273
479,273
197,274
335,274
338,274
347,274
403,274
479,274
200,275
335,275
339,275
347,275
403,275
479,275
201,276
335,276
339,276
346,276
403,276
479,276
203,277
335,277
339,277
346,277
402,277
479,277
205,278
335,278
340,278
347,278
402,278
479,278
206,279
335,279
340,279
346,279
402,279
479,279
208,280
335,280
340,280
346,280
402,280
479,280
209,281
335,281
340,281
346,281
402,281
479,281
210,282
334,282
341,282
346,282
402,282
479,282
210,283
334,283
341,283
346,283
402,283
479,283
210,284
334,284
341,284
346,284
402,284
479,284
211,285
334,285
341,285
346,285
402,285
479,285
211,286
334,286
342,286
346,286
401,286
403,286
405,286
479,286
212,287
334,287
342,287
346,287
401,287
402,287
405,287
479,287
213,288
334,288
342,288
346,288
401,288
402,288
406,288
479,288
213,289
334,289
342,289
346,289
401,289
401,289
406,289
479,289
214,290
333,290
342,290
346,290
401,290
401,290
405,290
479,290
215,291
333,291
342,291
346,291
405,291
479,291
215,292
333,292
342,292
346,292
405,292
479,292
216,293
333,293
342,293
346,293
405,293
479,293
217,294
333,294
342,294
346,294
405,294
479,294
218,295
333,295
342,295
346,295
405,295
479,295
219,296
333,296
342,296
346,296
405,296
479,296
221,297
333,297
342,297
346,297
405,297
479,297
222,298
333,298
343,298
347,298
405,298
479,298
223,299
333,299
343,299
347,299
405,299
410,299
412,299
413,299
415,299
479,299
224,300
333,300
343,300
347,300
405,300
411,300
415,300
479,300
225,301
333,301
343,301
347,301
405,301
411,301
415,301
479,301
227,302
333,302
343,302
347,302
405,302
410,302
414,302
479,302
228,303
333,303
343,303
347,303
405,303
409,303
414,303
479,303
229,304
334,304
343,304
347,304
405,304
409,304
414,304
479,304
231,305
334,305
343,305
347,305
405,305
408,305
414,305
479,305
232,306
335,306
344,306
347,306
405,306
407,306
413,306
479,306
233,307
335,307
344,307
348,307
405,307
407,307
413,307
479,307
234,308
336,308
344,308
348,308
405,308
406,308
413,308
479,308
236,309
336,309
344,309
347,309
405,309
405,309
413,309
479,309
237,310
336,310
344,310
348,310
413,310
479,310
238,311
337,311
344,311
348,311
413,311
421,311
424,311
438,311
440,311
479,311
239,312
337,312
344,312
348,312
413,312
420,312
424,312
437,312
440,312
479,312
240,313
337,313
344,313
348,313
412,313
420,313
424,313
437,313
440,313
479,313
242,314
338,314
344,314
348,314
412,314
419,314
424,314
436,314
440,314
479,314
243,315
338,315
344,315
348,315
412,315
418,315
423,315
436,315
439,315
479,315
244,316
338,316
344,316
349,316
412,316
417,316
423,316
435,316
439,316
479,316
246,317
339,317
344,317
349,317
412,317
416,317
423,317
435,317
439,317
479,317
247,318
340,318
343,318
349,318
412,318
415,318
423,318
434,318
438,318
479,318
248,319
340,319
344,319
349,319
411,319
413,319
422,319
434,319
438,319
479,319
249,320
340,320
344,320
349,320
411,320
412,320
422,320
433,320
438,320
479,320
248,321
341,321
343,321
349,321
411,321
411,321
422,321
433,321
437,321
479,321
248,322
349,322
421,322
432,322
437,322
479,322
248,323
350,323
421,323
431,323
437,323
479,323
248,324
350,324
421,324
422,324
424,324
431,324
436,324
479,324
248,325
350,325
421,325
430,325
436,325
479,325
247,326
350,326
420,326
430,326
436,326
479,326
247,327
350,327
420,327
422,327
425,327
430,327
436,327
479,327
247,328
351,328
420,328
421,328
425,328
429,328
435,328
479,328
245,329
351,329
420,329
420,329
425,329
429,329
435,329
479,329
244,330
351,330
424,330
429,330
435,330
479,330
243,331
351,331
424,331
426,331
428,331
428,331
435,331
479,331
242,332
351,332
424,332
425,332
435,332
479,332
242,333
351,333
424,333
424,333
434,333
472,333
476,333
479,333
242,334
351,334
424,334
424,334
434,334
472,334
476,334
479,334
241,335
352,335
434,335
471,335
476,335
479,335
240,336
352,336
423,336
423,336
434,336
471,336
476,336
479,336
240,337
352,337
433,337
471,337
476,337
479,337
240,338
352,338
433,338
471,338
476,338
479,338
240,339
357,339
433,339
471,339
476,339
479,339
240,340
359,340
433,340
471,340
476,340
479,340
240,341
359,341
433,341
470,341
476,341
479,341
240,342
358,342
360,342
360,342
433,342
470,342
476,342
479,342
240,343
361,343
432,343
470,343
475,343
479,343
240,344
362,344
432,344
470,344
475,344
479,344
241,345
363,345
432,345
470,345
475,345
479,345
241,346
363,346
432,346
470,346
475,346
479,346
241,347
364,347
432,347
470,347
475,347
479,347
242,348
365,348
431,348
470,348
475,348
479,348
243,349
365,349
431,349
470,349
474,349
479,349
243,350
366,350
431,350
434,350
436,350
469,350
474,350
479,350
244,351
367,351
431,351
433,351
435,351
469,351
474,351
479,351
244,352
367,352
431,352
432,352
435,352
469,352
474,352
479,352
244,353
368,353
431,353
431,353
435,353
469,353
474,353
479,353
244,354
368,354
434,354
469,354
474,354
479,354
244,355
368,355
434,355
469,355
473,355
479,355
244,356
368,356
433,356
469,356
473,356
479,356
244,357
368,357
433,357
469,357
473,357
479,357
244,358
368,358
432,358
468,358
473,358
479,358
244,359
368,359
432,359
468,359
473,359
479,359
