266,15
271,15
273,15
275,15
265,16
279,16
281,16
282,16
263,17
264,17
266,17
284,17
262,18
287,18
261,19
290,19
260,20
261,20
263,20
291,20
259,21
288,21
290,21
291,21
259,22
292,22
258,23
292,23
257,24
292,24
256,25
292,25
254,26
255,26
257,26
293,26
254,27
293,27
253,28
293,28
252,29
294,29
251,30
294,30
250,31
296,31
250,32
300,32
250,33
303,33
250,34
310,34
250,35
311,35
250,36
314,36
250,37
316,37
251,38
318,38
251,39
320,39
251,40
318,40
320,40
321,40
252,41
322,41
252,42
324,42
252,43
325,43
253,44
326,44
253,45
328,45
253,46
328,46
254,47
330,47
254,48
331,48
254,49
332,49
253,50
334,50
252,51
334,51
251,52
333,52
335,52
336,52
250,53
337,53
249,54
338,54
248,55
339,55
247,56
341,56
246,57
339,57
341,57
342,57
245,58
340,58
342,58
342,58
244,59
340,59
342,59
343,59
243,60
344,60
242,61
344,61
241,62
345,62
240,63
346,63
239,64
344,64
346,64
346,64
238,65
347,65
238,66
347,66
237,67
348,67
237,68
348,68
236,69
349,69
236,70
349,70
236,71
350,71
235,72
350,72
235,73
350,73
234,74
351,74
234,75
351,75
234,76
351,76
234,77
352,77
233,78
352,78
233,79
352,79
233,80
353,80
232,81
353,81
232,82
353,82
232,83
354,83
232,84
354,84
231,85
354,85
231,86
354,86
231,87
354,87
231,88
354,88
231,89
354,89
231,90
354,90
230,91
231,91
233,91
355,91
230,92
355,92
230,93
355,93
230,94
355,94
230,95
356,95
230,96
356,96
230,97
357,97
230,98
357,98
231,99
357,99
231,100
357,100
231,101
358,101
231,102
358,102
232,103
359,103
232,104
359,104
232,105
359,105
233,106
360,106
233,107
233,107
235,107
360,107
233,108
233,108
235,108
361,108
233,109
361,109
233,110
233,110
236,110
362,110
233,111
233,111
236,111
362,111
237,112
363,112
237,113
363,113
237,114
364,114
237,115
364,115
238,116
238,116
240,116
364,116
238,117
238,117
240,117
365,117
238,118
238,118
240,118
365,118
239,119
366,119
239,120
367,120
239,121
242,121
244,121
367,121
240,122
240,122
243,122
253,122
256,122
367,122
240,123
240,123
243,123
244,123
247,123
253,123
257,123
366,123
368,123
368,123
244,124
245,124
248,124
249,124
252,124
253,124
259,124
366,124
245,125
245,125
249,125
250,125
253,125
253,125
259,125
367,125
252,126
254,126
260,126
367,126
253,127
255,127
260,127
368,127
403,127
403,127
254,128
255,128
260,128
368,128
402,128
403,128
256,129
256,129
260,129
369,129
402,129
404,129
257,130
257,130
260,130
368,130
402,130
405,130
260,131
367,131
402,131
405,131
259,132
367,132
401,132
406,132
260,133
260,133
262,133
367,133
401,133
402,133
404,133
407,133
260,134
260,134
262,134
367,134
400,134
408,134
259,135
367,135
399,135
406,135
408,135
408,135
258,136
367,136
399,136
409,136
258,137
367,137
398,137
410,137
257,138
367,138
396,138
410,138
256,139
367,139
395,139
396,139
398,139
411,139
256,140
367,140
395,140
395,140
397,140
412,140
255,141
356,141
359,141
366,141
394,141
413,141
256,142
356,142
359,142
361,142
364,142
366,142
393,142
413,142
258,143
356,143
360,143
361,143
365,143
366,143
393,143
414,143
263,144
356,144
361,144
362,144
365,144
366,144
392,144
415,144
264,145
356,145
362,145
366,145
392,145
416,145
265,146
356,146
363,146
365,146
391,146
417,146
266,147
354,147
356,147
356,147
364,147
365,147
391,147
418,147
266,148
354,148
356,148
356,148
365,148
365,148
390,148
418,148
266,149
267,149
269,149
356,149
365,149
365,149
389,149
419,149
267,150
356,150
365,150
365,150
388,150
420,150
268,151
356,151
387,151
421,151
272,152
356,152
387,152
422,152
272,153
356,153
386,153
423,153
272,154
356,154
385,154
424,154
273,155
356,155
384,155
425,155
273,156
344,156
348,156
355,156
383,156
426,156
273,157
345,157
349,157
355,157
382,157
427,157
273,158
274,158
278,158
292,158
295,158
345,158
349,158
355,158
381,158
428,158
274,159
274,159
278,159
292,159
296,159
344,159
349,159
355,159
380,159
429,159
274,160
274,160
279,160
287,160
291,160
292,160
296,160
344,160
349,160
355,160
380,160
380,160
382,160
430,160
279,161
285,161
291,161
291,161
296,161
341,161
350,161
350,161
353,161
353,161
355,161
355,161
379,161
431,161
280,162
285,162
291,162
291,162
297,162
339,162
341,162
342,162
378,162
432,162
280,163
280,163
283,163
284,163
298,163
342,163
377,163
433,163
280,164
280,164
298,164
338,164
340,164
342,164
376,164
434,164
280,165
280,165
298,165
333,165
336,165
342,165
375,165
435,165
298,166
333,166
336,166
342,166
375,166
436,166
298,167
332,167
336,167
342,167
374,167
438,167
298,168
331,168
337,168
342,168
373,168
439,168
297,169
331,169
338,169
342,169
372,169
440,169
296,170
331,170
339,170
342,170
371,170
441,170
143,171
143,171
148,171
148,171
295,171
332,171
339,171
342,171
370,171
442,171
142,172
143,172
145,172
148,172
294,172
333,172
339,172
342,172
369,172
444,172
141,173
146,173
149,173
149,173
293,173
333,173
339,173
342,173
368,173
445,173
140,174
153,174
291,174
334,174
339,174
342,174
368,174
446,174
140,175
157,175
290,175
334,175
339,175
342,175
367,175
448,175
139,176
157,176
289,176
335,176
339,176
342,176
365,176
449,176
137,177
158,177
288,177
335,177
339,177
342,177
364,177
451,177
136,178
158,178
288,178
335,178
339,178
342,178
363,178
452,178
136,179
136,179
139,179
159,179
287,179
335,179
339,179
342,179
362,179
454,179
136,180
136,180
139,180
159,180
286,180
336,180
339,180
342,180
360,180
455,180
137,181
159,181
285,181
342,181
359,181
457,181
137,182
160,182
284,182
342,182
358,182
359,182
361,182
458,182
138,183
161,183
283,183
283,183
285,183
342,183
356,183
460,183
138,184
161,184
282,184
342,184
355,184
462,184
139,185
162,185
281,185
343,185
354,185
463,185
139,186
162,186
280,186
343,186
353,186
465,186
140,187
163,187
274,187
345,187
351,187
467,187
141,188
161,188
163,188
164,188
272,188
345,188
350,188
469,188
141,189
164,189
271,189
345,189
349,189
471,189
142,190
165,190
270,190
346,190
348,190
472,190
142,191
165,191
270,191
474,191
143,192
166,192
269,192
476,192
143,193
166,193
269,193
479,193
144,194
167,194
268,194
479,194
144,195
167,195
268,195
479,195
145,196
168,196
267,196
479,196
146,197
169,197
267,197
479,197
146,198
169,198
267,198
479,198
147,199
170,199
267,199
479,199
147,200
170,200
201,200
204,200
266,200
479,200
148,201
171,201
199,201
206,201
265,201
479,201
148,202
149,202
151,202
171,202
198,202
199,202
201,202
211,202
264,202
479,202
149,203
149,203
152,203
172,203
197,203
213,203
257,203
479,203
150,204
150,204
152,204
172,204
193,204
214,204
246,204
257,204
262,204
479,204
150,205
173,205
191,205
212,205
214,205
215,205
237,205
253,205
262,205
479,205
150,206
173,206
190,206
216,206
229,206
250,206
261,206
479,206
151,207
174,207
190,207
217,207
222,207
245,207
260,207
479,207
152,208
175,208
189,208
241,208
259,208
479,208
152,209
175,209
189,209
237,209
259,209
479,209
153,210
175,210
189,210
231,210
259,210
479,210
154,211
176,211
188,211
227,211
259,211
479,211
154,212
177,212
186,212
222,212
258,212
479,212
154,213
177,213
182,213
220,213
258,213
479,213
155,214
177,214
181,214
221,214
258,214
479,214
156,215
221,215
258,215
479,215
156,216
222,216
258,216
479,216
155,217
223,217
258,217
479,217
154,218
223,218
258,218
479,218
154,219
223,219
258,219
479,219
154,220
223,220
259,220
479,220
154,221
224,221
259,221
479,221
154,222
224,222
259,222
479,222
154,223
225,223
260,223
479,223
154,224
225,224
260,224
479,224
155,225
183,225
185,225
185,225
187,225
226,225
259,225
479,225
155,226
183,226
187,226
226,226
259,226
479,226
155,227
226,227
258,227
479,227
156,228
189,228
191,228
191,228
193,228
226,228
258,228
479,228
156,229
188,229
196,229
227,229
257,229
479,229
157,230
188,230
196,230
227,230
257,230
479,230
157,231
190,231
197,231
227,231
256,231
479,231
157,232
191,232
198,232
228,232
256,232
479,232
158,233
191,233
198,233
228,233
255,233
479,233
158,234
192,234
199,234
199,234
201,234
228,234
255,234
479,234
158,235
193,235
199,235
200,235
202,235
228,235
255,235
479,235
157,236
194,236
200,236
228,236
254,236
479,236
157,237
195,237
201,237
229,237
254,237
392,237
394,237
479,237
157,238
196,238
202,238
229,238
253,238
391,238
395,238
479,238
157,239
197,239
203,239
229,239
253,239
390,239
395,239
479,239
157,240
198,240
204,240
229,240
253,240
389,240
395,240
479,240
157,241
198,241
205,241
230,241
252,241
389,241
395,241
396,241
398,241
479,241
158,242
200,242
206,242
231,242
252,242
388,242
395,242
396,242
398,242
479,242
158,243
200,243
207,243
232,243
252,243
388,243
395,243
479,243
158,244
201,244
207,244
233,244
252,244
387,244
395,244
479,244
158,245
203,245
208,245
234,245
251,245
380,245
387,245
387,245
395,245
396,245
400,245
479,245
159,246
204,246
208,246
233,246
235,246
235,246
251,246
380,246
387,246
387,246
395,246
396,246
400,246
479,246
159,247
202,247
204,247
205,247
209,247
236,247
251,247
380,247
387,247
387,247
395,247
396,247
400,247
479,247
159,248
206,248
209,248
237,248
251,248
382,248
395,248
395,248
400,248
479,248
160,249
237,249
251,249
383,249
400,249
479,249
160,250
238,250
250,250
386,250
400,250
479,250
161,251
239,251
250,251
382,251
384,251
384,251
400,251
479,251
161,252
240,252
250,252
372,252
400,252
479,252
161,253
241,253
250,253
372,253
399,253
479,253
161,254
242,254
250,254
371,254
399,254
479,254
162,255
242,255
250,255
373,255
399,255
479,255
162,256
243,256
250,256
361,256
366,256
374,256
398,256
479,256
162,257
244,257
250,257
338,257
342,257
360,257
398,257
479,257
163,258
245,258
250,258
338,258
342,258
361,258
398,258
479,258
163,259
165,259
167,259
246,259
250,259
338,259
344,259
361,259
398,259
479,259
164,260
246,260
250,260
338,260
346,260
362,260
398,260
479,260
167,261
338,261
349,261
360,261
397,261
404,261
407,261
479,261
171,262
337,262
397,262
403,262
407,262
479,262
174,263
337,263
397,263
403,263
407,263
479,263
175,264
337,264
397,264
402,264
406,264
479,264
177,265
337,265
396,265
401,265
406,265
479,265
178,266
337,266
341,266
343,266
396,266
397,266
399,266
400,266
406,266
479,266
179,267
344,267
396,267
399,267
406,267
479,267
181,268
345,268
396,268
398,268
405,268
479,268
182,269
185,269
187,269
345,269
396,269
398,269
405,269
479,269
184,270
346,270
396,270
397,270
405,270
479,270
186,271
344,271
346,271
346,271
395,271
396,271
405,271
479,271
188,272
344,272
346,272
346,272
395,272
395,272
405,272
479,272
190,273
344,273
346,273
346,273
395,273
395,273
405,273
479,273
192,274
336,274
339,274
347,274
404,274
479,274
194,275
336,275
339,275
347,275
404,275
479,275
196,276
336,276
339,276
347,276
404,276
479,276
198,277
336,277
340,277
347,277
404,277
479,277
200,278
335,278
340,278
347,278
404,278
479,278
201,279
335,279
340,279
347,279
404,279
479,279
203,280
335,280
341,280
347,280
404,280
479,280
204,281
335,281
341,281
346,281
403,281
479,281
206,282
335,282
341,282
346,282
403,282
479,282
207,283
334,283
341,283
346,283
403,283
479,283
208,284
334,284
341,284
346,284
403,284
479,284
209,285
334,285
341,285
346,285
403,285
479,285
209,286
334,286
342,286
346,286
403,286
479,286
210,287
334,287
342,287
346,287
403,287
479,287
210,288
334,288
342,288
346,288
403,288
403,288
406,288
479,288
211,289
334,289
342,289
346,289
403,289
403,289
407,289
479,289
211,290
334,290
342,290
346,290
403,290
403,290
406,290
479,290
212,291
334,291
342,291
346,291
402,291
402,291
406,291
479,291
213,292
334,292
342,292
346,292
406,292
479,292
213,293
333,293
342,293
346,293
406,293
479,293
214,294
333,294
342,294
346,294
406,294
479,294
215,295
333,295
342,295
346,295
406,295
479,295
216,296
333,296
342,296
346,296
406,296
479,296
217,297
333,297
343,297
346,297
406,297
479,297
219,298
333,298
343,298
347,298
406,298
479,298
220,299
333,299
343,299
347,299
406,299
479,299
221,300
333,300
343,300
347,300
406,300
413,300
416,300
479,300
223,301
333,301
343,301
347,301
406,301
412,301
416,301
479,301
224,302
333,302
343,302
347,302
406,302
412,302
416,302
479,302
225,303
333,303
343,303
347,303
406,303
411,303
416,303
479,303
226,304
334,304
343,304
347,304
407,304
411,304
415,304
479,304
228,305
334,305
343,305
347,305
407,305
410,305
415,305
479,305
229,306
335,306
343,306
347,306
407,306
409,306
415,306
479,306
230,307
335,307
344,307
348,307
407,307
409,307
415,307
479,307
232,308
336,308
344,308
348,308
407,308
408,308
414,308
479,308
233,309
336,309
344,309
348,309
407,309
407,309
414,309
479,309
235,310
336,310
344,310
348,310
406,310
407,310
414,310
479,310
236,311
337,311
344,311
348,311
414,311
423,311
425,311
479,311
237,312
337,312
344,312
348,312
414,312
423,312
425,312
439,312
441,312
479,312
238,313
337,313
344,313
348,313
414,313
422,313
425,313
438,313
441,313
479,313
239,314
338,314
344,314
348,314
414,314
421,314
425,314
438,314
441,314
479,314
241,315
338,315
344,315
348,315
413,315
420,315
425,315
438,315
441,315
479,315
242,316
338,316
344,316
349,316
413,316
419,316
424,316
437,316
441,316
479,316
243,317
339,317
344,317
349,317
413,317
416,317
418,317
419,317
424,317
437,317
440,317
479,317
245,318
340,318
343,318
349,318
413,318
417,318
424,318
436,318
440,318
479,318
246,319
340,319
344,319
349,319
413,319
416,319
424,319
436,319
440,319
479,319
247,320
340,320
344,320
349,320
413,320
415,320
424,320
435,320
439,320
479,320
248,321
341,321
343,321
349,321
413,321
414,321
423,321
434,321
439,321
479,321
248,322
350,322
412,322
412,322
423,322
434,322
439,322
479,322
248,323
350,323
423,323
433,323
438,323
479,323
248,324
350,324
423,324
432,324
438,324
479,324
247,325
350,325
423,325
432,325
438,325
479,325
247,326
350,326
422,326
432,326
437,326
479,326
247,327
350,327
422,327
431,327
437,327
479,327
247,328
351,328
422,328
423,328
427,328
431,328
437,328
479,328
245,329
351,329
422,329
422,329
427,329
431,329
437,329
479,329
244,330
351,330
421,330
422,330
426,330
430,330
437,330
479,330
243,331
351,331
421,331
421,331
426,331
430,331
436,331
479,331
242,332
351,332
426,332
427,332
436,332
479,332
242,333
351,333
426,333
426,333
436,333
479,333
242,334
352,334
425,334
426,334
436,334
479,334
241,335
352,335
425,335
425,335
435,335
473,335
476,335
479,335
240,336
352,336
425,336
425,336
435,336
473,336
476,336
479,336
240,337
352,337
435,337
473,337
476,337
479,337
240,338
352,338
435,338
472,338
477,338
479,338
240,339
357,339
435,339
472,339
477,339
479,339
240,340
358,340
435,340
472,340
477,340
479,340
240,341
359,341
435,341
472,341
477,341
479,341
240,342
358,342
360,342
360,342
434,342
472,342
477,342
479,342
240,343
361,343
434,343
472,343
477,343
479,343
240,344
362,344
434,344
472,344
477,344
479,344
241,345
363,345
434,345
471,345
477,345
479,345
241,346
363,346
434,346
471,346
476,346
479,346
241,347
364,347
434,347
471,347
476,347
479,347
242,348
365,348
433,348
471,348
476,348
479,348
243,349
365,349
433,349
471,349
476,349
479,349
243,350
366,350
433,350
435,350
437,350
471,350
476,350
479,350
244,351
367,351
433,351
434,351
437,351
471,351
476,351
479,351
244,352
367,352
433,352
434,352
437,352
471,352
476,352
479,352
244,353
368,353
433,353
433,353
437,353
471,353
475,353
479,353
244,354
368,354
432,354
432,354
436,354
471,354
475,354
479,354
244,355
368,355
432,355
432,355
436,355
471,355
475,355
479,355
244,356
368,356
435,356
471,356
475,356
479,356
244,357
368,357
435,357
471,357
475,357
479,357
244,358
368,358
434,358
471,358
475,358
479,358
244,359
368,359
434,359
471,359
475,359
479,359
