391,0
479,0
391,1
479,1
391,2
479,2
391,3
479,3
391,4
479,4
391,5
479,5
391,6
479,6
391,7
479,7
391,8
479,8
392,9
479,9
392,10
479,10
391,11
479,11
389,12
479,12
388,13
479,13
386,14
479,14
385,15
479,15
383,16
479,16
381,17
479,17
381,18
479,18
378,19
479,19
376,20
479,20
376,21
479,21
371,22
479,22
370,23
479,23
369,24
479,24
368,25
479,25
366,26
479,26
365,27
479,27
364,28
479,28
363,29
479,29
362,30
479,30
361,31
479,31
358,32
479,32
358,33
479,33
357,34
479,34
356,35
479,35
355,36
479,36
354,37
479,37
354,38
479,38
354,39
479,39
352,40
479,40
351,41
479,41
351,42
479,42
350,43
479,43
349,44
479,44
349,45
479,45
348,46
479,46
348,47
479,47
347,48
479,48
347,49
479,49
345,50
479,50
345,51
479,51
345,52
479,52
344,53
479,53
344,54
479,54
343,55
479,55
342,56
479,56
342,57
479,57
342,58
479,58
342,59
479,59
341,60
479,60
340,61
479,61
340,62
479,62
340,63
479,63
340,64
479,64
339,65
479,65
338,66
479,66
338,67
479,67
338,68
479,68
337,69
479,69
337,70
479,70
336,71
479,71
336,72
479,72
336,73
479,73
336,74
479,74
335,75
479,75
335,76
479,76
334,77
479,77
334,78
479,78
334,79
479,79
334,80
479,80
334,81
479,81
333,82
479,82
333,83
479,83
333,84
479,84
332,85
479,85
332,86
479,86
332,87
479,87
332,88
479,88
332,89
479,89
332,90
479,90
332,91
479,91
332,92
479,92
332,93
479,93
234,94
234,94
332,94
479,94
234,95
234,95
332,95
479,95
234,96
234,96
333,96
479,96
234,97
235,97
333,97
479,97
235,98
235,98
333,98
479,98
233,99
233,99
235,99
236,99
332,99
479,99
233,100
236,100
332,100
479,100
233,101
237,101
332,101
479,101
234,102
237,102
332,102
479,102
234,103
237,103
332,103
479,103
235,104
238,104
332,104
479,104
235,105
238,105
332,105
479,105
236,106
239,106
332,106
479,106
236,107
239,107
331,107
333,107
335,107
479,107
237,108
240,108
332,108
332,108
336,108
479,108
237,109
240,109
332,109
332,109
336,109
479,109
238,110
241,110
331,110
332,110
337,110
479,110
238,111
241,111
331,111
331,111
337,111
479,111
238,112
242,112
331,112
331,112
337,112
479,112
239,113
242,113
330,113
330,113
337,113
479,113
239,114
242,114
330,114
330,114
337,114
479,114
239,115
243,115
330,115
330,115
337,115
479,115
239,116
246,116
337,116
479,116
238,117
247,117
337,117
479,117
238,118
247,118
337,118
479,118
239,119
248,119
337,119
479,119
238,120
249,120
337,120
479,120
239,121
249,121
337,121
479,121
239,122
249,122
337,122
479,122
240,123
250,123
336,123
479,123
240,124
250,124
337,124
479,124
240,125
251,125
337,125
479,125
241,126
251,126
337,126
479,126
241,127
252,127
336,127
336,127
338,127
479,127
241,128
252,128
339,128
479,128
242,129
250,129
252,129
253,129
339,129
479,129
242,130
253,130
340,130
479,130
243,131
254,131
340,131
340,131
343,131
479,131
243,132
254,132
340,132
341,132
343,132
479,132
244,133
255,133
340,133
341,133
343,133
479,133
244,134
255,134
340,134
341,134
344,134
479,134
244,135
254,135
344,135
479,135
245,136
254,136
256,136
256,136
344,136
347,136
350,136
359,136
362,136
479,136
246,137
256,137
345,137
347,137
350,137
359,137
362,137
479,137
246,138
255,138
257,138
257,138
345,138
347,138
350,138
350,138
353,138
359,138
363,138
479,138
246,139
255,139
257,139
257,139
346,139
347,139
354,139
359,139
363,139
479,139
246,140
257,140
347,140
347,140
351,140
351,140
354,140
359,140
364,140
479,140
246,141
258,141
351,141
351,141
355,141
359,141
365,141
479,141
247,142
259,142
351,142
351,142
355,142
359,142
366,142
479,142
247,143
259,143
356,143
359,143
368,143
479,143
247,144
260,144
356,144
359,144
366,144
479,144
246,145
261,145
357,145
360,145
368,145
479,145
243,146
262,146
357,146
358,146
360,146
360,146
369,146
479,146
233,147
235,147
241,147
269,147
359,147
360,147
369,147
479,147
232,148
271,148
359,148
361,148
370,148
479,148
228,149
270,149
360,149
362,149
370,149
479,149
228,150
273,150
361,150
361,150
370,150
479,150
228,151
273,151
362,151
362,151
370,151
479,151
224,152
273,152
363,152
363,152
370,152
479,152
223,153
274,153
370,153
479,153
222,154
275,154
370,154
479,154
222,155
275,155
369,155
479,155
221,156
275,156
369,156
479,156
221,157
276,157
368,157
479,157
221,158
276,158
367,158
479,158
221,159
276,159
366,159
479,159
220,160
277,160
366,160
479,160
219,161
277,161
365,161
479,161
219,162
277,162
364,162
479,162
219,163
277,163
362,163
479,163
218,164
277,164
361,164
479,164
218,165
278,165
360,165
479,165
218,166
278,166
360,166
479,166
219,167
278,167
358,167
479,167
220,168
278,168
357,168
479,168
220,169
279,169
358,169
479,169
221,170
279,170
359,170
479,170
222,171
279,171
359,171
360,171
363,171
479,171
223,172
279,172
361,172
479,172
224,173
279,173
362,173
479,173
225,174
279,174
364,174
479,174
225,175
277,175
279,175
279,175
366,175
479,175
225,176
278,176
368,176
479,176
224,177
278,177
371,177
479,177
224,178
278,178
372,178
479,178
224,179
279,179
372,179
479,179
223,180
279,180
372,180
479,180
223,181
278,181
372,181
479,181
222,182
278,182
372,182
479,182
221,183
278,183
373,183
479,183
220,184
278,184
373,184
479,184
220,185
277,185
373,185
479,185
219,186
277,186
373,186
479,186
219,187
277,187
374,187
479,187
219,188
276,188
374,188
479,188
218,189
278,189
375,189
479,189
218,190
278,190
375,190
479,190
218,191
278,191
376,191
479,191
217,192
279,192
379,192
479,192
216,193
279,193
381,193
479,193
216,194
280,194
381,194
479,194
216,195
280,195
381,195
479,195
216,196
280,196
381,196
479,196
216,197
280,197
381,197
479,197
215,198
281,198
383,198
479,198
215,199
281,199
383,199
479,199
215,200
270,200
272,200
282,200
385,200
479,200
214,201
269,201
273,201
282,201
386,201
479,201
214,202
269,202
274,202
283,202
386,202
479,202
214,203
269,203
275,203
283,203
387,203
479,203
214,204
268,204
275,204
284,204
388,204
479,204
214,205
268,205
275,205
284,205
388,205
479,205
214,206
267,206
276,206
284,206
389,206
479,206
214,207
267,207
277,207
284,207
389,207
479,207
214,208
266,208
278,208
285,208
390,208
479,208
214,209
266,209
278,209
285,209
390,209
479,209
213,210
265,210
278,210
286,210
390,210
479,210
213,211
265,211
279,211
286,211
393,211
479,211
212,212
264,212
279,212
287,212
393,212
414,212
419,212
479,212
212,213
264,213
280,213
287,213
393,213
413,213
420,213
479,213
212,214
263,214
280,214
288,214
394,214
412,214
420,214
479,214
212,215
262,215
281,215
288,215
394,215
408,215
422,215
479,215
212,216
262,216
281,216
288,216
395,216
405,216
422,216
479,216
212,217
261,217
281,217
288,217
397,217
402,217
423,217
479,217
212,218
260,218
282,218
289,218
423,218
479,218
211,219
259,219
282,219
289,219
424,219
479,219
211,220
259,220
283,220
290,220
424,220
479,220
211,221
258,221
284,221
290,221
425,221
479,221
211,222
258,222
284,222
291,222
426,222
479,222
211,223
257,223
285,223
291,223
426,223
479,223
211,224
256,224
285,224
291,224
426,224
479,224
210,225
255,225
286,225
292,225
426,225
479,225
210,226
254,226
286,226
292,226
426,226
479,226
210,227
251,227
253,227
254,227
287,227
292,227
425,227
479,227
210,228
251,228
253,228
253,228
287,228
292,228
425,228
479,228
210,229
252,229
288,229
292,229
424,229
479,229
209,230
251,230
288,230
291,230
293,230
294,230
421,230
479,230
209,231
250,231
288,231
294,231
419,231
479,231
210,232
250,232
289,232
295,232
418,232
479,232
209,233
249,233
290,233
295,233
418,233
479,233
209,234
248,234
290,234
295,234
417,234
479,234
209,235
248,235
291,235
295,235
414,235
479,235
208,236
246,236
291,236
296,236
412,236
479,236
208,237
246,237
292,237
296,237
412,237
479,237
208,238
246,238
292,238
296,238
411,238
479,238
208,239
246,239
293,239
297,239
410,239
479,239
208,240
247,240
293,240
297,240
410,240
479,240
208,241
247,241
294,241
298,241
408,241
479,241
208,242
248,242
295,242
298,242
408,242
479,242
208,243
248,243
295,243
298,243
408,243
479,243
208,244
249,244
296,244
298,244
406,244
479,244
208,245
249,245
296,245
298,245
406,245
479,245
208,246
249,246
296,246
299,246
403,246
479,246
208,247
249,247
297,247
298,247
402,247
479,247
208,248
250,248
298,248
298,248
300,248
300,248
401,248
479,248
208,249
250,249
299,249
300,249
400,249
479,249
208,250
250,250
299,250
300,250
398,250
479,250
208,251
251,251
300,251
301,251
397,251
479,251
208,252
251,252
300,252
301,252
397,252
479,252
208,253
251,253
301,253
301,253
397,253
479,253
208,254
251,254
301,254
301,254
393,254
479,254
208,255
251,255
392,255
479,255
208,256
252,256
388,256
388,256
390,256
479,256
208,257
252,257
388,257
479,257
209,258
252,258
386,258
479,258
208,259
252,259
385,259
479,259
208,260
253,260
384,260
479,260
208,261
253,261
383,261
479,261
208,262
253,262
382,262
479,262
209,263
253,263
382,263
479,263
209,264
253,264
382,264
479,264
209,265
254,265
381,265
479,265
209,266
254,266
380,266
479,266
209,267
254,267
378,267
479,267
209,268
254,268
361,268
479,268
209,269
254,269
352,269
479,269
210,270
255,270
343,270
479,270
210,271
255,271
338,271
338,271
341,271
479,271
210,272
255,272
337,272
479,272
210,273
255,273
335,273
479,273
210,274
256,274
333,274
479,274
210,275
256,275
332,275
479,275
210,276
256,276
330,276
330,276
332,276
479,276
210,277
256,277
329,277
479,277
210,278
256,278
329,278
479,278
210,279
257,279
329,279
479,279
211,280
257,280
328,280
479,280
211,281
257,281
327,281
479,281
211,282
257,282
327,282
479,282
211,283
258,283
327,283
479,283
211,284
258,284
327,284
479,284
212,285
258,285
327,285
479,285
212,286
258,286
326,286
479,286
212,287
258,287
326,287
479,287
212,288
259,288
326,288
479,288
212,289
259,289
326,289
479,289
212,290
259,290
326,290
479,290
212,291
259,291
323,291
479,291
212,292
259,292
322,292
479,292
212,293
260,293
319,293
479,293
212,294
260,294
316,294
479,294
213,295
260,295
316,295
479,295
213,296
260,296
312,296
479,296
213,297
260,297
310,297
479,297
214,298
261,298
307,298
479,298
214,299
261,299
305,299
479,299
214,300
261,300
305,300
479,300
214,301
261,301
304,301
479,301
214,302
262,302
299,302
479,302
214,303
262,303
297,303
479,303
214,304
262,304
295,304
479,304
214,305
262,305
295,305
479,305
214,306
263,306
296,306
479,306
214,307
263,307
296,307
479,307
214,308
263,308
296,308
479,308
214,309
263,309
296,309
479,309
215,310
263,310
295,310
479,310
215,311
264,311
294,311
479,311
215,312
264,312
291,312
479,312
215,313
264,313
288,313
479,313
215,314
264,314
286,314
479,314
215,315
265,315
284,315
479,315
215,316
265,316
283,316
479,316
215,317
265,317
279,317
479,317
215,318
265,318
277,318
479,318
215,319
265,319
275,319
479,319
216,320
266,320
274,320
479,320
216,321
264,321
266,321
266,321
273,321
479,321
216,322
267,322
270,322
479,322
216,323
479,323
216,324
479,324
216,325
479,325
216,326
479,326
216,327
479,327
217,328
479,328
217,329
479,329
217,330
479,330
217,331
479,331
217,332
479,332
217,333
479,333
217,334
479,334
217,335
479,335
218,336
479,336
218,337
479,337
218,338
479,338
218,339
479,339
218,340
479,340
218,341
479,341
218,342
479,342
218,343
479,343
218,344
479,344
219,345
479,345
219,346
479,346
219,347
479,347
219,348
479,348
219,349
479,349
219,350
479,350
221,351
479,351
221,352
479,352
221,353
479,353
221,354
479,354
221,355
479,355
221,356
479,356
221,357
479,357
221,358
479,358
221,359
479,359
