30,22
31,22
31,23
34,23
33,24
36,24
34,25
38,25
35,26
42,26
39,27
45,27
38,28
48,28
38,29
49,29
39,30
50,30
52,30
52,30
40,31
55,31
41,32
59,32
42,33
60,33
66,33
69,33
45,34
62,34
64,34
72,34
46,35
74,35
50,36
79,36
53,37
80,37
55,38
82,38
58,39
81,39
84,39
86,39
59,40
89,40
61,41
92,41
62,42
94,42
63,43
96,43
63,44
63,44
66,44
99,44
65,45
100,45
67,46
102,46
104,46
104,46
69,47
106,47
71,48
71,48
74,48
109,48
73,49
107,49
109,49
112,49
76,50
114,50
76,51
114,51
116,51
116,51
79,52
119,52
81,53
121,53
83,54
123,54
84,55
119,55
122,55
125,55
87,56
127,56
90,57
131,57
92,58
132,58
93,59
127,59
130,59
134,59
96,60
139,60
98,61
139,61
101,62
142,62
104,63
144,63
106,64
147,64
110,65
148,65
116,66
150,66
117,67
154,67
118,68
156,68
120,69
158,69
121,70
160,70
122,71
162,71
128,72
164,72
131,73
166,73
168,73
168,73
132,74
170,74
134,75
171,75
135,76
175,76
138,77
175,77
142,78
143,78
145,78
177,78
145,79
180,79
146,80
183,80
149,81
185,81
151,82
188,82
159,83
190,83
160,84
192,84
161,85
194,85
162,86
196,86
163,87
198,87
169,88
203,88
171,89
204,89
173,90
206,90
181,91
208,91
180,92
211,92
182,93
212,93
183,94
214,94
216,94
216,94
212,95
218,95
189,96
220,96
190,97
222,97
193,98
224,98
201,99
226,99
205,100
229,100
210,101
232,101
211,102
234,102
212,103
234,103
215,104
239,104
219,105
240,105
221,106
242,106
224,107
243,107
229,108
247,108
230,109
249,109
233,110
251,110
235,111
252,111
238,112
254,112
242,113
256,113
245,114
258,114
247,115
260,115
254,116
262,116
256,117
265,117
260,118
265,118
262,119
264,119
266,120
266,120
268,120
268,120
479,143
479,143
477,144
479,144
476,145
479,145
197,146
201,146
474,146
479,146
197,147
198,147
200,147
203,147
474,147
479,147
197,148
204,148
473,148
479,148
196,149
206,149
472,149
479,149
197,150
207,150
472,150
479,150
196,151
207,151
471,151
479,151
197,152
208,152
470,152
479,152
197,153
209,153
470,153
479,153
197,154
210,154
469,154
479,154
197,155
211,155
468,155
479,155
198,156
211,156
467,156
479,156
198,157
212,157
466,157
479,157
198,158
213,158
466,158
479,158
198,159
214,159
465,159
479,159
199,160
215,160
464,160
479,160
199,161
216,161
464,161
479,161
200,162
216,162
464,162
479,162
200,163
217,163
464,163
479,163
201,164
217,164
464,164
479,164
201,165
218,165
463,165
479,165
202,166
219,166
462,166
479,166
202,167
219,167
462,167
479,167
203,168
220,168
462,168
479,168
203,169
220,169
461,169
479,169
204,170
221,170
461,170
479,170
204,171
221,171
459,171
479,171
206,172
222,172
459,172
479,172
206,173
206,173
208,173
223,173
458,173
479,173
207,174
223,174
458,174
479,174
207,175
223,175
457,175
479,175
208,176
224,176
457,176
479,176
209,177
225,177
456,177
479,177
211,178
226,178
455,178
479,178
211,179
227,179
454,179
479,179
211,180
227,180
453,180
479,180
212,181
228,181
452,181
479,181
212,182
229,182
452,182
479,182
213,183
230,183
452,183
479,183
214,184
230,184
451,184
479,184
215,185
230,185
451,185
479,185
215,186
231,186
450,186
479,186
216,187
230,187
233,187
234,187
450,187
479,187
217,188
217,188
219,188
235,188
449,188
479,188
217,189
218,189
220,189
235,189
449,189
479,189
218,190
235,190
449,190
479,190
219,191
236,191
448,191
479,191
220,192
237,192
448,192
479,192
220,193
238,193
448,193
479,193
221,194
239,194
446,194
479,194
222,195
239,195
446,195
479,195
222,196
239,196
445,196
479,196
222,197
241,197
445,197
479,197
223,198
242,198
445,198
479,198
223,199
243,199
290,199
299,199
445,199
479,199
224,200
243,200
289,200
299,200
445,200
479,200
224,201
244,201
288,201
299,201
445,201
479,201
224,202
244,202
287,202
300,202
443,202
443,202
445,202
479,202
224,203
245,203
286,203
300,203
443,203
443,203
445,203
479,203
225,204
245,204
285,204
300,204
443,204
443,204
445,204
479,204
226,205
246,205
285,205
300,205
443,205
443,205
445,205
479,205
227,206
248,206
284,206
300,206
443,206
443,206
445,206
479,206
227,207
248,207
283,207
299,207
443,207
479,207
228,208
250,208
283,208
299,208
443,208
479,208
228,209
251,209
282,209
298,209
443,209
479,209
228,210
251,210
282,210
298,210
443,210
479,210
198,211
207,211
228,211
252,211
281,211
281,211
283,211
297,211
443,211
479,211
198,212
209,212
229,212
252,212
280,212
297,212
443,212
479,212
197,213
213,213
229,213
252,213
280,213
296,213
443,213
479,213
195,214
195,214
197,214
215,214
230,214
254,214
279,214
296,214
443,214
479,214
195,215
217,215
230,215
255,215
278,215
278,215
280,215
295,215
443,215
479,215
194,216
255,216
278,216
295,216
444,216
479,216
194,217
255,217
278,217
294,217
444,217
479,217
193,218
256,218
277,218
293,218
444,218
479,218
193,219
257,219
277,219
292,219
445,219
479,219
192,220
259,220
277,220
291,220
445,220
479,220
192,221
259,221
275,221
291,221
446,221
479,221
192,222
260,222
274,222
291,222
446,222
479,222
192,223
260,223
274,223
274,223
276,223
291,223
446,223
479,223
191,224
261,224
272,224
289,224
446,224
479,224
191,225
261,225
272,225
289,225
447,225
479,225
191,226
263,226
271,226
289,226
447,226
479,226
191,227
263,227
271,227
288,227
448,227
479,227
191,228
263,228
270,228
288,228
448,228
479,228
190,229
265,229
270,229
288,229
448,229
479,229
190,230
207,230
213,230
266,230
268,230
288,230
448,230
479,230
190,231
207,231
213,231
287,231
449,231
479,231
190,232
206,232
215,232
287,232
449,232
479,232
190,233
207,233
215,233
286,233
450,233
479,233
190,234
207,234
215,234
283,234
285,234
285,234
450,234
479,234
190,235
208,235
215,235
283,235
285,235
285,235
451,235
479,235
191,236
283,236
285,236
285,236
452,236
479,236
192,237
285,237
452,237
479,237
192,238
284,238
453,238
479,238
193,239
284,239
453,239
479,239
193,240
284,240
454,240
479,240
193,241
283,241
455,241
479,241
191,242
283,242
455,242
479,242
190,243
283,243
456,243
479,243
189,244
280,244
282,244
283,244
456,244
479,244
189,245
280,245
282,245
282,245
457,245
479,245
189,246
282,246
457,246
479,246
189,247
279,247
281,247
282,247
457,247
479,247
187,248
187,248
189,248
279,248
281,248
282,248
458,248
479,248
187,249
282,249
458,249
479,249
187,250
280,250
282,250
282,250
459,250
479,250
187,251
283,251
459,251
479,251
187,252
283,252
459,252
479,252
187,253
283,253
458,253
479,253
187,254
284,254
458,254
479,254
187,255
284,255
458,255
479,255
187,256
284,256
458,256
479,256
186,257
285,257
458,257
479,257
185,258
285,258
458,258
479,258
183,259
285,259
459,259
459,259
461,259
479,259
183,260
286,260
460,260
479,260
183,261
286,261
460,261
479,261
183,262
287,262
460,262
461,262
464,262
479,262
183,263
287,263
460,263
460,263
464,263
479,263
184,264
287,264
464,264
479,264
185,265
288,265
460,265
460,265
464,265
465,265
468,265
479,265
185,266
288,266
465,266
465,266
469,266
479,266
186,267
288,267
465,267
465,267
470,267
479,267
187,268
288,268
465,268
465,268
470,268
479,268
188,269
289,269
465,269
465,269
471,269
479,269
188,270
289,270
465,270
466,270
472,270
479,270
188,271
289,271
472,271
479,271
190,272
201,272
204,272
289,272
473,272
479,272
191,273
290,273
473,273
479,273
192,274
201,274
204,274
291,274
474,274
479,274
193,275
200,275
204,275
291,275
474,275
479,275
194,276
197,276
206,276
291,276
475,276
479,276
207,277
292,277
475,277
479,277
207,278
292,278
476,278
479,278
208,279
292,279
477,279
479,279
208,280
293,280
478,280
479,280
209,281
293,281
478,281
479,281
210,282
293,282
478,282
479,282
210,283
294,283
479,283
479,283
211,284
294,284
212,285
295,285
212,286
295,286
213,287
295,287
214,288
296,288
215,289
296,289
216,290
296,290
216,291
296,291
217,292
218,292
220,292
297,292
218,293
297,293
219,294
297,294
220,295
298,295
221,296
299,296
222,297
299,297
223,298
299,298
224,299
299,299
225,300
226,300
228,300
299,300
227,301
300,301
228,302
300,302
228,303
300,303
229,304
301,304
231,305
301,305
233,306
302,306
233,307
302,307
235,308
302,308
236,309
303,309
237,310
303,310
238,311
303,311
239,312
304,312
240,313
304,313
241,314
305,314
242,315
305,315
243,316
305,316
244,317
305,317
245,318
307,318
245,319
307,319
246,320
307,320
246,321
307,321
246,322
308,322
247,323
308,323
248,324
309,324
248,325
309,325
248,326
310,326
248,327
310,327
249,328
311,328
250,329
311,329
250,330
311,330
251,331
312,331
251,332
313,332
252,333
313,333
252,334
313,334
252,335
314,335
252,336
314,336
252,337
315,337
253,338
315,338
254,339
315,339
254,340
316,340
254,341
316,341
255,342
317,342
255,343
317,343
256,344
317,344
256,345
318,345
256,346
318,346
256,347
319,347
257,348
319,348
258,349
320,349
258,350
320,350
259,351
321,351
259,352
321,352
259,353
322,353
260,354
322,354
260,355
323,355
261,356
323,356
262,357
324,357
262,358
324,358
262,359
324,359
