251,270
258,270
251,271
260,271
251,272
261,272
251,273
264,273
251,274
266,274
251,275
267,275
252,276
268,276
252,277
270,277
252,278
270,278
253,279
272,279
254,280
273,280
255,281
274,281
256,282
275,282
257,283
276,283
258,284
277,284
258,285
277,285
259,286
279,286
259,287
280,287
260,288
281,288
261,289
283,289
262,290
284,290
263,291
284,291
264,292
285,292
265,293
286,293
266,294
287,294
268,295
289,295
269,296
290,296
270,297
292,297
271,298
293,298
272,299
294,299
274,300
295,300
275,301
296,301
277,302
297,302
277,303
298,303
278,304
300,304
280,305
301,305
281,306
303,306
283,307
304,307
284,308
306,308
285,309
307,309
286,310
308,310
286,311
310,311
288,312
312,312
289,313
313,313
289,314
313,314
290,315
315,315
291,316
316,316
366,316
372,316
292,317
317,317
366,317
373,317
293,318
318,318
363,318
371,318
373,318
374,318
294,319
319,319
362,319
372,319
375,319
375,319
295,320
322,320
362,320
375,320
295,321
323,321
360,321
375,321
297,322
324,322
359,322
375,322
297,323
325,323
359,323
375,323
298,324
327,324
359,324
374,324
299,325
328,325
359,325
374,325
300,326
328,326
358,326
374,326
300,327
330,327
358,327
374,327
301,328
332,328
357,328
373,328
302,329
333,329
356,329
373,329
304,330
334,330
356,330
370,330
372,330
372,330
304,331
334,331
336,331
336,331
356,331
372,331
304,332
336,332
356,332
372,332
304,333
337,333
356,333
371,333
300,334
301,334
303,334
339,334
356,334
371,334
297,335
341,335
356,335
370,335
294,336
342,336
355,336
370,336
289,337
343,337
354,337
370,337
285,338
344,338
354,338
369,338
285,339
345,339
353,339
369,339
281,340
346,340
353,340
369,340
280,341
348,341
353,341
369,341
277,342
351,342
353,342
368,342
275,343
369,343
275,344
368,344
273,345
368,345
271,346
368,346
271,347
368,347
271,348
368,348
271,349
368,349
271,350
368,350
271,351
368,351
271,352
368,352
271,353
367,353
271,354
367,354
271,355
367,355
271,356
367,356
272,357
367,357
272,358
367,358
272,359
368,359
