209,136
209,136
209,137
209,137
210,138
210,138
212,138
212,138
211,139
213,139
210,140
213,140
211,141
214,141
211,142
215,142
212,143
216,143
212,144
217,144
212,145
218,145
212,146
219,146
212,147
220,147
213,148
221,148
213,149
222,149
214,150
224,150
214,151
225,151
213,152
213,152
215,152
225,152
215,153
226,153
214,154
226,154
214,155
226,155
215,156
227,156
216,157
227,157
217,158
228,158
218,159
228,159
219,160
229,160
220,161
229,161
222,162
230,162
232,162
232,162
222,163
230,163
232,163
234,163
223,164
230,164
232,164
235,164
223,165
230,165
232,165
235,165
224,166
230,166
232,166
236,166
225,167
230,167
232,167
236,167
226,168
230,168
232,168
237,168
226,169
230,169
232,169
243,169
227,170
244,170
228,171
245,171
229,172
246,172
229,173
246,173
230,174
247,174
231,175
247,175
231,176
249,176
231,177
250,177
230,178
251,178
230,179
251,179
231,180
252,180
232,181
253,181
232,182
253,182
233,183
254,183
234,184
255,184
234,185
256,185
235,186
257,186
236,187
258,187
237,188
259,188
238,189
260,189
239,190
261,190
240,191
262,191
239,192
262,192
240,193
263,193
241,194
264,194
241,195
265,195
242,196
266,196
243,197
267,197
244,198
267,198
244,199
268,199
245,200
268,200
246,201
269,201
247,202
270,202
248,203
271,203
248,204
271,204
249,205
272,205
249,206
272,206
250,207
273,207
252,208
273,208
275,208
275,208
252,209
275,209
253,210
276,210
254,211
277,211
254,212
278,212
255,213
278,213
256,214
278,214
256,215
280,215
258,216
280,216
259,217
281,217
259,218
282,218
259,219
283,219
260,220
284,220
261,221
284,221
262,222
285,222
263,223
285,223
264,224
287,224
264,225
287,225
265,226
288,226
265,227
289,227
266,228
289,228
267,229
290,229
268,230
291,230
268,231
291,231
269,232
292,232
271,233
293,233
271,234
294,234
272,235
295,235
273,236
295,236
274,237
274,237
276,237
295,237
275,238
297,238
275,239
297,239
276,240
298,240
278,241
299,241
279,242
300,242
279,243
300,243
280,244
300,244
280,245
301,245
281,246
302,246
281,247
303,247
282,248
303,248
283,249
304,249
284,250
305,250
284,251
305,251
286,252
306,252
287,253
307,253
288,254
307,254
288,255
308,255
289,256
309,256
290,257
310,257
291,258
311,258
291,259
312,259
292,260
312,260
293,261
313,261
294,262
313,262
294,263
313,263
315,263
315,263
296,264
315,264
296,265
315,265
297,266
316,266
297,267
317,267
298,268
318,268
299,269
318,269
300,270
319,270
300,271
320,271
302,272
320,272
302,273
321,273
304,274
321,274
304,275
321,275
305,276
306,276
308,276
323,276
306,277
324,277
307,278
325,278
307,279
325,279
308,280
326,280
309,281
327,281
310,282
328,282
311,283
329,283
312,284
329,284
313,285
330,285
314,286
331,286
315,287
331,287
316,288
332,288
316,289
332,289
317,290
333,290
317,291
333,291
319,292
335,292
319,293
336,293
320,294
337,294
320,295
337,295
322,296
337,296
323,297
339,297
324,298
339,298
324,299
340,299
325,300
340,300
326,301
341,301
327,302
342,302
328,303
343,303
329,304
344,304
329,305
344,305
330,306
345,306
330,307
343,307
345,307
346,307
332,308
347,308
333,309
347,309
334,310
348,310
335,311
348,311
336,312
349,312
337,313
350,313
338,314
351,314
339,315
352,315
339,316
352,316
341,317
353,317
342,318
353,318
343,319
353,319
343,320
355,320
344,321
356,321
344,322
356,322
344,323
357,323
345,324
358,324
346,325
359,325
347,326
360,326
348,327
360,327
349,328
361,328
350,329
361,329
350,330
361,330
352,331
361,331
351,332
363,332
353,333
364,333
354,334
365,334
355,335
365,335
356,336
366,336
357,337
367,337
358,338
368,338
359,339
368,339
361,340
369,340
362,341
369,341
363,342
371,342
364,343
371,343
365,344
372,344
366,345
372,345
368,346
373,346
368,347
371,347
373,347
373,347
369,348
373,348
370,349
374,349
371,350
374,350
373,351
376,351
372,352
372,352
374,352
377,352
374,353
377,353
376,354
377,354
375,355
378,355
377,356
378,356
379,357
379,357
