196,0
204,0
196,1
204,1
196,2
204,2
196,3
205,3
196,4
204,4
176,5
177,5
195,5
204,5
176,6
178,6
195,6
205,6
176,7
178,7
195,7
205,7
176,8
179,8
194,8
205,8
176,9
179,9
194,9
205,9
176,10
179,10
194,10
205,10
176,11
180,11
194,11
206,11
176,12
180,12
194,12
206,12
175,13
181,13
192,13
206,13
175,14
181,14
192,14
206,14
174,15
180,15
192,15
206,15
172,16
183,16
192,16
207,16
172,17
183,17
192,17
207,17
172,18
183,18
192,18
207,18
172,19
183,19
192,19
207,19
173,20
184,20
192,20
207,20
173,21
184,21
192,21
207,21
173,22
185,22
192,22
207,22
174,23
185,23
192,23
207,23
174,24
185,24
192,24
207,24
174,25
185,25
192,25
208,25
174,26
187,26
192,26
208,26
175,27
187,27
192,27
208,27
175,28
187,28
192,28
208,28
176,29
188,29
192,29
208,29
177,30
188,30
192,30
208,30
178,31
189,31
192,31
208,31
178,32
208,32
179,33
208,33
180,34
209,34
180,35
209,35
182,36
209,36
183,37
209,37
184,38
209,38
185,39
209,39
185,40
209,40
187,41
209,41
188,42
209,42
189,43
209,43
190,44
209,44
192,45
209,45
192,46
210,46
193,47
210,47
193,48
210,48
193,49
210,49
193,50
210,50
193,51
210,51
193,52
210,52
192,53
210,53
192,54
210,54
192,55
210,55
192,56
210,56
192,57
210,57
191,58
210,58
191,59
210,59
161,60
161,60
191,60
210,60
158,61
163,61
190,61
210,61
156,62
165,62
190,62
210,62
155,63
155,63
157,63
163,63
166,63
167,63
190,63
210,63
155,64
155,64
157,64
163,64
165,64
168,64
190,64
210,64
217,64
226,64
155,65
155,65
158,65
163,65
166,65
168,65
190,65
210,65
215,65
228,65
158,66
163,66
167,66
169,66
189,66
210,66
214,66
215,66
218,66
229,66
159,67
164,67
167,67
170,67
189,67
210,67
214,67
232,67
159,68
166,68
168,68
170,68
188,68
210,68
214,68
232,68
234,68
234,68
160,69
171,69
188,69
210,69
213,69
235,69
160,70
171,70
188,70
210,70
213,70
235,70
160,71
171,71
187,71
210,71
213,71
237,71
160,72
171,72
187,72
210,72
213,72
237,72
161,73
171,73
187,73
210,73
213,73
239,73
161,74
171,74
187,74
210,74
213,74
238,74
161,75
171,75
186,75
210,75
213,75
241,75
162,76
171,76
186,76
210,76
213,76
242,76
162,77
171,77
186,77
210,77
213,77
243,77
162,78
173,78
185,78
244,78
162,79
175,79
185,79
244,79
162,80
177,80
185,80
242,80
245,80
245,80
160,81
173,81
175,81
175,81
177,81
179,81
185,81
243,81
245,81
246,81
160,82
173,82
177,82
180,82
186,82
247,82
161,83
173,83
178,83
181,83
185,83
247,83
161,84
174,84
180,84
182,84
185,84
247,84
163,85
175,85
180,85
248,85
163,86
176,86
180,86
249,86
164,87
250,87
164,88
250,88
164,89
251,89
164,90
249,90
251,90
251,90
165,91
252,91
166,92
252,92
164,93
253,93
163,94
253,94
163,95
254,95
163,96
254,96
163,97
254,97
163,98
255,98
163,99
255,99
163,100
255,100
162,101
256,101
161,102
256,102
159,103
256,103
158,104
256,104
157,105
257,105
156,106
257,106
155,107
257,107
154,108
257,108
154,109
258,109
153,110
258,110
152,111
258,111
151,112
258,112
151,113
258,113
150,114
258,114
150,115
258,115
149,116
258,116
149,117
258,117
149,118
258,118
148,119
258,119
148,120
258,120
148,121
258,121
148,122
255,122
257,122
258,122
147,123
254,123
147,124
253,124
147,125
253,125
146,126
255,126
146,127
255,127
146,128
255,128
145,129
255,129
145,130
256,130
144,131
256,131
144,132
256,132
145,133
256,133
145,134
256,134
145,135
256,135
145,136
257,136
144,137
257,137
144,138
257,138
146,139
257,139
144,140
144,140
146,140
257,140
146,141
257,141
146,142
258,142
146,143
258,143
148,144
258,144
148,145
258,145
148,146
258,146
148,147
258,147
149,148
258,148
150,149
258,149
150,150
258,150
151,151
258,151
151,152
159,152
161,152
258,152
152,153
159,153
162,153
258,153
153,154
160,154
164,154
258,154
154,155
161,155
166,155
259,155
155,156
159,156
161,156
161,156
167,156
259,156
156,157
158,157
162,157
162,157
167,157
259,157
168,158
259,158
169,159
259,159
169,160
259,160
169,161
259,161
169,162
259,162
169,163
259,163
168,164
259,164
168,165
259,165
167,166
259,166
167,167
259,167
166,168
259,168
128,169
132,169
135,169
135,169
165,169
259,169
125,170
140,170
164,170
165,170
167,170
259,170
120,171
125,171
129,171
143,171
163,171
259,171
118,172
123,172
125,172
145,172
164,172
259,172
117,173
147,173
166,173
259,173
115,174
149,174
168,174
259,174
113,175
151,175
169,175
259,175
111,176
153,176
168,176
259,176
110,177
154,177
169,177
259,177
109,178
155,178
169,178
259,178
108,179
156,179
168,179
259,179
107,180
157,180
165,180
259,180
107,181
158,181
163,181
259,181
106,182
159,182
161,182
259,182
105,183
259,183
104,184
259,184
104,185
259,185
104,186
259,186
103,187
199,187
201,187
259,187
102,188
198,188
202,188
259,188
101,189
197,189
202,189
259,189
101,190
196,190
202,190
259,190
100,191
194,191
202,191
259,191
71,192
84,192
100,192
192,192
203,192
258,192
67,193
80,193
82,193
88,193
100,193
191,193
203,193
258,193
63,194
84,194
89,194
91,194
97,194
191,194
203,194
257,194
60,195
191,195
203,195
258,195
60,196
191,196
203,196
258,196
58,197
191,197
202,197
258,197
54,198
191,198
202,198
258,198
52,199
191,199
202,199
258,199
51,200
191,200
202,200
258,200
50,201
191,201
202,201
257,201
50,202
191,202
201,202
257,202
47,203
191,203
197,203
199,203
201,203
257,203
46,204
191,204
196,204
258,204
45,205
46,205
48,205
191,205
195,205
257,205
43,206
191,206
193,206
257,206
42,207
191,207
193,207
257,207
41,208
257,208
40,209
257,209
40,210
257,210
38,211
257,211
37,212
257,212
37,213
257,213
37,214
257,214
35,215
257,215
34,216
257,216
34,217
257,217
33,218
257,218
33,219
257,219
32,220
257,220
31,221
31,221
33,221
257,221
31,222
257,222
31,223
257,223
30,224
258,224
30,225
258,225
29,226
258,226
29,227
258,227
29,228
258,228
29,229
258,229
28,230
258,230
28,231
258,231
28,232
258,232
27,233
258,233
27,234
258,234
27,235
258,235
27,236
258,236
27,237
258,237
27,238
258,238
27,239
258,239
27,240
258,240
27,241
259,241
27,242
149,242
153,242
259,242
27,243
148,243
153,243
259,243
27,244
144,244
152,244
261,244
27,245
142,245
152,245
261,245
27,246
142,246
152,246
262,246
27,247
143,247
151,247
263,247
27,248
143,248
151,248
264,248
28,249
144,249
150,249
265,249
28,250
145,250
150,250
265,250
28,251
145,251
150,251
266,251
28,252
146,252
149,252
162,252
164,252
267,252
29,253
162,253
164,253
268,253
29,254
161,254
164,254
269,254
29,255
161,255
164,255
270,255
30,256
161,256
164,256
271,256
30,257
161,257
164,257
271,257
30,258
160,258
164,258
272,258
31,259
160,259
164,259
273,259
31,260
32,260
34,260
160,260
164,260
274,260
32,261
32,261
34,261
160,261
164,261
274,261
32,262
159,262
164,262
276,262
33,263
159,263
164,263
277,263
33,264
159,264
164,264
278,264
34,265
159,265
164,265
278,265
34,266
160,266
163,266
279,266
35,267
280,267
35,268
281,268
36,269
282,269
36,270
283,270
37,271
284,271
38,272
284,272
39,273
120,273
123,273
285,273
39,274
120,274
123,274
286,274
42,275
119,275
124,275
287,275
42,276
117,276
124,276
287,276
42,277
116,277
124,277
289,277
43,278
115,278
124,278
289,278
44,279
115,279
124,279
290,279
45,280
115,280
125,280
133,280
135,280
291,280
46,281
112,281
127,281
132,281
137,281
292,281
49,282
112,282
127,282
131,282
138,282
292,282
49,283
110,283
127,283
131,283
139,283
293,283
49,284
109,284
127,284
131,284
139,284
294,284
50,285
108,285
127,285
131,285
138,285
294,285
51,286
105,286
127,286
131,286
139,286
295,286
53,287
105,287
127,287
131,287
139,287
296,287
55,288
104,288
127,288
131,288
139,288
145,288
148,288
295,288
297,288
297,288
56,289
102,289
127,289
131,289
137,289
137,289
141,289
145,289
148,289
151,289
153,289
154,289
156,289
297,289
56,290
101,290
129,290
129,290
136,290
137,290
142,290
145,290
148,290
149,290
153,290
154,290
156,290
298,290
59,291
98,291
136,291
136,291
141,291
145,291
148,291
149,291
155,291
299,291
60,292
96,292
136,292
136,292
145,292
145,292
148,292
149,292
155,292
299,292
62,293
93,293
135,293
135,293
144,293
145,293
148,293
150,293
157,293
157,293
159,293
300,293
65,294
91,294
135,294
135,294
144,294
150,294
157,294
300,294
72,295
84,295
87,295
87,295
134,295
134,295
144,295
148,295
151,295
151,295
158,295
158,295
160,295
301,295
142,296
150,296
152,296
152,296
159,296
264,296
267,296
301,296
142,297
153,297
161,297
264,297
268,297
302,297
142,298
148,298
152,298
153,298
162,298
265,298
269,298
302,298
143,299
148,299
152,299
153,299
162,299
265,299
270,299
303,299
143,300
144,300
152,300
153,300
164,300
266,300
272,300
302,300
143,301
144,301
153,301
153,301
165,301
267,301
272,301
303,301
144,302
144,302
153,302
153,302
166,302
268,302
273,302
304,302
143,303
145,303
153,303
154,303
167,303
269,303
274,303
304,303
143,304
144,304
153,304
154,304
167,304
270,304
277,304
305,304
143,305
145,305
154,305
154,305
168,305
270,305
278,305
305,305
143,306
145,306
154,306
154,306
170,306
268,306
271,306
271,306
280,306
305,306
144,307
145,307
154,307
154,307
171,307
172,307
175,307
267,307
271,307
271,307
281,307
306,307
144,308
145,308
154,308
155,308
175,308
268,308
272,308
272,308
281,308
306,308
144,309
145,309
154,309
155,309
174,309
174,309
176,309
269,309
281,309
306,309
145,310
145,310
150,310
155,310
177,310
269,310
281,310
307,310
145,311
145,311
148,311
154,311
178,311
270,311
281,311
307,311
146,312
151,312
153,312
154,312
181,312
271,312
281,312
307,312
146,313
147,313
150,313
151,313
153,313
154,313
183,313
271,313
281,313
307,313
147,314
148,314
150,314
153,314
184,314
272,314
278,314
279,314
281,314
307,314
148,315
148,315
152,315
153,315
185,315
187,315
189,315
272,315
279,315
279,315
281,315
307,315
148,316
149,316
153,316
154,316
188,316
273,316
281,316
307,316
148,317
149,317
153,317
154,317
190,317
274,317
279,317
279,317
281,317
307,317
149,318
149,318
154,318
154,318
193,318
274,318
279,318
279,318
281,318
307,318
149,319
149,319
154,319
155,319
194,319
275,319
278,319
307,319
154,320
155,320
195,320
308,320
149,321
150,321
154,321
155,321
196,321
308,321
149,322
150,322
155,322
155,322
196,322
307,322
150,323
150,323
155,323
155,323
195,323
307,323
150,324
151,324
196,324
307,324
150,325
151,325
154,325
156,325
196,325
307,325
150,326
156,326
196,326
306,326
150,327
150,327
152,327
157,327
196,327
306,327
148,328
157,328
195,328
306,328
148,329
158,329
195,329
306,329
148,330
153,330
157,330
159,330
195,330
306,330
148,331
150,331
158,331
159,331
195,331
306,331
148,332
150,332
158,332
159,332
194,332
305,332
148,333
149,333
158,333
160,333
194,333
305,333
148,334
150,334
158,334
160,334
193,334
305,334
149,335
149,335
159,335
160,335
192,335
193,335
195,335
305,335
149,336
149,336
159,336
161,336
192,336
305,336
149,337
150,337
159,337
161,337
192,337
305,337
149,338
150,338
159,338
160,338
192,338
305,338
150,339
151,339
159,339
160,339
191,339
305,339
150,340
150,340
160,340
160,340
191,340
305,340
150,341
150,341
160,341
160,341
191,341
304,341
150,342
150,342
156,342
160,342
190,342
304,342
150,343
150,343
152,343
152,343
155,343
161,343
189,343
304,343
150,344
151,344
156,344
161,344
188,344
188,344
191,344
303,344
151,345
152,345
157,345
160,345
187,345
188,345
191,345
303,345
152,346
153,346
157,346
160,346
186,346
187,346
191,346
303,346
153,347
153,347
158,347
160,347
191,347
303,347
159,348
160,348
186,348
186,348
191,348
303,348
154,349
154,349
159,349
160,349
185,349
186,349
191,349
303,349
154,350
155,350
159,350
161,350
185,350
185,350
190,350
303,350
155,351
155,351
159,351
161,351
184,351
186,351
190,351
303,351
155,352
155,352
159,352
161,352
183,352
303,352
155,353
156,353
160,353
161,353
181,353
302,353
155,354
156,354
160,354
161,354
180,354
183,354
185,354
186,354
189,354
302,354
155,355
156,355
160,355
161,355
179,355
182,355
186,355
186,355
189,355
302,355
155,356
156,356
160,356
162,356
179,356
179,356
182,356
182,356
186,356
186,356
189,356
302,356
155,357
156,357
160,357
162,357
182,357
183,357
186,357
302,357
156,358
158,358
161,358
164,358
179,358
179,358
182,358
183,358
185,358
302,358
156,359
162,359
164,359
164,359
179,359
180,359
182,359
302,359
