415,24
415,24
413,25
414,25
411,26
413,26
409,27
412,27
407,28
409,28
411,28
412,28
406,29
407,29
409,29
410,29
404,30
406,30
409,30
409,30
402,31
406,31
408,31
409,31
401,32
405,32
407,32
408,32
400,33
401,33
404,33
407,33
398,34
406,34
397,35
405,35
396,36
402,36
404,36
404,36
394,37
401,37
403,37
404,37
393,38
400,38
402,38
403,38
392,39
402,39
390,40
401,40
389,41
400,41
388,42
397,42
399,42
399,42
386,43
398,43
385,44
398,44
384,45
397,45
382,46
396,46
381,47
395,47
380,48
394,48
378,49
394,49
377,50
393,50
376,51
392,51
375,52
391,52
374,53
390,53
373,54
390,54
372,55
390,55
123,56
137,56
371,56
392,56
119,57
142,57
370,57
391,57
393,57
393,57
116,58
146,58
368,58
391,58
393,58
393,58
113,59
149,59
366,59
392,59
111,60
151,60
365,60
391,60
110,61
153,61
363,61
388,61
108,62
155,62
362,62
385,62
107,63
157,63
360,63
382,63
105,64
159,64
360,64
380,64
104,65
104,65
106,65
160,65
359,65
380,65
103,66
161,66
357,66
383,66
102,67
163,67
356,67
386,67
100,68
101,68
103,68
163,68
355,68
388,68
99,69
165,69
354,69
390,69
99,70
166,70
353,70
388,70
390,70
391,70
98,71
167,71
352,71
390,71
392,71
393,71
97,72
168,72
350,72
391,72
393,72
394,72
96,73
169,73
349,73
395,73
95,74
170,74
347,74
393,74
395,74
396,74
94,75
171,75
346,75
396,75
94,76
171,76
345,76
395,76
93,77
170,77
172,77
172,77
344,77
393,77
92,78
173,78
342,78
390,78
91,79
173,79
340,79
388,79
91,80
174,80
339,80
385,80
91,81
175,81
337,81
383,81
90,82
175,82
335,82
382,82
89,83
176,83
333,83
380,83
89,84
176,84
332,84
379,84
88,85
177,85
330,85
377,85
88,86
88,86
90,86
177,86
296,86
297,86
329,86
357,86
359,86
360,86
364,86
375,86
87,87
175,87
177,87
178,87
295,87
300,87
326,87
359,87
367,87
373,87
87,88
175,88
177,88
178,88
298,88
301,88
325,88
358,88
86,89
178,89
297,89
302,89
323,89
357,89
86,90
176,90
178,90
179,90
295,90
299,90
302,90
303,90
322,90
356,90
85,91
179,91
295,91
299,91
302,91
303,91
320,91
355,91
85,92
177,92
179,92
179,92
295,92
299,92
303,92
304,92
319,92
354,92
85,93
180,93
294,93
299,93
303,93
304,93
318,93
353,93
84,94
180,94
267,94
278,94
293,94
299,94
303,94
304,94
316,94
352,94
84,95
180,95
264,95
285,95
293,95
299,95
303,95
304,95
315,95
351,95
83,96
180,96
260,96
288,96
292,96
299,96
303,96
304,96
313,96
350,96
83,97
182,97
257,97
299,97
302,97
303,97
312,97
349,97
83,98
184,98
255,98
299,98
302,98
303,98
311,98
348,98
83,99
181,99
183,99
185,99
253,99
299,99
302,99
302,99
310,99
347,99
82,100
185,100
192,100
203,100
251,100
302,100
309,100
346,100
82,101
208,101
251,101
302,101
307,101
342,101
344,101
345,101
82,102
210,102
250,102
343,102
81,103
212,103
249,103
342,103
81,104
213,104
247,104
341,104
81,105
214,105
246,105
247,105
249,105
340,105
81,106
216,106
244,106
339,106
81,107
217,107
246,107
337,107
81,108
218,108
245,108
336,108
81,109
219,109
244,109
335,109
81,110
220,110
243,110
334,110
81,111
221,111
243,111
333,111
80,112
222,112
242,112
332,112
350,112
359,112
80,113
222,113
241,113
327,113
330,113
331,113
348,113
353,113
355,113
362,113
80,114
223,114
241,114
327,114
329,114
330,114
346,114
348,114
350,114
365,114
80,115
224,115
240,115
329,115
343,115
367,115
80,116
225,116
239,116
328,116
341,116
368,116
80,117
226,117
239,117
326,117
340,117
341,117
344,117
369,117
80,118
226,118
239,118
326,118
339,118
369,118
80,119
226,119
239,119
325,119
337,119
370,119
81,120
227,120
238,120
331,120
336,120
370,120
81,121
227,121
238,121
370,121
81,122
228,122
238,122
370,122
81,123
228,123
238,123
371,123
81,124
228,124
237,124
371,124
81,125
228,125
237,125
371,125
82,126
229,126
237,126
240,126
242,126
371,126
82,127
229,127
237,127
240,127
243,127
371,127
82,128
229,128
238,128
239,128
243,128
371,128
83,129
83,129
85,129
230,129
238,129
238,129
243,129
369,129
371,129
371,129
83,130
230,130
243,130
369,130
371,130
371,130
83,131
230,131
243,131
371,131
84,132
230,132
243,132
370,132
84,133
230,133
242,133
370,133
84,134
230,134
242,134
370,134
85,135
230,135
242,135
370,135
86,136
231,136
242,136
370,136
86,137
87,137
89,137
231,137
242,137
367,137
369,137
370,137
87,138
234,138
241,138
370,138
87,139
369,139
88,140
230,140
233,140
368,140
89,141
230,141
233,141
368,141
90,142
230,142
233,142
367,142
90,143
230,143
234,143
368,143
91,144
229,144
234,144
367,144
93,145
229,145
234,145
367,145
93,146
227,146
234,146
366,146
95,147
96,147
98,147
229,147
233,147
366,147
96,148
229,148
233,148
366,148
97,149
229,149
232,149
366,149
98,150
364,150
100,151
364,151
101,152
363,152
103,153
363,153
104,154
363,154
106,155
362,155
108,156
150,156
154,156
362,156
110,157
147,157
156,157
362,157
113,158
145,158
159,158
361,158
116,159
141,159
152,159
152,159
159,159
361,159
121,160
137,160
149,160
153,160
159,160
359,160
124,161
126,161
147,161
154,161
159,161
222,161
224,161
359,161
146,162
147,162
149,162
222,162
227,162
358,162
145,163
221,163
229,163
358,163
144,164
220,164
230,164
358,164
143,165
219,165
230,165
357,165
142,166
218,166
229,166
357,166
141,167
142,167
144,167
215,167
217,167
217,167
229,167
356,167
140,168
141,168
143,168
216,168
229,168
355,168
139,169
215,169
229,169
355,169
138,170
214,170
229,170
353,170
138,171
167,171
170,171
213,171
229,171
335,171
337,171
337,171
339,171
351,171
136,172
137,172
139,172
167,172
172,172
211,172
230,172
335,172
339,172
351,172
135,173
167,173
173,173
209,173
232,173
334,173
339,173
339,173
341,173
351,173
134,174
167,174
174,174
208,174
234,174
334,174
339,174
348,174
133,175
167,175
176,175
206,175
235,175
334,175
340,175
347,175
131,176
166,176
179,176
202,176
237,176
334,176
341,176
347,176
130,177
166,177
183,177
199,177
237,177
333,177
341,177
348,177
129,178
166,178
187,178
193,178
195,178
195,178
236,178
333,178
342,178
347,178
127,179
165,179
236,179
333,179
342,179
346,179
128,180
165,180
236,180
332,180
342,180
344,180
128,181
164,181
235,181
332,181
344,181
344,181
129,182
164,182
235,182
332,182
130,183
164,183
234,183
331,183
130,184
164,184
234,184
331,184
130,185
164,185
234,185
331,185
129,186
164,186
233,186
234,186
236,186
330,186
128,187
164,187
233,187
234,187
236,187
330,187
127,188
164,188
233,188
233,188
235,188
330,188
126,189
131,189
136,189
164,189
232,189
330,189
125,190
130,190
137,190
164,190
232,190
329,190
124,191
128,191
137,191
164,191
232,191
329,191
124,192
128,192
140,192
165,192
231,192
328,192
123,193
127,193
141,193
165,193
231,193
328,193
123,194
127,194
142,194
165,194
230,194
244,194
246,194
328,194
122,195
123,195
126,195
126,195
142,195
165,195
230,195
244,195
246,195
328,195
121,196
123,196
125,196
126,196
142,196
166,196
230,196
243,196
246,196
327,196
121,197
125,197
140,197
165,197
230,197
242,197
245,197
327,197
122,198
124,198
140,198
165,198
229,198
242,198
245,198
327,198
140,199
165,199
229,199
241,199
245,199
326,199
141,200
165,200
228,200
241,200
244,200
326,200
142,201
164,201
228,201
240,201
244,201
326,201
142,202
165,202
228,202
240,202
244,202
326,202
142,203
165,203
227,203
240,203
243,203
325,203
143,204
165,204
227,204
325,204
143,205
165,205
227,205
325,205
143,206
166,206
227,206
324,206
142,207
165,207
226,207
324,207
142,208
165,208
226,208
324,208
142,209
166,209
226,209
324,209
142,210
166,210
225,210
324,210
143,211
166,211
225,211
323,211
143,212
166,212
225,212
323,212
143,213
166,213
225,213
323,213
143,214
167,214
224,214
323,214
143,215
167,215
224,215
322,215
143,216
167,216
223,216
322,216
143,217
167,217
220,217
322,217
143,218
167,218
218,218
321,218
143,219
167,219
217,219
219,219
222,219
321,219
143,220
167,220
216,220
321,220
144,221
168,221
214,221
321,221
143,222
168,222
210,222
321,222
143,223
168,223
205,223
321,223
144,224
168,224
202,224
320,224
144,225
168,225
196,225
320,225
144,226
169,226
194,226
320,226
144,227
169,227
190,227
320,227
144,228
169,228
188,228
319,228
144,229
169,229
184,229
319,229
144,230
169,230
180,230
319,230
144,231
169,231
178,231
319,231
144,232
169,232
176,232
319,232
145,233
170,233
173,233
319,233
145,234
318,234
145,235
318,235
145,236
318,236
145,237
318,237
145,238
318,238
145,239
318,239
146,240
317,240
146,241
317,241
146,242
317,242
146,243
317,243
146,244
316,244
146,245
316,245
147,246
316,246
147,247
316,247
147,248
316,248
148,249
315,249
148,250
199,250
201,250
315,250
148,251
196,251
201,251
315,251
148,252
193,252
201,252
315,252
148,253
190,253
200,253
315,253
148,254
149,254
153,254
187,254
200,254
314,254
148,255
149,255
154,255
182,255
199,255
314,255
155,256
177,256
199,256
314,256
149,257
149,257
157,257
158,257
160,257
174,257
198,257
314,257
149,258
149,258
159,258
168,258
198,258
315,258
149,259
149,259
159,259
160,259
198,259
316,259
149,260
149,260
153,260
155,260
159,260
160,260
198,260
317,260
149,261
151,261
153,261
155,261
158,261
160,261
197,261
318,261
149,262
158,262
197,262
319,262
151,263
155,263
197,263
320,263
153,264
155,264
196,264
321,264
153,265
155,265
196,265
322,265
153,266
155,266
196,266
323,266
153,267
155,267
196,267
324,267
153,268
156,268
196,268
325,268
153,269
156,269
195,269
326,269
153,270
156,270
195,270
325,270
327,270
327,270
153,271
156,271
195,271
328,271
154,272
156,272
195,272
329,272
154,273
156,273
195,273
330,273
153,274
156,274
195,274
331,274
153,275
156,275
195,275
332,275
153,276
157,276
195,276
333,276
151,277
160,277
195,277
334,277
150,278
157,278
159,278
160,278
195,278
335,278
149,279
150,279
154,279
155,279
160,279
160,279
195,279
336,279
149,280
150,280
154,280
156,280
160,280
160,280
195,280
337,280
149,281
150,281
160,281
161,281
195,281
338,281
149,282
150,282
160,282
161,282
195,282
339,282
149,283
150,283
160,283
161,283
195,283
340,283
149,284
150,284
160,284
161,284
195,284
341,284
149,285
150,285
160,285
161,285
195,285
342,285
149,286
150,286
161,286
161,286
195,286
342,286
149,287
150,287
161,287
161,287
197,287
343,287
149,288
150,288
161,288
161,288
197,288
345,288
149,289
150,289
161,289
161,289
197,289
345,289
149,290
150,290
161,290
161,290
196,290
346,290
149,291
150,291
161,291
161,291
196,291
347,291
149,292
150,292
161,292
161,292
196,292
348,292
149,293
150,293
160,293
161,293
196,293
271,293
275,293
348,293
150,294
150,294
155,294
156,294
160,294
161,294
197,294
271,294
275,294
349,294
150,295
151,295
155,295
156,295
160,295
161,295
197,295
271,295
275,295
275,295
277,295
350,295
150,296
152,296
154,296
160,296
197,296
270,296
275,296
348,296
350,296
350,296
151,297
159,297
197,297
270,297
275,297
307,297
310,297
348,297
350,297
351,297
153,298
157,298
197,298
270,298
275,298
307,298
311,298
349,298
351,298
352,298
154,299
156,299
197,299
269,299
275,299
304,299
306,299
307,299
313,299
352,299
155,300
156,300
197,300
269,300
276,300
304,300
306,300
307,300
314,300
353,300
155,301
156,301
197,301
269,301
276,301
307,301
315,301
353,301
155,302
156,302
198,302
269,302
276,302
306,302
318,302
354,302
155,303
156,303
198,303
269,303
276,303
306,303
318,303
354,303
155,304
156,304
198,304
269,304
277,304
306,304
319,304
354,304
155,305
157,305
198,305
269,305
277,305
306,305
321,305
355,305
155,306
157,306
198,306
269,306
277,306
306,306
322,306
355,306
155,307
156,307
198,307
268,307
277,307
306,307
323,307
355,307
155,308
157,308
198,308
268,308
277,308
305,308
326,308
356,308
155,309
157,309
198,309
268,309
277,309
305,309
327,309
356,309
154,310
155,310
198,310
268,310
277,310
304,310
327,310
356,310
154,311
159,311
198,311
268,311
277,311
305,311
326,311
356,311
151,312
159,312
161,312
161,312
198,312
268,312
277,312
304,312
326,312
357,312
151,313
158,313
161,313
161,313
198,313
268,313
277,313
304,313
324,313
357,313
155,314
157,314
161,314
162,314
198,314
268,314
277,314
304,314
324,314
324,314
326,314
356,314
151,315
151,315
155,315
156,315
161,315
162,315
199,315
268,315
277,315
304,315
323,315
323,315
325,315
356,315
150,316
151,316
162,316
162,316
199,316
268,316
277,316
303,316
322,316
356,316
150,317
151,317
162,317
162,317
199,317
268,317
278,317
303,317
322,317
356,317
150,318
151,318
162,318
162,318
199,318
268,318
278,318
303,318
321,318
356,318
150,319
151,319
162,319
162,319
199,319
268,319
278,319
303,319
320,319
356,319
150,320
151,320
162,320
162,320
199,320
268,320
278,320
303,320
319,320
356,320
150,321
151,321
162,321
162,321
199,321
268,321
278,321
302,321
319,321
356,321
151,322
151,322
162,322
163,322
199,322
268,322
278,322
302,322
318,322
355,322
151,323
152,323
162,323
163,323
199,323
268,323
278,323
302,323
317,323
355,323
151,324
151,324
162,324
163,324
199,324
268,324
278,324
301,324
316,324
354,324
150,325
151,325
162,325
163,325
199,325
268,325
278,325
302,325
316,325
316,325
318,325
354,325
151,326
152,326
162,326
162,326
199,326
269,326
278,326
278,326
280,326
302,326
315,326
354,326
151,327
152,327
162,327
162,327
199,327
269,327
277,327
278,327
280,327
302,327
314,327
353,327
151,328
152,328
162,328
163,328
199,328
269,328
277,328
302,328
314,328
352,328
151,329
152,329
156,329
158,329
162,329
163,329
199,329
269,329
277,329
302,329
313,329
352,329
152,330
152,330
156,330
158,330
162,330
163,330
199,330
269,330
277,330
277,330
280,330
302,330
312,330
351,330
152,331
153,331
156,331
159,331
161,331
162,331
199,331
269,331
277,331
302,331
311,331
350,331
152,332
155,332
157,332
162,332
199,332
269,332
277,332
302,332
311,332
349,332
154,333
159,333
199,333
269,333
277,333
302,333
310,333
349,333
156,334
158,334
199,334
269,334
276,334
302,334
309,334
348,334
156,335
158,335
199,335
269,335
276,335
302,335
308,335
347,335
156,336
158,336
199,336
269,336
275,336
275,336
278,336
301,336
308,336
346,336
156,337
158,337
199,337
269,337
275,337
275,337
278,337
301,337
307,337
345,337
156,338
158,338
199,338
269,338
278,338
301,338
307,338
345,338
156,339
158,339
199,339
270,339
278,339
301,339
306,339
344,339
156,340
158,340
199,340
270,340
273,340
273,340
278,340
301,340
305,340
343,340
156,341
158,341
199,341
273,341
278,341
302,341
305,341
343,341
156,342
159,342
198,342
272,342
278,342
342,342
157,343
159,343
197,343
273,343
278,343
338,343
340,343
341,343
157,344
159,344
197,344
273,344
278,344
340,344
157,345
159,345
197,345
273,345
278,345
339,345
156,346
161,346
197,346
273,346
278,346
338,346
154,347
163,347
197,347
272,347
278,347
278,347
280,347
338,347
154,348
158,348
160,348
164,348
197,348
272,348
277,348
337,348
152,349
158,349
162,349
164,349
196,349
273,349
277,349
336,349
152,350
154,350
157,350
159,350
163,350
164,350
196,350
276,350
278,350
278,350
280,350
335,350
152,351
153,351
157,351
158,351
163,351
164,351
194,351
278,351
280,351
334,351
152,352
153,352
163,352
164,352
193,352
194,352
196,352
276,352
278,352
331,352
333,352
334,352
152,353
153,353
164,353
164,353
192,353
193,353
197,353
276,353
278,353
333,353
152,354
153,354
164,354
165,354
192,354
192,354
197,354
275,354
278,354
330,354
332,354
332,354
152,355
153,355
164,355
164,355
192,355
192,355
196,355
275,355
278,355
331,355
152,356
153,356
164,356
164,356
191,356
191,356
196,356
330,356
152,357
153,357
164,357
165,357
191,357
191,357
196,357
329,357
152,358
153,358
164,358
164,358
190,358
191,358
195,358
329,358
152,359
153,359
164,359
165,359
190,359
191,359
195,359
328,359
