420,29
421,29
418,30
420,30
417,31
419,31
415,32
417,32
413,33
416,33
411,34
415,34
410,35
415,35
408,36
414,36
406,37
410,37
412,37
413,37
405,38
412,38
403,39
406,39
408,39
411,39
402,40
410,40
401,41
409,41
399,42
406,42
408,42
408,42
398,43
405,43
407,43
407,43
397,44
407,44
395,45
406,45
394,46
402,46
404,46
405,46
392,47
404,47
133,48
145,48
391,48
404,48
128,49
150,49
390,49
403,49
126,50
153,50
388,50
402,50
124,51
156,51
387,51
401,51
121,52
158,52
386,52
400,52
119,53
161,53
385,53
386,53
388,53
399,53
118,54
162,54
383,54
398,54
117,55
118,55
120,55
164,55
382,55
397,55
115,56
166,56
381,56
396,56
114,57
167,57
380,57
395,57
112,58
169,58
378,58
394,58
112,59
112,59
114,59
169,59
377,59
393,59
110,60
171,60
376,60
393,60
109,61
172,61
375,61
393,61
108,62
174,62
374,62
393,62
107,63
174,63
372,63
373,63
375,63
396,63
106,64
176,64
371,64
399,64
106,65
177,65
369,65
396,65
399,65
399,65
105,66
175,66
177,66
177,66
368,66
398,66
104,67
178,67
366,67
397,67
103,68
179,68
365,68
395,68
102,69
177,69
180,69
180,69
364,69
392,69
102,70
180,70
363,70
390,70
101,71
181,71
361,71
387,71
100,72
182,72
360,72
388,72
100,73
182,73
360,73
390,73
99,74
183,74
358,74
392,74
98,75
183,75
357,75
394,75
98,76
184,76
355,76
395,76
97,77
184,77
354,77
397,77
97,78
182,78
184,78
184,78
352,78
395,78
397,78
398,78
96,79
185,79
351,79
399,79
96,80
185,80
349,80
400,80
95,81
186,81
348,81
401,81
95,82
186,82
347,82
401,82
94,83
184,83
186,83
186,83
345,83
395,83
397,83
401,83
94,84
187,84
343,84
399,84
94,85
187,85
341,85
396,85
93,86
187,86
339,86
393,86
93,87
185,87
187,87
187,87
337,87
390,87
92,88
185,88
187,88
188,88
335,88
388,88
92,89
185,89
187,89
188,89
334,89
363,89
365,89
386,89
92,90
186,90
188,90
188,90
332,90
385,90
91,91
186,91
188,91
188,91
301,91
301,91
303,91
307,91
332,91
360,91
362,91
364,91
367,91
383,91
91,92
189,92
304,92
305,92
307,92
308,92
329,92
363,92
369,92
382,92
91,93
189,93
303,93
309,93
327,93
362,93
371,93
378,93
90,94
191,94
302,94
306,94
308,94
309,94
326,94
361,94
90,95
193,95
302,95
306,95
309,95
309,95
324,95
359,95
90,96
193,96
301,96
306,96
309,96
310,96
323,96
356,96
358,96
359,96
90,97
194,97
198,97
198,97
204,97
205,97
273,97
279,97
300,97
306,97
309,97
310,97
321,97
358,97
90,98
211,98
268,98
285,98
299,98
306,98
309,98
310,98
319,98
356,98
89,99
201,99
203,99
214,99
264,99
289,99
298,99
302,99
304,99
305,99
309,99
310,99
318,99
355,99
89,100
216,100
260,100
293,100
297,100
305,100
309,100
310,100
317,100
354,100
89,101
217,101
259,101
305,101
309,101
309,101
316,101
353,101
89,102
219,102
255,102
305,102
308,102
309,102
314,102
352,102
89,103
220,103
254,103
309,103
313,103
351,103
89,104
222,104
254,104
308,104
312,104
349,104
89,105
223,105
254,105
308,105
310,105
346,105
89,106
223,106
252,106
347,106
89,107
224,107
250,107
346,107
89,108
225,108
248,108
345,108
89,109
226,109
247,109
344,109
89,110
227,110
246,110
343,110
89,111
228,111
248,111
341,111
89,112
228,112
248,112
341,112
89,113
229,113
247,113
339,113
90,114
230,114
246,114
338,114
90,115
231,115
245,115
337,115
90,116
231,116
244,116
336,116
90,117
231,117
244,117
331,117
334,117
335,117
357,117
357,117
91,118
232,118
243,118
331,118
333,118
333,118
353,118
362,118
91,119
232,119
242,119
333,119
351,119
357,119
359,119
365,119
92,120
232,120
242,120
332,120
348,120
351,120
353,120
368,120
92,121
92,121
94,121
233,121
241,121
330,121
346,121
371,121
92,122
233,122
241,122
329,122
344,122
346,122
349,122
372,122
93,123
234,123
241,123
328,123
343,123
344,123
347,123
373,123
93,124
234,124
241,124
328,124
341,124
343,124
345,124
373,124
93,125
234,125
240,125
334,125
336,125
336,125
340,125
374,125
94,126
235,126
240,126
374,126
94,127
235,127
240,127
339,127
341,127
374,127
95,128
96,128
98,128
235,128
240,128
374,128
96,129
235,129
240,129
374,129
96,130
234,130
240,130
375,130
97,131
235,131
240,131
241,131
244,131
375,131
98,132
235,132
244,132
375,132
99,133
235,133
240,133
240,133
244,133
375,133
99,134
235,134
244,134
375,134
100,135
235,135
244,135
375,135
101,136
235,136
245,136
375,136
102,137
234,137
245,137
374,137
103,138
105,138
107,138
234,138
245,138
374,138
104,139
106,139
108,139
234,139
245,139
374,139
106,140
235,140
245,140
373,140
107,141
237,141
241,141
373,141
108,142
373,142
110,143
238,143
242,143
373,143
112,144
373,144
113,145
373,145
115,146
372,146
118,147
232,147
236,147
371,147
120,148
154,148
156,148
232,148
236,148
371,148
122,149
132,149
135,149
151,149
158,149
232,149
236,149
371,149
126,150
147,150
160,150
371,150
131,151
141,151
163,151
370,151
163,152
370,152
164,153
369,153
154,154
158,154
164,154
367,154
369,154
369,154
152,155
159,155
164,155
369,155
151,156
368,156
150,157
367,157
148,158
149,158
151,158
367,158
147,159
366,159
146,160
366,160
145,161
146,161
148,161
225,161
228,161
366,161
144,162
223,162
230,162
365,162
144,163
219,163
221,163
222,163
231,163
365,163
142,164
218,164
221,164
221,164
231,164
364,164
141,165
220,165
231,165
362,165
364,165
364,165
140,166
219,166
231,166
362,166
138,167
171,167
174,167
218,167
231,167
362,167
137,168
138,168
140,168
171,168
175,168
216,168
231,168
361,168
135,169
137,169
139,169
171,169
176,169
215,169
231,169
361,169
134,170
171,170
178,170
213,170
230,170
360,170
132,171
134,171
136,171
171,171
180,171
211,171
230,171
360,171
131,172
170,172
183,172
210,172
230,172
359,172
131,173
170,173
186,173
206,173
230,173
359,173
132,174
170,174
190,174
204,174
231,174
358,174
132,175
169,175
195,175
200,175
232,175
358,175
133,176
169,176
233,176
357,176
134,177
168,177
235,177
338,177
340,177
355,177
134,178
167,178
236,178
337,178
341,178
354,178
134,179
167,179
239,179
337,179
342,179
351,179
353,179
353,179
133,180
167,180
239,180
337,180
342,180
353,180
132,181
167,181
239,181
336,181
342,181
350,181
131,182
136,182
139,182
167,182
239,182
336,182
343,182
349,182
130,183
136,183
139,183
167,183
238,183
336,183
343,183
350,183
129,184
136,184
139,184
167,184
238,184
336,184
343,184
350,184
129,185
134,185
140,185
167,185
237,185
335,185
344,185
348,185
128,186
129,186
131,186
133,186
144,186
167,186
237,186
335,186
344,186
347,186
128,187
132,187
144,187
167,187
237,187
334,187
345,187
346,187
127,188
131,188
145,188
167,188
236,188
334,188
127,189
131,189
145,189
168,189
236,189
334,189
126,190
127,190
129,190
130,190
141,190
141,190
145,190
168,190
236,190
236,190
238,190
334,190
126,191
126,191
129,191
130,191
145,191
168,191
235,191
333,191
126,192
126,192
128,192
129,192
144,192
168,192
235,192
333,192
126,193
129,193
144,193
168,193
234,193
333,193
127,194
128,194
144,194
169,194
234,194
333,194
144,195
169,195
234,195
332,195
144,196
170,196
233,196
332,196
144,197
168,197
170,197
170,197
233,197
332,197
144,198
168,198
232,198
332,198
144,199
168,199
232,199
331,199
144,200
167,200
232,200
331,200
144,201
168,201
232,201
331,201
145,202
168,202
231,202
330,202
145,203
168,203
231,203
330,203
145,204
168,204
230,204
330,204
144,205
168,205
230,205
330,205
144,206
168,206
230,206
329,206
145,207
168,207
229,207
329,207
145,208
168,208
229,208
329,208
145,209
168,209
229,209
329,209
145,210
169,210
229,210
329,210
145,211
169,211
228,211
328,211
145,212
169,212
228,212
328,212
145,213
169,213
228,213
328,213
146,214
169,214
227,214
328,214
146,215
169,215
227,215
327,215
145,216
169,216
227,216
327,216
145,217
169,217
226,217
327,217
145,218
169,218
225,218
327,218
145,219
169,219
224,219
327,219
145,220
170,220
220,220
327,220
145,221
170,221
218,221
327,221
145,222
170,222
217,222
327,222
146,223
170,223
212,223
217,223
219,223
326,223
146,224
170,224
206,224
326,224
146,225
170,225
199,225
326,225
146,226
170,226
197,226
326,226
146,227
170,227
193,227
326,227
146,228
170,228
189,228
326,228
146,229
170,229
184,229
326,229
146,230
171,230
181,230
326,230
146,231
171,231
179,231
325,231
146,232
171,232
175,232
325,232
146,233
325,233
146,234
325,234
146,235
324,235
146,236
325,236
146,237
325,237
147,238
325,238
147,239
325,239
146,240
324,240
147,241
324,241
147,242
324,242
147,243
324,243
147,244
324,244
148,245
324,245
148,246
324,246
148,247
324,247
149,248
323,248
149,249
323,249
150,250
323,250
151,251
193,251
195,251
323,251
151,252
195,252
201,252
323,252
152,253
191,253
201,253
323,253
152,254
189,254
200,254
323,254
152,255
152,255
155,255
184,255
200,255
322,255
152,256
153,256
157,256
177,256
199,256
323,256
153,257
153,257
158,257
159,257
163,257
169,257
172,257
172,257
198,257
322,257
153,258
153,258
158,258
159,258
162,258
164,258
198,258
322,258
155,259
159,259
162,259
163,259
198,259
322,259
155,260
160,260
198,260
322,260
158,261
159,261
197,261
322,261
158,262
159,262
197,262
322,262
158,263
159,263
197,263
322,263
158,264
159,264
196,264
322,264
158,265
159,265
195,265
322,265
158,266
159,266
195,266
322,266
158,267
159,267
195,267
322,267
158,268
159,268
195,268
323,268
158,269
159,269
195,269
323,269
157,270
159,270
195,270
324,270
157,271
159,271
194,271
325,271
157,272
159,272
194,272
327,272
156,273
160,273
194,273
328,273
154,274
163,274
194,274
329,274
153,275
155,275
157,275
159,275
162,275
163,275
194,275
328,275
330,275
330,275
153,276
154,276
158,276
159,276
162,276
164,276
194,276
331,276
153,277
154,277
158,277
159,277
163,277
164,277
194,277
332,277
152,278
153,278
164,278
164,278
194,278
333,278
152,279
153,279
164,279
164,279
194,279
280,279
282,279
334,279
152,280
153,280
164,280
165,280
194,280
279,280
282,280
282,280
284,280
335,280
152,281
153,281
164,281
165,281
194,281
278,281
282,281
282,281
284,281
336,281
152,282
153,282
164,282
165,282
194,282
278,282
282,282
337,282
152,283
153,283
164,283
165,283
194,283
278,283
282,283
338,283
152,284
153,284
164,284
165,284
194,284
277,284
283,284
339,284
152,285
153,285
164,285
165,285
194,285
277,285
283,285
340,285
152,286
153,286
164,286
165,286
194,286
277,286
283,286
341,286
152,287
153,287
164,287
165,287
194,287
276,287
284,287
342,287
152,288
153,288
164,288
164,288
194,288
273,288
284,288
343,288
152,289
153,289
164,289
164,289
194,289
271,289
273,289
273,289
284,289
344,289
152,290
153,290
164,290
164,290
194,290
273,290
284,290
345,290
153,291
153,291
158,291
159,291
163,291
164,291
194,291
272,291
284,291
346,291
153,292
153,292
158,292
159,292
163,292
164,292
194,292
272,292
285,292
347,292
153,293
154,293
158,293
159,293
162,293
164,293
194,293
271,293
285,293
347,293
153,294
163,294
194,294
271,294
285,294
348,294
156,295
160,295
194,295
270,295
285,295
349,295
158,296
159,296
194,296
270,296
286,296
350,296
158,297
159,297
194,297
270,297
286,297
350,297
158,298
159,298
195,298
269,298
286,298
351,298
158,299
159,299
195,299
269,299
287,299
349,299
351,299
352,299
158,300
159,300
195,300
269,300
287,300
353,300
158,301
159,301
195,301
268,301
287,301
351,301
353,301
353,301
158,302
159,302
195,302
268,302
287,302
351,302
353,302
354,302
158,303
159,303
195,303
267,303
287,303
354,303
158,304
159,304
195,304
268,304
288,304
355,304
158,305
158,305
195,305
267,305
288,305
355,305
157,306
159,306
195,306
267,306
289,306
355,306
157,307
159,307
195,307
267,307
289,307
356,307
156,308
158,308
161,308
161,308
195,308
267,308
289,308
356,308
155,309
163,309
195,309
266,309
289,309
318,309
321,309
356,309
153,310
159,310
163,310
164,310
195,310
266,310
289,310
318,310
322,310
357,310
153,311
154,311
157,311
159,311
163,311
164,311
195,311
266,311
290,311
318,311
322,311
357,311
153,312
154,312
158,312
159,312
163,312
164,312
196,312
266,312
290,312
317,312
322,312
358,312
153,313
153,313
158,313
158,313
164,313
164,313
196,313
266,313
290,313
317,313
323,313
358,313
152,314
153,314
164,314
164,314
196,314
266,314
290,314
317,314
323,314
358,314
152,315
153,315
164,315
164,315
196,315
266,315
291,315
317,315
323,315
326,315
328,315
358,315
152,316
153,316
164,316
164,316
196,316
266,316
291,316
317,316
323,316
326,316
328,316
358,316
152,317
153,317
164,317
164,317
196,317
266,317
291,317
317,317
323,317
358,317
152,318
153,318
164,318
165,318
196,318
266,318
291,318
317,318
323,318
359,318
152,319
153,319
164,319
165,319
196,319
266,319
292,319
317,319
322,319
323,319
325,319
359,319
152,320
153,320
164,320
165,320
196,320
266,320
292,320
317,320
321,320
358,320
152,321
153,321
164,321
165,321
196,321
266,321
292,321
318,321
320,321
358,321
152,322
153,322
164,322
165,322
196,322
266,322
292,322
358,322
152,323
153,323
164,323
165,323
196,323
266,323
293,323
357,323
152,324
153,324
164,324
165,324
197,324
266,324
293,324
357,324
152,325
153,325
164,325
165,325
197,325
266,325
293,325
357,325
153,326
153,326
158,326
158,326
164,326
164,326
197,326
266,326
293,326
356,326
153,327
154,327
158,327
159,327
163,327
164,327
197,327
266,327
293,327
356,327
153,328
154,328
158,328
159,328
163,328
164,328
197,328
266,328
293,328
355,328
153,329
159,329
162,329
163,329
197,329
266,329
293,329
355,329
154,330
160,330
197,330
266,330
293,330
354,330
157,331
157,331
159,331
160,331
197,331
266,331
294,331
353,331
157,332
159,332
197,332
266,332
294,332
353,332
158,333
159,333
197,333
266,333
294,333
351,333
158,334
159,334
197,334
266,334
294,334
351,334
158,335
159,335
198,335
264,335
266,335
267,335
294,335
350,335
158,336
159,336
198,336
267,336
294,336
349,336
158,337
159,337
197,337
267,337
295,337
348,337
158,338
159,338
197,338
265,338
267,338
267,338
296,338
347,338
158,339
159,339
197,339
265,339
267,339
267,339
295,339
344,339
346,339
346,339
158,340
159,340
197,340
267,340
295,340
346,340
157,341
159,341
197,341
267,341
295,341
342,341
344,341
345,341
157,342
158,342
197,342
268,342
295,342
341,342
157,343
159,343
197,343
268,343
295,343
343,343
155,344
161,344
197,344
269,344
295,344
342,344
153,345
163,345
197,345
270,345
294,345
341,345
153,346
158,346
162,346
163,346
197,346
271,346
294,346
340,346
152,347
153,347
157,347
158,347
162,347
163,347
195,347
271,347
294,347
339,347
152,348
153,348
157,348
158,348
163,348
163,348
195,348
272,348
293,348
338,348
152,349
153,349
163,349
164,349
195,349
272,349
293,349
337,349
152,350
152,350
163,350
164,350
195,350
272,350
293,350
336,350
152,351
152,351
163,351
164,351
195,351
272,351
292,351
336,351
151,352
153,352
163,352
163,352
195,352
272,352
292,352
334,352
151,353
153,353
163,353
163,353
194,353
273,353
293,353
331,353
333,353
333,353
151,354
153,354
163,354
163,354
193,354
274,354
290,354
291,354
293,354
330,354
332,354
332,354
151,355
153,355
163,355
163,355
192,355
276,355
289,355
289,355
291,355
291,355
293,355
332,355
151,356
153,356
163,356
163,356
191,356
192,356
195,356
278,356
288,356
329,356
151,357
153,357
163,357
163,357
191,357
191,357
195,357
272,357
278,357
280,357
287,357
328,357
151,358
153,358
163,358
163,358
190,358
191,358
195,358
273,358
286,358
328,358
151,359
153,359
163,359
163,359
190,359
190,359
195,359
273,359
282,359
282,359
286,359
328,359
