147,43
156,43
143,44
162,44
437,44
438,44
140,45
165,45
435,45
437,45
137,46
168,46
433,46
436,46
135,47
170,47
431,47
435,47
133,48
136,48
138,48
172,48
429,48
434,48
131,49
174,49
427,49
429,49
431,49
433,49
130,50
175,50
425,50
432,50
128,51
177,51
424,51
430,51
127,52
178,52
422,52
429,52
126,53
127,53
129,53
180,53
420,53
429,53
124,54
181,54
419,54
425,54
427,54
427,54
123,55
182,55
417,55
426,55
122,56
123,56
125,56
184,56
416,56
426,56
121,57
122,57
124,57
185,57
414,57
422,57
424,57
425,57
120,58
183,58
185,58
186,58
412,58
424,58
119,59
187,59
411,59
423,59
118,60
188,60
409,60
419,60
421,60
422,60
117,61
186,61
188,61
189,61
408,61
418,61
420,61
421,61
116,62
189,62
406,62
420,62
115,63
190,63
405,63
419,63
115,64
191,64
403,64
418,64
114,65
191,65
402,65
417,65
113,66
192,66
401,66
416,66
112,67
193,67
399,67
416,67
111,68
193,68
398,68
415,68
111,69
194,69
396,69
413,69
110,70
194,70
395,70
412,70
110,71
110,71
112,71
195,71
394,71
412,71
109,72
195,72
392,72
410,72
108,73
196,73
391,73
410,73
108,74
196,74
390,74
408,74
107,75
197,75
388,75
408,75
107,76
197,76
387,76
408,76
107,77
197,77
386,77
409,77
106,78
197,78
384,78
411,78
106,79
198,79
382,79
414,79
105,80
198,80
380,80
415,80
104,81
198,81
379,81
412,81
414,81
415,81
104,82
198,82
377,82
379,82
381,82
414,82
104,83
198,83
376,83
376,83
378,83
412,83
103,84
199,84
375,84
376,84
378,84
408,84
103,85
199,85
373,85
405,85
103,86
199,86
372,86
403,86
103,87
199,87
370,87
403,87
102,88
199,88
369,88
404,88
102,89
199,89
367,89
407,89
102,90
199,90
366,90
368,90
370,90
408,90
102,91
199,91
364,91
410,91
102,92
199,92
362,92
364,92
367,92
411,92
101,93
200,93
361,93
413,93
101,94
200,94
359,94
414,94
101,95
202,95
357,95
415,95
101,96
203,96
355,96
416,96
101,97
203,97
353,97
416,97
101,98
203,98
351,98
416,98
101,99
204,99
349,99
416,99
101,100
209,100
316,100
319,100
347,100
413,100
101,101
217,101
318,101
322,101
345,101
410,101
101,102
220,102
318,102
318,102
322,102
323,102
344,102
406,102
102,103
218,103
220,103
222,103
318,103
320,103
323,103
324,103
341,103
403,103
102,104
224,104
317,104
324,104
340,104
340,104
343,104
377,104
379,104
380,104
382,104
401,104
102,105
226,105
282,105
282,105
285,105
286,105
316,105
317,105
319,105
320,105
323,105
325,105
338,105
373,105
375,105
376,105
380,105
399,105
102,106
227,106
276,106
293,106
316,106
320,106
323,106
323,106
325,106
325,106
335,106
372,106
374,106
375,106
382,106
397,106
102,107
229,107
271,107
296,107
315,107
320,107
325,107
325,107
334,107
374,107
385,107
396,107
103,108
230,108
268,108
301,108
314,108
320,108
325,108
325,108
332,108
369,108
371,108
373,108
387,108
394,108
103,109
230,109
265,109
303,109
313,109
320,109
324,109
325,109
331,109
371,109
103,110
231,110
264,110
301,110
303,110
307,110
312,110
319,110
323,110
325,110
329,110
370,110
104,111
232,111
264,111
319,111
323,111
325,111
327,111
369,111
104,112
233,112
263,112
319,112
322,112
368,112
105,113
234,113
261,113
319,113
321,113
366,113
105,114
235,114
259,114
365,114
105,115
235,115
256,115
361,115
363,115
364,115
106,116
236,116
256,116
256,116
258,116
363,116
107,117
236,117
257,117
361,117
107,118
237,118
257,118
360,118
108,119
238,119
256,119
359,119
108,120
238,120
255,120
357,120
109,121
239,121
254,121
356,121
110,122
239,122
254,122
355,122
111,123
239,123
253,123
354,123
111,124
239,124
252,124
352,124
112,125
240,125
251,125
351,125
113,126
113,126
115,126
240,126
251,126
350,126
114,127
241,127
251,127
349,127
115,128
241,128
250,128
347,128
116,129
241,129
250,129
346,129
117,130
241,130
249,130
345,130
118,131
241,131
249,131
250,131
252,131
344,131
119,132
241,132
249,132
342,132
363,132
373,132
121,133
122,133
124,133
241,133
249,133
341,133
360,133
375,133
122,134
241,134
249,134
249,134
251,134
340,134
358,134
378,134
123,135
241,135
249,135
253,135
255,135
339,135
356,135
380,135
125,136
241,136
248,136
252,136
256,136
338,136
355,136
382,136
127,137
241,137
249,137
250,137
252,137
252,137
256,137
338,137
353,137
355,137
357,137
384,137
128,138
241,138
249,138
249,138
255,138
347,138
352,138
381,138
383,138
384,138
131,139
241,139
253,139
382,139
384,139
385,139
133,140
241,140
254,140
345,140
347,140
385,140
136,141
241,141
253,141
348,141
350,141
386,141
141,142
155,142
162,142
240,142
253,142
386,142
162,143
240,143
253,143
386,143
163,144
240,144
253,144
386,144
163,145
163,145
165,145
240,145
253,145
386,145
168,146
240,146
253,146
384,146
386,146
386,146
168,147
242,147
252,147
386,147
159,148
163,148
168,148
384,148
386,148
386,148
157,149
159,149
162,149
164,149
168,149
384,149
386,149
386,149
154,150
166,150
168,150
239,150
242,150
386,150
153,151
238,151
241,151
385,151
152,152
164,152
167,152
238,152
242,152
386,152
151,153
237,153
242,153
385,153
149,154
237,154
242,154
385,154
148,155
237,155
242,155
385,155
148,156
237,156
241,156
384,156
146,157
238,157
241,157
384,157
143,158
384,158
141,159
384,159
139,160
140,160
142,160
383,160
138,161
383,161
135,162
138,162
140,162
383,162
134,163
381,163
134,164
134,164
136,164
381,164
134,165
381,165
134,166
175,166
177,166
381,166
134,167
175,167
178,167
380,167
135,168
171,168
173,168
174,168
179,168
226,168
230,168
380,168
135,169
174,169
181,169
223,169
232,169
379,169
136,170
174,170
182,170
222,170
233,170
379,170
136,171
171,171
173,171
173,171
184,171
220,171
235,171
376,171
378,171
379,171
135,172
170,172
173,172
173,172
186,172
218,172
236,172
376,172
378,172
378,172
135,173
170,173
172,173
173,173
188,173
216,173
236,173
377,173
134,174
173,174
190,174
213,174
236,174
377,174
133,175
172,175
193,175
211,175
235,175
376,175
132,176
171,176
198,176
207,176
235,176
375,176
132,177
132,177
134,177
136,177
139,177
171,177
235,177
375,177
131,178
132,178
134,178
135,178
139,178
169,178
234,178
374,178
131,179
133,179
135,179
135,179
140,179
169,179
234,179
374,179
130,180
131,180
133,180
134,180
141,180
170,180
234,180
373,180
130,181
134,181
141,181
169,181
235,181
373,181
129,182
133,182
142,182
169,182
236,182
372,182
129,183
133,183
144,183
169,183
238,183
371,183
128,184
129,184
131,184
133,184
145,184
169,184
239,184
370,184
128,185
132,185
145,185
169,185
240,185
369,185
128,186
131,186
146,186
169,186
242,186
369,186
127,187
129,187
146,187
169,187
243,187
368,187
128,188
130,188
146,188
169,188
244,188
367,188
146,189
169,189
245,189
367,189
146,190
170,190
245,190
366,190
146,191
170,191
244,191
366,191
146,192
170,192
244,192
364,192
146,193
171,193
243,193
344,193
348,193
363,193
146,194
171,194
243,194
344,194
348,194
361,194
146,195
171,195
242,195
343,195
348,195
361,195
145,196
171,196
242,196
343,196
349,196
361,196
146,197
170,197
172,197
172,197
241,197
343,197
350,197
357,197
147,198
170,198
241,198
342,198
350,198
357,198
146,199
170,199
241,199
342,199
350,199
355,199
357,199
357,199
147,200
170,200
240,200
341,200
350,200
356,200
147,201
170,201
240,201
341,201
351,201
351,201
355,201
355,201
147,202
171,202
239,202
341,202
351,202
354,202
147,203
170,203
239,203
340,203
352,203
353,203
147,204
170,204
238,204
340,204
147,205
171,205
238,205
340,205
147,206
171,206
238,206
339,206
147,207
171,207
237,207
339,207
147,208
171,208
237,208
338,208
147,209
171,209
237,209
338,209
147,210
171,210
236,210
338,210
147,211
171,211
236,211
338,211
147,212
171,212
235,212
337,212
147,213
171,213
235,213
337,213
147,214
171,214
235,214
337,214
147,215
171,215
234,215
336,215
147,216
171,216
234,216
336,216
147,217
172,217
234,217
336,217
148,218
172,218
233,218
335,218
148,219
172,219
233,219
335,219
148,220
172,220
232,220
335,220
148,221
172,221
232,221
334,221
148,222
172,222
231,222
334,222
148,223
172,223
230,223
334,223
148,224
172,224
229,224
334,224
148,225
172,225
228,225
333,225
148,226
173,226
222,226
223,226
225,226
333,226
148,227
173,227
219,227
333,227
148,228
173,228
213,228
332,228
148,229
173,229
203,229
332,229
148,230
173,230
198,230
332,230
148,231
173,231
194,231
332,231
148,232
173,232
188,232
332,232
148,233
173,233
184,233
332,233
148,234
173,234
180,234
332,234
148,235
174,235
176,235
332,235
148,236
331,236
149,237
331,237
149,238
331,238
149,239
331,239
149,240
330,240
149,241
330,241
149,242
330,242
149,243
330,243
149,244
330,244
150,245
330,245
150,246
330,246
150,247
329,247
150,248
329,248
150,249
329,249
150,250
329,250
151,251
329,251
151,252
329,252
150,253
329,253
150,254
151,254
155,254
329,254
151,255
151,255
156,255
328,255
151,256
151,256
157,256
328,256
151,257
152,257
161,257
192,257
200,257
328,257
151,258
152,258
162,258
184,258
199,258
328,258
151,259
152,259
156,259
157,259
161,259
162,259
199,259
328,259
151,260
152,260
156,260
157,260
161,260
162,260
198,260
328,260
152,261
162,261
198,261
328,261
153,262
159,262
197,262
328,262
155,263
158,263
196,263
327,263
155,264
158,264
196,264
327,264
155,265
158,265
195,265
327,265
155,266
158,266
195,266
327,266
155,267
157,267
195,267
325,267
327,267
327,267
155,268
157,268
194,268
327,268
155,269
157,269
194,269
327,269
155,270
157,270
193,270
326,270
155,271
157,271
193,271
326,271
156,272
157,272
193,272
326,272
156,273
157,273
192,273
326,273
155,274
158,274
192,274
326,274
155,275
158,275
192,275
326,275
153,276
154,276
156,276
161,276
192,276
326,276
152,277
162,277
191,277
326,277
151,278
153,278
155,278
157,278
161,278
162,278
191,278
326,278
151,279
152,279
156,279
157,279
161,279
162,279
191,279
325,279
151,280
152,280
156,280
157,280
162,280
163,280
191,280
326,280
151,281
152,281
162,281
163,281
191,281
326,281
150,282
151,282
162,282
163,282
191,282
326,282
151,283
151,283
162,283
163,283
191,283
326,283
151,284
151,284
162,284
163,284
191,284
326,284
151,285
151,285
162,285
163,285
191,285
327,285
151,286
151,286
162,286
163,286
190,286
328,286
151,287
151,287
162,287
163,287
190,287
329,287
151,288
151,288
162,288
163,288
190,288
330,288
151,289
151,289
162,289
163,289
190,289
331,289
151,290
151,290
162,290
163,290
190,290
276,290
279,290
332,290
151,291
151,291
162,291
163,291
190,291
276,291
279,291
282,291
285,291
333,291
151,292
151,292
162,292
163,292
190,292
273,292
279,292
281,292
285,292
334,292
151,293
152,293
157,293
157,293
162,293
163,293
190,293
274,293
279,293
281,293
285,293
335,293
151,294
152,294
156,294
157,294
162,294
162,294
190,294
274,294
279,294
281,294
285,294
335,294
152,295
153,295
156,295
157,295
162,295
162,295
190,295
273,295
279,295
281,295
285,295
336,295
152,296
162,296
190,296
272,296
279,296
280,296
285,296
337,296
152,297
159,297
190,297
272,297
279,297
280,297
286,297
338,297
155,298
158,298
190,298
271,298
279,298
280,298
286,298
339,298
156,299
157,299
190,299
270,299
279,299
279,299
286,299
340,299
156,300
158,300
190,300
269,300
279,300
279,300
287,300
341,300
156,301
158,301
190,301
269,301
279,301
279,301
287,301
342,301
156,302
158,302
190,302
269,302
279,302
279,302
287,302
343,302
156,303
158,303
190,303
268,303
287,303
343,303
156,304
158,304
190,304
268,304
288,304
344,304
156,305
158,305
190,305
267,305
288,305
345,305
156,306
158,306
190,306
267,306
288,306
346,306
156,307
158,307
190,307
266,307
288,307
346,307
156,308
158,308
190,308
266,308
288,308
347,308
156,309
158,309
190,309
265,309
288,309
348,309
156,310
159,310
190,310
265,310
289,310
349,310
154,311
162,311
190,311
264,311
289,311
350,311
153,312
163,312
190,312
264,312
289,312
350,312
152,313
158,313
161,313
163,313
190,313
263,313
289,313
351,313
152,314
153,314
156,314
158,314
162,314
163,314
190,314
263,314
289,314
352,314
152,315
153,315
157,315
158,315
163,315
164,315
190,315
263,315
290,315
352,315
152,316
153,316
163,316
164,316
190,316
262,316
290,316
353,316
152,317
153,317
163,317
164,317
190,317
262,317
290,317
353,317
152,318
152,318
163,318
164,318
190,318
262,318
290,318
354,318
152,319
152,319
163,319
164,319
190,319
261,319
291,319
354,319
152,320
152,320
164,320
164,320
191,320
261,320
291,320
354,320
152,321
152,321
164,321
164,321
191,321
261,321
291,321
355,321
152,322
152,322
164,322
164,322
191,322
261,322
291,322
355,322
152,323
152,323
164,323
164,323
191,323
261,323
292,323
355,323
152,324
152,324
164,324
164,324
191,324
261,324
292,324
356,324
152,325
152,325
164,325
164,325
191,325
261,325
292,325
356,325
152,326
153,326
164,326
164,326
191,326
261,326
292,326
356,326
152,327
153,327
164,327
164,327
191,327
261,327
293,327
356,327
152,328
153,328
163,328
164,328
191,328
261,328
293,328
356,328
152,329
153,329
158,329
159,329
163,329
164,329
191,329
261,329
293,329
357,329
153,330
153,330
157,330
160,330
163,330
164,330
191,330
261,330
293,330
357,330
153,331
158,331
160,331
163,331
191,331
261,331
294,331
357,331
154,332
162,332
191,332
261,332
294,332
357,332
156,333
160,333
191,333
261,333
294,333
357,333
157,334
160,334
191,334
261,334
294,334
357,334
157,335
160,335
191,335
261,335
294,335
357,335
158,336
160,336
191,336
261,336
294,336
357,336
158,337
160,337
191,337
262,337
294,337
357,337
158,338
160,338
191,338
262,338
295,338
357,338
158,339
160,339
191,339
262,339
295,339
356,339
158,340
160,340
191,340
262,340
295,340
356,340
158,341
160,341
191,341
262,341
295,341
355,341
158,342
160,342
192,342
262,342
295,342
355,342
158,343
160,343
192,343
262,343
296,343
355,343
158,344
161,344
192,344
262,344
296,344
354,344
158,345
161,345
192,345
263,345
296,345
353,345
157,346
164,346
192,346
263,346
296,346
352,346
156,347
165,347
192,347
263,347
296,347
351,347
154,348
161,348
164,348
165,348
192,348
263,348
296,348
347,348
349,348
351,348
154,349
156,349
158,349
161,349
165,349
165,349
192,349
263,349
296,349
350,349
154,350
155,350
159,350
160,350
165,350
166,350
192,350
263,350
286,350
286,350
295,350
348,350
154,351
155,351
160,351
160,351
165,351
166,351
192,351
264,351
286,351
286,351
294,351
347,351
154,352
155,352
165,352
166,352
192,352
265,352
286,352
286,352
293,352
346,352
154,353
155,353
166,353
166,353
193,353
266,353
286,353
286,353
291,353
345,353
154,354
155,354
166,354
167,354
192,354
267,354
285,354
287,354
289,354
343,354
154,355
155,355
166,355
167,355
192,355
267,355
284,355
342,355
154,356
155,356
166,356
167,356
192,356
268,356
284,356
341,356
154,357
155,357
166,357
167,357
191,357
268,357
284,357
339,357
154,358
155,358
166,358
167,358
191,358
268,358
282,358
338,358
154,359
155,359
166,359
167,359
191,359
268,359
282,359
337,359
