142,0
207,0
141,1
208,1
140,2
209,2
139,3
209,3
137,4
210,4
136,5
211,5
135,6
211,6
134,7
212,7
134,8
213,8
132,9
213,9
132,10
214,10
132,11
214,11
130,12
215,12
130,13
215,13
129,14
216,14
129,15
129,15
131,15
216,15
128,16
217,16
128,17
217,17
127,18
218,18
127,19
218,19
126,20
218,20
126,21
219,21
125,22
219,22
125,23
219,23
124,24
219,24
124,25
219,25
124,26
220,26
123,27
220,27
123,28
220,28
123,29
220,29
122,30
221,30
122,31
221,31
122,32
221,32
122,33
221,33
122,34
221,34
122,35
221,35
122,36
221,36
122,37
221,37
122,38
221,38
122,39
220,39
122,40
220,40
123,41
220,41
123,42
220,42
123,43
220,43
123,44
220,44
123,45
219,45
123,46
219,46
123,47
220,47
124,48
220,48
124,49
221,49
125,50
223,50
125,51
223,51
125,52
223,52
125,53
223,53
126,54
223,54
126,55
225,55
127,56
229,56
127,57
232,57
128,58
234,58
129,59
236,59
129,60
237,60
130,61
239,61
130,62
240,62
131,63
241,63
132,64
242,64
133,65
240,65
242,65
243,65
133,66
241,66
243,66
244,66
134,67
242,67
244,67
245,67
134,68
242,68
244,68
245,68
135,69
246,69
136,70
244,70
246,70
246,70
137,71
247,71
139,72
245,72
247,72
247,72
140,73
248,73
141,74
248,74
142,75
249,75
143,76
249,76
145,77
249,77
146,78
250,78
148,79
250,79
150,80
251,80
152,81
251,81
154,82
251,82
158,83
251,83
164,84
251,84
167,85
251,85
172,86
252,86
173,87
252,87
172,88
252,88
169,89
252,89
164,90
252,90
160,91
252,91
150,92
152,92
157,92
159,92
162,92
252,92
143,93
252,93
142,94
149,94
152,94
252,94
363,94
366,94
458,94
459,94
141,95
251,95
365,95
365,95
367,95
368,95
453,95
456,95
459,95
463,95
141,96
251,96
365,96
366,96
368,96
369,96
448,96
456,96
459,96
460,96
140,97
251,97
364,97
367,97
369,97
369,97
448,97
453,97
455,97
458,97
140,98
251,98
363,98
367,98
369,98
370,98
445,98
457,98
140,99
250,99
362,99
371,99
439,99
456,99
140,100
250,100
361,100
371,100
437,100
455,100
140,101
250,101
360,101
365,101
367,101
371,101
433,101
433,101
435,101
453,101
140,102
249,102
359,102
365,102
369,102
371,102
431,102
449,102
451,102
452,102
139,103
249,103
358,103
366,103
369,103
371,103
430,103
435,103
437,103
450,103
139,104
248,104
356,104
365,104
369,104
371,104
427,104
449,104
138,105
248,105
355,105
365,105
369,105
370,105
425,105
448,105
136,106
247,106
354,106
365,106
368,106
370,106
423,106
445,106
135,107
247,107
348,107
364,107
368,107
369,107
421,107
444,107
134,108
247,108
347,108
363,108
367,108
369,108
419,108
442,108
132,109
246,109
346,109
363,109
368,109
369,109
416,109
417,109
419,109
441,109
132,110
138,110
140,110
179,110
182,110
245,110
346,110
363,110
367,110
368,110
414,110
440,110
132,111
137,111
140,111
179,111
182,111
245,111
346,111
367,111
410,111
440,111
130,112
136,112
140,112
178,112
182,112
244,112
346,112
365,112
405,112
440,112
129,113
135,113
140,113
177,113
182,113
243,113
345,113
364,113
403,113
440,113
128,114
133,114
141,114
177,114
183,114
243,114
303,114
311,114
344,114
363,114
401,114
441,114
127,115
133,115
141,115
177,115
184,115
242,115
300,115
315,115
343,115
343,115
345,115
361,115
399,115
440,115
127,116
129,116
131,116
132,116
141,116
176,116
185,116
243,116
295,116
318,116
334,116
338,116
341,116
355,116
357,116
358,116
397,116
436,116
127,117
132,117
142,117
175,117
186,117
242,117
286,117
320,117
332,117
355,117
357,117
357,117
396,117
430,117
128,118
130,118
141,118
175,118
187,118
243,118
287,118
323,118
331,118
357,118
394,118
396,118
398,118
430,118
141,119
175,119
188,119
244,119
284,119
291,119
293,119
326,119
330,119
332,119
336,119
358,119
393,119
430,119
141,120
173,120
189,120
244,120
283,120
327,120
329,120
331,120
336,120
358,120
392,120
431,120
142,121
171,121
190,121
244,121
283,121
327,121
329,121
330,121
335,121
358,121
389,121
433,121
142,122
170,122
191,122
245,122
284,122
331,122
334,122
354,122
356,122
358,122
387,122
435,122
143,123
169,123
191,123
246,123
282,123
352,123
356,123
357,123
384,123
437,123
143,124
168,124
195,124
247,124
280,124
351,124
356,124
357,124
381,124
438,124
142,125
167,125
197,125
247,125
279,125
351,125
355,125
357,125
377,125
437,125
439,125
439,125
143,126
168,126
199,126
228,126
232,126
248,126
278,126
351,126
356,126
357,126
373,126
441,126
142,127
167,127
200,127
225,127
233,127
248,127
277,127
351,127
356,127
357,127
366,127
442,127
142,128
168,128
203,128
224,128
234,128
248,128
276,128
351,128
354,128
356,128
360,128
443,128
142,129
169,129
207,129
217,129
236,129
247,129
275,129
351,129
354,129
443,129
143,130
169,130
237,130
247,130
275,130
436,130
440,130
440,130
143,131
170,131
238,131
246,131
274,131
428,131
144,132
170,132
238,132
243,132
274,132
274,132
276,132
426,132
145,133
171,133
239,133
243,133
273,133
274,133
276,133
406,133
411,133
414,133
416,133
423,133
146,134
170,134
240,134
240,134
273,134
402,134
404,134
405,134
413,134
420,134
146,135
172,135
272,135
403,135
146,136
172,136
271,136
402,136
147,137
172,137
271,137
400,137
147,138
173,138
270,138
398,138
147,139
173,139
272,139
397,139
147,140
173,140
272,140
395,140
148,141
174,141
272,141
394,141
148,142
174,142
271,142
273,142
276,142
392,142
147,143
174,143
271,143
271,143
276,143
390,143
147,144
174,144
272,144
272,144
276,144
388,144
147,145
175,145
277,145
386,145
147,146
175,146
277,146
384,146
146,147
146,147
148,147
175,147
276,147
381,147
146,148
146,148
148,148
176,148
276,148
380,148
146,149
146,149
148,149
177,149
276,149
378,149
148,150
177,150
276,150
375,150
149,151
177,151
275,151
373,151
149,152
177,152
259,152
260,152
274,152
371,152
149,153
178,153
259,153
262,153
272,153
369,153
149,154
150,154
152,154
178,154
258,154
370,154
149,155
179,155
259,155
267,155
271,155
373,155
149,156
150,156
153,156
179,156
259,156
264,156
267,156
374,156
380,156
393,156
149,157
150,157
154,157
180,157
259,157
375,157
379,157
395,157
149,158
149,158
154,158
180,158
260,158
397,158
148,159
149,159
154,159
181,159
260,159
399,159
148,160
149,160
155,160
181,160
259,160
400,160
148,161
149,161
155,161
181,161
259,161
401,161
147,162
149,162
155,162
182,162
257,162
402,162
147,163
149,163
155,163
182,163
257,163
402,163
147,164
148,164
155,164
183,164
255,164
256,164
258,164
401,164
403,164
404,164
147,165
149,165
154,165
183,165
255,165
402,165
404,165
406,165
147,166
183,166
255,166
403,166
406,166
407,166
146,167
184,167
256,167
256,167
258,167
408,167
146,168
156,168
158,168
184,168
256,168
409,168
146,169
155,169
158,169
184,169
256,169
409,169
145,170
146,170
148,170
155,170
158,170
185,170
255,170
409,170
145,171
146,171
153,171
155,171
159,171
185,171
253,171
410,171
145,172
146,172
154,172
155,172
159,172
185,172
253,172
410,172
145,173
146,173
154,173
155,173
159,173
186,173
253,173
410,173
145,174
146,174
153,174
155,174
159,174
186,174
253,174
410,174
144,175
145,175
153,175
155,175
160,175
187,175
252,175
410,175
144,176
145,176
153,176
155,176
160,176
187,176
252,176
410,176
144,177
145,177
153,177
154,177
160,177
187,177
251,177
410,177
144,178
145,178
153,178
154,178
160,178
188,178
251,178
409,178
144,179
145,179
153,179
154,179
161,179
188,179
250,179
409,179
143,180
144,180
152,180
154,180
162,180
188,180
250,180
409,180
143,181
144,181
152,181
154,181
162,181
189,181
249,181
409,181
143,182
145,182
148,182
150,182
152,182
153,182
162,182
189,182
249,182
409,182
143,183
153,183
163,183
189,183
249,183
408,183
143,184
153,184
163,184
189,184
249,184
408,184
145,185
152,185
163,185
189,185
250,185
408,185
144,186
152,186
164,186
189,186
251,186
407,186
143,187
146,187
149,187
152,187
164,187
190,187
253,187
406,187
143,188
145,188
151,188
151,188
164,188
191,188
254,188
406,188
143,189
144,189
150,189
151,189
165,189
195,189
255,189
406,189
143,190
143,190
150,190
151,190
165,190
199,190
256,190
405,190
142,191
143,191
150,191
150,191
166,191
202,191
257,191
405,191
142,192
143,192
150,192
151,192
166,192
208,192
258,192
405,192
142,193
143,193
149,193
150,193
167,193
211,193
259,193
404,193
142,194
143,194
149,194
150,194
167,194
213,194
260,194
403,194
142,195
143,195
149,195
150,195
168,195
216,195
261,195
402,195
142,196
143,196
149,196
150,196
169,196
220,196
263,196
401,196
142,197
142,197
149,197
150,197
170,197
221,197
263,197
400,197
141,198
143,198
149,198
149,198
170,198
223,198
263,198
400,198
141,199
144,199
148,199
149,199
171,199
227,199
263,199
400,199
140,200
149,200
172,200
229,200
262,200
399,200
140,201
145,201
147,201
149,201
173,201
232,201
262,201
399,201
140,202
145,202
148,202
149,202
174,202
234,202
261,202
397,202
140,203
140,203
142,203
145,203
148,203
149,203
176,203
235,203
260,203
394,203
397,203
397,203
139,204
140,204
148,204
149,204
177,204
238,204
260,204
393,204
396,204
397,204
139,205
140,205
148,205
149,205
177,205
241,205
260,205
393,205
395,205
396,205
138,206
140,206
148,206
149,206
179,206
243,206
259,206
395,206
138,207
139,207
148,207
149,207
179,207
245,207
259,207
394,207
138,208
139,208
147,208
148,208
181,208
247,208
258,208
393,208
138,209
139,209
147,209
148,209
183,209
249,209
258,209
392,209
138,210
138,210
147,210
148,210
184,210
251,210
257,210
389,210
391,210
392,210
137,211
138,211
147,211
148,211
186,211
254,211
257,211
361,211
363,211
388,211
391,211
392,211
137,212
139,212
147,212
148,212
188,212
361,212
363,212
388,212
390,212
391,212
137,213
139,213
146,213
147,213
190,213
360,213
364,213
387,213
389,213
390,213
137,214
138,214
146,214
147,214
193,214
360,214
364,214
386,214
389,214
389,214
137,215
138,215
146,215
147,215
195,215
359,215
364,215
388,215
137,216
140,216
142,216
142,216
144,216
147,216
198,216
359,216
364,216
387,216
137,217
147,217
200,217
359,217
364,217
385,217
137,218
146,218
202,218
358,218
364,218
385,218
137,219
146,219
206,219
358,219
363,219
364,219
366,219
385,219
137,220
146,220
208,220
357,220
363,220
365,220
367,220
384,220
137,221
139,221
143,221
145,221
209,221
357,221
363,221
383,221
137,222
138,222
143,222
145,222
211,222
356,222
363,222
379,222
381,222
382,222
136,223
137,223
144,223
145,223
213,223
356,223
363,223
363,223
366,223
377,223
380,223
381,223
136,224
138,224
143,224
145,224
217,224
355,224
365,224
379,224
136,225
137,225
143,225
145,225
219,225
355,225
366,225
376,225
136,226
137,226
143,226
144,226
222,226
354,226
366,226
376,226
136,227
137,227
143,227
144,227
224,227
354,227
366,227
372,227
375,227
376,227
136,228
137,228
143,228
144,228
226,228
353,228
366,228
369,228
372,228
372,228
136,229
136,229
143,229
144,229
230,229
353,229
366,229
369,229
371,229
372,229
135,230
136,230
142,230
143,230
232,230
352,230
367,230
371,230
135,231
136,231
142,231
143,231
234,231
352,231
368,231
369,231
134,232
136,232
142,232
143,232
236,232
352,232
368,232
368,232
134,233
143,233
239,233
351,233
134,234
143,234
239,234
351,234
133,235
143,235
238,235
351,235
133,236
143,236
237,236
350,236
133,237
143,237
237,237
350,237
133,238
137,238
141,238
143,238
235,238
350,238
132,239
132,239
134,239
135,239
141,239
143,239
235,239
349,239
132,240
134,240
142,240
143,240
234,240
349,240
132,241
134,241
142,241
143,241
232,241
348,241
132,242
133,242
142,242
142,242
231,242
348,242
132,243
133,243
141,243
142,243
229,243
348,243
131,244
133,244
141,244
142,244
229,244
347,244
131,245
132,245
141,245
142,245
227,245
347,245
131,246
132,246
141,246
142,246
227,246
347,246
132,247
132,247
141,247
142,247
226,247
347,247
131,248
132,248
141,248
142,248
225,248
346,248
131,249
132,249
140,249
141,249
225,249
346,249
132,250
133,250
140,250
141,250
225,250
346,250
131,251
141,251
225,251
346,251
131,252
134,252
137,252
141,252
225,252
346,252
131,253
140,253
225,253
346,253
131,254
140,254
225,254
345,254
131,255
131,255
133,255
140,255
224,255
345,255
131,256
132,256
137,256
140,256
224,256
345,256
131,257
132,257
138,257
140,257
223,257
345,257
131,258
132,258
138,258
139,258
222,258
345,258
131,259
132,259
138,259
139,259
221,259
345,259
130,260
132,260
138,260
139,260
220,260
344,260
130,261
131,261
138,261
139,261
220,261
344,261
130,262
131,262
138,262
139,262
219,262
344,262
130,263
131,263
138,263
139,263
218,263
344,263
130,264
131,264
137,264
138,264
217,264
344,264
130,265
131,265
137,265
138,265
219,265
343,265
130,266
130,266
137,266
138,266
216,266
216,266
218,266
343,266
129,267
131,267
136,267
138,267
215,267
343,267
129,268
131,268
135,268
138,268
215,268
343,268
129,269
131,269
133,269
138,269
214,269
343,269
128,270
138,270
213,270
343,270
128,271
138,271
213,271
343,271
129,272
138,272
212,272
342,272
128,273
130,273
132,273
133,273
135,273
138,273
212,273
343,273
128,274
130,274
136,274
138,274
211,274
343,274
128,275
129,275
137,275
138,275
211,275
342,275
128,276
129,276
137,276
138,276
210,276
342,276
128,277
129,277
137,277
138,277
210,277
342,277
128,278
129,278
137,278
138,278
209,278
342,278
128,279
129,279
137,279
138,279
209,279
342,279
128,280
129,280
137,280
138,280
209,280
342,280
128,281
129,281
137,281
138,281
208,281
342,281
128,282
129,282
137,282
138,282
208,282
341,282
128,283
129,283
137,283
138,283
208,283
341,283
128,284
129,284
137,284
138,284
208,284
341,284
128,285
129,285
137,285
138,285
208,285
341,285
128,286
131,286
137,286
138,286
207,286
341,286
128,287
138,287
207,287
341,287
127,288
138,288
207,288
341,288
127,289
138,289
207,289
341,289
128,290
137,290
207,290
341,290
128,291
137,291
206,291
341,291
128,292
130,292
135,292
137,292
206,292
341,292
128,293
130,293
136,293
137,293
206,293
341,293
128,294
130,294
136,294
137,294
206,294
341,294
128,295
130,295
136,295
137,295
206,295
341,295
128,296
130,296
136,296
137,296
206,296
341,296
128,297
130,297
136,297
137,297
206,297
341,297
128,298
130,298
135,298
137,298
206,298
341,298
128,299
130,299
135,299
137,299
206,299
341,299
128,300
130,300
136,300
137,300
206,300
341,300
128,301
130,301
136,301
137,301
206,301
342,301
128,302
130,302
136,302
137,302
206,302
342,302
128,303
130,303
135,303
137,303
206,303
342,303
128,304
130,304
134,304
137,304
206,304
342,304
128,305
137,305
206,305
342,305
128,306
138,306
206,306
342,306
128,307
138,307
206,307
342,307
128,308
135,308
137,308
138,308
206,308
342,308
128,309
131,309
137,309
139,309
206,309
342,309
128,310
130,310
137,310
139,310
206,310
342,310
128,311
130,311
137,311
139,311
206,311
342,311
128,312
130,312
138,312
139,312
206,312
285,312
289,312
342,312
128,313
130,313
138,313
139,313
206,313
285,313
289,313
342,313
128,314
130,314
138,314
139,314
206,314
284,314
290,314
342,314
128,315
130,315
138,315
139,315
206,315
284,315
291,315
342,315
128,316
130,316
139,316
139,316
206,316
283,316
291,316
342,316
129,317
130,317
139,317
139,317
206,317
283,317
291,317
342,317
129,318
130,318
139,318
140,318
206,318
282,318
292,318
342,318
129,319
131,319
139,319
140,319
206,319
282,319
293,319
342,319
129,320
131,320
139,320
140,320
206,320
281,320
293,320
343,320
129,321
131,321
139,321
141,321
206,321
281,321
293,321
343,321
129,322
131,322
137,322
141,322
206,322
280,322
293,322
343,322
130,323
141,323
206,323
277,323
279,323
280,323
294,323
343,323
130,324
141,324
206,324
280,324
295,324
343,324
130,325
141,325
206,325
279,325
295,325
343,325
130,326
136,326
138,326
140,326
206,326
279,326
295,326
343,326
130,327
140,327
206,327
276,327
278,327
279,327
295,327
343,327
131,328
134,328
138,328
140,328
206,328
278,328
296,328
343,328
131,329
133,329
139,329
140,329
206,329
278,329
297,329
343,329
132,330
133,330
139,330
140,330
206,330
278,330
297,330
343,330
132,331
133,331
139,331
140,331
206,331
278,331
297,331
343,331
132,332
133,332
139,332
141,332
206,332
278,332
298,332
343,332
132,333
133,333
140,333
142,333
206,333
278,333
299,333
343,333
132,334
134,334
140,334
141,334
206,334
278,334
299,334
343,334
132,335
134,335
140,335
141,335
206,335
278,335
300,335
343,335
133,336
134,336
140,336
141,336
206,336
278,336
300,336
342,336
133,337
134,337
140,337
142,337
206,337
278,337
300,337
342,337
133,338
135,338
140,338
142,338
206,338
278,338
301,338
342,338
133,339
135,339
139,339
139,339
141,339
142,339
206,339
278,339
301,339
342,339
133,340
144,340
206,340
278,340
302,340
342,340
134,341
144,341
206,341
278,341
303,341
342,341
134,342
144,342
207,342
278,342
303,342
342,342
136,343
145,343
207,343
278,343
304,343
342,343
134,344
146,344
207,344
278,344
304,344
335,344
338,344
342,344
134,345
138,345
143,345
146,345
207,345
278,345
304,345
336,345
338,345
342,345
133,346
136,346
145,346
146,346
207,346
278,346
305,346
342,346
134,347
135,347
146,347
147,347
207,347
278,347
306,347
341,347
134,348
136,348
145,348
147,348
207,348
278,348
306,348
341,348
135,349
136,349
146,349
147,349
207,349
278,349
306,349
341,349
135,350
136,350
146,350
148,350
207,350
278,350
307,350
341,350
135,351
137,351
146,351
148,351
207,351
279,351
307,351
341,351
136,352
138,352
146,352
148,352
207,352
279,352
307,352
341,352
136,353
138,353
146,353
148,353
207,353
279,353
307,353
342,353
137,354
138,354
147,354
148,354
208,354
279,354
307,354
342,354
137,355
139,355
147,355
148,355
208,355
279,355
307,355
342,355
137,356
137,356
139,356
139,356
141,356
148,356
208,356
279,356
307,356
342,356
137,357
137,357
139,357
140,357
142,357
148,357
208,357
279,357
308,357
343,357
137,358
148,358
208,358
280,358
308,358
343,358
138,359
139,359
141,359
148,359
208,359
280,359
308,359
343,359
