158,0
249,0
157,1
249,1
157,2
249,2
156,3
249,3
156,4
250,4
155,5
250,5
155,6
250,6
155,7
250,7
155,8
251,8
155,9
251,9
155,10
251,10
154,11
251,11
154,12
251,12
154,13
251,13
154,14
252,14
154,15
252,15
154,16
252,16
154,17
250,17
252,17
252,17
154,18
250,18
252,18
252,18
154,19
250,19
252,19
252,19
154,20
252,20
154,21
252,21
154,22
252,22
154,23
252,23
155,24
252,24
155,25
252,25
155,26
251,26
155,27
251,27
155,28
251,28
156,29
251,29
156,30
250,30
156,31
250,31
157,32
250,32
157,33
250,33
157,34
249,34
157,35
249,35
158,36
249,36
158,37
248,37
159,38
248,38
159,39
247,39
160,40
247,40
160,41
246,41
161,42
246,42
161,43
246,43
162,44
247,44
162,45
248,45
163,46
248,46
163,47
248,47
164,48
247,48
165,49
247,49
166,50
248,50
167,51
167,51
170,51
250,51
168,52
252,52
168,53
253,53
170,54
171,54
173,54
255,54
171,55
172,55
174,55
253,55
255,55
255,55
172,56
173,56
175,56
256,56
173,57
175,57
177,57
258,57
174,58
259,58
176,59
259,59
178,60
258,60
260,60
260,60
180,61
258,61
260,61
261,61
181,62
262,62
184,63
260,63
262,63
262,63
186,64
263,64
189,65
264,65
191,66
264,66
192,67
265,67
192,68
265,68
162,69
166,69
187,69
265,69
161,70
173,70
178,70
266,70
160,71
266,71
160,72
266,72
159,73
266,73
159,74
267,74
159,75
267,75
158,76
159,76
161,76
267,76
158,77
159,77
161,77
267,77
396,77
396,77
158,78
268,78
389,78
390,78
395,78
396,78
157,79
268,79
390,79
392,79
394,79
396,79
156,80
268,80
391,80
396,80
154,81
268,81
391,81
391,81
394,81
395,81
151,82
268,82
391,82
395,82
150,83
152,83
154,83
268,83
389,83
395,83
149,84
150,84
152,84
268,84
388,84
388,84
390,84
395,84
147,85
155,85
157,85
268,85
386,85
395,85
147,86
153,86
157,86
267,86
385,86
386,86
389,86
392,86
394,86
396,86
145,87
152,87
157,87
267,87
383,87
385,87
387,87
392,87
395,87
396,87
145,88
151,88
157,88
267,88
381,88
396,88
143,89
145,89
147,89
150,89
157,89
157,89
159,89
267,89
380,89
395,89
143,90
144,90
147,90
149,90
156,90
157,90
159,90
267,90
379,90
380,90
382,90
391,90
393,90
395,90
144,91
144,91
146,91
147,91
157,91
157,91
159,91
266,91
378,91
389,91
393,91
395,91
144,92
147,92
156,92
157,92
159,92
266,92
376,92
389,92
393,92
395,92
145,93
145,93
156,93
157,93
159,93
266,93
374,93
388,93
392,93
394,93
149,94
150,94
156,94
265,94
365,94
366,94
373,94
387,94
391,94
393,94
150,95
150,95
157,95
265,95
365,95
367,95
371,95
386,95
390,95
393,95
151,96
151,96
157,96
189,96
191,96
193,96
195,96
265,96
365,96
366,96
368,96
385,96
390,96
392,96
152,97
152,97
157,97
188,97
190,97
191,97
195,97
264,97
365,97
384,97
388,97
391,97
152,98
153,98
156,98
187,98
189,98
190,98
195,98
264,98
365,98
385,98
387,98
390,98
153,99
153,99
156,99
189,99
195,99
263,99
364,99
389,99
154,100
154,100
156,100
187,100
196,100
263,100
363,100
387,100
154,101
154,101
156,101
184,101
186,101
186,101
197,101
197,101
199,101
260,101
262,101
262,101
361,101
386,101
155,102
182,102
197,102
262,102
360,102
383,102
155,103
155,103
157,103
180,103
198,103
261,103
358,103
378,103
155,104
155,104
158,104
180,104
198,104
260,104
357,104
358,104
361,104
376,104
155,105
156,105
158,105
180,105
199,105
259,105
355,105
375,105
156,106
180,106
200,106
259,106
353,106
355,106
357,106
375,106
156,107
180,107
200,107
258,107
352,107
374,107
156,108
180,108
201,108
256,108
350,108
373,108
157,109
157,109
159,109
177,109
179,109
180,109
202,109
255,109
340,109
342,109
348,109
372,109
157,110
180,110
204,110
255,110
338,110
344,110
348,110
349,110
351,110
372,110
157,111
180,111
204,111
254,111
337,111
342,111
345,111
347,111
349,111
372,111
157,112
181,112
206,112
253,112
336,112
339,112
342,112
372,112
157,113
181,113
207,113
252,113
336,113
338,113
342,113
372,113
157,114
181,114
208,114
251,114
336,114
338,114
342,114
367,114
369,114
371,114
157,115
182,115
210,115
251,115
276,115
292,115
336,115
365,115
369,115
371,115
156,116
182,116
212,116
251,116
267,116
300,116
336,116
362,116
364,116
364,116
369,116
371,116
158,117
182,117
213,117
251,117
271,117
278,117
280,117
303,117
336,117
361,117
363,117
364,117
369,117
370,117
156,118
181,118
183,118
183,118
216,118
251,118
273,118
306,118
335,118
360,118
362,118
363,118
368,118
368,118
370,118
370,118
155,119
181,119
219,119
251,119
272,119
307,119
334,119
362,119
367,119
370,119
154,120
182,120
236,120
252,120
270,120
311,120
333,120
361,120
367,120
369,120
154,121
182,121
238,121
252,121
269,121
307,121
309,121
313,121
331,121
360,121
366,121
366,121
368,121
369,121
154,122
155,122
157,122
182,122
185,122
185,122
239,122
252,122
267,122
314,122
330,122
359,122
365,122
365,122
367,122
368,122
153,123
155,123
158,123
181,123
240,123
253,123
265,123
316,123
329,123
358,123
364,123
364,123
366,123
367,123
153,124
153,124
158,124
181,124
240,124
253,124
263,124
318,124
327,124
358,124
362,124
363,124
365,124
366,124
152,125
152,125
158,125
181,125
241,125
252,125
260,125
319,125
325,125
358,125
361,125
365,125
158,126
182,126
242,126
253,126
263,126
321,126
324,126
363,126
158,127
182,127
242,127
253,127
260,127
361,127
159,128
182,128
243,128
252,128
259,128
359,128
159,129
182,129
244,129
250,129
259,129
356,129
158,130
182,130
244,130
248,130
258,130
355,130
158,131
182,131
245,131
247,131
257,131
355,131
158,132
182,132
246,132
246,132
257,132
257,132
259,132
355,132
158,133
182,133
256,133
354,133
158,134
183,134
255,134
354,134
158,135
183,135
254,135
354,135
159,136
183,136
254,136
255,136
257,136
348,136
352,136
354,136
159,137
183,137
253,137
348,137
351,137
354,137
158,138
183,138
252,138
253,138
255,138
347,138
351,138
353,138
158,139
183,139
254,139
346,139
350,139
353,139
159,140
183,140
253,140
345,140
349,140
352,140
159,141
183,141
253,141
344,141
349,141
352,141
159,142
183,142
252,142
343,142
347,142
351,142
158,143
183,143
251,143
251,143
254,143
342,143
346,143
350,143
159,144
184,144
253,144
342,144
345,144
349,144
159,145
184,145
253,145
348,145
159,146
184,146
253,146
347,146
159,147
184,147
254,147
344,147
159,148
184,148
254,148
343,148
357,148
357,148
360,148
369,148
376,148
376,148
379,148
388,148
159,149
184,149
253,149
343,149
356,149
393,149
159,150
184,150
242,150
244,150
254,150
344,150
354,150
397,150
159,151
185,151
241,151
246,151
254,151
345,151
351,151
399,151
159,152
185,152
241,152
345,152
350,152
401,152
159,153
185,153
242,153
402,153
159,154
185,154
242,154
403,154
159,155
185,155
242,155
402,155
404,155
404,155
160,156
185,156
242,156
404,156
160,157
185,157
242,157
405,157
160,158
185,158
241,158
405,158
159,159
185,159
240,159
404,159
159,160
185,160
239,160
404,160
159,161
186,161
238,161
403,161
158,162
186,162
238,162
403,162
158,163
186,163
237,163
393,163
395,163
402,163
158,164
186,164
237,164
393,164
395,164
402,164
158,165
186,165
237,165
393,165
398,165
402,165
158,166
186,166
237,166
393,166
402,166
402,166
158,167
186,167
237,167
385,167
389,167
393,167
402,167
404,167
158,168
186,168
236,168
377,168
379,168
383,168
391,168
393,168
395,168
396,168
404,168
404,168
158,169
186,169
235,169
380,169
392,169
393,169
396,169
398,169
157,170
186,170
233,170
378,170
394,170
398,170
157,171
159,171
161,171
186,171
233,171
376,171
395,171
399,171
158,172
158,172
161,172
186,172
234,172
373,172
396,172
400,172
158,173
158,173
161,173
185,173
233,173
371,173
398,173
401,173
157,174
158,174
161,174
186,174
233,174
368,174
400,174
402,174
157,175
158,175
161,175
189,175
232,175
367,175
402,175
403,175
157,176
158,176
161,176
192,176
232,176
363,176
404,176
404,176
157,177
158,177
161,177
193,177
232,177
363,177
405,177
405,177
158,178
195,178
230,178
363,178
406,178
406,178
158,179
197,179
230,179
231,179
233,179
364,179
407,179
407,179
160,180
199,180
230,180
231,180
233,180
364,180
408,180
408,180
160,181
201,181
230,181
365,181
161,182
203,182
230,182
365,182
161,183
202,183
204,183
205,183
231,183
365,183
161,184
161,184
164,184
166,184
168,184
203,184
205,184
206,184
232,184
366,184
161,185
161,185
164,185
165,185
168,185
204,185
207,185
208,185
232,185
366,185
161,186
161,186
164,186
165,186
168,186
210,186
233,186
366,186
161,187
161,187
164,187
165,187
169,187
211,187
233,187
367,187
161,188
161,188
164,188
165,188
170,188
213,188
234,188
367,188
161,189
161,189
164,189
165,189
171,189
215,189
235,189
367,189
161,190
161,190
164,190
165,190
172,190
216,190
235,190
367,190
161,191
162,191
164,191
165,191
172,191
218,191
236,191
367,191
160,192
165,192
174,192
219,192
237,192
367,192
159,193
166,193
175,193
221,193
237,193
367,193
158,194
168,194
176,194
221,194
238,194
367,194
157,195
164,195
167,195
168,195
177,195
223,195
239,195
367,195
157,196
158,196
160,196
164,196
166,196
168,196
178,196
225,196
240,196
368,196
157,197
158,197
162,197
164,197
167,197
168,197
179,197
226,197
241,197
368,197
157,198
158,198
162,198
163,198
168,198
168,198
181,198
227,198
242,198
368,198
156,199
158,199
168,199
168,199
182,199
229,199
242,199
368,199
156,200
157,200
168,200
168,200
183,200
230,200
244,200
368,200
156,201
157,201
168,201
168,201
185,201
232,201
245,201
368,201
156,202
157,202
168,202
168,202
186,202
233,202
245,202
368,202
156,203
157,203
168,203
168,203
187,203
234,203
244,203
368,203
156,204
157,204
168,204
168,204
189,204
236,204
243,204
368,204
156,205
157,205
168,205
168,205
190,205
237,205
243,205
368,205
156,206
157,206
168,206
168,206
192,206
239,206
243,206
368,206
156,207
157,207
168,207
168,207
193,207
240,207
242,207
368,207
156,208
157,208
168,208
168,208
195,208
368,208
156,209
157,209
167,209
168,209
196,209
368,209
156,210
157,210
161,210
162,210
167,210
168,210
199,210
368,210
156,211
158,211
160,211
163,211
167,211
168,211
199,211
368,211
156,212
161,212
163,212
164,212
167,212
168,212
200,212
202,212
205,212
368,212
157,213
164,213
166,213
167,213
202,213
204,213
206,213
368,213
158,214
165,214
167,214
167,214
203,214
368,214
159,215
164,215
205,215
367,215
161,216
161,216
163,216
164,216
207,216
367,216
160,217
161,217
163,217
164,217
208,217
367,217
160,218
161,218
163,218
164,218
209,218
366,218
160,219
161,219
164,219
164,219
211,219
362,219
364,219
366,219
161,220
161,220
163,220
164,220
212,220
365,220
160,221
164,221
214,221
361,221
363,221
364,221
160,222
164,222
215,222
361,222
363,222
363,222
160,223
164,223
217,223
363,223
160,224
164,224
218,224
362,224
160,225
161,225
163,225
164,225
220,225
361,225
159,226
161,226
163,226
163,226
222,226
361,226
159,227
163,227
224,227
360,227
159,228
164,228
225,228
357,228
359,228
359,228
157,229
164,229
226,229
359,229
156,230
167,230
228,230
358,230
156,231
156,231
158,231
167,231
227,231
357,231
156,232
157,232
160,232
163,232
166,232
167,232
227,232
355,232
156,233
157,233
161,233
162,233
166,233
167,233
226,233
355,233
155,234
156,234
166,234
167,234
226,234
353,234
155,235
156,235
167,235
167,235
225,235
351,235
353,235
353,235
155,236
156,236
166,236
167,236
225,236
352,236
155,237
156,237
166,237
168,237
224,237
352,237
155,238
156,238
166,238
168,238
223,238
351,238
155,239
156,239
166,239
167,239
222,239
350,239
154,240
156,240
167,240
167,240
222,240
347,240
154,241
156,241
167,241
167,241
221,241
346,241
155,242
156,242
166,242
167,242
221,242
346,242
155,243
156,243
166,243
167,243
220,243
222,243
224,243
341,243
344,243
345,243
154,244
156,244
166,244
167,244
220,244
340,244
342,244
344,244
154,245
156,245
166,245
167,245
219,245
342,245
156,246
156,246
167,246
167,246
219,246
340,246
155,247
156,247
159,247
162,247
166,247
166,247
218,247
339,247
155,248
156,248
159,248
162,248
164,248
166,248
217,248
338,248
155,249
166,249
217,249
336,249
157,250
165,250
216,250
336,250
158,251
163,251
216,251
331,251
334,251
335,251
158,252
159,252
161,252
162,252
215,252
325,252
327,252
330,252
158,253
159,253
162,253
162,253
215,253
325,253
327,253
328,253
158,254
159,254
162,254
163,254
214,254
326,254
158,255
159,255
162,255
162,255
213,255
325,255
158,256
159,256
162,256
163,256
213,256
324,256
158,257
162,257
212,257
323,257
158,258
162,258
211,258
323,258
158,259
162,259
211,259
323,259
158,260
162,260
210,260
323,260
158,261
162,261
210,261
323,261
157,262
161,262
209,262
323,262
157,263
162,263
209,263
323,263
157,264
162,264
208,264
323,264
155,265
155,265
157,265
163,265
209,265
323,265
154,266
164,266
207,266
322,266
154,267
165,267
206,267
322,267
154,268
155,268
157,268
161,268
164,268
166,268
206,268
322,268
154,269
154,269
158,269
160,269
164,269
166,269
205,269
322,269
153,270
154,270
165,270
165,270
205,270
322,270
153,271
154,271
165,271
166,271
205,271
322,271
153,272
154,272
165,272
166,272
204,272
322,272
153,273
154,273
165,273
166,273
203,273
322,273
153,274
154,274
165,274
165,274
204,274
321,274
153,275
154,275
165,275
165,275
203,275
321,275
153,276
154,276
165,276
166,276
202,276
321,276
153,277
154,277
165,277
166,277
202,277
321,277
153,278
153,278
164,278
165,278
201,278
321,278
152,279
153,279
164,279
164,279
201,279
321,279
152,280
153,280
164,280
164,280
201,280
321,280
153,281
153,281
164,281
165,281
200,281
321,281
153,282
153,282
164,282
165,282
200,282
200,282
202,282
321,282
153,283
153,283
157,283
160,283
164,283
165,283
199,283
321,283
153,284
153,284
156,284
157,284
159,284
160,284
164,284
164,284
199,284
321,284
153,285
164,285
198,285
321,285
154,286
155,286
157,286
163,286
198,286
321,286
156,287
161,287
198,287
321,287
155,288
161,288
197,288
321,288
156,289
156,289
159,289
160,289
197,289
321,289
156,290
156,290
159,290
160,290
196,290
321,290
155,291
156,291
158,291
160,291
196,291
322,291
155,292
160,292
195,292
196,292
198,292
322,292
156,293
156,293
158,293
160,293
195,293
322,293
155,294
160,294
195,294
322,294
155,295
156,295
158,295
160,295
195,295
322,295
155,296
156,296
159,296
160,296
194,296
322,296
154,297
156,297
194,297
322,297
154,298
159,298
193,298
323,298
154,299
159,299
193,299
323,299
154,300
158,300
193,300
323,300
154,301
159,301
193,301
323,301
152,302
161,302
193,302
323,302
151,303
162,303
193,303
323,303
151,304
152,304
154,304
163,304
192,304
323,304
150,305
152,305
155,305
157,305
161,305
163,305
192,305
323,305
150,306
151,306
156,306
157,306
162,306
162,306
192,306
323,306
150,307
151,307
161,307
161,307
163,307
163,307
191,307
323,307
150,308
151,308
161,308
163,308
191,308
323,308
150,309
151,309
161,309
163,309
191,309
324,309
150,310
151,310
161,310
163,310
191,310
324,310
149,311
151,311
161,311
163,311
191,311
324,311
149,312
151,312
161,312
162,312
191,312
324,312
149,313
150,313
161,313
162,313
191,313
324,313
149,314
150,314
161,314
162,314
191,314
324,314
149,315
150,315
161,315
162,315
191,315
324,315
149,316
150,316
161,316
162,316
191,316
324,316
149,317
150,317
161,317
162,317
191,317
324,317
149,318
150,318
161,318
161,318
191,318
324,318
149,319
150,319
155,319
155,319
161,319
161,319
191,319
324,319
149,320
151,320
154,320
156,320
160,320
161,320
191,320
325,320
149,321
157,321
160,321
160,321
191,321
325,321
149,322
158,322
160,322
160,322
191,322
325,322
150,323
160,323
191,323
325,323
152,324
158,324
191,324
325,324
152,325
157,325
191,325
325,325
153,326
156,326
191,326
325,326
153,327
156,327
192,327
325,327
152,328
156,328
192,328
325,328
152,329
156,329
192,329
325,329
151,330
156,330
193,330
325,330
151,331
156,331
193,331
325,331
151,332
152,332
155,332
156,332
193,332
325,332
151,333
152,333
155,333
156,333
194,333
325,333
151,334
152,334
154,334
155,334
195,334
325,334
151,335
155,335
195,335
325,335
151,336
154,336
195,336
325,336
151,337
154,337
196,337
325,337
148,338
148,338
151,338
155,338
197,338
325,338
147,339
148,339
150,339
156,339
197,339
325,339
147,340
147,340
150,340
154,340
156,340
158,340
198,340
317,340
319,340
325,340
147,341
148,341
150,341
154,341
156,341
158,341
198,341
316,341
319,341
325,341
146,342
148,342
151,342
154,342
157,342
158,342
198,342
316,342
319,342
325,342
146,343
147,343
151,343
153,343
157,343
158,343
199,343
315,343
320,343
325,343
146,344
147,344
158,344
159,344
201,344
202,344
204,344
315,344
320,344
325,344
146,345
147,345
158,345
159,345
201,345
202,345
204,345
315,345
320,345
325,345
146,346
147,346
157,346
158,346
202,346
315,346
320,346
325,346
146,347
146,347
157,347
158,347
203,347
315,347
320,347
325,347
146,348
146,348
157,348
158,348
204,348
315,348
320,348
325,348
145,349
146,349
157,349
158,349
204,349
204,349
206,349
316,349
320,349
325,349
145,350
146,350
157,350
158,350
206,350
316,350
321,350
325,350
145,351
146,351
157,351
158,351
207,351
316,351
321,351
325,351
145,352
146,352
157,352
158,352
207,352
316,352
321,352
325,352
145,353
146,353
157,353
158,353
209,353
317,353
321,353
325,353
145,354
146,354
156,354
157,354
209,354
317,354
322,354
325,354
145,355
146,355
156,355
157,355
210,355
317,355
322,355
325,355
145,356
146,356
152,356
152,356
156,356
157,356
211,356
318,356
322,356
325,356
145,357
146,357
150,357
153,357
156,357
157,357
212,357
318,357
322,357
325,357
145,358
146,358
148,358
153,358
156,358
157,358
212,358
318,358
322,358
325,358
145,359
148,359
150,359
154,359
156,359
156,359
212,359
318,359
322,359
325,359
