169,0
170,0
172,0
286,0
169,1
170,1
172,1
285,1
169,2
285,2
169,3
285,3
169,4
285,4
170,5
285,5
170,6
285,6
170,7
284,7
170,8
284,8
171,9
284,9
171,10
284,10
171,11
172,11
174,11
283,11
172,12
172,12
174,12
283,12
172,13
283,13
172,14
282,14
173,15
282,15
173,16
282,16
174,17
281,17
174,18
281,18
175,19
280,19
175,20
280,20
176,21
279,21
177,22
278,22
177,23
278,23
178,24
277,24
178,25
277,25
179,26
276,26
180,27
275,27
181,28
275,28
182,29
274,29
183,30
184,30
186,30
273,30
184,31
184,31
187,31
272,31
185,32
271,32
186,33
187,33
189,33
271,33
187,34
188,34
190,34
270,34
188,35
269,35
154,36
157,36
189,36
268,36
153,37
159,37
190,37
268,37
153,38
163,38
191,38
268,38
152,39
159,39
162,39
168,39
192,39
268,39
151,40
169,40
194,40
269,40
151,41
167,41
169,41
181,41
195,41
269,41
151,42
187,42
195,42
268,42
150,43
151,43
153,43
267,43
150,44
151,44
153,44
267,44
150,45
267,45
149,46
268,46
148,47
269,47
144,48
270,48
141,49
270,49
139,50
271,50
137,51
272,51
135,52
273,52
134,53
136,53
138,53
273,53
132,54
136,54
138,54
144,54
147,54
274,54
131,55
142,55
147,55
275,55
129,56
140,56
147,56
275,56
128,57
138,57
147,57
276,57
129,58
136,58
146,58
276,58
129,59
135,59
146,59
277,59
129,60
134,60
146,60
277,60
130,61
133,61
145,61
278,61
145,62
278,62
146,63
278,63
146,64
279,64
137,65
137,65
145,65
279,65
138,66
138,66
145,66
279,66
139,67
139,67
145,67
279,67
139,68
140,68
145,68
280,68
140,69
140,69
145,69
280,69
140,70
140,70
145,70
280,70
145,71
280,71
141,72
141,72
145,72
280,72
141,73
141,73
145,73
280,73
144,74
280,74
144,75
280,75
142,76
142,76
144,76
280,76
142,77
142,77
145,77
280,77
145,78
280,78
143,79
143,79
145,79
183,79
186,79
280,79
143,80
143,80
146,80
180,80
187,80
280,80
143,81
177,81
187,81
280,81
144,82
175,82
188,82
280,82
144,83
174,83
188,83
280,83
144,84
174,84
188,84
279,84
144,85
174,85
188,85
279,85
145,86
174,86
188,86
279,86
145,87
174,87
189,87
278,87
145,88
174,88
189,88
278,88
146,89
175,89
189,89
278,89
146,90
175,90
190,90
278,90
146,91
175,91
190,91
278,91
146,92
176,92
190,92
277,92
146,93
176,93
191,93
277,93
146,94
177,94
191,94
277,94
146,95
177,95
191,95
276,95
146,96
178,96
192,96
276,96
146,97
177,97
192,97
275,97
146,98
178,98
193,98
275,98
146,99
178,99
194,99
194,99
196,99
274,99
146,100
178,100
194,100
271,100
273,100
273,100
146,101
178,101
195,101
273,101
145,102
179,102
182,102
183,102
195,102
272,102
144,103
178,103
182,103
182,103
196,103
272,103
143,104
178,104
197,104
271,104
143,105
178,105
198,105
270,105
149,106
178,106
198,106
269,106
142,107
143,107
149,107
178,107
199,107
268,107
142,108
144,108
149,108
178,108
200,108
267,108
142,109
143,109
149,109
178,109
201,109
266,109
412,109
412,109
141,110
141,110
149,110
179,110
202,110
265,110
412,110
415,110
149,111
179,111
203,111
263,111
414,111
417,111
149,112
179,112
205,112
262,112
413,112
417,112
149,113
179,113
206,113
260,113
413,113
418,113
149,114
179,114
208,114
259,114
413,114
419,114
148,115
180,115
210,115
257,115
289,115
290,115
410,115
419,115
148,116
180,116
211,116
251,116
254,116
255,116
292,116
297,116
408,116
416,116
419,116
419,116
148,117
180,117
214,117
249,117
251,117
253,117
293,117
304,117
406,117
416,117
419,117
420,117
148,118
181,118
216,118
252,118
293,118
307,118
312,118
320,118
404,118
416,118
419,118
420,118
148,119
181,119
220,119
249,119
288,119
289,119
291,119
302,119
305,119
323,119
401,119
416,119
419,119
420,119
148,120
181,120
223,120
248,120
285,120
319,120
322,120
326,120
400,120
416,120
419,120
420,120
148,121
181,121
226,121
247,121
284,121
328,121
387,121
388,121
397,121
417,121
419,121
420,121
148,122
181,122
227,122
246,122
278,122
328,122
330,122
331,122
386,122
390,122
394,122
415,122
417,122
419,122
148,123
181,123
229,123
246,123
283,123
328,123
330,123
333,123
385,123
413,123
417,123
419,123
148,124
182,124
229,124
245,124
283,124
334,124
386,124
411,124
416,124
418,124
148,125
182,125
230,125
245,125
280,125
336,125
385,125
411,125
415,125
418,125
148,126
182,126
230,126
246,126
279,126
337,126
385,126
409,126
414,126
417,126
148,127
182,127
230,127
246,127
278,127
339,127
386,127
408,127
413,127
416,127
148,128
182,128
230,128
245,128
276,128
341,128
382,128
407,128
412,128
413,128
415,128
416,128
148,129
183,129
230,129
245,129
276,129
342,129
379,129
407,129
411,129
415,129
148,130
183,130
231,130
245,130
275,130
343,130
360,130
366,130
377,130
407,130
411,130
414,130
149,131
183,131
231,131
245,131
274,131
345,131
359,131
369,131
375,131
412,131
149,132
183,132
231,132
245,132
273,132
346,132
357,132
364,132
366,132
411,132
149,133
183,133
231,133
231,133
233,133
245,133
272,133
347,133
356,133
361,133
366,133
409,133
149,134
184,134
232,134
232,134
234,134
245,134
271,134
348,134
356,134
359,134
366,134
397,134
399,134
406,134
149,135
184,135
232,135
232,135
234,135
242,135
244,135
245,135
270,135
350,135
355,135
359,135
365,135
397,135
149,136
184,136
232,136
232,136
234,136
245,136
269,136
351,136
356,136
360,136
366,136
397,136
149,137
184,137
232,137
244,137
268,137
360,137
364,137
396,137
149,138
184,138
233,138
237,138
239,138
240,138
268,138
393,138
395,138
396,138
149,139
184,139
233,139
236,139
270,139
395,139
149,140
185,140
233,140
236,140
269,140
395,140
149,141
185,141
234,141
236,141
269,141
395,141
149,142
150,142
152,142
185,142
235,142
235,142
267,142
385,142
387,142
389,142
391,142
395,142
473,142
479,142
148,143
150,143
152,143
185,143
266,143
266,143
270,143
388,143
391,143
394,143
467,143
479,143
148,144
150,144
154,144
186,144
270,144
387,144
391,144
394,144
462,144
479,144
148,145
186,145
269,145
270,145
273,145
385,145
390,145
393,145
457,145
479,145
148,146
186,146
269,146
269,146
272,146
384,146
389,146
393,146
452,146
479,146
147,147
186,147
268,147
268,147
272,147
382,147
389,147
392,147
448,147
479,147
146,148
186,148
268,148
268,148
272,148
382,148
388,148
392,148
442,148
479,148
146,149
186,149
272,149
381,149
387,149
391,149
436,149
479,149
146,150
151,150
153,150
186,150
267,150
267,150
272,150
380,150
386,150
390,150
427,150
479,150
146,151
147,151
151,151
187,151
267,151
267,151
271,151
380,151
385,151
389,151
419,151
479,151
145,152
147,152
154,152
187,152
266,152
266,152
271,152
271,152
274,152
380,152
384,152
388,152
416,152
479,152
145,153
145,153
147,153
148,153
154,153
187,153
270,153
270,153
274,153
387,153
414,153
479,153
145,154
147,154
155,154
187,154
250,154
252,154
273,154
386,154
411,154
479,154
145,155
147,155
155,155
187,155
250,155
254,155
273,155
386,155
409,155
479,155
145,156
147,156
156,156
187,156
250,156
250,156
252,156
255,156
272,156
389,156
400,156
400,156
402,156
479,156
145,157
147,157
156,157
187,157
250,157
257,157
271,157
476,157
145,158
147,158
156,158
187,158
250,158
259,158
267,158
399,158
402,158
474,158
144,159
146,159
156,159
188,159
250,159
473,159
144,160
146,160
157,160
188,160
249,160
473,160
144,161
146,161
157,161
188,161
249,161
473,161
144,162
146,162
157,162
188,162
249,162
476,162
144,163
146,163
157,163
188,163
249,163
462,163
465,163
476,163
144,164
146,164
156,164
188,164
249,164
460,164
466,164
478,164
144,165
146,165
149,165
151,165
156,165
188,165
248,165
459,165
468,165
473,165
475,165
475,165
477,165
478,165
144,166
152,166
156,166
188,166
246,166
460,166
470,166
479,166
144,167
149,167
153,167
189,167
244,167
461,167
474,167
479,167
144,168
190,168
243,168
463,168
474,168
479,168
145,169
147,169
149,169
191,169
242,169
464,169
477,169
479,169
145,170
155,170
159,170
191,170
242,170
465,170
146,171
151,171
153,171
153,171
155,171
155,171
160,171
190,171
192,171
192,171
242,171
466,171
146,172
149,172
153,172
153,172
155,172
155,172
160,172
193,172
242,172
468,172
146,173
148,173
153,173
155,173
161,173
194,173
242,173
469,173
146,174
148,174
153,174
155,174
161,174
193,174
195,174
196,174
242,174
433,174
439,174
470,174
146,175
148,175
153,175
155,175
162,175
197,175
242,175
431,175
440,175
471,175
146,176
148,176
153,176
154,176
162,176
198,176
241,176
428,176
441,176
472,176
145,177
146,177
153,177
154,177
163,177
200,177
241,177
426,177
443,177
473,177
145,178
147,178
153,178
154,178
164,178
201,178
240,178
423,178
444,178
466,178
468,178
474,178
145,179
147,179
152,179
152,179
154,179
154,179
164,179
202,179
238,179
421,179
445,179
446,179
448,179
453,179
455,179
475,179
145,180
147,180
152,180
154,180
165,180
203,180
235,180
417,180
447,180
454,180
456,180
475,180
145,181
147,181
152,181
154,181
165,181
204,181
234,181
414,181
448,181
451,181
453,181
459,181
461,181
463,181
465,181
467,181
469,181
476,181
145,182
147,182
152,182
154,182
166,182
206,182
234,182
410,182
449,182
451,182
453,182
477,182
145,183
147,183
152,183
154,183
167,183
207,183
234,183
407,183
451,183
478,183
145,184
147,184
152,184
154,184
167,184
207,184
233,184
404,184
452,184
478,184
145,185
147,185
152,185
153,185
168,185
209,185
233,185
398,185
400,185
400,185
454,185
479,185
145,186
147,186
152,186
153,186
168,186
209,186
232,186
397,186
456,186
479,186
145,187
154,187
169,187
211,187
231,187
396,187
460,187
479,187
143,188
146,188
148,188
155,188
170,188
212,188
231,188
396,188
472,188
479,188
143,189
148,189
150,189
156,189
171,189
213,189
230,189
396,189
477,189
479,189
142,190
156,190
171,190
214,190
230,190
395,190
477,190
479,190
142,191
156,191
172,191
215,191
229,191
395,191
479,191
479,191
143,192
145,192
147,192
156,192
173,192
216,192
229,192
395,192
142,193
144,193
148,193
156,193
174,193
217,193
229,193
395,193
142,194
144,194
155,194
156,194
175,194
218,194
230,194
397,194
141,195
143,195
155,195
156,195
175,195
219,195
230,195
399,195
141,196
143,196
155,196
156,196
176,196
220,196
231,196
403,196
141,197
143,197
155,197
156,197
177,197
221,197
231,197
405,197
141,198
143,198
155,198
156,198
178,198
222,198
232,198
407,198
141,199
141,199
143,199
143,199
154,199
156,199
179,199
223,199
232,199
407,199
141,200
143,200
154,200
156,200
179,200
224,200
233,200
409,200
140,201
143,201
154,201
156,201
180,201
225,201
234,201
410,201
140,202
143,202
154,202
156,202
181,202
226,202
234,202
411,202
141,203
143,203
154,203
156,203
183,203
227,203
235,203
411,203
140,204
143,204
154,204
156,204
183,204
228,204
236,204
412,204
140,205
143,205
153,205
155,205
184,205
228,205
236,205
412,205
140,206
143,206
153,206
155,206
185,206
229,206
237,206
413,206
140,207
143,207
153,207
155,207
186,207
230,207
238,207
413,207
140,208
148,208
153,208
155,208
187,208
231,208
238,208
414,208
141,209
150,209
153,209
155,209
188,209
232,209
239,209
414,209
141,210
146,210
148,210
151,210
154,210
155,210
189,210
233,210
239,210
415,210
141,211
154,211
190,211
234,211
240,211
415,211
141,212
154,212
190,212
235,212
240,212
415,212
142,213
152,213
191,213
236,213
241,213
416,213
143,214
147,214
149,214
151,214
192,214
236,214
241,214
416,214
143,215
145,215
149,215
151,215
193,215
237,215
242,215
416,215
143,216
145,216
150,216
151,216
194,216
238,216
242,216
417,216
143,217
144,217
149,217
151,217
195,217
240,217
242,217
417,217
143,218
144,218
149,218
151,218
196,218
417,218
143,219
144,219
149,219
151,219
197,219
418,219
142,220
144,220
149,220
151,220
197,220
418,220
142,221
144,221
149,221
151,221
198,221
199,221
201,221
418,221
142,222
144,222
149,222
151,222
200,222
418,222
142,223
144,223
149,223
151,223
200,223
418,223
142,224
144,224
149,224
151,224
201,224
419,224
142,225
144,225
149,225
151,225
202,225
419,225
142,226
144,226
149,226
151,226
203,226
420,226
142,227
144,227
149,227
151,227
204,227
420,227
142,228
144,228
149,228
151,228
205,228
420,228
141,229
144,229
148,229
151,229
206,229
420,229
142,230
144,230
146,230
151,230
207,230
420,230
141,231
150,231
152,231
152,231
208,231
419,231
140,232
153,232
209,232
419,232
140,233
153,233
209,233
419,233
139,234
140,234
142,234
153,234
211,234
418,234
139,235
153,235
211,235
418,235
139,236
141,236
145,236
148,236
151,236
154,236
212,236
417,236
139,237
141,237
152,237
154,237
214,237
417,237
138,238
141,238
152,238
154,238
215,238
416,238
138,239
141,239
152,239
154,239
216,239
416,239
138,240
140,240
151,240
154,240
216,240
415,240
138,241
140,241
152,241
154,241
217,241
414,241
138,242
140,242
152,242
154,242
218,242
413,242
138,243
140,243
152,243
154,243
219,243
410,243
412,243
413,243
138,244
140,244
152,244
154,244
220,244
221,244
224,244
412,244
138,245
140,245
152,245
153,245
221,245
222,245
224,245
411,245
138,246
140,246
151,246
153,246
222,246
411,246
138,247
140,247
151,247
153,247
223,247
410,247
138,248
140,248
151,248
153,248
225,248
409,248
138,249
140,249
151,249
153,249
225,249
408,249
138,250
140,250
151,250
153,250
226,250
407,250
138,251
140,251
150,251
153,251
228,251
406,251
138,252
140,252
144,252
146,252
150,252
152,252
229,252
406,252
138,253
139,253
141,253
146,253
150,253
152,253
229,253
405,253
138,254
152,254
230,254
405,254
139,255
152,255
229,255
404,255
138,256
151,256
228,256
403,256
140,257
140,257
142,257
150,257
228,257
400,257
140,258
144,258
147,258
150,258
227,258
399,258
140,259
143,259
147,259
149,259
226,259
398,259
140,260
142,260
147,260
149,260
226,260
395,260
397,260
398,260
140,261
143,261
147,261
149,261
225,261
397,261
140,262
143,262
147,262
149,262
224,262
396,262
140,263
143,263
147,263
149,263
224,263
394,263
140,264
143,264
147,264
149,264
223,264
393,264
140,265
143,265
147,265
149,265
222,265
389,265
392,265
393,265
140,266
142,266
147,266
149,266
222,266
392,266
140,267
142,267
147,267
149,267
222,267
389,267
140,268
142,268
147,268
149,268
217,268
387,268
140,269
142,269
147,269
149,269
216,269
386,269
140,270
142,270
147,270
149,270
215,270
385,270
140,271
142,271
147,271
149,271
214,271
215,271
217,271
384,271
140,272
142,272
147,272
149,272
214,272
383,272
140,273
142,273
147,273
149,273
213,273
382,273
140,274
142,274
146,274
149,274
213,274
381,274
140,275
142,275
144,275
150,275
212,275
378,275
140,276
150,276
212,276
375,276
138,277
151,277
212,277
371,277
373,277
374,277
138,278
138,278
140,278
152,278
211,278
373,278
138,279
138,279
140,279
152,279
211,279
372,279
138,280
139,280
141,280
152,280
210,280
366,280
368,280
370,280
137,281
139,281
142,281
146,281
150,281
152,281
209,281
369,281
137,282
139,282
150,282
152,282
208,282
347,282
349,282
368,282
137,283
139,283
150,283
152,283
207,283
346,283
349,283
361,283
137,284
139,284
150,284
152,284
206,284
345,284
349,284
356,284
359,284
360,284
137,285
139,285
150,285
152,285
206,285
345,285
348,285
355,285
359,285
359,285
136,286
139,286
150,286
152,286
205,286
345,286
348,286
354,286
136,287
139,287
150,287
152,287
205,287
344,287
348,287
353,287
136,288
139,288
150,288
152,288
205,288
344,288
348,288
348,288
136,289
139,289
150,289
152,289
204,289
344,289
136,290
139,290
150,290
152,290
205,290
343,290
136,291
139,291
150,291
152,291
204,291
342,291
136,292
139,292
150,292
152,292
204,292
342,292
136,293
139,293
150,293
152,293
204,293
342,293
136,294
138,294
150,294
152,294
203,294
341,294
136,295
139,295
150,295
152,295
203,295
341,295
136,296
139,296
150,296
150,296
152,296
152,296
202,296
341,296
136,297
139,297
150,297
150,297
152,297
152,297
202,297
341,297
136,298
139,298
142,298
144,298
149,298
151,298
201,298
341,298
137,299
151,299
200,299
341,299
137,300
151,300
200,300
340,300
137,301
151,301
199,301
340,301
138,302
150,302
199,302
338,302
340,302
340,302
138,303
150,303
198,303
338,303
340,303
340,303
139,304
143,304
145,304
149,304
198,304
340,304
140,305
142,305
146,305
148,305
197,305
340,305
140,306
142,306
146,306
148,306
197,306
339,306
140,307
141,307
146,307
148,307
196,307
339,307
139,308
141,308
146,308
148,308
196,308
339,308
139,309
141,309
146,309
149,309
195,309
339,309
139,310
141,310
146,310
148,310
194,310
339,310
139,311
141,311
146,311
148,311
194,311
338,311
139,312
141,312
146,312
149,312
193,312
339,312
139,313
141,313
146,313
149,313
193,313
338,313
139,314
141,314
146,314
148,314
192,314
338,314
139,315
141,315
146,315
148,315
192,315
338,315
139,316
141,316
146,316
148,316
191,316
338,316
139,317
141,317
146,317
148,317
191,317
338,317
138,318
141,318
146,318
148,318
190,318
338,318
138,319
141,319
146,319
148,319
189,319
337,319
138,320
141,320
146,320
147,320
189,320
337,320
138,321
148,321
188,321
337,321
138,322
138,322
140,322
149,322
188,322
337,322
136,323
150,323
188,323
337,323
136,324
151,324
187,324
337,324
136,325
151,325
187,325
337,325
136,326
149,326
151,326
151,326
186,326
337,326
136,327
146,327
149,327
151,327
186,327
337,327
136,328
138,328
142,328
144,328
149,328
151,328
185,328
337,328
136,329
138,329
149,329
151,329
185,329
337,329
136,330
138,330
149,330
151,330
185,330
337,330
136,331
138,331
149,331
151,331
184,331
337,331
136,332
138,332
149,332
151,332
184,332
337,332
135,333
138,333
149,333
151,333
183,333
337,333
135,334
138,334
149,334
151,334
183,334
337,334
135,335
138,335
149,335
151,335
183,335
337,335
135,336
137,336
149,336
151,336
182,336
337,336
135,337
137,337
149,337
151,337
182,337
338,337
135,338
137,338
149,338
152,338
181,338
338,338
135,339
137,339
149,339
151,339
181,339
338,339
135,340
137,340
150,340
151,340
181,340
338,340
135,341
137,341
149,341
151,341
180,341
338,341
135,342
137,342
149,342
151,342
180,342
338,342
135,343
137,343
149,343
151,343
179,343
338,343
135,344
138,344
144,344
145,344
148,344
151,344
179,344
338,344
135,345
139,345
142,345
151,345
179,345
338,345
135,346
151,346
179,346
338,346
135,347
151,347
178,347
338,347
136,348
150,348
178,348
338,348
136,349
150,349
177,349
339,349
137,350
143,350
145,350
149,350
177,350
339,350
138,351
148,351
177,351
339,351
138,352
141,352
145,352
147,352
176,352
339,352
138,353
140,353
145,353
146,353
176,353
339,353
137,354
139,354
145,354
146,354
176,354
339,354
137,355
138,355
145,355
146,355
176,355
339,355
137,356
137,356
144,356
146,356
176,356
339,356
137,357
139,357
145,357
146,357
175,357
339,357
137,358
139,358
145,358
146,358
175,358
339,358
137,359
138,359
144,359
146,359
175,359
339,359
