275,32
290,32
271,33
295,33
268,34
299,34
265,35
269,35
271,35
300,35
263,36
302,36
261,37
263,37
266,37
303,37
259,38
262,38
264,38
305,38
257,39
303,39
305,39
306,39
256,40
304,40
306,40
307,40
254,41
309,41
253,42
309,42
247,43
250,43
252,43
310,43
246,44
247,44
249,44
311,44
246,45
312,45
247,46
313,46
247,47
314,47
247,48
312,48
314,48
315,48
246,49
246,49
248,49
315,49
246,50
317,50
245,51
318,51
244,52
315,52
317,52
319,52
244,53
320,53
243,54
320,54
242,55
317,55
319,55
320,55
242,56
321,56
241,57
322,57
241,58
322,58
240,59
323,59
240,60
323,60
239,61
323,61
239,62
324,62
239,63
324,63
238,64
324,64
238,65
325,65
238,66
325,66
237,67
325,67
237,68
326,68
237,69
326,69
237,70
326,70
237,71
326,71
236,72
326,72
236,73
327,73
236,74
327,74
236,75
327,75
236,76
327,76
236,77
328,77
236,78
328,78
236,79
328,79
236,80
328,80
235,81
328,81
235,82
329,82
235,83
329,83
235,84
329,84
235,85
329,85
235,86
329,86
235,87
235,87
237,87
330,87
239,88
330,88
240,89
330,89
240,90
331,90
240,91
241,91
243,91
331,91
240,92
331,92
241,93
241,93
244,93
332,93
245,94
246,94
248,94
332,94
246,95
246,95
248,95
333,95
249,96
251,96
254,96
333,96
250,97
250,97
254,97
334,97
255,98
334,98
255,99
332,99
334,99
335,99
256,100
332,100
335,100
335,100
256,101
332,101
335,101
335,101
256,102
332,102
336,102
336,102
256,103
332,103
255,104
333,104
255,105
331,105
333,105
333,105
254,106
331,106
333,106
334,106
254,107
334,107
253,108
335,108
253,109
335,109
254,110
336,110
255,111
333,111
336,111
336,111
258,112
332,112
337,112
337,112
259,113
332,113
259,114
333,114
260,115
333,115
260,116
333,116
261,117
333,117
263,118
334,118
264,119
334,119
265,120
332,120
334,120
334,120
266,121
280,121
282,121
328,121
331,121
331,121
335,121
335,121
267,122
279,122
283,122
328,122
330,122
331,122
268,123
279,123
283,123
331,123
269,124
270,124
272,124
278,124
284,124
331,124
269,125
274,125
278,125
278,125
284,125
331,125
271,126
272,126
284,126
331,126
277,127
277,127
284,127
329,127
284,128
329,128
284,129
322,129
326,129
329,129
284,130
322,130
328,130
329,130
284,131
321,131
328,131
328,131
281,132
321,132
328,132
328,132
281,133
321,133
280,134
321,134
280,135
314,135
317,135
320,135
279,136
314,136
318,136
321,136
278,137
311,137
313,137
314,137
320,137
320,137
277,138
311,138
313,138
314,138
276,139
315,139
275,140
315,140
274,141
316,141
273,142
317,142
271,143
317,143
269,144
318,144
268,145
318,145
267,146
318,146
266,147
319,147
265,148
319,148
264,149
320,149
197,150
198,150
263,150
320,150
197,151
199,151
262,151
320,151
196,152
197,152
199,152
200,152
261,152
321,152
191,153
200,153
260,153
321,153
186,154
200,154
260,154
321,154
183,155
201,155
259,155
322,155
182,156
198,156
200,156
201,156
258,156
322,156
181,157
202,157
257,157
322,157
180,158
202,158
256,158
323,158
179,159
203,159
255,159
255,159
257,159
259,159
261,159
323,159
178,160
204,160
257,160
258,160
260,160
323,160
178,161
205,161
257,161
257,161
260,161
324,161
177,162
205,162
256,162
256,162
260,162
324,162
177,163
206,163
259,163
324,163
177,164
206,164
258,164
324,164
177,165
206,165
258,165
325,165
176,166
177,166
179,166
206,166
258,166
325,166
176,167
205,167
257,167
325,167
176,168
205,168
257,168
325,168
176,169
204,169
256,169
326,169
176,170
201,170
256,170
326,170
176,171
200,171
255,171
326,171
176,172
200,172
255,172
327,172
176,173
200,173
254,173
327,173
176,174
202,174
254,174
321,174
323,174
327,174
176,175
201,175
253,175
320,175
323,175
327,175
175,176
201,176
253,176
319,176
321,176
321,176
324,176
328,176
175,177
200,177
252,177
318,177
324,177
328,177
176,178
199,178
252,178
318,178
323,178
325,178
327,178
328,178
175,179
199,179
252,179
318,179
323,179
323,179
327,179
328,179
175,180
198,180
251,180
318,180
175,181
198,181
251,181
318,181
324,181
324,181
175,182
198,182
251,182
318,182
175,183
198,183
250,183
315,183
317,183
318,183
323,183
323,183
175,184
199,184
250,184
317,184
175,185
199,185
250,185
317,185
175,186
199,186
249,186
316,186
175,187
200,187
249,187
314,187
175,188
200,188
249,188
314,188
175,189
201,189
249,189
313,189
175,190
202,190
249,190
313,190
175,191
200,191
249,191
312,191
174,192
200,192
249,192
312,192
174,193
201,193
249,193
312,193
174,194
202,194
249,194
312,194
174,195
202,195
249,195
311,195
173,196
203,196
249,196
311,196
173,197
203,197
249,197
311,197
173,198
203,198
249,198
311,198
173,199
204,199
250,199
308,199
310,199
311,199
173,200
204,200
250,200
308,200
310,200
310,200
172,201
207,201
250,201
310,201
172,202
210,202
250,202
310,202
172,203
206,203
208,203
212,203
251,203
310,203
172,204
217,204
251,204
310,204
172,205
221,205
251,205
307,205
309,205
310,205
171,206
226,206
251,206
310,206
171,207
229,207
251,207
309,207
171,208
231,208
252,208
308,208
171,209
233,209
252,209
308,209
171,210
236,210
252,210
308,210
170,211
238,211
252,211
308,211
170,212
239,212
253,212
307,212
170,213
242,213
253,213
307,213
170,214
244,214
253,214
307,214
170,215
246,215
254,215
307,215
170,216
249,216
254,216
307,216
170,217
250,217
254,217
307,217
169,218
307,218
169,219
307,219
170,220
307,220
170,221
307,221
170,222
186,222
188,222
307,222
170,223
307,223
170,224
307,224
170,225
307,225
170,226
307,226
171,227
307,227
170,228
307,228
171,229
307,229
171,230
307,230
171,231
223,231
226,231
307,231
171,232
221,232
227,232
308,232
171,233
219,233
228,233
308,233
171,234
218,234
230,234
308,234
171,235
219,235
231,235
308,235
174,236
219,236
233,236
308,236
173,237
219,237
234,237
308,237
173,238
219,238
236,238
308,238
175,239
219,239
238,239
308,239
175,240
220,240
239,240
308,240
175,241
220,241
240,241
309,241
175,242
180,242
183,242
220,242
242,242
309,242
175,243
180,243
183,243
220,243
243,243
310,243
176,244
179,244
183,244
220,244
245,244
310,244
176,245
179,245
183,245
220,245
246,245
311,245
176,246
179,246
182,246
221,246
248,246
311,246
176,247
179,247
182,247
221,247
249,247
311,247
177,248
178,248
182,248
221,248
251,248
311,248
182,249
221,249
252,249
312,249
181,250
222,250
253,250
312,250
181,251
222,251
254,251
312,251
181,252
222,252
254,252
312,252
181,253
222,253
254,253
313,253
181,254
181,254
183,254
222,254
254,254
313,254
180,255
222,255
254,255
313,255
180,256
223,256
254,256
313,256
180,257
223,257
254,257
314,257
179,258
223,258
254,258
314,258
179,259
223,259
255,259
315,259
179,260
224,260
256,260
315,260
179,261
224,261
256,261
316,261
178,262
224,262
256,262
317,262
178,263
224,263
256,263
317,263
178,264
224,264
255,264
318,264
178,265
225,265
255,265
318,265
177,266
225,266
255,266
319,266
177,267
225,267
255,267
320,267
177,268
225,268
255,268
320,268
177,269
225,269
254,269
321,269
176,270
226,270
254,270
321,270
176,271
226,271
254,271
322,271
176,272
226,272
254,272
323,272
175,273
226,273
254,273
323,273
175,274
226,274
253,274
324,274
175,275
227,275
253,275
325,275
175,276
227,276
253,276
325,276
174,277
227,277
253,277
326,277
174,278
227,278
253,278
327,278
174,279
228,279
253,279
328,279
174,280
228,280
252,280
328,280
173,281
228,281
252,281
328,281
173,282
226,282
228,282
228,282
252,282
329,282
173,283
228,283
251,283
330,283
172,284
228,284
251,284
330,284
172,285
228,285
251,285
331,285
172,286
228,286
251,286
332,286
171,287
228,287
250,287
332,287
171,288
228,288
250,288
332,288
171,289
228,289
250,289
333,289
171,290
228,290
250,290
334,290
170,291
229,291
249,291
334,291
170,292
229,292
249,292
334,292
170,293
229,293
249,293
335,293
170,294
229,294
249,294
336,294
171,295
229,295
248,295
249,295
251,295
336,295
171,296
229,296
248,296
336,296
170,297
229,297
248,297
337,297
170,298
228,298
248,298
337,298
170,299
172,299
174,299
175,299
177,299
229,299
248,299
338,299
172,300
229,300
248,300
338,300
172,301
176,301
178,301
228,301
247,301
339,301
173,302
173,302
181,302
227,302
247,302
339,302
181,303
226,303
248,303
340,303
183,304
221,304
246,304
340,304
186,305
215,305
217,305
219,305
246,305
341,305
187,306
210,306
215,306
219,306
246,306
341,306
187,307
207,307
246,307
341,307
188,308
189,308
191,308
203,308
246,308
342,308
189,309
200,309
245,309
342,309
190,310
200,310
245,310
343,310
191,311
200,311
245,311
343,311
192,312
201,312
245,312
343,312
193,313
194,313
196,313
202,313
245,313
344,313
194,314
195,314
197,314
202,314
244,314
344,314
194,315
203,315
244,315
344,315
196,316
203,316
244,316
345,316
197,317
203,317
244,317
345,317
198,318
205,318
244,318
346,318
200,319
202,319
204,319
205,319
244,319
346,319
202,320
203,320
205,320
205,320
243,320
346,320
203,321
206,321
243,321
347,321
205,322
205,322
243,322
347,322
243,323
348,323
243,324
348,324
243,325
348,325
243,326
349,326
242,327
349,327
242,328
349,328
242,329
350,329
242,330
351,330
242,331
351,331
242,332
351,332
242,333
351,333
241,334
352,334
241,335
352,335
241,336
353,336
241,337
353,337
241,338
354,338
241,339
354,339
241,340
354,340
240,341
355,341
240,342
355,342
240,343
356,343
240,344
356,344
239,345
357,345
239,346
357,346
239,347
357,347
239,348
358,348
238,349
358,349
238,350
359,350
238,351
359,351
238,352
359,352
237,353
360,353
237,354
360,354
237,355
361,355
237,356
361,356
236,357
362,357
236,358
362,358
236,359
362,359
