312,8
314,8
310,9
316,9
309,10
317,10
309,11
323,11
308,12
333,12
307,13
337,13
305,14
340,14
302,15
342,15
299,16
345,16
295,17
347,17
291,18
349,18
290,19
351,19
289,20
353,20
288,21
290,21
292,21
354,21
286,22
355,22
285,23
356,23
283,24
358,24
282,25
360,25
281,26
361,26
280,27
362,27
279,28
363,28
278,29
364,29
277,30
365,30
276,31
276,31
278,31
366,31
275,32
367,32
274,33
368,33
273,34
368,34
370,34
370,34
272,35
370,35
271,36
370,36
270,37
371,37
270,38
371,38
269,39
372,39
268,40
372,40
267,41
268,41
270,41
373,41
267,42
373,42
265,43
266,43
269,43
374,43
264,44
265,44
269,44
374,44
269,45
374,45
268,46
375,46
267,47
375,47
267,48
267,48
269,48
376,48
269,49
376,49
269,50
376,50
268,51
376,51
268,52
376,52
268,53
377,53
268,54
377,54
267,55
377,55
267,56
377,56
267,57
377,57
267,58
378,58
267,59
267,59
271,59
378,59
267,60
267,60
271,60
378,60
270,61
378,61
270,62
378,62
270,63
378,63
270,64
378,64
271,65
378,65
272,66
379,66
274,67
379,67
276,68
379,68
276,69
377,69
379,69
379,69
276,70
377,70
379,70
379,70
277,71
379,71
274,72
274,72
277,72
380,72
274,73
274,73
277,73
380,73
277,74
380,74
276,75
379,75
276,76
379,76
275,77
379,77
274,78
379,78
273,79
379,79
270,80
379,80
268,81
379,81
266,82
267,82
269,82
379,82
267,83
379,83
267,84
378,84
267,85
378,85
268,86
378,86
269,87
377,87
270,88
377,88
270,89
377,89
270,90
377,90
270,91
376,91
270,92
376,92
269,93
376,93
269,94
376,94
269,95
375,95
269,96
375,96
270,97
375,97
271,98
374,98
271,99
374,99
271,100
374,100
270,101
373,101
270,102
373,102
271,103
372,103
271,104
372,104
271,105
372,105
272,106
372,106
272,107
372,107
272,108
371,108
272,109
371,109
272,110
371,110
272,111
371,111
272,112
371,112
273,113
274,113
276,113
371,113
273,114
368,114
371,114
371,114
273,115
371,115
276,116
371,116
277,117
277,117
285,117
371,117
285,118
371,118
285,119
285,119
288,119
371,119
284,120
284,120
288,120
371,120
288,121
288,121
291,121
371,121
287,122
288,122
292,122
372,122
292,123
372,123
292,124
373,124
292,125
373,125
291,126
373,126
291,127
374,127
291,128
372,128
374,128
374,128
291,129
372,129
375,129
375,129
291,130
372,130
291,131
372,131
376,131
376,131
291,132
372,132
291,133
373,133
291,134
374,134
290,135
374,135
289,136
375,136
287,137
373,137
286,138
373,138
285,139
373,139
285,140
285,140
287,140
371,140
373,140
373,140
286,141
371,141
373,141
373,141
285,142
373,142
285,143
366,143
368,143
374,143
284,144
330,144
332,144
363,144
365,144
365,144
369,144
374,144
282,145
328,145
331,145
362,145
364,145
365,145
370,145
374,145
281,146
328,146
332,146
361,146
364,146
366,146
371,146
373,146
281,147
328,147
332,147
361,147
365,147
366,147
371,147
372,147
279,148
329,148
332,148
361,148
365,148
366,148
372,148
372,148
278,149
330,149
332,149
361,149
365,149
367,149
372,149
373,149
277,150
362,150
365,150
368,150
372,150
373,150
276,151
368,151
275,152
366,152
368,152
368,152
274,153
357,153
359,153
363,153
272,154
353,154
356,154
357,154
361,154
365,154
271,155
335,155
337,155
337,155
340,155
342,155
345,155
353,155
361,155
366,155
269,156
270,156
273,156
335,156
341,156
341,156
348,156
353,156
362,156
366,156
268,157
269,157
272,157
335,157
349,157
352,157
362,157
362,157
365,157
366,157
267,158
336,158
349,158
352,158
266,159
335,159
349,159
352,159
265,160
336,160
350,160
350,160
352,160
352,160
264,161
336,161
350,161
351,161
263,162
337,162
351,162
352,162
262,163
337,163
352,163
352,163
261,164
337,164
260,165
338,165
260,166
338,166
259,167
338,167
258,168
338,168
257,169
338,169
256,170
339,170
255,171
339,171
181,172
182,172
254,172
339,172
180,173
183,173
253,173
340,173
180,174
181,174
183,174
184,174
253,174
340,174
180,175
184,175
252,175
252,175
255,175
256,175
259,175
340,175
167,176
185,176
251,176
251,176
255,176
256,176
258,176
340,176
164,177
185,177
254,177
255,177
258,177
341,177
161,178
185,178
253,178
254,178
258,178
341,178
160,179
185,179
252,179
253,179
257,179
341,179
159,180
186,180
257,180
341,180
157,181
186,181
256,181
342,181
156,182
186,182
255,182
342,182
155,183
187,183
255,183
342,183
155,184
188,184
255,184
343,184
155,185
188,185
254,185
343,185
154,186
189,186
254,186
343,186
154,187
190,187
253,187
343,187
153,188
190,188
253,188
343,188
153,189
190,189
252,189
343,189
153,190
191,190
252,190
344,190
152,191
191,191
251,191
344,191
152,192
191,192
251,192
344,192
152,193
191,193
250,193
345,193
152,194
190,194
250,194
345,194
152,195
190,195
249,195
345,195
151,196
190,196
249,196
339,196
342,196
345,196
151,197
186,197
189,197
190,197
248,197
339,197
342,197
345,197
151,198
186,198
248,198
337,198
342,198
345,198
151,199
184,199
248,199
336,199
342,199
345,199
151,200
183,200
247,200
336,200
341,200
345,200
150,201
183,201
247,201
335,201
341,201
344,201
150,202
184,202
246,202
335,202
341,202
342,202
150,203
184,203
246,203
335,203
341,203
342,203
150,204
186,204
246,204
335,204
341,204
342,204
150,205
182,205
184,205
185,205
245,205
336,205
341,205
341,205
150,206
184,206
245,206
336,206
341,206
341,206
150,207
183,207
245,207
335,207
150,208
182,208
244,208
334,208
149,209
181,209
244,209
333,209
149,210
181,210
244,210
333,210
149,211
181,211
244,211
332,211
149,212
181,212
244,212
331,212
149,213
180,213
243,213
330,213
149,214
180,214
243,214
329,214
149,215
180,215
243,215
327,215
149,216
180,216
243,216
326,216
149,217
180,217
243,217
326,217
148,218
181,218
243,218
326,218
148,219
182,219
243,219
325,219
148,220
183,220
243,220
325,220
148,221
183,221
244,221
325,221
148,222
183,222
244,222
325,222
148,223
184,223
243,223
325,223
147,224
185,224
244,224
324,224
147,225
182,225
244,225
324,225
147,226
181,226
244,226
324,226
147,227
182,227
244,227
324,227
146,228
182,228
244,228
244,228
246,228
324,228
146,229
182,229
244,229
324,229
146,230
183,230
244,230
324,230
146,231
184,231
244,231
324,231
145,232
184,232
244,232
322,232
324,232
325,232
145,233
184,233
245,233
325,233
144,234
185,234
245,234
325,234
144,235
185,235
245,235
321,235
323,235
326,235
144,236
185,236
246,236
327,236
144,237
186,237
246,237
321,237
327,237
327,237
144,238
186,238
246,238
320,238
143,239
188,239
247,239
320,239
143,240
191,240
247,240
320,240
143,241
193,241
247,241
320,241
143,242
196,242
247,242
320,242
142,243
200,243
248,243
320,243
142,244
208,244
248,244
320,244
142,245
212,245
248,245
319,245
142,246
215,246
249,246
319,246
141,247
219,247
249,247
319,247
141,248
221,248
249,248
319,248
141,249
224,249
249,249
319,249
141,250
228,250
250,250
319,250
141,251
231,251
250,251
319,251
140,252
235,252
250,252
319,252
140,253
240,253
250,253
319,253
140,254
245,254
250,254
319,254
140,255
247,255
250,255
319,255
140,256
319,256
140,257
319,257
140,258
319,258
140,259
319,259
140,260
319,260
140,261
319,261
140,262
319,262
140,263
319,263
140,264
319,264
140,265
319,265
140,266
320,266
140,267
320,267
140,268
320,268
140,269
320,269
140,270
320,270
140,271
320,271
140,272
320,272
140,273
320,273
140,274
320,274
140,275
320,275
141,276
320,276
141,277
320,277
141,278
320,278
141,279
321,279
141,280
321,280
141,281
208,281
212,281
321,281
142,282
203,282
214,282
321,282
142,283
202,283
217,283
322,283
142,284
202,284
218,284
323,284
142,285
203,285
221,285
323,285
144,286
203,286
223,286
323,286
144,287
203,287
224,287
324,287
145,288
204,288
227,288
324,288
145,289
151,289
154,289
204,289
229,289
324,289
145,290
151,290
155,290
204,290
231,290
325,290
145,291
151,291
155,291
204,291
232,291
325,291
146,292
151,292
156,292
204,292
235,292
325,292
146,293
151,293
156,293
205,293
238,293
325,293
147,294
151,294
156,294
205,294
239,294
326,294
147,295
151,295
156,295
205,295
241,295
326,295
147,296
151,296
155,296
205,296
243,296
244,296
246,296
326,296
147,297
147,297
149,297
151,297
155,297
205,297
244,297
244,297
246,297
326,297
151,298
151,298
155,298
206,298
246,298
326,298
155,299
206,299
248,299
326,299
155,300
206,300
250,300
326,300
154,301
206,301
250,301
327,301
154,302
207,302
250,302
327,302
154,303
207,303
250,303
328,303
154,304
207,304
250,304
329,304
154,305
208,305
251,305
329,305
153,306
208,306
252,306
330,306
153,307
208,307
251,307
330,307
153,308
208,308
251,308
331,308
153,309
208,309
251,309
332,309
152,310
209,310
251,310
332,310
152,311
209,311
251,311
333,311
152,312
209,312
251,312
333,312
152,313
209,313
251,313
334,313
151,314
210,314
251,314
334,314
151,315
210,315
250,315
335,315
151,316
210,316
250,316
336,316
151,317
210,317
250,317
337,317
151,318
211,318
250,318
337,318
150,319
211,319
250,319
338,319
150,320
211,320
250,320
339,320
150,321
212,321
249,321
339,321
150,322
212,322
249,322
340,322
149,323
212,323
249,323
341,323
149,324
212,324
249,324
341,324
149,325
213,325
249,325
341,325
149,326
213,326
249,326
342,326
148,327
213,327
248,327
343,327
148,328
214,328
248,328
344,328
148,329
214,329
248,329
344,329
148,330
214,330
248,330
345,330
147,331
214,331
248,331
345,331
147,332
215,332
247,332
346,332
147,333
215,333
247,333
346,333
147,334
215,334
247,334
347,334
146,335
216,335
246,335
348,335
146,336
216,336
246,336
348,336
146,337
216,337
246,337
349,337
146,338
216,338
245,338
350,338
146,339
217,339
245,339
350,339
145,340
217,340
245,340
351,340
145,341
217,341
245,341
351,341
145,342
217,342
245,342
352,342
145,343
218,343
244,343
352,343
144,344
218,344
244,344
353,344
144,345
218,345
244,345
353,345
144,346
218,346
244,346
354,346
144,347
218,347
243,347
244,347
246,347
354,347
143,348
218,348
243,348
355,348
144,349
218,349
243,349
355,349
143,350
218,350
243,350
356,350
143,351
218,351
242,351
356,351
143,352
218,352
242,352
357,352
142,353
219,353
242,353
357,353
142,354
219,354
241,354
358,354
142,355
219,355
241,355
358,355
142,356
220,356
241,356
359,356
141,357
220,357
241,357
359,357
141,358
220,358
241,358
360,358
141,359
141,359
143,359
220,359
241,359
360,359
