318,0
445,0
319,1
445,1
320,2
445,2
320,3
445,3
318,4
318,4
320,4
445,4
320,5
445,5
320,6
445,6
320,7
445,7
320,8
445,8
320,9
445,9
320,10
445,10
319,11
445,11
317,12
445,12
315,13
445,13
311,14
445,14
309,15
445,15
309,16
309,16
313,16
445,16
309,17
310,17
312,17
445,17
309,18
444,18
309,19
444,19
310,20
444,20
310,21
444,21
311,22
443,22
311,23
443,23
312,24
443,24
312,25
443,25
312,26
442,26
311,27
442,27
311,28
441,28
310,29
441,29
310,30
441,30
309,31
440,31
309,32
440,32
309,33
440,33
311,34
439,34
311,35
439,35
311,36
438,36
312,37
438,37
311,38
438,38
310,39
437,39
310,40
436,40
310,41
436,41
311,42
436,42
311,43
435,43
311,44
435,44
311,45
434,45
311,46
434,46
311,47
433,47
311,48
433,48
311,49
432,49
311,50
432,50
311,51
432,51
311,52
431,52
311,53
431,53
312,54
430,54
311,55
430,55
312,56
430,56
315,57
429,57
315,58
429,58
314,59
315,59
321,59
429,59
313,60
314,60
325,60
429,60
312,61
312,61
325,61
429,61
325,62
429,62
325,63
329,63
331,63
429,63
324,64
325,64
327,64
327,64
332,64
429,64
323,65
326,65
332,65
429,65
323,66
324,66
331,66
430,66
322,67
323,67
331,67
430,67
321,68
321,68
331,68
430,68
331,69
430,69
330,70
331,70
334,70
431,70
330,71
330,71
334,71
431,71
330,72
330,72
334,72
431,72
335,73
431,73
335,74
432,74
335,75
432,75
335,76
433,76
335,77
433,77
335,78
434,78
335,79
434,79
335,80
434,80
335,81
435,81
335,82
428,82
431,82
435,82
336,83
427,83
431,83
436,83
335,84
427,84
432,84
436,84
334,85
427,85
432,85
436,85
333,86
427,86
433,86
437,86
332,87
428,87
433,87
437,87
331,88
428,88
434,88
438,88
330,89
429,89
435,89
438,89
329,90
330,90
332,90
429,90
435,90
438,90
329,91
429,91
436,91
438,91
330,92
430,92
437,92
439,92
330,93
431,93
437,93
439,93
329,94
431,94
438,94
439,94
327,95
430,95
432,95
432,95
438,95
439,95
326,96
433,96
439,96
440,96
325,97
433,97
439,97
440,97
325,98
430,98
432,98
434,98
440,98
440,98
324,99
430,99
434,99
435,99
440,99
441,99
323,100
323,100
325,100
430,100
435,100
436,100
441,100
441,100
321,101
322,101
324,101
431,101
436,101
437,101
441,101
441,101
320,102
416,102
419,102
431,102
438,102
438,102
442,102
442,102
320,103
416,103
420,103
431,103
442,103
442,103
318,104
417,104
420,104
432,104
317,105
417,105
421,105
433,105
316,106
418,106
422,106
434,106
315,107
418,107
422,107
435,107
314,108
419,108
423,108
425,108
428,108
429,108
432,108
435,108
312,109
419,109
424,109
425,109
432,109
434,109
311,110
420,110
424,110
425,110
431,110
432,110
434,110
434,110
310,111
420,111
425,111
425,111
432,111
433,111
309,112
421,112
425,112
426,112
433,112
433,112
435,112
435,112
308,113
309,113
311,113
421,113
426,113
426,113
307,114
308,114
310,114
407,114
411,114
419,114
427,114
427,114
306,115
307,115
309,115
407,115
412,115
419,115
427,115
427,115
305,116
306,116
309,116
406,116
413,116
419,116
428,116
428,116
303,117
305,117
307,117
406,117
414,117
419,117
302,118
304,118
306,118
405,118
415,118
420,118
302,119
302,119
305,119
405,119
415,119
420,119
301,120
301,120
304,120
404,120
416,120
417,120
300,121
301,121
303,121
404,121
417,121
417,121
420,121
420,121
299,122
300,122
302,122
404,122
420,122
420,122
298,123
405,123
297,124
405,124
297,125
297,125
300,125
405,125
296,126
297,126
299,126
405,126
295,127
296,127
298,127
404,127
294,128
295,128
297,128
404,128
294,129
294,129
296,129
404,129
293,130
404,130
292,131
404,131
291,132
292,132
294,132
404,132
290,133
290,133
294,133
294,133
300,133
404,133
289,134
290,134
293,134
294,134
300,134
405,134
293,135
293,135
299,135
405,135
288,136
288,136
298,136
405,136
298,137
405,137
297,138
403,138
405,138
405,138
297,139
403,139
296,140
404,140
296,141
404,141
296,142
404,142
295,143
404,143
295,144
404,144
294,145
404,145
293,146
405,146
293,147
405,147
293,148
405,148
292,149
405,149
292,150
405,150
291,151
405,151
291,152
406,152
290,153
406,153
290,154
398,154
400,154
406,154
289,155
398,155
401,155
404,155
406,155
406,155
289,156
397,156
402,156
404,156
406,156
406,156
288,157
394,157
397,157
397,157
402,157
404,157
406,157
406,157
288,158
394,158
397,158
397,158
402,158
403,158
405,158
406,158
287,159
394,159
402,159
403,159
287,160
395,160
402,160
403,160
287,161
394,161
403,161
403,161
286,162
394,162
286,163
393,163
285,164
390,164
392,164
393,164
285,165
389,165
391,165
392,165
285,166
388,166
391,166
391,166
285,167
391,167
284,168
390,168
284,169
388,169
283,170
387,170
283,171
386,171
283,172
384,172
283,173
384,173
283,174
384,174
282,175
383,175
282,176
383,176
282,177
383,177
282,178
383,178
282,179
383,179
282,180
382,180
282,181
382,181
282,182
382,182
282,183
382,183
282,184
382,184
282,185
381,185
282,186
381,186
282,187
381,187
282,188
381,188
283,189
380,189
283,190
380,190
283,191
380,191
283,192
380,192
283,193
379,193
284,194
379,194
284,195
379,195
284,196
379,196
285,197
379,197
285,198
380,198
285,199
378,199
286,200
378,200
286,201
378,201
286,202
378,202
286,203
377,203
287,204
377,204
287,205
377,205
287,206
377,206
287,207
376,207
288,208
376,208
288,209
376,209
288,210
376,210
288,211
376,211
289,212
376,212
289,213
375,213
290,214
375,214
290,215
375,215
290,216
375,216
290,217
375,217
291,218
373,218
375,218
375,218
291,219
375,219
291,220
375,220
184,221
185,221
291,221
375,221
183,222
187,222
291,222
376,222
183,223
185,223
187,223
188,223
291,223
376,223
183,224
188,224
292,224
376,224
175,225
175,225
177,225
189,225
292,225
375,225
168,226
189,226
292,226
375,226
164,227
189,227
292,227
375,227
162,228
190,228
292,228
375,228
160,229
190,229
292,229
376,229
159,230
190,230
293,230
376,230
157,231
190,231
293,231
376,231
156,232
190,232
293,232
375,232
155,233
156,233
158,233
191,233
293,233
376,233
154,234
155,234
157,234
192,234
293,234
376,234
154,235
155,235
157,235
192,235
293,235
376,235
153,236
154,236
156,236
193,236
293,236
376,236
153,237
154,237
156,237
194,237
293,237
376,237
153,238
194,238
293,238
376,238
152,239
195,239
293,239
376,239
152,240
193,240
195,240
195,240
293,240
376,240
151,241
196,241
293,241
376,241
151,242
196,242
293,242
376,242
151,243
197,243
293,243
377,243
150,244
197,244
293,244
377,244
150,245
196,245
294,245
377,245
150,246
195,246
293,246
377,246
150,247
195,247
293,247
377,247
150,248
195,248
292,248
377,248
149,249
196,249
291,249
377,249
149,250
196,250
289,250
290,250
292,250
377,250
149,251
194,251
288,251
377,251
148,252
189,252
192,252
193,252
287,252
377,252
148,253
189,253
192,253
192,253
285,253
377,253
148,254
188,254
284,254
378,254
148,255
187,255
284,255
378,255
148,256
187,256
282,256
380,256
148,257
188,257
281,257
380,257
148,258
189,258
280,258
381,258
148,259
190,259
278,259
381,259
148,260
189,260
277,260
382,260
148,261
187,261
276,261
382,261
147,262
187,262
275,262
383,262
147,263
186,263
273,263
383,263
147,264
185,264
272,264
384,264
147,265
185,265
271,265
384,265
147,266
184,266
270,266
384,266
147,267
184,267
269,267
384,267
147,268
184,268
267,268
385,268
147,269
184,269
267,269
385,269
147,270
184,270
265,270
385,270
147,271
184,271
264,271
385,271
147,272
184,272
263,272
385,272
147,273
185,273
262,273
385,273
146,274
186,274
261,274
385,274
146,275
187,275
260,275
385,275
146,276
188,276
259,276
384,276
146,277
186,277
257,277
384,277
146,278
187,278
256,278
384,278
145,279
188,279
255,279
385,279
145,280
189,280
254,280
386,280
145,281
191,281
253,281
386,281
144,282
192,282
252,282
387,282
144,283
193,283
250,283
387,283
144,284
194,284
249,284
388,284
144,285
195,285
248,285
389,285
144,286
196,286
246,286
389,286
143,287
197,287
245,287
390,287
143,288
197,288
244,288
391,288
143,289
198,289
242,289
391,289
142,290
198,290
241,290
392,290
142,291
196,291
199,291
199,291
240,291
393,291
142,292
199,292
239,292
393,292
142,293
200,293
237,293
394,293
141,294
198,294
200,294
200,294
237,294
395,294
141,295
165,295
169,295
198,295
200,295
201,295
234,295
393,295
395,295
395,295
141,296
165,296
169,296
201,296
232,296
396,296
140,297
164,297
169,297
212,297
229,297
397,297
140,298
164,298
169,298
397,298
140,299
164,299
169,299
398,299
140,300
164,300
169,300
398,300
139,301
163,301
170,301
399,301
139,302
163,302
170,302
400,302
139,303
163,303
170,303
400,303
138,304
163,304
170,304
401,304
138,305
163,305
170,305
401,305
138,306
162,306
170,306
402,306
137,307
162,307
170,307
403,307
137,308
162,308
170,308
403,308
137,309
162,309
171,309
404,309
137,310
162,310
171,310
405,310
137,311
162,311
171,311
405,311
137,312
162,312
171,312
406,312
136,313
161,313
171,313
407,313
136,314
161,314
171,314
407,314
136,315
161,315
171,315
408,315
136,316
161,316
171,316
409,316
136,317
161,317
171,317
409,317
135,318
161,318
170,318
410,318
135,319
161,319
170,319
285,319
289,319
410,319
135,320
160,320
169,320
283,320
289,320
411,320
135,321
160,321
169,321
281,321
289,321
412,321
135,322
160,322
169,322
279,322
289,322
412,322
135,323
160,323
169,323
276,323
288,323
413,323
134,324
160,324
169,324
274,324
288,324
414,324
135,325
160,325
169,325
272,325
288,325
414,325
135,326
160,326
170,326
270,326
288,326
415,326
135,327
159,327
171,327
268,327
288,327
415,327
135,328
159,328
171,328
266,328
288,328
416,328
135,329
159,329
171,329
264,329
287,329
416,329
135,330
159,330
171,330
262,330
287,330
417,330
135,331
159,331
171,331
260,331
287,331
417,331
135,332
159,332
170,332
258,332
287,332
418,332
135,333
159,333
170,333
256,333
287,333
418,333
135,334
159,334
170,334
254,334
287,334
419,334
135,335
159,335
170,335
252,335
286,335
419,335
135,336
159,336
170,336
250,336
286,336
420,336
135,337
159,337
170,337
249,337
286,337
420,337
135,338
158,338
171,338
247,338
286,338
421,338
136,339
158,339
171,339
245,339
286,339
421,339
136,340
157,340
171,340
172,340
176,340
244,340
285,340
422,340
136,341
157,341
171,341
172,341
175,341
241,341
285,341
422,341
136,342
157,342
171,342
171,342
175,342
239,342
285,342
423,342
136,343
157,343
171,343
172,343
174,343
238,343
285,343
424,343
136,344
156,344
171,344
236,344
285,344
424,344
136,345
156,345
172,345
234,345
284,345
424,345
136,346
156,346
172,346
233,346
284,346
425,346
136,347
156,347
172,347
232,347
284,347
425,347
136,348
156,348
172,348
230,348
284,348
426,348
136,349
156,349
172,349
228,349
284,349
426,349
136,350
156,350
174,350
228,350
284,350
427,350
136,351
156,351
174,351
227,351
283,351
427,351
137,352
156,352
174,352
228,352
283,352
428,352
137,353
156,353
174,353
228,353
283,353
428,353
138,354
157,354
173,354
229,354
283,354
429,354
138,355
154,355
173,355
229,355
282,355
429,355
138,356
154,356
157,356
157,356
173,356
229,356
282,356
429,356
138,357
148,357
151,357
154,357
157,357
157,357
173,357
230,357
282,357
430,357
139,358
148,358
152,358
153,358
157,358
157,358
173,358
230,358
282,358
430,358
139,359
148,359
152,359
153,359
173,359
230,359
282,359
431,359
