341,0
466,0
341,1
465,1
341,2
465,2
341,3
464,3
341,4
464,4
341,5
463,5
342,6
463,6
342,7
462,7
342,8
462,8
343,9
461,9
346,10
461,10
345,11
461,11
345,12
460,12
344,13
349,13
357,13
460,13
343,14
346,14
356,14
460,14
342,15
344,15
355,15
460,15
341,16
342,16
355,16
461,16
354,17
461,17
353,18
461,18
353,19
353,19
355,19
357,19
360,19
461,19
352,20
353,20
355,20
356,20
360,20
461,20
351,21
352,21
354,21
355,21
360,21
462,21
350,22
352,22
359,22
462,22
350,23
351,23
359,23
362,23
365,23
462,23
349,24
350,24
359,24
360,24
365,24
462,24
348,25
348,25
358,25
360,25
365,25
463,25
358,26
359,26
365,26
463,26
358,27
359,27
365,27
464,27
358,28
358,28
365,28
464,28
365,29
465,29
365,30
465,30
365,31
466,31
365,32
466,32
366,33
466,33
366,34
467,34
366,35
457,35
460,35
467,35
366,36
456,36
460,36
468,36
366,37
456,37
462,37
468,37
366,38
456,38
462,38
469,38
365,39
456,39
464,39
469,39
365,40
456,40
465,40
469,40
364,41
456,41
467,41
470,41
363,42
457,42
467,42
470,42
362,43
457,43
469,43
470,43
361,44
362,44
364,44
457,44
469,44
471,44
361,45
362,45
364,45
458,45
468,45
471,45
361,46
458,46
469,46
471,46
360,47
360,47
362,47
458,47
469,47
469,47
471,47
472,47
359,48
459,48
470,48
472,48
359,49
460,49
471,49
471,49
358,50
460,50
471,50
472,50
357,51
358,51
360,51
461,51
472,51
472,51
356,52
462,52
472,52
473,52
355,53
463,53
473,53
473,53
354,54
355,54
357,54
464,54
473,54
473,54
353,55
354,55
356,55
464,55
473,55
473,55
351,56
353,56
355,56
465,56
350,57
351,57
353,57
467,57
350,58
465,58
467,58
468,58
348,59
351,59
353,59
464,59
347,60
350,60
352,60
463,60
347,61
463,61
346,62
463,62
465,62
465,62
345,63
463,63
465,63
465,63
344,64
454,64
458,64
465,64
343,65
344,65
346,65
449,65
452,65
454,65
463,65
465,65
342,66
449,66
453,66
454,66
465,66
465,66
340,67
450,67
454,67
455,67
461,67
461,67
466,67
466,67
339,68
450,68
455,68
456,68
337,69
339,69
341,69
450,69
455,69
456,69
336,70
338,70
340,70
451,70
456,70
456,70
336,71
336,71
339,71
451,71
457,71
457,71
335,72
335,72
338,72
452,72
457,72
457,72
334,73
335,73
337,73
450,73
458,73
458,73
333,74
334,74
336,74
441,74
444,74
450,74
332,75
333,75
335,75
440,75
445,75
450,75
331,76
332,76
334,76
440,76
446,76
447,76
330,77
441,77
447,77
447,77
330,78
330,78
332,78
441,78
329,79
439,79
441,79
441,79
328,80
442,80
327,81
442,81
326,82
442,82
325,83
326,83
328,83
442,83
325,84
325,84
327,84
440,84
442,84
443,84
324,85
440,85
443,85
443,85
323,86
324,86
326,86
440,86
322,87
323,87
325,87
440,87
321,88
440,88
320,89
440,89
320,90
323,90
325,90
440,90
319,91
319,91
322,91
322,91
325,91
440,91
318,92
318,92
322,92
322,92
325,92
440,92
324,93
324,93
327,93
441,93
317,94
317,94
323,94
324,94
327,94
441,94
322,95
322,95
326,95
441,95
322,96
322,96
326,96
441,96
321,97
321,97
325,97
441,97
320,98
321,98
324,98
439,98
319,99
320,99
324,99
439,99
319,100
320,100
323,100
440,100
319,101
319,101
323,101
440,101
318,102
318,102
322,102
440,102
317,103
317,103
321,103
440,103
317,104
317,104
321,104
438,104
440,104
440,104
316,105
317,105
321,105
440,105
315,106
316,106
320,106
436,106
438,106
440,106
315,107
315,107
319,107
434,107
438,107
441,107
314,108
315,108
319,108
430,108
433,108
434,108
438,108
441,108
313,109
314,109
318,109
430,109
433,109
434,109
438,109
440,109
313,110
313,110
318,110
430,110
433,110
434,110
439,110
439,110
312,111
313,111
318,111
430,111
434,111
434,111
312,112
312,112
316,112
430,112
434,112
434,112
311,113
311,113
316,113
427,113
429,113
429,113
311,114
311,114
315,114
426,114
314,115
425,115
314,116
314,116
316,116
424,116
314,117
314,117
316,117
421,117
423,117
424,117
316,118
420,118
422,118
423,118
316,119
419,119
421,119
422,119
316,120
420,120
316,121
419,121
315,122
419,122
316,123
417,123
315,124
418,124
315,125
418,125
315,126
417,126
314,127
417,127
314,128
417,128
314,129
417,129
314,130
416,130
313,131
416,131
314,132
417,132
313,133
417,133
313,134
416,134
314,135
416,135
313,136
416,136
313,137
416,137
313,138
415,138
313,139
415,139
313,140
415,140
313,141
415,141
314,142
415,142
314,143
415,143
313,144
414,144
314,145
414,145
314,146
414,146
314,147
414,147
315,148
413,148
315,149
413,149
315,150
413,150
316,151
413,151
316,152
412,152
316,153
412,153
317,154
412,154
317,155
411,155
317,156
411,156
317,157
411,157
317,158
411,158
318,159
411,159
319,160
411,160
319,161
411,161
319,162
410,162
320,163
410,163
320,164
410,164
320,165
410,165
320,166
410,166
320,167
410,167
321,168
410,168
321,169
409,169
322,170
409,170
322,171
409,171
322,172
409,172
322,173
409,173
322,174
409,174
323,175
409,175
185,176
185,176
323,176
409,176
184,177
189,177
323,177
409,177
185,178
191,178
323,178
409,178
186,179
187,179
189,179
190,179
195,179
199,179
322,179
409,179
186,180
196,180
199,180
200,180
322,180
409,180
187,181
197,181
200,181
200,181
322,181
409,181
187,182
201,182
322,182
410,182
186,183
186,183
188,183
201,183
321,183
410,183
183,184
201,184
321,184
410,184
179,185
202,185
320,185
410,185
176,186
202,186
321,186
410,186
175,187
202,187
320,187
410,187
174,188
203,188
320,188
410,188
172,189
203,189
319,189
410,189
172,190
205,190
319,190
410,190
170,191
205,191
319,191
410,191
170,192
171,192
173,192
207,192
318,192
410,192
169,193
170,193
172,193
207,193
318,193
410,193
169,194
169,194
171,194
208,194
318,194
411,194
168,195
169,195
171,195
208,195
318,195
411,195
167,196
168,196
170,196
209,196
318,196
411,196
167,197
207,197
209,197
210,197
318,197
411,197
167,198
207,198
209,198
210,198
317,198
411,198
166,199
211,199
317,199
411,199
166,200
210,200
317,200
411,200
166,201
210,201
316,201
411,201
165,202
210,202
314,202
411,202
165,203
210,203
312,203
411,203
165,204
210,204
311,204
409,204
411,204
411,204
164,205
210,205
310,205
412,205
164,206
210,206
309,206
411,206
164,207
203,207
205,207
210,207
307,207
411,207
164,208
203,208
306,208
415,208
165,209
202,209
305,209
415,209
164,210
202,210
304,210
416,210
163,211
201,211
303,211
416,211
163,212
202,212
302,212
416,212
163,213
203,213
301,213
417,213
163,214
204,214
300,214
417,214
163,215
205,215
299,215
417,215
163,216
204,216
298,216
418,216
163,217
204,217
297,217
418,217
163,218
203,218
296,218
419,218
163,219
203,219
295,219
419,219
163,220
202,220
294,220
419,220
163,221
201,221
293,221
420,221
163,222
201,222
292,222
417,222
419,222
420,222
163,223
201,223
291,223
419,223
163,224
201,224
290,224
420,224
163,225
201,225
289,225
420,225
163,226
201,226
288,226
420,226
163,227
201,227
287,227
418,227
163,228
201,228
286,228
417,228
162,229
202,229
284,229
417,229
162,230
203,230
284,230
418,230
162,231
204,231
282,231
416,231
418,231
418,231
162,232
201,232
203,232
206,232
281,232
416,232
418,232
419,232
162,233
208,233
280,233
420,233
162,234
209,234
279,234
420,234
162,235
210,235
278,235
421,235
162,236
210,236
212,236
212,236
278,236
422,236
162,237
213,237
277,237
422,237
162,238
215,238
276,238
423,238
162,239
216,239
274,239
424,239
162,240
217,240
273,240
424,240
162,241
218,241
272,241
425,241
162,242
219,242
272,242
426,242
161,243
220,243
270,243
426,243
161,244
220,244
269,244
427,244
161,245
221,245
268,245
425,245
427,245
428,245
161,246
222,246
267,246
428,246
161,247
222,247
265,247
429,247
160,248
223,248
265,248
430,248
160,249
224,249
263,249
430,249
160,250
224,250
263,250
431,250
160,251
225,251
261,251
432,251
159,252
185,252
189,252
225,252
260,252
432,252
159,253
185,253
190,253
226,253
259,253
433,253
159,254
184,254
190,254
227,254
258,254
434,254
159,255
184,255
190,255
227,255
255,255
434,255
159,256
184,256
190,256
228,256
255,256
435,256
158,257
184,257
190,257
229,257
253,257
433,257
435,257
436,257
158,258
184,258
190,258
229,258
251,258
436,258
158,259
184,259
190,259
229,259
245,259
437,259
158,260
183,260
190,260
230,260
235,260
235,260
239,260
437,260
157,261
183,261
190,261
438,261
157,262
183,262
190,262
439,262
157,263
183,263
190,263
439,263
157,264
183,264
190,264
440,264
156,265
183,265
190,265
441,265
156,266
182,266
190,266
442,266
156,267
182,267
190,267
442,267
156,268
182,268
190,268
318,268
323,268
443,268
156,269
182,269
190,269
316,269
323,269
444,269
155,270
182,270
190,270
315,270
322,270
445,270
155,271
182,271
190,271
313,271
322,271
445,271
155,272
181,272
190,272
312,272
322,272
446,272
155,273
181,273
190,273
310,273
322,273
446,273
155,274
181,274
189,274
308,274
322,274
447,274
155,275
181,275
189,275
307,275
321,275
448,275
155,276
181,276
190,276
305,276
321,276
448,276
155,277
181,277
189,277
303,277
321,277
449,277
154,278
181,278
189,278
302,278
321,278
450,278
154,279
181,279
189,279
301,279
321,279
450,279
154,280
181,280
189,280
299,280
320,280
451,280
154,281
180,281
189,281
298,281
320,281
452,281
154,282
180,282
189,282
296,282
320,282
453,282
154,283
180,283
189,283
294,283
320,283
453,283
154,284
180,284
189,284
293,284
320,284
453,284
154,285
181,285
189,285
292,285
319,285
454,285
154,286
180,286
189,286
290,286
319,286
455,286
155,287
180,287
189,287
289,287
319,287
456,287
155,288
180,288
189,288
201,288
205,288
287,288
319,288
456,288
155,289
180,289
189,289
201,289
205,289
285,289
318,289
457,289
155,290
180,290
189,290
201,290
204,290
283,290
318,290
457,290
155,291
180,291
188,291
282,291
318,291
457,291
155,292
180,292
188,292
281,292
318,292
459,292
155,293
180,293
188,293
280,293
317,293
459,293
155,294
180,294
188,294
278,294
317,294
460,294
155,295
179,295
188,295
276,295
317,295
460,295
155,296
179,296
189,296
275,296
317,296
460,296
156,297
178,297
189,297
189,297
191,297
274,297
317,297
462,297
156,298
178,298
190,298
273,298
316,298
462,298
156,299
177,299
190,299
272,299
316,299
462,299
156,300
176,300
190,300
271,300
316,300
463,300
156,301
177,301
189,301
270,301
315,301
464,301
156,302
178,302
188,302
269,302
315,302
464,302
156,303
178,303
187,303
268,303
315,303
465,303
157,304
178,304
186,304
197,304
203,304
265,304
315,304
465,304
157,305
178,305
186,305
197,305
202,305
265,305
314,305
466,305
157,306
178,306
186,306
196,306
202,306
264,306
314,306
466,306
157,307
178,307
186,307
196,307
202,307
263,307
314,307
467,307
157,308
175,308
177,308
177,308
187,308
187,308
189,308
191,308
195,308
196,308
200,308
262,308
314,308
468,308
157,309
175,309
177,309
177,309
187,309
187,309
189,309
191,309
199,309
262,309
314,309
468,309
157,310
175,310
177,310
177,310
189,310
190,310
198,310
262,310
313,310
469,310
158,311
174,311
189,311
189,311
196,311
262,311
313,311
469,311
158,312
169,312
171,312
174,312
194,312
262,312
313,312
470,312
159,313
169,313
172,313
174,313
193,313
194,313
196,313
263,313
312,313
470,313
159,314
168,314
172,314
174,314
192,314
264,314
312,314
470,314
159,315
168,315
172,315
174,315
191,315
264,315
312,315
471,315
160,316
168,316
173,316
174,316
192,316
264,316
312,316
472,316
161,317
169,317
173,317
174,317
192,317
265,317
311,317
472,317
161,318
169,318
173,318
174,318
192,318
197,318
200,318
265,318
311,318
473,318
161,319
169,319
174,319
174,319
192,319
197,319
200,319
266,319
311,319
473,319
161,320
169,320
174,320
174,320
193,320
196,320
200,320
266,320
310,320
474,320
162,321
168,321
174,321
174,321
200,321
267,321
310,321
474,321
162,322
166,322
168,322
168,322
200,322
267,322
309,322
475,322
162,323
166,323
168,323
169,323
199,323
268,323
309,323
475,323
163,324
166,324
168,324
169,324
199,324
268,324
309,324
476,324
164,325
168,325
198,325
269,325
309,325
477,325
164,326
164,326
168,326
169,326
198,326
269,326
308,326
477,326
164,327
164,327
168,327
169,327
197,327
268,327
308,327
478,327
164,328
164,328
167,328
167,328
169,328
169,328
198,328
268,328
270,328
270,328
308,328
478,328
198,329
271,329
307,329
479,329
199,330
271,330
307,330
479,330
199,331
271,331
307,331
479,331
199,332
270,332
272,332
272,332
307,332
479,332
199,333
270,333
272,333
272,333
306,333
479,333
199,334
273,334
306,334
479,334
199,335
273,335
306,335
479,335
199,336
274,336
305,336
479,336
199,337
274,337
305,337
479,337
198,338
275,338
305,338
479,338
198,339
275,339
304,339
479,339
198,340
276,340
304,340
479,340
198,341
276,341
304,341
479,341
197,342
277,342
304,342
479,342
197,343
277,343
303,343
479,343
197,344
276,344
303,344
479,344
197,345
276,345
278,345
278,345
302,345
479,345
197,346
279,346
302,346
479,346
197,347
279,347
302,347
479,347
197,348
279,348
302,348
479,348
196,349
278,349
301,349
479,349
196,350
278,350
280,350
280,350
301,350
479,350
196,351
281,351
301,351
479,351
196,352
281,352
300,352
479,352
196,353
282,353
300,353
479,353
195,354
282,354
300,354
479,354
195,355
283,355
299,355
479,355
195,356
282,356
299,356
479,356
195,357
281,357
299,357
479,357
195,358
284,358
299,358
479,358
195,359
284,359
299,359
479,359
