428,0
479,0
427,1
479,1
426,2
479,2
425,3
479,3
422,4
479,4
420,5
479,5
418,6
479,6
417,7
479,7
412,8
479,8
410,9
479,9
407,10
479,10
404,11
479,11
401,12
479,12
399,13
479,13
396,14
479,14
394,15
479,15
392,16
479,16
389,17
479,17
386,18
479,18
384,19
479,19
383,20
479,20
382,21
479,21
381,22
479,22
380,23
479,23
380,24
388,24
393,24
479,24
379,25
379,25
381,25
386,25
392,25
479,25
378,26
385,26
391,26
479,26
377,27
380,27
382,27
384,27
390,27
479,27
377,28
383,28
390,28
479,28
376,29
382,29
388,29
479,29
380,30
381,30
387,30
479,30
386,31
479,31
385,32
479,32
384,33
440,33
443,33
479,33
384,34
439,34
443,34
479,34
382,35
438,35
443,35
479,35
381,36
437,36
442,36
479,36
381,37
436,37
442,37
469,37
472,37
479,37
379,38
434,38
441,38
468,38
472,38
479,38
378,39
434,39
440,39
451,39
454,39
467,39
472,39
479,39
378,40
432,40
440,40
451,40
454,40
466,40
471,40
479,40
377,41
378,41
380,41
432,41
439,41
450,41
455,41
464,41
471,41
479,41
376,42
431,42
439,42
449,42
454,42
464,42
471,42
479,42
375,43
430,43
438,43
448,43
453,43
463,43
471,43
479,43
374,44
429,44
437,44
447,44
453,44
462,44
470,44
479,44
373,45
382,45
386,45
429,45
436,45
445,45
452,45
460,45
470,45
479,45
372,46
382,46
385,46
427,46
436,46
445,46
451,46
459,46
469,46
479,46
371,47
380,47
385,47
426,47
435,47
444,47
450,47
458,47
469,47
479,47
370,48
379,48
384,48
426,48
434,48
444,48
449,48
458,48
469,48
479,48
369,49
378,49
383,49
425,49
434,49
443,49
449,49
457,49
468,49
479,49
368,50
375,50
382,50
392,50
396,50
424,50
434,50
442,50
448,50
456,50
468,50
479,50
367,51
375,51
381,51
391,51
396,51
423,51
432,51
441,51
447,51
455,51
468,51
479,51
366,52
374,52
381,52
390,52
395,52
423,52
432,52
440,52
446,52
454,52
467,52
479,52
365,53
374,53
380,53
387,53
394,53
422,53
431,53
438,53
446,53
451,53
467,53
479,53
364,54
373,54
380,54
387,54
393,54
422,54
430,54
438,54
445,54
452,54
467,54
479,54
363,55
372,55
378,55
386,55
392,55
421,55
429,55
436,55
444,55
451,55
466,55
479,55
362,56
370,56
377,56
386,56
392,56
420,56
428,56
436,56
443,56
451,56
466,56
479,56
361,57
363,57
365,57
370,57
376,57
384,57
391,57
419,57
428,57
434,57
443,57
451,57
465,57
479,57
361,58
362,58
365,58
367,58
369,58
369,58
375,58
382,58
390,58
418,58
427,58
435,58
442,58
450,58
465,58
479,58
360,59
368,59
374,59
382,59
390,59
418,59
426,59
434,59
441,59
449,59
465,59
479,59
359,60
367,60
372,60
381,60
389,60
397,60
401,60
417,60
425,60
433,60
441,60
448,60
464,60
479,60
359,61
361,61
363,61
366,61
371,61
379,61
388,61
397,61
400,61
416,61
424,61
432,61
440,61
448,61
464,61
479,61
358,62
366,62
370,62
378,62
387,62
395,62
400,62
415,62
423,62
432,62
439,62
447,62
464,62
479,62
226,63
227,63
358,63
362,63
364,63
364,63
369,63
377,63
385,63
395,63
400,63
415,63
422,63
423,63
425,63
431,63
439,63
446,63
463,63
479,63
225,64
228,64
359,64
362,64
368,64
377,64
385,64
392,64
399,64
413,64
422,64
430,64
438,64
445,64
463,64
479,64
224,65
225,65
227,65
229,65
367,65
376,65
384,65
390,65
398,65
413,65
421,65
429,65
438,65
444,65
462,65
479,65
224,66
224,66
226,66
230,66
366,66
374,66
382,66
389,66
397,66
412,66
420,66
428,66
438,66
443,66
462,66
479,66
224,67
231,67
366,67
374,67
381,67
388,67
396,67
403,67
405,67
411,67
420,67
428,67
438,67
443,67
462,67
479,67
203,68
203,68
224,68
229,68
231,68
232,68
365,68
373,68
380,68
388,68
395,68
402,68
406,68
410,68
419,68
427,68
438,68
442,68
461,68
479,68
204,69
204,69
224,69
230,69
232,69
232,69
365,69
372,69
380,69
386,69
394,69
399,69
406,69
408,69
410,69
410,69
419,69
426,69
437,69
441,69
461,69
479,69
205,70
205,70
223,70
231,70
233,70
233,70
364,70
371,70
378,70
385,70
393,70
400,70
406,70
409,70
418,70
425,70
437,70
440,70
461,70
479,70
206,71
206,71
223,71
234,71
366,71
369,71
379,71
384,71
392,71
398,71
405,71
408,71
418,71
424,71
437,71
438,71
460,71
479,71
207,72
208,72
223,72
234,72
363,72
369,72
376,72
384,72
392,72
398,72
404,72
407,72
419,72
423,72
460,72
479,72
208,73
209,73
223,73
235,73
363,73
368,73
376,73
383,73
391,73
397,73
404,73
406,73
419,73
422,73
460,73
479,73
208,74
211,74
223,74
235,74
363,74
366,74
376,74
381,74
391,74
395,74
421,74
421,74
459,74
479,74
208,75
212,75
224,75
236,75
375,75
380,75
391,75
395,75
420,75
420,75
459,75
479,75
209,76
215,76
222,76
236,76
375,76
379,76
390,76
394,76
459,76
479,76
209,77
216,77
221,77
236,77
374,77
378,77
390,77
393,77
458,77
479,77
210,78
217,78
219,78
237,78
392,78
392,78
458,78
479,78
210,79
237,79
458,79
479,79
211,80
238,80
458,80
479,80
212,81
239,81
457,81
479,81
212,82
239,82
457,82
479,82
212,83
240,83
456,83
479,83
211,84
241,84
456,84
479,84
208,85
242,85
456,85
479,85
207,86
242,86
244,86
244,86
455,86
479,86
206,87
235,87
239,87
240,87
242,87
244,87
455,87
479,87
204,88
236,88
242,88
243,88
454,88
479,88
203,89
237,89
243,89
243,89
454,89
479,89
202,90
238,90
454,90
479,90
201,91
239,91
453,91
479,91
201,92
240,92
453,92
479,92
201,93
240,93
453,93
479,93
200,94
241,94
452,94
479,94
200,95
241,95
452,95
479,95
199,96
242,96
452,96
479,96
199,97
241,97
451,97
479,97
199,98
242,98
451,98
479,98
198,99
242,99
451,99
479,99
198,100
239,100
241,100
242,100
450,100
479,100
197,101
239,101
241,101
242,101
450,101
479,101
198,102
241,102
450,102
479,102
197,103
239,103
241,103
241,103
450,103
479,103
197,104
241,104
449,104
479,104
197,105
242,105
449,105
479,105
197,106
243,106
448,106
479,106
197,107
244,107
448,107
479,107
197,108
245,108
448,108
479,108
196,109
246,109
447,109
479,109
196,110
248,110
447,110
479,110
196,111
249,111
447,111
479,111
197,112
250,112
447,112
479,112
197,113
238,113
241,113
249,113
251,113
251,113
446,113
479,113
197,114
238,114
242,114
254,114
445,114
479,114
197,115
238,115
244,115
254,115
445,115
479,115
198,116
238,116
243,116
257,116
445,116
479,116
198,117
239,117
243,117
258,117
445,117
479,117
198,118
260,118
444,118
479,118
198,119
263,119
444,119
479,119
198,120
250,120
253,120
266,120
443,120
479,120
199,121
249,121
256,121
262,121
264,121
264,121
266,121
267,121
443,121
479,121
199,122
248,122
257,122
269,122
442,122
479,122
199,123
248,123
259,123
270,123
272,123
272,123
295,123
295,123
442,123
479,123
200,124
249,124
261,124
274,124
292,124
292,124
294,124
294,124
442,124
479,124
200,125
252,125
262,125
274,125
276,125
276,125
290,125
294,125
441,125
479,125
200,126
253,126
266,126
278,126
286,126
286,126
288,126
296,126
441,126
479,126
201,127
254,127
268,127
282,127
284,127
298,127
441,127
479,127
202,128
255,128
269,128
295,128
297,128
298,128
301,128
301,128
440,128
479,128
202,129
257,129
271,129
297,129
301,129
302,129
440,129
479,129
203,130
258,130
272,130
296,130
300,130
300,130
439,130
479,130
204,131
259,131
272,131
296,131
299,131
299,131
302,131
302,131
439,131
479,131
205,132
261,132
270,132
300,132
439,132
479,132
205,133
261,133
268,133
301,133
438,133
479,133
206,134
263,134
266,134
299,134
301,134
301,134
438,134
479,134
207,135
299,135
437,135
479,135
208,136
281,136
286,136
300,136
437,136
479,136
209,137
281,137
288,137
299,137
436,137
479,137
210,138
277,138
290,138
299,138
301,138
301,138
436,138
479,138
210,139
276,139
292,139
303,139
436,139
479,139
211,140
276,140
294,140
304,140
435,140
479,140
213,141
276,141
298,141
306,141
435,141
479,141
213,142
277,142
301,142
307,142
434,142
479,142
214,143
279,143
302,143
306,143
309,143
310,143
434,143
479,143
215,144
283,144
433,144
479,144
216,145
284,145
433,145
479,145
217,146
286,146
432,146
479,146
218,147
288,147
432,147
479,147
220,148
279,148
282,148
290,148
432,148
479,148
221,149
280,149
285,149
292,149
431,149
479,149
222,150
281,150
289,150
294,150
430,150
479,150
223,151
284,151
291,151
296,151
430,151
479,151
224,152
286,152
293,152
297,152
430,152
479,152
225,153
288,153
297,153
299,153
429,153
479,153
226,154
289,154
300,154
301,154
429,154
479,154
227,155
291,155
302,155
303,155
429,155
479,155
229,156
283,156
288,156
293,156
305,156
305,156
428,156
479,156
230,157
283,157
292,157
294,157
428,157
479,157
231,158
285,158
295,158
296,158
427,158
479,158
232,159
287,159
297,159
297,159
427,159
479,159
232,160
291,160
426,160
479,160
233,161
293,161
425,161
479,161
234,162
296,162
302,162
302,162
304,162
304,162
425,162
479,162
235,163
315,163
425,163
479,163
236,164
322,164
424,164
479,164
237,165
313,165
317,165
333,165
338,165
345,165
424,165
479,165
238,166
347,166
351,166
355,166
424,166
479,166
239,167
353,167
356,167
364,167
423,167
479,167
241,168
383,168
422,168
479,168
243,169
385,169
422,169
479,169
243,170
388,170
421,170
479,170
244,171
390,171
421,171
479,171
245,172
391,172
421,172
479,172
247,173
392,173
420,173
479,173
248,174
394,174
419,174
479,174
250,175
395,175
419,175
479,175
251,176
397,176
418,176
479,176
253,177
399,177
418,177
479,177
254,178
400,178
417,178
479,178
256,179
401,179
417,179
479,179
256,180
401,180
416,180
479,180
257,181
402,181
416,181
479,181
256,182
403,182
415,182
479,182
257,183
403,183
415,183
479,183
257,184
405,184
414,184
479,184
258,185
405,185
414,185
479,185
258,186
407,186
414,186
479,186
258,187
407,187
413,187
479,187
258,188
404,188
406,188
406,188
412,188
479,188
258,189
406,189
412,189
479,189
258,190
405,190
411,190
479,190
259,191
405,191
411,191
479,191
259,192
404,192
410,192
479,192
259,193
404,193
409,193
479,193
260,194
405,194
409,194
479,194
260,195
404,195
409,195
479,195
261,196
404,196
407,196
479,196
263,197
404,197
407,197
479,197
262,198
479,198
261,199
479,199
263,200
479,200
263,201
479,201
264,202
479,202
265,203
479,203
265,204
479,204
266,205
479,205
266,206
479,206
267,207
479,207
268,208
479,208
269,209
479,209
270,210
479,210
271,211
479,211
272,212
479,212
273,213
479,213
274,214
479,214
275,215
479,215
275,216
479,216
276,217
479,217
277,218
479,218
278,219
479,219
280,220
479,220
280,221
479,221
281,222
479,222
281,223
479,223
283,224
479,224
284,225
479,225
285,226
479,226
286,227
479,227
288,228
479,228
288,229
479,229
288,230
385,230
388,230
479,230
288,231
384,231
388,231
479,231
289,232
384,232
387,232
479,232
290,233
383,233
387,233
479,233
291,234
379,234
381,234
382,234
386,234
479,234
292,235
381,235
386,235
479,235
293,236
381,236
385,236
479,236
294,237
380,237
385,237
479,237
294,238
380,238
384,238
479,238
295,239
379,239
384,239
479,239
296,240
378,240
383,240
479,240
297,241
378,241
383,241
479,241
297,242
378,242
382,242
479,242
298,243
377,243
382,243
479,243
299,244
376,244
382,244
479,244
300,245
377,245
382,245
479,245
302,246
377,246
380,246
479,246
302,247
376,247
380,247
479,247
303,248
375,248
379,248
479,248
304,249
375,249
379,249
479,249
304,250
374,250
378,250
479,250
305,251
374,251
378,251
479,251
305,252
372,252
378,252
479,252
306,253
372,253
377,253
479,253
307,254
369,254
377,254
479,254
307,255
368,255
376,255
479,255
308,256
367,256
375,256
479,256
308,257
367,257
375,257
479,257
309,258
366,258
375,258
479,258
310,259
366,259
374,259
479,259
311,260
365,260
374,260
383,260
386,260
479,260
311,261
364,261
374,261
381,261
386,261
479,261
312,262
359,262
374,262
380,262
385,262
479,262
312,263
359,263
374,263
380,263
384,263
479,263
313,264
357,264
374,264
379,264
384,264
479,264
314,265
357,265
374,265
378,265
384,265
479,265
314,266
355,266
374,266
378,266
383,266
479,266
314,267
355,267
374,267
377,267
382,267
479,267
316,268
355,268
374,268
376,268
382,268
479,268
316,269
356,269
375,269
375,269
382,269
479,269
317,270
357,270
381,270
479,270
317,271
359,271
380,271
479,271
319,272
358,272
360,272
360,272
380,272
479,272
320,273
360,273
380,273
479,273
322,274
360,274
379,274
479,274
323,275
358,275
360,275
360,275
380,275
479,275
324,276
346,276
349,276
358,276
360,276
360,276
379,276
479,276
325,277
334,277
351,277
358,277
379,277
479,277
325,278
331,278
378,278
479,278
326,279
331,279
378,279
479,279
327,280
327,280
378,280
479,280
378,281
479,281
378,282
479,282
378,283
479,283
376,284
479,284
376,285
479,285
376,286
479,286
376,287
479,287
376,288
479,288
376,289
479,289
375,290
479,290
375,291
479,291
375,292
479,292
375,293
479,293
374,294
479,294
374,295
479,295
374,296
479,296
374,297
479,297
373,298
479,298
373,299
479,299
373,300
479,300
373,301
479,301
372,302
479,302
372,303
479,303
372,304
479,304
372,305
479,305
371,306
479,306
371,307
479,307
371,308
479,308
371,309
479,309
371,310
479,310
370,311
479,311
371,312
479,312
373,313
479,313
375,314
479,314
376,315
479,315
378,316
479,316
383,317
479,317
385,318
479,318
386,319
479,319
388,320
479,320
390,321
431,321
434,321
479,321
393,322
429,322
438,322
479,322
395,323
428,323
440,323
479,323
397,324
427,324
442,324
479,324
399,325
427,325
442,325
479,325
401,326
427,326
442,326
479,326
403,327
427,327
442,327
479,327
408,328
427,328
442,328
479,328
409,329
427,329
442,329
479,329
410,330
427,330
442,330
479,330
411,331
427,331
442,331
479,331
416,332
426,332
442,332
479,332
419,333
426,333
442,333
479,333
422,334
423,334
425,334
426,334
442,334
479,334
422,335
423,335
425,335
426,335
442,335
479,335
442,336
479,336
445,337
479,337
465,338
479,338
469,339
479,339
