189,186
189,186
174,187
180,187
188,187
190,187
173,188
191,188
171,189
192,189
170,190
193,190
170,191
195,191
169,192
196,192
168,193
196,193
168,194
197,194
167,195
199,195
166,196
199,196
235,196
239,196
166,197
200,197
234,197
241,197
166,198
166,198
168,198
201,198
228,198
232,198
234,198
241,198
243,198
244,198
165,199
166,199
168,199
201,199
227,199
230,199
232,199
232,199
234,199
246,199
165,200
202,200
227,200
235,200
237,200
246,200
165,201
202,201
225,201
227,201
229,201
244,201
246,201
247,201
165,202
203,202
223,202
227,202
229,202
246,202
165,203
203,203
222,203
245,203
165,204
204,204
221,204
240,204
242,204
244,204
165,205
205,205
219,205
243,205
165,206
205,206
219,206
239,206
165,207
205,207
218,207
236,207
238,207
238,207
165,208
167,208
169,208
203,208
216,208
223,208
225,208
231,208
234,208
237,208
166,209
167,209
169,209
201,209
213,209
231,209
234,209
234,209
166,210
201,210
211,210
231,210
167,211
201,211
211,211
211,211
214,211
230,211
168,212
202,212
208,212
229,212
169,213
204,213
207,213
227,213
169,214
223,214
170,215
223,215
170,216
221,216
170,217
221,217
171,218
222,218
171,219
223,219
172,220
224,220
173,221
224,221
173,222
224,222
174,223
225,223
176,224
226,224
177,225
226,225
180,226
228,226
180,227
229,227
183,228
230,228
186,229
232,229
187,230
232,230
188,231
233,231
188,232
235,232
188,233
235,233
189,234
235,234
312,234
313,234
316,234
316,234
329,234
329,234
332,234
333,234
190,235
236,235
303,235
304,235
306,235
307,235
309,235
319,235
327,235
331,235
333,235
334,235
190,236
237,236
303,236
305,236
307,236
333,236
191,237
237,237
298,237
333,237
191,238
239,238
295,238
334,238
192,239
240,239
292,239
334,239
191,240
241,240
287,240
332,240
191,241
241,241
284,241
332,241
190,242
244,242
282,242
332,242
190,243
246,243
248,243
249,243
277,243
332,243
190,244
259,244
273,244
332,244
191,245
260,245
266,245
332,245
191,246
332,246
192,247
331,247
192,248
330,248
193,249
330,249
193,250
329,250
194,251
327,251
194,252
328,252
195,253
327,253
198,254
326,254
200,255
326,255
201,256
323,256
200,257
323,257
201,258
322,258
201,259
321,259
202,260
225,260
229,260
320,260
203,261
224,261
230,261
230,261
232,261
319,261
203,262
224,262
230,262
318,262
206,263
223,263
230,263
317,263
206,264
223,264
230,264
316,264
207,265
224,265
231,265
315,265
213,266
224,266
231,266
315,266
216,267
225,267
231,267
315,267
217,268
227,268
231,268
313,268
218,269
227,269
231,269
313,269
219,270
313,270
219,271
313,271
220,272
313,272
221,273
314,273
222,274
314,274
222,275
316,275
226,276
316,276
226,277
317,277
227,278
318,278
228,279
317,279
229,280
319,280
230,281
237,281
240,281
320,281
231,282
235,282
240,282
305,282
308,282
321,282
232,283
235,283
241,283
305,283
308,283
322,283
344,283
344,283
242,284
303,284
310,284
322,284
332,284
333,284
336,284
344,284
243,285
303,285
311,285
322,285
324,285
324,285
331,285
334,285
336,285
345,285
243,286
303,286
312,286
346,286
244,287
303,287
312,287
345,287
245,288
302,288
313,288
345,288
245,289
302,289
314,289
344,289
246,290
302,290
315,290
344,290
246,291
301,291
316,291
343,291
247,292
300,292
318,292
341,292
248,293
300,293
318,293
340,293
248,294
299,294
319,294
337,294
248,295
299,295
320,295
336,295
249,296
299,296
320,296
330,296
332,296
333,296
249,297
299,297
321,297
327,297
250,298
298,298
250,299
297,299
250,300
297,300
251,301
296,301
251,302
296,302
251,303
295,303
251,304
294,304
250,305
294,305
250,306
293,306
248,307
293,307
249,308
293,308
249,309
292,309
249,310
292,310
250,311
291,311
250,312
290,312
250,313
289,313
250,314
289,314
250,315
288,315
251,316
289,316
251,317
289,317
252,318
290,318
252,319
290,319
253,320
256,320
258,320
291,320
254,321
291,321
256,322
291,322
259,323
291,323
259,324
280,324
283,324
292,324
262,325
279,325
283,325
293,325
262,326
276,326
283,326
294,326
261,327
275,327
283,327
298,327
261,328
272,328
282,328
282,328
284,328
303,328
263,329
270,329
282,329
305,329
263,330
263,330
265,330
268,330
283,330
307,330
283,331
307,331
286,332
307,332
287,333
306,333
292,334
306,334
294,335
305,335
296,336
304,336
