215,56
226,56
211,57
228,57
209,58
230,58
207,59
231,59
207,60
232,60
205,61
233,61
205,62
235,62
204,63
235,63
203,64
235,64
203,65
236,65
203,66
237,66
203,67
238,67
203,68
239,68
241,68
241,68
203,69
243,69
202,70
243,70
199,71
244,71
198,72
245,72
197,73
245,73
197,74
246,74
196,75
247,75
194,76
247,76
194,77
248,77
194,78
248,78
193,79
249,79
193,80
249,80
192,81
250,81
192,82
250,82
192,83
250,83
192,84
250,84
192,85
250,85
191,86
251,86
191,87
251,87
191,88
251,88
191,89
251,89
191,90
251,90
191,91
251,91
191,92
199,92
203,92
251,92
191,93
199,93
204,93
250,93
191,94
199,94
204,94
250,94
191,95
198,95
204,95
248,95
250,95
250,95
192,96
199,96
205,96
251,96
192,97
199,97
205,97
251,97
193,98
199,98
205,98
250,98
193,99
199,99
205,99
250,99
194,100
199,100
205,100
239,100
243,100
250,100
195,101
199,101
205,101
239,101
244,101
250,101
196,102
199,102
206,102
239,102
244,102
245,102
248,102
250,102
196,103
199,103
208,103
240,103
244,103
245,103
248,103
249,103
196,104
199,104
211,104
243,104
248,104
249,104
196,105
199,105
210,105
243,105
197,106
199,106
210,106
245,106
199,107
199,107
210,107
245,107
199,108
199,108
211,108
246,108
211,109
246,109
212,110
247,110
212,111
247,111
212,112
248,112
212,113
245,113
210,114
245,114
248,114
249,114
208,115
208,115
210,115
249,115
252,115
254,115
206,116
254,116
205,117
209,117
212,117
256,117
205,118
257,118
204,119
257,119
203,120
258,120
203,121
258,121
203,122
259,122
203,123
259,123
203,124
260,124
202,125
261,125
202,126
262,126
201,127
262,127
200,128
262,128
200,129
262,129
200,130
262,130
199,131
262,131
199,132
261,132
199,133
261,133
198,134
261,134
198,135
262,135
198,136
262,136
198,137
263,137
198,138
198,138
200,138
263,138
198,139
198,139
200,139
264,139
198,140
198,140
200,140
264,140
198,141
265,141
198,142
265,142
201,143
265,143
201,144
266,144
202,145
266,145
202,146
266,146
203,147
266,147
202,148
266,148
202,149
266,149
202,150
266,150
202,151
265,151
202,152
265,152
203,153
264,153
203,154
264,154
202,155
264,155
202,156
263,156
202,157
262,157
201,158
262,158
201,159
261,159
201,160
211,160
215,160
260,160
201,161
210,161
215,161
259,161
202,162
210,162
215,162
257,162
202,163
210,163
215,163
255,163
200,164
209,164
215,164
253,164
200,165
209,165
215,165
252,165
200,166
209,166
215,166
250,166
199,167
208,167
215,167
250,167
200,168
208,168
216,168
217,168
220,168
251,168
200,169
208,169
217,169
252,169
199,170
208,170
218,170
253,170
199,171
208,171
218,171
218,171
220,171
255,171
198,172
208,172
218,172
255,172
198,173
208,173
218,173
255,173
198,174
208,174
217,174
257,174
198,175
207,175
217,175
258,175
198,176
207,176
216,176
258,176
197,177
207,177
216,177
259,177
197,178
207,178
215,178
259,178
197,179
207,179
215,179
260,179
196,180
207,180
215,180
261,180
197,181
207,181
215,181
261,181
197,182
207,182
215,182
262,182
198,183
207,183
214,183
262,183
198,184
207,184
214,184
262,184
199,185
207,185
214,185
263,185
199,186
207,186
213,186
263,186
199,187
208,187
213,187
264,187
200,188
209,188
213,188
264,188
200,189
209,189
212,189
265,189
200,190
265,190
200,191
265,191
200,192
266,192
200,193
267,193
201,194
267,194
204,195
268,195
202,196
202,196
204,196
268,196
203,197
204,197
210,197
269,197
210,198
269,198
210,199
269,199
210,200
270,200
210,201
270,201
209,202
271,202
209,203
271,203
208,204
272,204
208,205
272,205
208,206
273,206
206,207
273,207
206,208
273,208
205,209
274,209
205,210
275,210
205,211
275,211
204,212
276,212
203,213
277,213
203,214
278,214
203,215
278,215
203,216
279,216
202,217
280,217
202,218
281,218
201,219
283,219
200,220
284,220
199,221
288,221
199,222
290,222
198,223
290,223
197,224
293,224
197,225
294,225
195,226
295,226
194,227
296,227
194,228
297,228
193,229
298,229
192,230
300,230
191,231
300,231
190,232
301,232
189,233
302,233
189,234
303,234
188,235
303,235
187,236
303,236
187,237
303,237
186,238
304,238
186,239
304,239
186,240
304,240
186,241
305,241
186,242
306,242
185,243
306,243
184,244
307,244
183,245
307,245
182,246
308,246
181,247
308,247
181,248
308,248
181,249
309,249
180,250
309,250
179,251
309,251
179,252
309,252
178,253
309,253
178,254
310,254
177,255
309,255
176,256
310,256
175,257
310,257
175,258
311,258
174,259
311,259
174,260
310,260
173,261
309,261
173,262
305,262
173,263
304,263
175,264
305,264
174,265
303,265
174,266
301,266
174,267
300,267
175,268
175,268
177,268
298,268
175,269
296,269
177,270
294,270
178,271
178,271
180,271
293,271
180,272
289,272
180,273
287,273
181,274
286,274
182,275
286,275
183,276
283,276
184,277
282,277
186,278
262,278
264,278
279,278
188,279
257,279
272,279
275,279
189,280
189,280
191,280
255,280
191,281
251,281
192,282
247,282
195,283
199,283
201,283
245,283
247,283
247,283
197,284
199,284
201,284
243,284
204,285
234,285
206,286
233,286
208,287
233,287
211,288
214,288
216,288
233,288
216,289
233,289
220,290
233,290
220,291
234,291
220,292
234,292
220,293
234,293
221,294
234,294
221,295
234,295
221,296
234,296
222,297
235,297
222,298
235,298
222,299
235,299
222,300
235,300
223,301
235,301
223,302
235,302
223,303
235,303
224,304
235,304
224,305
236,305
224,306
236,306
224,307
236,307
224,308
236,308
224,309
236,309
224,310
237,310
225,311
237,311
225,312
237,312
225,313
237,313
226,314
237,314
226,315
238,315
226,316
238,316
225,317
238,317
225,318
238,318
225,319
239,319
224,320
239,320
223,321
239,321
221,322
239,322
221,323
239,323
220,324
238,324
220,325
238,325
219,326
239,326
218,327
238,327
217,328
236,328
217,329
236,329
217,330
235,330
217,331
234,331
217,332
232,332
217,333
231,333
218,334
228,334
