304,56
321,56
304,57
325,57
301,58
329,58
299,59
333,59
296,60
337,60
294,61
337,61
292,62
340,62
291,63
344,63
290,64
347,64
289,65
348,65
288,66
350,66
287,67
352,67
286,68
353,68
285,69
354,69
284,70
355,70
284,71
356,71
284,72
357,72
283,73
358,73
283,74
359,74
282,75
360,75
282,76
361,76
280,77
362,77
280,78
363,78
280,79
364,79
280,80
364,80
280,81
365,81
280,82
365,82
280,83
366,83
280,84
367,84
280,85
367,85
280,86
367,86
280,87
368,87
280,88
369,88
278,89
369,89
275,90
369,90
271,91
370,91
269,92
370,92
263,93
370,93
260,94
371,94
259,95
371,95
259,96
372,96
259,97
372,97
259,98
372,98
260,99
372,99
262,100
372,100
263,101
372,101
265,102
372,102
267,103
372,103
268,104
371,104
268,105
371,105
269,106
371,106
269,107
371,107
268,108
370,108
268,109
370,109
267,110
367,110
369,110
370,110
267,111
367,111
369,111
370,111
267,112
371,112
268,113
371,113
268,114
372,114
268,115
373,115
268,116
375,116
268,117
376,117
268,118
377,118
268,119
375,119
377,119
378,119
268,120
379,120
268,121
380,121
268,122
374,122
377,122
381,122
268,123
373,123
379,123
383,123
269,124
375,124
380,124
384,124
270,125
375,125
381,125
385,125
270,126
377,126
383,126
386,126
271,127
378,127
384,127
387,127
271,128
379,128
386,128
388,128
132,129
134,129
272,129
381,129
387,129
390,129
109,130
113,130
132,130
135,130
275,130
383,130
389,130
390,130
110,131
114,131
117,131
121,131
133,131
137,131
276,131
385,131
390,131
391,131
107,132
125,132
132,132
138,132
275,132
393,132
106,133
127,133
132,133
140,133
278,133
395,133
110,134
141,134
281,134
395,134
114,135
141,135
283,135
396,135
122,136
142,136
283,136
392,136
128,137
143,137
285,137
392,137
108,138
120,138
128,138
144,138
286,138
393,138
107,139
145,139
287,139
391,139
394,139
396,139
108,140
146,140
287,140
396,140
106,141
148,141
286,141
397,141
103,142
147,142
149,142
150,142
286,142
397,142
103,143
106,143
121,143
148,143
150,143
152,143
286,143
397,143
124,144
154,144
285,144
395,144
397,144
398,144
127,145
155,145
285,145
400,145
120,146
121,146
129,146
156,146
283,146
388,146
400,146
402,146
112,147
158,147
282,147
387,147
109,148
158,148
281,148
385,148
108,149
160,149
282,149
385,149
108,150
161,150
282,150
386,150
108,151
115,151
124,151
163,151
284,151
385,151
387,151
388,151
124,152
159,152
162,152
164,152
170,152
171,152
285,152
381,152
388,152
388,152
124,153
166,153
171,153
172,153
286,153
381,153
120,154
122,154
124,154
169,154
173,154
175,154
286,154
383,154
119,155
178,155
287,155
385,155
118,156
180,156
287,156
383,156
385,156
387,156
117,157
119,157
122,157
124,157
126,157
182,157
288,157
388,157
116,158
120,158
129,158
184,158
288,158
391,158
116,159
119,159
132,159
187,159
288,159
387,159
389,159
392,159
116,160
117,160
134,160
189,160
289,160
394,160
136,161
192,161
290,161
391,161
138,162
194,162
290,162
391,162
393,162
393,162
138,163
198,163
291,163
393,163
139,164
199,164
291,164
396,164
142,165
203,165
292,165
396,165
144,166
205,166
293,166
395,166
397,166
397,166
145,167
207,167
294,167
396,167
398,167
399,167
149,168
210,168
295,168
400,168
153,169
214,169
296,169
305,169
308,169
401,169
157,170
214,170
296,170
304,170
310,170
402,170
158,171
218,171
296,171
304,171
309,171
309,171
312,171
403,171
161,172
222,172
298,172
298,172
309,172
309,172
314,172
404,172
162,173
225,173
308,173
308,173
315,173
405,173
162,174
228,174
316,174
406,174
161,175
229,175
316,175
407,175
160,176
235,176
316,176
408,176
160,177
237,177
275,177
281,177
316,177
409,177
160,178
242,178
274,178
283,178
316,178
410,178
163,179
256,179
273,179
279,179
281,179
287,179
316,179
408,179
410,179
418,179
165,180
287,180
316,180
419,180
170,181
173,181
175,181
293,181
316,181
420,181
173,182
296,182
316,182
421,182
176,183
300,183
316,183
422,183
180,184
183,184
185,184
303,184
315,184
423,184
182,185
305,185
314,185
424,185
184,186
308,186
313,186
426,186
188,187
310,187
312,187
427,187
190,188
193,188
195,188
427,188
193,189
428,189
197,190
429,190
198,191
430,191
200,192
431,192
204,193
432,193
206,194
433,194
208,195
434,195
210,196
436,196
212,197
437,197
214,198
438,198
217,199
439,199
219,200
440,200
221,201
441,201
226,202
442,202
228,203
443,203
236,204
444,204
240,205
445,205
245,206
445,206
249,207
446,207
254,208
446,208
259,209
447,209
264,210
264,210
268,210
447,210
272,211
447,211
279,212
290,212
293,212
448,212
288,213
448,213
295,214
448,214
298,215
450,215
300,216
450,216
301,217
452,217
302,218
453,218
302,219
451,219
454,219
454,219
302,220
454,220
303,221
456,221
303,222
457,222
303,223
458,223
304,224
460,224
304,225
461,225
304,226
462,226
304,227
463,227
304,228
463,228
304,229
464,229
304,230
465,230
304,231
466,231
304,232
467,232
304,233
467,233
304,234
468,234
304,235
468,235
304,236
469,236
304,237
470,237
304,238
471,238
304,239
471,239
304,240
471,240
304,241
472,241
304,242
472,242
304,243
472,243
304,244
473,244
304,245
473,245
304,246
474,246
304,247
474,247
304,248
474,248
304,249
474,249
304,250
474,250
304,251
475,251
305,252
475,252
305,253
475,253
306,254
475,254
306,255
475,255
306,256
475,256
306,257
475,257
307,258
475,258
307,259
475,259
307,260
475,260
307,261
475,261
308,262
475,262
308,263
475,263
309,264
474,264
309,265
474,265
310,266
474,266
310,267
474,267
310,268
473,268
310,269
473,269
309,270
472,270
309,271
472,271
308,272
472,272
308,273
471,273
308,274
471,274
308,275
470,275
208,276
223,276
308,276
470,276
208,277
225,277
308,277
469,277
206,278
227,278
296,278
469,278
205,279
229,279
285,279
468,279
200,280
231,280
297,280
465,280
467,280
467,280
199,281
232,281
266,281
466,281
198,282
233,282
256,282
466,282
198,283
234,283
243,283
464,283
197,284
236,284
243,284
464,284
197,285
237,285
241,285
463,285
198,286
462,286
198,287
461,287
199,288
460,288
199,289
458,289
199,290
457,290
199,291
453,291
455,291
456,291
198,292
453,292
198,293
449,293
453,293
453,293
198,294
451,294
198,295
450,295
199,296
448,296
199,297
447,297
200,298
444,298
200,299
442,299
199,300
438,300
199,301
437,301
198,302
198,302
200,302
433,302
198,303
198,303
200,303
430,303
200,304
423,304
199,305
418,305
200,306
407,306
200,307
403,307
200,308
398,308
400,308
403,308
200,309
320,309
322,309
325,309
328,309
397,309
402,309
402,309
200,310
323,310
328,310
397,310
199,311
311,311
328,311
398,311
199,312
234,312
246,312
283,312
329,312
400,312
199,313
231,313
246,313
268,313
271,313
273,313
330,313
400,313
199,314
225,314
228,314
228,314
247,314
265,314
332,314
401,314
200,315
224,315
248,315
259,315
332,315
401,315
208,316
219,316
246,316
249,316
332,316
404,316
332,317
405,317
332,318
406,318
332,319
407,319
334,320
408,320
334,321
409,321
334,322
411,322
334,323
412,323
334,324
413,324
334,325
414,325
334,326
415,326
334,327
417,327
334,328
418,328
334,329
419,329
333,330
421,330
333,331
422,331
333,332
423,332
332,333
424,333
332,334
425,334
332,335
423,335
425,335
426,335
332,336
427,336
332,337
428,337
331,338
429,338
331,339
430,339
331,340
431,340
331,341
432,341
330,342
432,342
330,343
433,343
330,344
434,344
330,345
434,345
330,346
435,346
330,347
435,347
330,348
436,348
329,349
437,349
329,350
437,350
329,351
438,351
329,352
438,352
329,353
439,353
328,354
439,354
328,355
440,355
328,356
440,356
327,357
441,357
327,358
441,358
327,359
442,359
