80,123
90,123
78,124
103,124
77,125
104,125
76,126
106,126
76,127
111,127
77,128
119,128
76,129
122,129
77,130
126,130
80,131
127,131
79,132
132,132
82,133
133,133
85,134
134,134
90,135
138,135
94,136
143,136
100,137
144,137
103,138
146,138
148,138
148,138
106,139
150,139
110,140
114,140
116,140
155,140
115,141
155,141
119,142
158,142
121,143
162,143
123,144
164,144
94,145
112,145
120,145
167,145
93,146
170,146
90,147
169,147
172,147
173,147
87,148
175,148
85,149
176,149
82,150
178,150
82,151
182,151
79,152
79,152
81,152
184,152
79,153
186,153
78,154
189,154
78,155
191,155
79,156
81,156
84,156
95,156
97,156
193,156
84,157
84,157
92,157
92,157
103,157
196,157
110,158
198,158
116,159
200,159
123,160
202,160
128,161
205,161
129,162
207,162
128,163
208,163
128,164
212,164
126,165
214,165
120,166
218,166
244,166
247,166
116,167
219,167
243,167
255,167
115,168
223,168
244,168
256,168
110,169
225,169
244,169
264,169
107,170
107,170
109,170
227,170
240,170
269,170
105,171
231,171
240,171
276,171
107,172
235,172
240,172
283,172
103,173
290,173
102,174
295,174
101,175
303,175
100,176
311,176
99,177
314,177
318,177
321,177
97,178
125,178
144,178
326,178
328,178
328,178
96,179
121,179
144,179
333,179
95,180
112,180
114,180
114,180
116,180
116,180
144,180
348,180
94,181
103,181
105,181
109,181
144,181
349,181
352,181
355,181
95,182
107,182
142,182
361,182
96,183
104,183
140,183
371,183
137,184
383,184
137,185
387,185
135,186
395,186
477,186
479,186
132,187
401,187
464,187
479,187
131,188
151,188
170,188
407,188
449,188
479,188
130,189
148,189
172,189
408,189
443,189
479,189
129,190
146,190
174,190
413,190
426,190
438,190
440,190
479,190
129,191
141,191
144,191
145,191
174,191
407,191
409,191
415,191
424,191
479,191
127,192
142,192
175,192
479,192
125,193
141,193
177,193
479,193
125,194
141,194
178,194
479,194
125,195
136,195
138,195
138,195
179,195
479,195
124,196
136,196
180,196
479,196
124,197
135,197
181,197
479,197
124,198
134,198
182,198
479,198
123,199
133,199
183,199
479,199
125,200
131,200
185,200
479,200
122,201
130,201
185,201
479,201
122,202
128,202
187,202
479,202
122,203
124,203
188,203
479,203
122,204
125,204
190,204
479,204
122,205
123,205
192,205
479,205
195,206
479,206
197,207
479,207
200,208
479,208
205,209
479,209
211,210
479,210
219,211
479,211
220,212
479,212
224,213
479,213
226,214
479,214
227,215
479,215
230,216
479,216
232,217
479,217
232,218
479,218
233,219
479,219
234,220
479,220
234,221
479,221
235,222
479,222
235,223
479,223
234,224
479,224
233,225
479,225
232,226
479,226
232,227
479,227
232,228
479,228
232,229
479,229
232,230
479,230
232,231
479,231
232,232
479,232
232,233
479,233
232,234
479,234
232,235
479,235
234,236
479,236
234,237
479,237
235,238
479,238
248,239
479,239
286,240
479,240
291,241
291,241
301,241
479,241
313,242
479,242
313,243
479,243
329,244
479,244
333,245
479,245
343,246
479,246
345,247
479,247
351,248
479,248
353,249
479,249
361,250
479,250
364,251
479,251
372,252
479,252
377,253
479,253
382,254
479,254
388,255
479,255
390,256
392,256
431,256
431,256
445,256
479,256
448,257
479,257
465,258
479,258
465,259
479,259
