210,0
220,0
226,0
237,0
210,1
221,1
226,1
237,1
210,2
221,2
226,2
237,2
210,3
221,3
226,3
237,3
211,4
221,4
226,4
237,4
211,5
222,5
226,5
237,5
211,6
222,6
226,6
237,6
211,7
222,7
225,7
237,7
211,8
237,8
212,9
237,9
212,10
225,10
227,10
237,10
212,11
237,11
213,12
237,12
213,13
237,13
213,14
237,14
214,15
236,15
214,16
235,16
214,17
235,17
241,17
241,17
214,18
235,18
239,18
242,18
214,19
243,19
212,20
248,20
208,21
249,21
205,22
251,22
206,23
253,23
200,24
201,24
205,24
254,24
199,25
255,25
189,26
255,26
181,27
256,27
177,28
257,28
178,29
258,29
178,30
258,30
178,31
259,31
178,32
259,32
178,33
260,33
179,34
260,34
179,35
260,35
179,36
260,36
179,37
260,37
178,38
260,38
177,39
260,39
176,40
260,40
176,41
260,41
176,42
260,42
176,43
177,43
179,43
260,43
176,44
177,44
179,44
260,44
177,45
257,45
259,45
259,45
178,46
257,46
259,46
259,46
178,47
257,47
178,48
257,48
179,49
257,49
179,50
257,50
180,51
257,51
180,52
257,52
181,53
257,53
181,54
257,54
182,55
258,55
183,56
258,56
184,57
184,57
187,57
257,57
187,58
256,58
188,59
256,59
188,60
256,60
189,61
189,61
191,61
255,61
190,62
254,62
190,63
254,63
190,64
253,64
191,65
252,65
191,66
252,66
192,67
250,67
192,68
249,68
192,69
246,69
192,70
245,70
192,71
244,71
193,72
244,72
193,73
243,73
193,74
243,74
193,75
242,75
194,76
242,76
194,77
242,77
194,78
241,78
194,79
241,79
194,80
240,80
195,81
239,81
195,82
239,82
195,83
239,83
195,84
239,84
195,85
238,85
195,86
238,86
195,87
238,87
196,88
237,88
196,89
237,89
196,90
236,90
196,91
236,91
196,92
235,92
196,93
235,93
196,94
235,94
197,95
234,95
197,96
234,96
197,97
233,97
197,98
233,98
197,99
233,99
197,100
232,100
198,101
232,101
198,102
231,102
180,103
183,103
198,103
230,103
177,104
191,104
199,104
230,104
175,105
177,105
179,105
193,105
199,105
230,105
173,106
196,106
199,106
230,106
172,107
197,107
199,107
229,107
171,108
229,108
171,109
228,109
170,110
170,110
172,110
227,110
169,111
170,111
172,111
226,111
169,112
226,112
169,113
225,113
168,114
225,114
168,115
224,115
168,116
224,116
168,117
168,117
170,117
224,117
168,118
223,118
168,119
224,119
168,120
224,120
168,121
224,121
168,122
224,122
169,123
224,123
169,124
223,124
169,125
223,125
170,126
223,126
170,127
223,127
170,128
223,128
171,129
223,129
171,130
223,130
171,131
223,131
172,132
223,132
172,133
223,133
173,134
223,134
173,135
224,135
174,136
224,136
174,137
224,137
174,138
223,138
175,139
223,139
175,140
224,140
175,141
223,141
176,142
223,142
176,143
223,143
176,144
222,144
176,145
222,145
177,146
221,146
177,147
221,147
177,148
220,148
177,149
220,149
178,150
219,150
178,151
218,151
179,152
217,152
179,153
217,153
179,154
216,154
180,155
215,155
180,156
215,156
181,157
214,157
181,158
213,158
182,159
213,159
183,160
212,160
184,161
212,161
186,162
214,162
190,163
214,163
191,164
215,164
191,165
217,165
191,166
217,166
190,167
219,167
189,168
220,168
188,169
220,169
187,170
221,170
186,171
222,171
185,172
222,172
183,173
222,173
182,174
223,174
182,175
223,175
181,176
222,176
181,177
222,177
181,178
222,178
181,179
221,179
181,180
221,180
180,181
218,181
220,181
220,181
180,182
220,182
181,183
220,183
180,184
220,184
181,185
220,185
181,186
220,186
182,187
219,187
182,188
217,188
183,189
219,189
185,190
218,190
184,191
217,191
185,192
217,192
185,193
217,193
186,194
217,194
187,195
217,195
188,196
215,196
217,196
218,196
189,197
213,197
218,197
218,197
191,198
213,198
218,198
218,198
195,199
196,199
199,199
213,199
218,199
218,199
199,200
212,200
200,201
212,201
200,202
206,202
208,202
212,202
200,203
212,203
200,204
200,204
202,204
212,204
201,205
211,205
201,206
211,206
201,207
208,207
211,207
211,207
201,208
208,208
211,208
211,208
201,209
207,209
210,209
211,209
201,210
207,210
209,210
211,210
201,211
210,211
202,212
207,212
209,212
209,212
202,213
208,213
203,214
208,214
204,215
208,215
205,216
208,216
205,217
209,217
205,218
208,218
205,219
208,219
206,220
208,220
206,221
208,221
206,222
208,222
206,223
208,223
207,224
208,224
207,225
208,225
207,226
208,226
208,227
209,227
209,228
210,228
209,229
209,229
211,229
212,229
209,230
212,230
210,231
212,231
211,232
211,232
