0,0
479,0
0,1
479,1
0,2
479,2
0,3
479,3
0,4
479,4
0,5
479,5
0,6
479,6
0,7
479,7
0,8
479,8
0,9
479,9
0,10
222,10
232,10
349,10
359,10
479,10
0,11
157,11
160,11
221,11
234,11
348,11
359,11
479,11
0,12
154,12
160,12
221,12
236,12
347,12
358,12
479,12
0,13
152,13
160,13
195,13
198,13
221,13
236,13
346,13
358,13
479,13
0,14
152,14
160,14
193,14
198,14
205,14
207,14
222,14
236,14
345,14
357,14
479,14
0,15
150,15
160,15
191,15
208,15
223,15
236,15
345,15
356,15
479,15
0,16
150,16
159,16
188,16
208,16
225,16
236,16
343,16
355,16
479,16
0,17
149,17
159,17
186,17
206,17
227,17
235,17
340,17
354,17
479,17
0,18
148,18
158,18
187,18
204,18
228,18
234,18
339,18
353,18
479,18
0,19
147,19
157,19
192,19
199,19
230,19
232,19
338,19
351,19
479,19
0,20
147,20
156,20
338,20
350,20
479,20
0,21
147,21
155,21
341,21
344,21
344,21
346,21
346,21
348,21
479,21
0,22
147,22
155,22
479,22
0,23
479,23
0,24
479,24
0,25
479,25
0,26
479,26
0,27
479,27
0,28
479,28
0,29
479,29
0,30
479,30
0,31
479,31
0,32
479,32
0,33
479,33
0,34
479,34
0,35
479,35
0,36
479,36
0,37
479,37
0,38
479,38
0,39
479,39
0,40
312,40
314,40
479,40
0,41
306,41
312,41
479,41
0,42
302,42
323,42
479,42
0,43
301,43
323,43
479,43
0,44
301,44
323,44
479,44
0,45
302,45
320,45
479,45
0,46
307,46
316,46
479,46
0,47
479,47
0,48
479,48
0,49
479,49
0,50
479,50
0,51
479,51
0,52
479,52
0,53
479,53
0,54
479,54
0,55
479,55
0,56
479,56
0,57
479,57
0,58
190,58
196,58
479,58
0,59
189,59
203,59
479,59
0,60
189,60
206,60
479,60
0,61
190,61
209,61
479,61
0,62
190,62
211,62
479,62
0,63
191,63
194,63
194,63
213,63
479,63
0,64
204,64
213,64
479,64
0,65
208,65
213,65
479,65
0,66
479,66
0,67
479,67
0,68
479,68
0,69
479,69
0,70
477,70
0,71
476,71
0,72
477,72
0,73
477,73
0,74
479,74
0,75
479,75
0,76
479,76
0,77
479,77
0,78
479,78
0,79
479,79
0,80
169,80
173,80
479,80
0,81
165,81
176,81
479,81
0,82
163,82
177,82
479,82
0,83
163,83
177,83
479,83
0,84
164,84
177,84
479,84
0,85
305,85
311,85
479,85
0,86
173,86
175,86
304,86
313,86
479,86
0,87
303,87
314,87
479,87
0,88
303,88
316,88
479,88
0,89
304,89
317,89
479,89
0,90
304,90
317,90
479,90
0,91
304,91
317,91
479,91
0,92
304,92
317,92
318,92
320,92
479,92
0,93
305,93
319,93
479,93
0,94
306,94
319,94
479,94
0,95
307,95
310,95
310,95
319,95
479,95
0,96
479,96
0,97
40,97
57,97
479,97
0,98
34,98
63,98
479,98
0,99
28,99
69,99
479,99
0,100
24,100
76,100
479,100
0,101
19,101
77,101
479,101
0,102
17,102
79,102
479,102
0,103
15,103
81,103
479,103
0,104
11,104
13,104
13,104
83,104
479,104
0,105
10,105
84,105
119,105
128,105
479,105
0,106
8,106
85,106
118,106
128,106
479,106
0,107
7,107
86,107
118,107
128,107
479,107
0,108
2,108
4,108
4,108
88,108
117,108
129,108
479,108
1,109
3,109
91,109
117,109
129,109
479,109
0,110
0,110
91,110
116,110
129,110
479,110
0,111
0,111
92,111
116,111
130,111
479,111
92,112
115,112
129,112
479,112
93,113
115,113
129,113
479,113
94,114
115,114
128,114
479,114
95,115
115,115
128,115
479,115
96,116
114,116
128,116
479,116
96,117
115,117
126,117
479,117
97,118
115,118
125,118
479,118
98,119
116,119
125,119
479,119
98,120
118,120
125,120
479,120
98,121
118,121
120,121
123,121
125,121
479,121
99,122
118,122
120,122
479,122
99,123
479,123
99,124
479,124
99,125
479,125
99,126
479,126
99,127
479,127
99,128
479,128
99,129
479,129
99,130
479,130
100,131
479,131
100,132
479,132
100,133
479,133
100,134
479,134
100,135
479,135
100,136
479,136
101,137
479,137
101,138
479,138
101,139
479,139
101,140
479,140
101,141
479,141
101,142
479,142
101,143
479,143
101,144
479,144
101,145
479,145
101,146
479,146
101,147
479,147
100,148
479,148
100,149
479,149
99,150
479,150
99,151
479,151
98,152
479,152
97,153
479,153
95,154
95,154
97,154
479,154
95,155
479,155
95,156
479,156
95,157
479,157
95,158
479,158
95,159
479,159
95,160
479,160
95,161
479,161
95,162
479,162
95,163
479,163
95,164
479,164
94,165
479,165
94,166
479,166
94,167
479,167
93,168
479,168
93,169
479,169
93,170
479,170
92,171
479,171
92,172
479,172
91,173
479,173
91,174
479,174
90,175
479,175
89,176
479,176
88,177
479,177
88,178
479,178
86,179
479,179
83,180
479,180
81,181
479,181
81,182
479,182
80,183
479,183
79,184
479,184
79,185
479,185
80,186
160,186
162,186
479,186
80,187
157,187
163,187
479,187
79,188
153,188
164,188
479,188
79,189
152,189
164,189
479,189
79,190
151,190
164,190
479,190
78,191
150,191
163,191
479,191
78,192
150,192
163,192
479,192
77,193
149,193
162,193
479,193
77,194
149,194
162,194
479,194
76,195
149,195
160,195
479,195
77,196
149,196
158,196
479,196
78,197
149,197
157,197
306,197
313,197
479,197
79,198
150,198
154,198
154,198
156,198
306,198
313,198
479,198
80,199
150,199
152,199
305,199
314,199
479,199
81,200
303,200
314,200
321,200
323,200
479,200
82,201
303,201
314,201
456,201
458,201
459,201
469,201
469,201
472,201
479,201
83,202
303,202
313,202
315,202
317,202
456,202
474,202
479,202
67,203
67,203
83,203
303,203
312,203
456,203
475,203
479,203
66,204
67,204
84,204
303,204
312,204
405,204
414,204
455,204
475,204
479,204
66,205
68,205
85,205
291,205
294,205
303,205
309,205
401,205
416,205
456,205
476,205
479,205
66,206
70,206
85,206
290,206
296,206
307,206
309,206
321,206
329,206
399,206
418,206
458,206
475,206
479,206
66,207
71,207
86,207
289,207
296,207
320,207
330,207
399,207
420,207
459,207
461,207
463,207
474,207
479,207
67,208
69,208
87,208
289,208
296,208
319,208
331,208
399,208
420,208
464,208
466,208
467,208
474,208
479,208
68,209
68,209
87,209
288,209
296,209
319,209
334,209
399,209
422,209
479,209
87,210
287,210
295,210
319,210
334,210
399,210
423,210
479,210
87,211
286,211
295,211
319,211
334,211
399,211
424,211
479,211
87,212
286,212
294,212
319,212
336,212
399,212
424,212
479,212
86,213
286,213
293,213
319,213
336,213
399,213
425,213
479,213
86,214
287,214
292,214
294,214
296,214
319,214
336,214
400,214
425,214
479,214
86,215
293,215
296,215
319,215
336,215
403,215
426,215
479,215
85,216
319,216
336,216
406,216
425,216
479,216
85,217
319,217
336,217
415,217
421,217
422,217
424,217
479,217
83,218
223,218
226,218
319,218
336,218
479,218
82,219
220,219
227,219
319,219
336,219
479,219
80,220
218,220
229,220
319,220
336,220
479,220
78,221
218,221
230,221
319,221
336,221
479,221
75,222
218,222
230,222
320,222
336,222
479,222
74,223
218,223
231,223
321,223
337,223
479,223
72,224
218,224
231,224
322,224
336,224
479,224
71,225
218,225
231,225
323,225
336,225
479,225
69,226
218,226
231,226
324,226
336,226
479,226
29,227
29,227
63,227
63,227
65,227
218,227
231,227
328,227
336,227
479,227
64,228
219,228
230,228
331,228
334,228
479,228
30,229
30,229
64,229
220,229
229,229
479,229
0,230
1,230
64,230
221,230
225,230
226,230
230,230
479,230
0,231
5,231
64,231
479,231
0,232
4,232
63,232
479,232
0,233
4,233
64,233
479,233
0,234
3,234
64,234
479,234
0,235
3,235
65,235
479,235
0,236
4,236
65,236
479,236
0,237
3,237
16,237
16,237
66,237
479,237
0,238
3,238
15,238
17,238
66,238
479,238
0,239
5,239
14,239
14,239
16,239
17,239
67,239
479,239
0,240
7,240
13,240
13,240
16,240
17,240
67,240
479,240
0,241
7,241
10,241
17,241
67,241
269,241
271,241
479,241
0,242
18,242
68,242
269,242
271,242
479,242
0,243
8,243
12,243
15,243
18,243
18,243
68,243
269,243
271,243
479,243
0,244
17,244
68,244
479,244
0,245
14,245
16,245
17,245
69,245
272,245
276,245
479,245
0,246
16,246
69,246
271,246
280,246
479,246
0,247
12,247
14,247
15,247
69,247
261,247
267,247
271,247
280,247
421,247
429,247
479,247
0,248
12,248
14,248
14,248
69,248
258,248
267,248
272,248
282,248
418,248
420,248
420,248
431,248
479,248
0,249
13,249
69,249
257,249
268,249
272,249
282,249
414,249
432,249
479,249
0,250
12,250
70,250
257,250
268,250
272,250
282,250
414,250
432,250
479,250
0,251
12,251
70,251
256,251
267,251
272,251
282,251
414,251
431,251
479,251
0,252
12,252
70,252
255,252
267,252
273,252
281,252
414,252
429,252
479,252
0,253
10,253
70,253
256,253
267,253
274,253
281,253
414,253
427,253
479,253
0,254
9,254
70,254
256,254
267,254
279,254
281,254
416,254
425,254
479,254
0,255
9,255
70,255
256,255
267,255
479,255
0,256
3,256
6,256
7,256
70,256
256,256
265,256
271,256
273,256
479,256
0,257
6,257
70,257
257,257
264,257
479,257
0,258
6,258
70,258
258,258
262,258
275,258
279,258
479,258
0,259
5,259
70,259
271,259
283,259
479,259
0,260
1,260
4,260
4,260
70,260
268,260
285,260
479,260
0,261
3,261
70,261
268,261
285,261
479,261
0,262
2,262
70,262
267,262
285,262
479,262
0,263
0,263
70,263
267,263
283,263
479,263
70,264
267,264
282,264
479,264
70,265
267,265
281,265
479,265
70,266
269,266
280,266
479,266
70,267
271,267
274,267
479,267
70,268
420,268
427,268
479,268
70,269
418,269
427,269
479,269
70,270
418,270
427,270
479,270
70,271
418,271
427,271
479,271
70,272
416,272
427,272
479,272
70,273
416,273
427,273
479,273
70,274
416,274
427,274
479,274
70,275
415,275
427,275
479,275
70,276
415,276
425,276
479,276
70,277
415,277
425,277
479,277
70,278
415,278
425,278
479,278
70,279
415,279
424,279
479,279
70,280
415,280
422,280
479,280
70,281
415,281
422,281
479,281
70,282
415,282
421,282
479,282
70,283
479,283
70,284
479,284
70,285
75,285
80,285
479,285
72,286
72,286
80,286
479,286
79,287
479,287
78,288
479,288
77,289
479,289
76,290
479,290
74,291
479,291
73,292
479,292
72,293
479,293
72,294
479,294
71,295
479,295
71,296
479,296
70,297
479,297
69,298
266,298
271,298
479,298
68,299
262,299
271,299
479,299
68,300
260,300
271,300
479,300
68,301
158,301
162,301
260,301
269,301
479,301
68,302
153,302
156,302
157,302
165,302
260,302
267,302
479,302
68,303
151,303
166,303
264,303
266,303
270,303
272,303
479,303
69,304
147,304
168,304
479,304
69,305
146,305
168,305
479,305
69,306
146,306
169,306
479,306
69,307
145,307
170,307
479,307
69,308
145,308
171,308
479,308
69,309
145,309
171,309
479,309
69,310
145,310
171,310
479,310
68,311
145,311
171,311
479,311
69,312
146,312
172,312
307,312
313,312
479,312
70,313
146,313
172,313
304,313
313,313
479,313
70,314
146,314
172,314
303,314
312,314
479,314
71,315
147,315
172,315
302,315
311,315
479,315
71,316
147,316
171,316
300,316
311,316
479,316
71,317
148,317
171,317
299,317
309,317
479,317
71,318
149,318
171,318
296,318
308,318
479,318
71,319
149,319
171,319
296,319
306,319
479,319
71,320
150,320
170,320
296,320
305,320
479,320
72,321
151,321
170,321
296,321
302,321
479,321
72,322
152,322
170,322
479,322
72,323
153,323
170,323
382,323
386,323
479,323
72,324
153,324
162,324
381,324
388,324
479,324
72,325
154,325
160,325
381,325
388,325
479,325
71,326
381,326
389,326
479,326
71,327
380,327
390,327
479,327
0,328
3,328
72,328
379,328
390,328
479,328
0,329
4,329
43,329
44,329
71,329
378,329
390,329
479,329
0,330
20,330
43,330
50,330
67,330
235,330
239,330
378,330
390,330
479,330
0,331
3,331
6,331
10,331
15,331
22,331
45,331
50,331
66,331
233,331
240,331
378,331
390,331
479,331
0,332
19,332
21,332
22,332
43,332
50,332
66,332
67,332
69,332
233,332
240,332
378,332
390,332
479,332
0,333
24,333
43,333
50,333
66,333
66,333
69,333
233,333
240,333
378,333
389,333
479,333
0,334
26,334
43,334
50,334
69,334
232,334
240,334
380,334
388,334
479,334
0,335
24,335
43,335
50,335
69,335
232,335
240,335
380,335
388,335
479,335
0,336
26,336
43,336
50,336
69,336
232,336
240,336
383,336
385,336
479,336
0,337
24,337
43,337
50,337
67,337
232,337
240,337
479,337
0,338
26,338
43,338
50,338
67,338
68,338
70,338
230,338
240,338
479,338
0,339
26,339
43,339
50,339
67,339
68,339
70,339
230,339
239,339
479,339
0,340
26,340
43,340
50,340
67,340
68,340
70,340
230,340
238,340
479,340
0,341
26,341
43,341
50,341
67,341
68,341
70,341
230,341
238,341
479,341
0,342
26,342
43,342
50,342
66,342
68,342
70,342
229,342
237,342
479,342
0,343
26,343
43,343
50,343
66,343
68,343
70,343
230,343
237,343
363,343
366,343
479,343
0,344
26,344
43,344
50,344
66,344
230,344
236,344
358,344
367,344
479,344
0,345
26,345
43,345
50,345
66,345
230,345
236,345
353,345
368,345
479,345
0,346
26,346
43,346
50,346
66,346
230,346
235,346
352,346
368,346
479,346
0,347
26,347
43,347
50,347
66,347
351,347
368,347
479,347
0,348
26,348
43,348
50,348
65,348
143,348
146,348
352,348
368,348
479,348
0,349
26,349
43,349
50,349
65,349
140,349
146,349
351,349
368,349
479,349
0,350
26,350
43,350
50,350
65,350
66,350
69,350
138,350
146,350
351,350
368,350
479,350
0,351
26,351
43,351
50,351
65,351
66,351
69,351
138,351
146,351
351,351
368,351
479,351
0,352
27,352
42,352
51,352
64,352
138,352
146,352
350,352
368,352
479,352
0,353
27,353
42,353
51,353
64,353
137,353
146,353
350,353
368,353
479,353
0,354
27,354
42,354
51,354
64,354
136,354
145,354
350,354
368,354
479,354
0,355
27,355
42,355
51,355
64,355
136,355
145,355
350,355
368,355
479,355
0,356
28,356
42,356
51,356
64,356
136,356
145,356
350,356
367,356
479,356
0,357
28,357
42,357
51,357
64,357
136,357
144,357
350,357
367,357
476,357
0,358
26,358
28,358
28,358
42,358
51,358
64,358
135,358
143,358
350,358
367,358
475,358
0,359
26,359
28,359
28,359
42,359
51,359
64,359
135,359
143,359
350,359
366,359
475,359
