0,0
215,0
229,0
286,0
289,0
289,0
291,0
396,0
399,0
399,0
406,0
479,0
0,1
215,1
229,1
285,1
292,1
395,1
404,1
479,1
0,2
215,2
229,2
285,2
292,2
395,2
408,2
410,2
412,2
479,2
0,3
215,3
229,3
286,3
293,3
395,3
409,3
410,3
412,3
479,3
0,4
215,4
229,4
287,4
294,4
396,4
412,4
479,4
0,5
215,5
229,5
287,5
295,5
396,5
414,5
479,5
0,6
215,6
228,6
287,6
296,6
398,6
415,6
479,6
0,7
216,7
225,7
226,7
228,7
289,7
296,7
396,7
398,7
399,7
415,7
479,7
0,8
219,8
222,8
226,8
228,8
289,8
298,8
400,8
415,8
479,8
0,9
291,9
299,9
401,9
416,9
479,9
0,10
292,10
300,10
403,10
416,10
479,10
0,11
295,11
300,11
407,11
416,11
479,11
0,12
296,12
301,12
408,12
416,12
479,12
0,13
298,13
300,13
407,13
409,13
479,13
0,14
407,14
410,14
479,14
0,15
479,15
0,16
479,16
0,17
479,17
0,18
479,18
0,19
479,19
0,20
479,20
0,21
479,21
0,22
479,22
0,23
282,23
284,23
479,23
0,24
281,24
288,24
479,24
0,25
276,25
278,25
279,25
288,25
479,25
0,26
278,26
288,26
479,26
0,27
277,27
287,27
479,27
0,28
276,28
287,28
479,28
0,29
273,29
287,29
479,29
0,30
273,30
285,30
479,30
0,31
272,31
284,31
479,31
0,32
271,32
282,32
479,32
0,33
271,33
282,33
479,33
0,34
270,34
280,34
479,34
0,35
159,35
168,35
270,35
277,35
479,35
0,36
147,36
173,36
270,36
276,36
479,36
0,37
141,37
182,37
270,37
275,37
479,37
0,38
134,38
186,38
273,38
275,38
479,38
0,39
130,39
191,39
479,39
0,40
126,40
194,40
479,40
0,41
123,41
196,41
479,41
0,42
108,42
111,42
121,42
199,42
479,42
0,43
108,43
111,43
118,43
202,43
479,43
0,44
108,44
113,44
114,44
204,44
479,44
0,45
108,45
113,45
113,45
205,45
479,45
0,46
109,46
208,46
245,46
249,46
479,46
0,47
108,47
210,47
241,47
250,47
479,47
0,48
104,48
212,48
241,48
250,48
479,48
0,49
104,49
215,49
240,49
251,49
479,49
0,50
103,50
216,50
241,50
252,50
479,50
0,51
101,51
218,51
241,51
252,51
479,51
0,52
97,52
99,52
99,52
220,52
241,52
252,52
479,52
0,53
97,53
222,53
242,53
252,53
479,53
0,54
96,54
222,54
242,54
252,54
479,54
0,55
92,55
94,55
94,55
223,55
242,55
252,55
479,55
0,56
93,56
224,56
243,56
251,56
479,56
0,57
91,57
225,57
243,57
246,57
247,57
250,57
479,57
0,58
90,58
227,58
248,58
250,58
479,58
0,59
88,59
228,59
479,59
0,60
87,60
229,60
479,60
0,61
86,61
230,61
479,61
0,62
85,62
232,62
479,62
0,63
84,63
232,63
479,63
0,64
83,64
234,64
479,64
0,65
81,65
235,65
479,65
0,66
81,66
237,66
479,66
0,67
80,67
237,67
479,67
0,68
78,68
238,68
479,68
0,69
77,69
239,69
479,69
0,70
76,70
239,70
479,70
0,71
75,71
239,71
479,71
0,72
74,72
239,72
479,72
0,73
74,73
240,73
479,73
0,74
72,74
240,74
479,74
0,75
71,75
241,75
479,75
0,76
70,76
241,76
479,76
0,77
70,77
241,77
479,77
0,78
67,78
69,78
69,78
242,78
479,78
0,79
68,79
242,79
479,79
0,80
67,80
242,80
479,80
0,81
67,81
243,81
374,81
381,81
479,81
0,82
66,82
243,82
368,82
381,82
479,82
0,83
65,83
243,83
366,83
381,83
479,83
0,84
64,84
244,84
366,84
380,84
479,84
0,85
64,85
245,85
366,85
374,85
479,85
0,86
63,86
245,86
479,86
0,87
63,87
245,87
479,87
0,88
62,88
245,88
479,88
0,89
61,89
245,89
479,89
0,90
61,90
245,90
479,90
0,91
60,91
245,91
479,91
0,92
59,92
245,92
479,92
0,93
59,93
245,93
479,93
0,94
58,94
245,94
479,94
0,95
58,95
245,95
479,95
0,96
58,96
245,96
479,96
0,97
57,97
245,97
479,97
0,98
56,98
245,98
479,98
0,99
56,99
245,99
479,99
0,100
56,100
245,100
479,100
0,101
55,101
245,101
479,101
0,102
54,102
245,102
479,102
0,103
54,103
245,103
479,103
0,104
54,104
245,104
479,104
0,105
53,105
245,105
479,105
0,106
53,106
245,106
479,106
0,107
52,107
245,107
479,107
0,108
52,108
245,108
479,108
0,109
52,109
245,109
479,109
0,110
51,110
245,110
479,110
0,111
51,111
245,111
479,111
0,112
51,112
244,112
479,112
0,113
51,113
244,113
479,113
0,114
50,114
244,114
479,114
0,115
50,115
243,115
479,115
0,116
49,116
243,116
479,116
0,117
49,117
242,117
479,117
0,118
49,118
242,118
479,118
0,119
48,119
241,119
479,119
0,120
48,120
240,120
479,120
0,121
48,121
239,121
479,121
0,122
48,122
238,122
479,122
0,123
48,123
237,123
479,123
0,124
48,124
237,124
479,124
0,125
47,125
235,125
235,125
237,125
479,125
0,126
47,126
235,126
479,126
0,127
47,127
235,127
479,127
0,128
47,128
236,128
479,128
0,129
47,129
236,129
479,129
0,130
47,130
236,130
479,130
0,131
47,131
234,131
479,131
0,132
46,132
234,132
479,132
0,133
46,133
233,133
479,133
0,134
46,134
233,134
479,134
0,135
46,135
233,135
479,135
0,136
46,136
232,136
479,136
0,137
46,137
232,137
479,137
0,138
46,138
232,138
479,138
0,139
46,139
231,139
479,139
0,140
46,140
231,140
479,140
0,141
46,141
230,141
479,141
0,142
46,142
229,142
479,142
0,143
46,143
228,143
479,143
0,144
46,144
227,144
479,144
0,145
46,145
227,145
479,145
0,146
46,146
226,146
479,146
0,147
46,147
225,147
479,147
0,148
46,148
224,148
479,148
0,149
46,149
222,149
479,149
0,150
46,150
221,150
222,150
224,150
479,150
0,151
46,151
217,151
479,151
0,152
46,152
215,152
479,152
0,153
46,153
213,153
479,153
0,154
46,154
212,154
479,154
0,155
46,155
212,155
281,155
283,155
479,155
0,156
47,156
210,156
272,156
287,156
479,156
0,157
48,157
209,157
272,157
288,157
479,157
0,158
48,158
209,158
272,158
288,158
479,158
0,159
48,159
208,159
272,159
288,159
479,159
0,160
49,160
208,160
479,160
0,161
50,161
207,161
479,161
0,162
51,162
207,162
479,162
0,163
51,163
206,163
479,163
0,164
52,164
206,164
479,164
0,165
52,165
205,165
479,165
0,166
53,166
204,166
479,166
0,167
54,167
203,167
479,167
0,168
54,168
202,168
479,168
0,169
55,169
200,169
479,169
0,170
53,170
55,170
55,170
199,170
479,170
0,171
56,171
198,171
479,171
0,172
56,172
196,172
479,172
0,173
57,173
195,173
479,173
0,174
58,174
192,174
479,174
0,175
58,175
191,175
479,175
0,176
60,176
187,176
479,176
0,177
61,177
184,177
479,177
0,178
61,178
184,178
479,178
0,179
63,179
184,179
479,179
0,180
64,180
186,180
479,180
0,181
65,181
186,181
479,181
0,182
66,182
186,182
479,182
0,183
67,183
188,183
479,183
0,184
69,184
189,184
479,184
0,185
69,185
188,185
479,185
0,186
71,186
190,186
479,186
0,187
72,187
192,187
479,187
0,188
74,188
194,188
479,188
0,189
75,189
195,189
479,189
0,190
77,190
195,190
479,190
0,191
80,191
87,191
91,191
194,191
479,191
0,192
94,192
192,192
479,192
0,193
95,193
192,193
479,193
0,194
97,194
192,194
479,194
0,195
100,195
192,195
479,195
0,196
102,196
191,196
479,196
0,197
102,197
191,197
479,197
0,198
102,198
191,198
420,198
426,198
427,198
430,198
479,198
0,199
102,199
190,199
418,199
430,199
479,199
0,200
100,200
102,200
102,200
190,200
415,200
431,200
479,200
0,201
100,201
102,201
102,201
159,201
159,201
189,201
411,201
432,201
479,201
0,202
102,202
159,202
159,202
189,202
411,202
431,202
479,202
0,203
102,203
159,203
159,203
186,203
411,203
430,203
479,203
0,204
102,204
159,204
160,204
186,204
410,204
429,204
479,204
0,205
102,205
159,205
160,205
184,205
338,205
340,205
408,205
427,205
479,205
0,206
102,206
159,206
160,206
182,206
337,206
342,206
408,206
426,206
479,206
0,207
103,207
158,207
161,207
180,207
336,207
346,207
347,207
350,207
407,207
425,207
479,207
0,208
103,208
158,208
161,208
179,208
335,208
350,208
407,208
423,208
479,208
0,209
103,209
158,209
162,209
177,209
336,209
350,209
407,209
420,209
479,209
0,210
103,210
158,210
158,210
160,210
163,210
176,210
337,210
339,210
340,210
349,210
407,210
417,210
479,210
0,211
103,211
158,211
158,211
160,211
164,211
174,211
407,211
414,211
479,211
0,212
103,212
158,212
158,212
160,212
165,212
174,212
411,212
414,212
479,212
0,213
103,213
158,213
167,213
171,213
479,213
0,214
103,214
159,214
479,214
0,215
103,215
159,215
479,215
0,216
103,216
160,216
479,216
0,217
103,217
161,217
479,217
6,218
6,218
9,218
103,218
162,218
287,218
293,218
479,218
8,219
103,219
162,219
287,219
293,219
479,219
10,220
103,220
163,220
287,220
294,220
479,220
11,221
103,221
162,221
287,221
294,221
334,221
336,221
337,221
339,221
479,221
11,222
103,222
162,222
288,222
296,222
333,222
340,222
444,222
448,222
479,222
10,223
103,223
162,223
288,223
296,223
331,223
340,223
443,223
448,223
479,223
6,224
103,224
162,224
292,224
295,224
331,224
340,224
439,224
448,224
479,224
3,225
103,225
163,225
330,225
340,225
437,225
448,225
479,225
2,226
103,226
164,226
329,226
339,226
435,226
448,226
479,226
0,227
103,227
165,227
329,227
339,227
434,227
448,227
479,227
0,228
103,228
164,228
329,228
339,228
434,228
448,228
479,228
0,229
103,229
165,229
329,229
338,229
433,229
447,229
479,229
0,230
103,230
165,230
329,230
338,230
432,230
446,230
479,230
0,231
103,231
165,231
329,231
336,231
431,231
445,231
479,231
0,232
103,232
165,232
430,232
446,232
479,232
0,233
103,233
166,233
430,233
445,233
479,233
0,234
104,234
166,234
430,234
444,234
479,234
0,235
104,235
167,235
430,235
443,235
479,235
0,236
104,236
167,236
429,236
441,236
479,236
0,237
104,237
167,237
429,237
441,237
479,237
0,238
103,238
167,238
429,238
441,238
479,238
0,239
103,239
168,239
438,239
440,239
479,239
0,240
102,240
168,240
479,240
0,241
101,241
168,241
479,241
0,242
100,242
168,242
479,242
0,243
100,243
168,243
479,243
0,244
99,244
168,244
479,244
0,245
99,245
169,245
479,245
0,246
98,246
169,246
317,246
324,246
479,246
0,247
97,247
169,247
317,247
324,247
479,247
0,248
95,248
169,248
315,248
324,248
479,248
0,249
94,249
169,249
317,249
324,249
479,249
0,250
95,250
169,250
317,250
324,250
479,250
0,251
94,251
170,251
315,251
324,251
479,251
0,252
93,252
169,252
316,252
324,252
479,252
0,253
93,253
169,253
316,253
324,253
348,253
352,253
479,253
0,254
89,254
91,254
92,254
169,254
317,254
323,254
347,254
353,254
479,254
0,255
89,255
91,255
91,255
170,255
347,255
354,255
479,255
0,256
91,256
170,256
347,256
356,256
479,256
0,257
87,257
89,257
90,257
170,257
348,257
357,257
479,257
0,258
87,258
89,258
89,258
170,258
349,258
358,258
479,258
0,259
89,259
170,259
349,259
359,259
479,259
0,260
88,260
170,260
351,260
360,260
479,260
0,261
87,261
170,261
352,261
360,261
479,261
0,262
86,262
170,262
353,262
361,262
479,262
0,263
83,263
85,263
86,263
170,263
355,263
361,263
479,263
0,264
85,264
170,264
356,264
360,264
479,264
0,265
84,265
170,265
479,265
0,266
75,266
80,266
83,266
170,266
479,266
0,267
74,267
81,267
82,267
170,267
479,267
0,268
73,268
81,268
82,268
170,268
479,268
0,269
46,269
48,269
73,269
170,269
479,269
0,270
46,270
50,270
73,270
170,270
479,270
0,271
46,271
52,271
73,271
170,271
479,271
0,272
46,272
56,272
75,272
170,272
479,272
0,273
47,273
58,273
75,273
170,273
479,273
0,274
47,274
59,274
76,274
170,274
479,274
0,275
47,275
59,275
75,275
170,275
479,275
0,276
51,276
58,276
74,276
170,276
479,276
0,277
73,277
170,277
479,277
0,278
72,278
170,278
479,278
0,279
68,279
70,279
71,279
170,279
479,279
0,280
70,280
170,280
479,280
0,281
66,281
68,281
70,281
170,281
479,281
0,282
68,282
170,282
479,282
0,283
67,283
170,283
479,283
0,284
66,284
170,284
479,284
0,285
64,285
170,285
479,285
0,286
63,286
170,286
479,286
0,287
63,287
170,287
479,287
0,288
61,288
170,288
479,288
0,289
60,289
170,289
479,289
0,290
58,290
170,290
479,290
0,291
57,291
170,291
479,291
0,292
56,292
170,292
479,292
0,293
55,293
170,293
479,293
0,294
53,294
170,294
479,294
0,295
52,295
170,295
479,295
0,296
51,296
170,296
479,296
0,297
49,297
170,297
479,297
0,298
47,298
170,298
479,298
0,299
47,299
170,299
479,299
0,300
45,300
170,300
479,300
0,301
28,301
32,301
40,301
42,301
44,301
170,301
479,301
0,302
27,302
34,302
43,302
171,302
479,302
0,303
25,303
35,303
41,303
171,303
479,303
0,304
24,304
36,304
40,304
170,304
479,304
0,305
22,305
36,305
39,305
170,305
479,305
0,306
22,306
36,306
37,306
170,306
479,306
0,307
21,307
35,307
36,307
171,307
479,307
0,308
20,308
34,308
35,308
171,308
342,308
348,308
479,308
0,309
20,309
34,309
34,309
171,309
342,309
349,309
479,309
0,310
20,310
32,310
33,310
171,310
292,310
299,310
342,310
350,310
479,310
0,311
19,311
32,311
32,311
171,311
289,311
301,311
343,311
351,311
479,311
0,312
19,312
31,312
31,312
171,312
287,312
301,312
344,312
353,312
479,312
0,313
18,313
171,313
287,313
301,313
345,313
353,313
479,313
0,314
18,314
29,314
29,314
171,314
287,314
301,314
345,314
354,314
479,314
0,315
19,315
27,315
29,315
171,315
288,315
301,315
346,315
354,315
479,315
0,316
18,316
26,316
30,316
171,316
288,316
299,316
348,316
356,316
479,316
0,317
19,317
25,317
30,317
172,317
290,317
292,317
293,317
296,317
349,317
356,317
479,317
0,318
20,318
23,318
29,318
171,318
349,318
357,318
479,318
0,319
30,319
171,319
350,319
357,319
479,319
0,320
31,320
171,320
351,320
357,320
479,320
0,321
31,321
171,321
352,321
358,321
479,321
0,322
31,322
171,322
353,322
358,322
479,322
0,323
30,323
171,323
354,323
359,323
479,323
0,324
28,324
171,324
354,324
358,324
479,324
0,325
28,325
171,325
355,325
357,325
479,325
0,326
27,326
172,326
479,326
0,327
27,327
172,327
479,327
0,328
26,328
172,328
479,328
0,329
26,329
173,329
479,329
0,330
26,330
173,330
479,330
0,331
27,331
173,331
479,331
0,332
28,332
173,332
479,332
0,333
30,333
173,333
479,333
0,334
31,334
173,334
479,334
0,335
28,335
30,335
31,335
174,335
479,335
0,336
31,336
174,336
479,336
0,337
31,337
174,337
479,337
0,338
31,338
174,338
479,338
0,339
31,339
175,339
479,339
0,340
31,340
175,340
479,340
0,341
31,341
175,341
479,341
0,342
31,342
176,342
479,342
0,343
31,343
176,343
479,343
0,344
31,344
176,344
479,344
0,345
32,345
176,345
479,345
0,346
36,346
176,346
479,346
0,347
39,347
176,347
479,347
0,348
40,348
176,348
479,348
0,349
42,349
175,349
479,349
0,350
43,350
174,350
479,350
0,351
44,351
174,351
479,351
0,352
44,352
175,352
479,352
0,353
44,353
175,353
479,353
0,354
45,354
175,354
479,354
0,355
43,355
45,355
45,355
175,355
479,355
0,356
45,356
175,356
198,356
200,356
478,356
0,357
46,357
175,357
194,357
203,357
324,357
336,357
476,357
0,358
46,358
174,358
192,358
206,358
323,358
337,358
477,358
0,359
46,359
173,359
192,359
208,359
323,359
338,359
476,359
