0,0
479,0
0,1
479,1
0,2
479,2
0,3
479,3
0,4
479,4
0,5
479,5
0,6
479,6
0,7
479,7
0,8
242,8
248,8
479,8
0,9
241,9
249,9
479,9
0,10
240,10
252,10
479,10
0,11
239,11
253,11
479,11
0,12
239,12
254,12
479,12
0,13
239,13
254,13
479,13
0,14
239,14
254,14
479,14
0,15
239,15
254,15
479,15
0,16
239,16
253,16
479,16
0,17
239,17
253,17
479,17
0,18
244,18
253,18
479,18
0,19
479,19
0,20
479,20
0,21
479,21
0,22
123,22
126,22
479,22
0,23
123,23
126,23
479,23
0,24
123,24
128,24
426,24
437,24
479,24
0,25
123,25
128,25
166,25
169,25
169,25
176,25
177,25
187,25
188,25
190,25
426,25
443,25
479,25
0,26
124,26
128,26
158,26
195,26
427,26
444,26
479,26
0,27
124,27
129,27
151,27
201,27
305,27
310,27
428,27
443,27
479,27
0,28
125,28
129,28
147,28
149,28
150,28
206,28
305,28
311,28
429,28
444,28
479,28
0,29
125,29
130,29
144,29
209,29
306,29
312,29
432,29
444,29
479,29
0,30
125,30
130,30
141,30
212,30
308,30
313,30
439,30
441,30
479,30
0,31
126,31
132,31
138,31
215,31
308,31
314,31
479,31
0,32
126,32
132,32
135,32
218,32
298,32
301,32
309,32
315,32
479,32
0,33
126,33
132,33
132,33
220,33
297,33
303,33
309,33
317,33
479,33
0,34
124,34
126,34
126,34
224,34
294,34
303,34
311,34
318,34
479,34
0,35
126,35
226,35
294,35
303,35
312,35
319,35
479,35
0,36
124,36
227,36
292,36
303,36
312,36
320,36
479,36
0,37
123,37
230,37
292,37
302,37
315,37
320,37
479,37
0,38
121,38
232,38
291,38
302,38
317,38
320,38
479,38
0,39
119,39
233,39
289,39
301,39
479,39
0,40
117,40
235,40
290,40
300,40
479,40
0,41
115,41
237,41
290,41
300,41
479,41
0,42
113,42
238,42
289,42
298,42
479,42
0,43
112,43
239,43
288,43
298,43
479,43
0,44
110,44
241,44
287,44
297,44
479,44
0,45
109,45
243,45
287,45
295,45
479,45
0,46
107,46
244,46
287,46
293,46
479,46
0,47
105,47
245,47
287,47
293,47
479,47
0,48
104,48
247,48
276,48
283,48
288,48
292,48
479,48
0,49
103,49
248,49
275,49
283,49
479,49
0,50
102,50
249,50
275,50
284,50
479,50
0,51
100,51
250,51
276,51
284,51
479,51
0,52
99,52
250,52
276,52
285,52
479,52
0,53
98,53
251,53
276,53
285,53
479,53
0,54
97,54
252,54
276,54
285,54
479,54
0,55
95,55
253,55
276,55
285,55
479,55
0,56
94,56
254,56
277,56
285,56
479,56
0,57
93,57
255,57
277,57
285,57
479,57
0,58
92,58
256,58
278,58
284,58
479,58
0,59
91,59
256,59
280,59
284,59
479,59
0,60
90,60
258,60
281,60
283,60
479,60
0,61
89,61
258,61
479,61
0,62
88,62
259,62
479,62
0,63
87,63
260,63
479,63
0,64
86,64
261,64
479,64
0,65
85,65
261,65
479,65
0,66
84,66
262,66
479,66
0,67
84,67
262,67
479,67
0,68
83,68
263,68
479,68
0,69
82,69
263,69
479,69
0,70
81,70
264,70
479,70
0,71
78,71
80,71
81,71
264,71
479,71
0,72
80,72
264,72
479,72
0,73
79,73
264,73
479,73
0,74
78,74
264,74
479,74
0,75
77,75
265,75
479,75
0,76
76,76
265,76
479,76
0,77
76,77
265,77
404,77
420,77
479,77
0,78
75,78
265,78
403,78
423,78
479,78
0,79
75,79
265,79
402,79
423,79
479,79
0,80
74,80
265,80
404,80
408,80
408,80
413,80
413,80
423,80
479,80
0,81
73,81
266,81
417,81
419,81
479,81
0,82
73,82
266,82
417,82
419,82
479,82
0,83
72,83
266,83
479,83
0,84
72,84
266,84
479,84
0,85
71,85
266,85
479,85
0,86
71,86
266,86
479,86
0,87
70,87
266,87
479,87
0,88
69,88
265,88
479,88
0,89
69,89
265,89
479,89
0,90
69,90
265,90
479,90
0,91
68,91
264,91
479,91
0,92
68,92
263,92
479,92
0,93
67,93
263,93
479,93
0,94
67,94
263,94
479,94
0,95
66,95
263,95
479,95
0,96
66,96
263,96
479,96
0,97
66,97
263,97
479,97
0,98
65,98
263,98
479,98
0,99
65,99
263,99
479,99
0,100
64,100
263,100
479,100
0,101
64,101
263,101
479,101
0,102
64,102
263,102
479,102
0,103
63,103
263,103
479,103
0,104
63,104
262,104
479,104
0,105
63,105
262,105
479,105
0,106
62,106
262,106
479,106
0,107
62,107
262,107
479,107
0,108
62,108
262,108
479,108
0,109
61,109
261,109
479,109
0,110
61,110
260,110
479,110
0,111
61,111
260,111
479,111
0,112
61,112
259,112
479,112
0,113
60,113
259,113
479,113
0,114
60,114
259,114
479,114
0,115
60,115
258,115
479,115
0,116
59,116
258,116
479,116
0,117
59,117
256,117
479,117
0,118
59,118
256,118
479,118
0,119
59,119
255,119
479,119
0,120
59,120
253,120
479,120
0,121
58,121
250,121
479,121
0,122
58,122
249,122
479,122
0,123
58,123
248,123
479,123
0,124
58,124
247,124
479,124
0,125
58,125
246,125
479,125
0,126
57,126
246,126
479,126
0,127
57,127
245,127
479,127
0,128
57,128
245,128
479,128
0,129
57,129
245,129
479,129
0,130
57,130
244,130
479,130
0,131
57,131
244,131
479,131
0,132
56,132
243,132
479,132
0,133
56,133
243,133
479,133
0,134
56,134
242,134
479,134
0,135
57,135
242,135
479,135
0,136
58,136
241,136
479,136
0,137
58,137
241,137
479,137
0,138
58,138
240,138
479,138
0,139
59,139
239,139
479,139
0,140
59,140
238,140
479,140
0,141
59,141
238,141
479,141
0,142
59,142
236,142
237,142
239,142
479,142
0,143
57,143
59,143
59,143
235,143
479,143
0,144
59,144
235,144
479,144
0,145
60,145
234,145
479,145
0,146
60,146
232,146
479,146
0,147
61,147
231,147
479,147
0,148
60,148
227,148
479,148
0,149
61,149
225,149
479,149
0,150
61,150
217,150
479,150
0,151
62,151
215,151
479,151
0,152
62,152
214,152
229,152
235,152
479,152
0,153
62,153
213,153
229,153
236,153
479,153
0,154
63,154
212,154
228,154
236,154
479,154
0,155
63,155
211,155
228,155
236,155
479,155
0,156
63,156
211,156
229,156
236,156
479,156
0,157
64,157
210,157
229,157
236,157
479,157
0,158
64,158
209,158
229,158
236,158
479,158
0,159
65,159
209,159
229,159
236,159
479,159
0,160
66,160
208,160
229,160
236,160
317,160
320,160
479,160
0,161
67,161
207,161
229,161
236,161
315,161
325,161
479,161
0,162
67,162
206,162
229,162
236,162
315,162
329,162
479,162
0,163
68,163
205,163
229,163
236,163
316,163
330,163
479,163
0,164
66,164
68,164
69,164
204,164
228,164
235,164
318,164
330,164
479,164
0,165
70,165
203,165
229,165
234,165
325,165
330,165
479,165
0,166
68,166
70,166
71,166
202,166
224,166
229,166
479,166
0,167
69,167
71,167
72,167
200,167
223,167
236,167
479,167
0,168
73,168
198,168
220,168
237,168
479,168
0,169
71,169
73,169
74,169
197,169
220,169
242,169
479,169
0,170
75,170
197,170
221,170
245,170
479,170
0,171
76,171
198,171
223,171
245,171
479,171
0,172
77,172
182,172
182,172
198,172
223,172
245,172
479,172
0,173
78,173
181,173
182,173
199,173
225,173
245,173
479,173
0,174
80,174
181,174
183,174
199,174
227,174
242,174
242,174
244,174
479,174
0,175
81,175
83,175
83,175
85,175
88,175
181,175
181,175
183,175
183,175
199,175
232,175
238,175
479,175
0,176
90,176
182,176
182,176
199,176
479,176
0,177
91,177
182,177
183,177
200,177
479,177
0,178
94,178
182,178
183,178
200,178
479,178
0,179
96,179
182,179
183,179
201,179
479,179
0,180
96,180
183,180
184,180
201,180
479,180
0,181
99,181
183,181
185,181
202,181
479,181
0,182
101,182
183,182
183,182
185,182
186,182
202,182
479,182
0,183
103,183
183,183
183,183
185,183
186,183
203,183
479,183
0,184
107,184
183,184
187,184
203,184
479,184
0,185
110,185
184,185
187,185
203,185
479,185
0,186
107,186
109,186
110,186
184,186
187,186
204,186
479,186
0,187
107,187
109,187
110,187
184,187
185,187
204,187
479,187
0,188
110,188
184,188
184,188
205,188
479,188
0,189
110,189
205,189
479,189
0,190
110,190
205,190
479,190
0,191
110,191
205,191
479,191
0,192
110,192
205,192
479,192
0,193
110,193
205,193
479,193
0,194
110,194
166,194
166,194
205,194
479,194
0,195
110,195
166,195
166,195
205,195
479,195
0,196
110,196
166,196
166,196
205,196
479,196
0,197
110,197
166,197
167,197
204,197
479,197
0,198
110,198
166,198
167,198
204,198
479,198
0,199
110,199
166,199
168,199
203,199
479,199
0,200
110,200
167,200
168,200
203,200
479,200
0,201
109,201
166,201
168,201
202,201
479,201
0,202
109,202
166,202
169,202
201,202
370,202
374,202
479,202
0,203
109,203
166,203
169,203
199,203
369,203
376,203
479,203
0,204
108,204
166,204
169,204
197,204
368,204
384,204
479,204
0,205
108,205
166,205
169,205
195,205
368,205
385,205
453,205
463,205
463,205
465,205
479,205
0,206
109,206
166,206
170,206
193,206
369,206
385,206
451,206
467,206
479,206
0,207
109,207
166,207
170,207
190,207
370,207
384,207
449,207
468,207
479,207
0,208
109,208
167,208
172,208
189,208
446,208
468,208
479,208
0,209
109,209
167,209
169,209
171,209
172,209
187,209
445,209
467,209
479,209
0,210
109,210
167,210
167,210
169,210
171,210
173,210
173,210
185,210
442,210
465,210
479,210
0,211
109,211
167,211
167,211
169,211
175,211
183,211
442,211
462,211
479,211
0,212
109,212
167,212
173,212
175,212
178,212
182,212
442,212
460,212
479,212
0,213
109,213
167,213
442,213
457,213
479,213
0,214
109,214
167,214
443,214
449,214
479,214
0,215
109,215
169,215
479,215
0,216
109,216
170,216
479,216
0,217
110,217
170,217
479,217
0,218
110,218
171,218
479,218
0,219
110,219
171,219
479,219
0,220
110,220
170,220
479,220
0,221
110,221
170,221
479,221
0,222
110,222
170,222
479,222
0,223
110,223
170,223
374,223
376,223
479,223
0,224
111,224
171,224
370,224
373,224
375,224
379,224
479,224
0,225
109,225
111,225
111,225
172,225
370,225
379,225
479,225
0,226
109,226
111,226
111,226
172,226
368,226
379,226
479,226
0,227
24,227
29,227
109,227
111,227
111,227
172,227
368,227
379,227
479,227
0,228
22,228
37,228
111,228
173,228
367,228
378,228
479,228
0,229
19,229
38,229
112,229
173,229
367,229
378,229
479,229
0,230
18,230
39,230
111,230
173,230
367,230
376,230
479,230
0,231
16,231
37,231
111,231
173,231
367,231
375,231
479,231
0,232
15,232
35,232
35,232
37,232
111,232
174,232
368,232
374,232
479,232
0,233
17,233
32,233
111,233
175,233
479,233
0,234
20,234
27,234
111,234
175,234
479,234
0,235
111,235
175,235
479,235
0,236
110,236
175,236
479,236
0,237
109,237
176,237
479,237
0,238
108,238
176,238
479,238
0,239
107,239
176,239
479,239
0,240
107,240
176,240
479,240
0,241
106,241
176,241
479,241
0,242
105,242
176,242
479,242
0,243
105,243
177,243
479,243
0,244
103,244
177,244
303,244
308,244
479,244
0,245
103,245
177,245
301,245
309,245
479,245
0,246
102,246
177,246
301,246
310,246
479,246
0,247
101,247
177,247
301,247
311,247
479,247
0,248
98,248
100,248
101,248
177,248
302,248
311,248
479,248
0,249
97,249
99,249
100,249
177,249
303,249
311,249
479,249
0,250
99,250
178,250
303,250
310,250
479,250
0,251
98,251
178,251
304,251
308,251
479,251
0,252
97,252
178,252
479,252
0,253
97,253
178,253
479,253
0,254
96,254
178,254
479,254
0,255
95,255
178,255
479,255
0,256
94,256
178,256
479,256
0,257
93,257
178,257
479,257
0,258
92,258
178,258
479,258
0,259
89,259
91,259
91,259
178,259
479,259
0,260
89,260
178,260
479,260
0,261
90,261
178,261
479,261
0,262
89,262
178,262
479,262
0,263
88,263
178,263
479,263
0,264
87,264
179,264
479,264
0,265
86,265
179,265
479,265
0,266
85,266
179,266
479,266
0,267
83,267
179,267
479,267
0,268
83,268
179,268
479,268
0,269
82,269
179,269
479,269
0,270
80,270
179,270
479,270
0,271
79,271
179,271
479,271
0,272
76,272
78,272
79,272
179,272
479,272
0,273
74,273
76,273
78,273
179,273
479,273
0,274
73,274
76,274
76,274
179,274
479,274
0,275
72,275
74,275
75,275
179,275
376,275
379,275
479,275
0,276
73,276
179,276
375,276
380,276
479,276
0,277
69,277
72,277
73,277
179,277
375,277
381,277
479,277
0,278
71,278
179,278
374,278
382,278
479,278
0,279
70,279
179,279
375,279
384,279
479,279
0,280
69,280
179,280
376,280
385,280
479,280
0,281
68,281
179,281
377,281
387,281
479,281
0,282
67,282
179,282
378,282
388,282
479,282
0,283
65,283
179,283
379,283
389,283
479,283
0,284
63,284
179,284
380,284
390,284
479,284
0,285
62,285
179,285
381,285
390,285
479,285
0,286
61,286
179,286
384,286
390,286
479,286
0,287
59,287
179,287
479,287
0,288
57,288
179,288
479,288
0,289
56,289
179,289
319,289
323,289
324,289
326,289
479,289
0,290
55,290
179,290
318,290
326,290
479,290
0,291
54,291
179,291
317,291
326,291
479,291
0,292
52,292
179,292
317,292
326,292
479,292
0,293
51,293
179,293
317,293
326,293
479,293
0,294
50,294
179,294
317,294
326,294
479,294
0,295
48,295
179,295
316,295
327,295
479,295
0,296
43,296
45,296
47,296
179,296
317,296
327,296
479,296
0,297
46,297
179,297
317,297
327,297
479,297
0,298
45,298
179,298
317,298
327,298
479,298
0,299
44,299
179,299
318,299
325,299
479,299
0,300
42,300
179,300
479,300
0,301
41,301
179,301
479,301
0,302
40,302
179,302
479,302
0,303
39,303
179,303
479,303
0,304
37,304
179,304
479,304
0,305
36,305
179,305
479,305
0,306
35,306
179,306
479,306
0,307
34,307
179,307
479,307
0,308
33,308
179,308
479,308
0,309
32,309
179,309
479,309
0,310
31,310
179,310
479,310
0,311
30,311
179,311
479,311
0,312
30,312
179,312
479,312
0,313
29,313
179,313
479,313
0,314
29,314
179,314
479,314
0,315
28,315
179,315
479,315
0,316
29,316
179,316
479,316
0,317
29,317
179,317
479,317
0,318
29,318
179,318
479,318
0,319
29,319
179,319
479,319
0,320
28,320
179,320
479,320
0,321
29,321
179,321
479,321
0,322
29,322
179,322
479,322
0,323
28,323
179,323
479,323
0,324
27,324
179,324
479,324
0,325
26,325
179,325
479,325
0,326
26,326
179,326
479,326
0,327
25,327
179,327
479,327
0,328
25,328
178,328
479,328
0,329
24,329
178,329
479,329
0,330
25,330
178,330
307,330
318,330
479,330
0,331
27,331
178,331
306,331
319,331
479,331
0,332
28,332
178,332
306,332
320,332
479,332
0,333
29,333
178,333
306,333
320,333
479,333
0,334
28,334
178,334
306,334
320,334
479,334
0,335
28,335
178,335
306,335
320,335
386,335
392,335
479,335
0,336
27,336
178,336
308,336
320,336
386,336
397,336
479,336
0,337
27,337
178,337
309,337
319,337
386,337
398,337
479,337
0,338
27,338
178,338
312,338
317,338
387,338
399,338
479,338
0,339
26,339
179,339
387,339
401,339
479,339
0,340
26,340
179,340
388,340
401,340
479,340
0,341
26,341
179,341
388,341
402,341
479,341
0,342
26,342
179,342
389,342
403,342
479,342
0,343
27,343
179,343
389,343
403,343
479,343
0,344
30,344
179,344
391,344
404,344
479,344
0,345
32,345
180,345
392,345
405,345
479,345
0,346
33,346
180,346
392,346
405,346
479,346
0,347
34,347
180,347
395,347
406,347
479,347
0,348
34,348
180,348
396,348
405,348
479,348
0,349
34,349
180,349
398,349
405,349
479,349
0,350
35,350
180,350
479,350
0,351
35,351
180,351
479,351
0,352
35,352
180,352
479,352
0,353
35,353
180,353
479,353
0,354
33,354
35,354
35,354
180,354
479,354
0,355
36,355
180,355
479,355
0,356
36,356
180,356
479,356
0,357
36,357
180,357
479,357
0,358
36,358
180,358
479,358
0,359
36,359
180,359
479,359
