0,0
179,0
188,0
284,0
293,0
479,0
0,1
179,1
188,1
283,1
294,1
479,1
0,2
179,2
188,2
283,2
295,2
479,2
0,3
179,3
181,3
182,3
188,3
287,3
295,3
479,3
0,4
291,4
296,4
479,4
0,5
291,5
295,5
479,5
0,6
479,6
0,7
479,7
0,8
479,8
0,9
479,9
0,10
479,10
0,11
479,11
0,12
25,12
28,12
479,12
0,13
24,13
28,13
479,13
0,14
23,14
28,14
479,14
0,15
23,15
28,15
479,15
0,16
21,16
28,16
479,16
0,17
21,17
28,17
479,17
0,18
20,18
28,18
179,18
208,18
211,18
214,18
479,18
0,19
20,19
28,19
172,19
215,19
479,19
0,20
19,20
28,20
166,20
219,20
479,20
0,21
19,21
27,21
161,21
220,21
479,21
0,22
19,22
26,22
158,22
222,22
479,22
0,23
19,23
25,23
155,23
223,23
479,23
0,24
19,24
24,24
152,24
224,24
479,24
0,25
19,25
24,25
149,25
225,25
479,25
0,26
19,26
22,26
147,26
227,26
479,26
0,27
144,27
222,27
223,27
227,27
479,27
0,28
95,28
99,28
143,28
223,28
224,28
227,28
479,28
0,29
95,29
108,29
141,29
223,29
224,29
227,29
479,29
0,30
95,30
108,30
139,30
225,30
479,30
0,31
97,31
108,31
137,31
225,31
479,31
0,32
135,32
224,32
479,32
0,33
133,33
225,33
479,33
0,34
131,34
225,34
479,34
0,35
130,35
226,35
479,35
0,36
128,36
225,36
479,36
0,37
126,37
225,37
479,37
0,38
125,38
225,38
479,38
0,39
124,39
225,39
479,39
0,40
122,40
225,40
479,40
0,41
121,41
224,41
479,41
0,42
119,42
221,42
479,42
0,43
118,43
215,43
479,43
0,44
114,44
116,44
117,44
215,44
479,44
0,45
115,45
215,45
479,45
0,46
72,46
76,46
114,46
215,46
479,46
0,47
72,47
77,47
112,47
215,47
479,47
0,48
73,48
78,48
111,48
216,48
479,48
0,49
74,49
80,49
110,49
215,49
479,49
0,50
75,50
82,50
109,50
215,50
312,50
314,50
314,50
316,50
479,50
0,51
76,51
83,51
108,51
215,51
311,51
317,51
479,51
0,52
77,52
84,52
107,52
215,52
311,52
319,52
479,52
0,53
78,53
86,53
105,53
215,53
311,53
321,53
479,53
0,54
79,54
87,54
104,54
215,54
312,54
322,54
479,54
0,55
80,55
88,55
103,55
215,55
311,55
313,55
314,55
323,55
479,55
0,56
81,56
90,56
102,56
215,56
315,56
323,56
479,56
0,57
81,57
91,57
101,57
215,57
317,57
323,57
479,57
0,58
82,58
92,58
100,58
214,58
479,58
0,59
83,59
93,59
99,59
214,59
479,59
0,60
84,60
94,60
98,60
213,60
479,60
0,61
86,61
96,61
97,61
212,61
479,61
0,62
87,62
96,62
96,62
211,62
479,62
0,63
88,63
210,63
479,63
0,64
89,64
208,64
479,64
0,65
90,65
203,65
479,65
0,66
91,66
200,66
433,66
439,66
479,66
0,67
92,67
199,67
433,67
439,67
479,67
0,68
89,68
91,68
91,68
199,68
433,68
440,68
479,68
0,69
90,69
199,69
433,69
440,69
479,69
0,70
89,70
199,70
433,70
440,70
479,70
0,71
89,71
199,71
432,71
440,71
479,71
0,72
85,72
88,72
88,72
199,72
432,72
440,72
479,72
0,73
87,73
199,73
432,73
440,73
479,73
0,74
87,74
201,74
432,74
440,74
479,74
0,75
86,75
202,75
432,75
440,75
479,75
0,76
85,76
204,76
432,76
440,76
479,76
0,77
84,77
206,77
432,77
440,77
479,77
0,78
84,78
206,78
432,78
439,78
479,78
0,79
83,79
208,79
433,79
439,79
479,79
0,80
82,80
209,80
433,80
439,80
479,80
0,81
79,81
81,81
82,81
210,81
434,81
439,81
479,81
0,82
79,82
81,82
81,82
211,82
435,82
439,82
479,82
0,83
80,83
211,83
479,83
0,84
80,84
212,84
479,84
0,85
79,85
212,85
479,85
0,86
79,86
213,86
479,86
0,87
78,87
213,87
479,87
0,88
77,88
214,88
479,88
0,89
77,89
214,89
479,89
0,90
77,90
215,90
468,90
472,90
479,90
0,91
76,91
215,91
468,91
472,91
479,91
0,92
23,92
29,92
75,92
216,92
468,92
472,92
479,92
0,93
21,93
30,93
75,93
216,93
468,93
472,93
479,93
0,94
19,94
30,94
75,94
217,94
467,94
472,94
479,94
0,95
19,95
29,95
30,95
32,95
74,95
217,95
467,95
472,95
479,95
0,96
15,96
28,96
73,96
217,96
276,96
278,96
467,96
472,96
479,96
0,97
14,97
27,97
73,97
218,97
273,97
289,97
467,97
472,97
479,97
0,98
11,98
13,98
14,98
26,98
72,98
218,98
269,98
271,98
271,98
293,98
467,98
471,98
479,98
0,99
11,99
13,99
13,99
25,99
70,99
72,99
72,99
218,99
270,99
293,99
467,99
472,99
479,99
0,100
11,100
13,100
13,100
24,100
71,100
218,100
270,100
293,100
479,100
0,101
13,101
22,101
71,101
217,101
269,101
293,101
479,101
0,102
12,102
21,102
70,102
217,102
268,102
290,102
479,102
0,103
11,103
22,103
70,103
217,103
268,103
290,103
479,103
0,104
11,104
18,104
19,104
21,104
70,104
216,104
269,104
279,104
281,104
288,104
479,104
0,105
11,105
16,105
67,105
69,105
69,105
216,105
269,105
274,105
479,105
0,106
11,106
15,106
68,106
215,106
479,106
0,107
68,107
215,107
479,107
0,108
68,108
214,108
479,108
0,109
68,109
213,109
479,109
0,110
67,110
212,110
479,110
0,111
67,111
210,111
479,111
0,112
66,112
209,112
351,112
355,112
479,112
0,113
66,113
207,113
351,113
359,113
479,113
0,114
66,114
206,114
351,114
363,114
479,114
0,115
66,115
206,115
206,115
209,115
353,115
364,115
479,115
0,116
65,116
206,116
235,116
238,116
354,116
366,116
479,116
0,117
65,117
206,117
234,117
238,117
355,117
366,117
479,117
0,118
65,118
205,118
231,118
233,118
233,118
239,118
357,118
365,118
479,118
0,119
64,119
205,119
231,119
233,119
233,119
240,119
479,119
0,120
64,120
205,120
231,120
233,120
233,120
240,120
479,120
0,121
64,121
205,121
233,121
240,121
479,121
0,122
63,122
205,122
233,122
240,122
456,122
461,122
479,122
0,123
63,123
205,123
232,123
240,123
455,123
462,123
479,123
0,124
63,124
205,124
232,124
241,124
455,124
462,124
479,124
0,125
63,125
205,125
232,125
241,125
454,125
462,125
479,125
0,126
63,126
205,126
233,126
241,126
451,126
453,126
453,126
462,126
479,126
0,127
63,127
205,127
234,127
241,127
451,127
453,127
453,127
462,127
479,127
0,128
62,128
205,128
207,128
210,128
235,128
240,128
453,128
463,128
479,128
0,129
62,129
205,129
235,129
240,129
453,129
463,129
479,129
0,130
62,130
195,130
195,130
199,130
199,130
202,130
202,130
205,130
207,130
210,130
235,130
240,130
453,130
463,130
479,130
0,131
61,131
188,131
188,131
193,131
195,131
199,131
203,131
205,131
207,131
211,131
236,131
240,131
453,131
463,131
479,131
0,132
61,132
187,132
188,132
192,132
193,132
198,132
199,132
201,132
202,132
212,132
453,132
462,132
479,132
0,133
61,133
187,133
187,133
191,133
193,133
197,133
201,133
212,133
454,133
461,133
479,133
0,134
58,134
60,134
61,134
187,134
187,134
190,134
193,134
197,134
201,134
212,134
389,134
394,134
436,134
443,134
454,134
461,134
479,134
0,135
58,135
60,135
61,135
196,135
199,135
201,135
202,135
211,135
388,135
395,135
431,135
433,135
433,135
448,135
455,135
460,135
479,135
0,136
58,136
60,136
61,136
195,136
203,136
208,136
385,136
394,136
429,136
450,136
455,136
460,136
479,136
0,137
60,137
151,137
151,137
195,137
205,137
208,137
385,137
394,137
429,137
450,137
456,137
459,137
479,137
0,138
60,138
150,138
153,138
196,138
383,138
385,138
385,138
394,138
429,138
449,138
479,138
0,139
60,139
149,139
155,139
159,139
159,139
196,139
205,139
208,139
383,139
385,139
385,139
393,139
430,139
448,139
479,139
0,140
60,140
149,140
154,140
197,140
385,140
394,140
431,140
446,140
479,140
0,141
60,141
147,141
157,141
198,141
385,141
394,141
435,141
443,141
479,141
0,142
60,142
147,142
157,142
160,142
162,142
164,142
165,142
199,142
384,142
393,142
479,142
0,143
60,143
146,143
161,143
163,143
164,143
200,143
384,143
392,143
479,143
0,144
60,144
144,144
164,144
202,144
384,144
390,144
479,144
0,145
60,145
143,145
164,145
203,145
204,145
206,145
383,145
390,145
390,145
392,145
479,145
0,146
60,146
141,146
164,146
207,146
383,146
388,146
479,146
0,147
60,147
136,147
164,147
208,147
384,147
387,147
388,147
390,147
479,147
0,148
60,148
132,148
164,148
209,148
479,148
0,149
60,149
131,149
164,149
210,149
479,149
0,150
60,150
131,150
164,150
210,150
479,150
0,151
60,151
129,151
163,151
210,151
479,151
0,152
60,152
129,152
164,152
211,152
479,152
0,153
60,153
129,153
164,153
211,153
479,153
0,154
60,154
129,154
164,154
213,154
479,154
0,155
60,155
129,155
165,155
214,155
479,155
0,156
60,156
129,156
164,156
215,156
479,156
0,157
60,157
129,157
165,157
216,157
479,157
0,158
60,158
128,158
165,158
217,158
479,158
0,159
60,159
128,159
165,159
218,159
479,159
0,160
60,160
128,160
166,160
219,160
479,160
0,161
60,161
127,161
165,161
220,161
479,161
0,162
60,162
127,162
165,162
221,162
479,162
0,163
61,163
126,163
165,163
221,163
479,163
0,164
61,164
126,164
165,164
222,164
479,164
0,165
61,165
125,165
164,165
222,165
479,165
0,166
61,166
124,166
164,166
222,166
479,166
0,167
61,167
123,167
164,167
223,167
479,167
0,168
61,168
122,168
164,168
223,168
479,168
0,169
61,169
121,169
164,169
223,169
231,169
233,169
479,169
0,170
61,170
117,170
164,170
224,170
231,170
233,170
479,170
0,171
61,171
113,171
164,171
224,171
479,171
0,172
61,172
108,172
164,172
225,172
479,172
0,173
61,173
106,173
164,173
226,173
479,173
0,174
62,174
106,174
163,174
227,174
258,174
261,174
479,174
0,175
62,175
106,175
163,175
228,175
256,175
264,175
479,175
0,176
62,176
106,176
163,176
230,176
256,176
266,176
267,176
271,176
274,176
276,176
479,176
0,177
62,177
106,177
163,177
231,177
256,177
274,177
479,177
0,178
63,178
106,178
163,178
232,178
256,178
276,178
479,178
0,179
63,179
105,179
163,179
232,179
256,179
277,179
301,179
306,179
479,179
0,180
63,180
105,180
163,180
223,180
223,180
234,180
257,180
278,180
278,180
280,180
301,180
307,180
479,180
0,181
63,181
105,181
162,181
223,181
224,181
236,181
258,181
278,181
301,181
308,181
355,181
359,181
479,181
0,182
64,182
105,182
162,182
223,182
225,182
241,182
259,182
278,182
302,182
308,182
355,182
360,182
479,182
0,183
64,183
105,183
151,183
156,183
162,183
223,183
226,183
243,183
261,183
276,183
276,183
279,183
302,183
309,183
355,183
361,183
479,183
0,184
64,184
104,184
151,184
160,184
162,184
222,184
227,184
244,184
262,184
274,184
303,184
310,184
355,184
362,184
479,184
0,185
65,185
103,185
151,185
222,185
228,185
245,185
263,185
274,185
303,185
310,185
356,185
363,185
479,185
0,186
65,186
103,186
153,186
222,186
229,186
246,186
264,186
274,186
303,186
311,186
356,186
363,186
479,186
0,187
65,187
102,187
156,187
222,187
229,187
247,187
265,187
275,187
303,187
311,187
355,187
364,187
479,187
0,188
66,188
100,188
161,188
222,188
229,188
248,188
265,188
275,188
304,188
311,188
355,188
363,188
479,188
0,189
66,189
99,189
161,189
222,189
229,189
249,189
266,189
275,189
304,189
312,189
356,189
363,189
479,189
0,190
67,190
86,190
161,190
221,190
229,190
251,190
266,190
275,190
305,190
312,190
357,190
363,190
479,190
0,191
67,191
86,191
87,191
89,191
158,191
160,191
160,191
221,191
229,191
253,191
266,191
275,191
307,191
312,191
357,191
364,191
479,191
0,192
68,192
86,192
87,192
89,192
160,192
221,192
228,192
254,192
266,192
275,192
308,192
312,192
359,192
364,192
479,192
0,193
68,193
86,193
160,193
221,193
228,193
255,193
266,193
275,193
309,193
311,193
360,193
363,193
479,193
0,194
68,194
87,194
160,194
221,194
223,194
226,194
228,194
256,194
265,194
275,194
479,194
0,195
70,195
87,195
160,195
256,195
265,195
275,195
479,195
0,196
70,196
87,196
102,196
107,196
160,196
255,196
265,196
274,196
479,196
0,197
71,197
87,197
96,197
98,197
102,197
107,197
159,197
256,197
260,197
263,197
264,197
274,197
479,197
0,198
72,198
86,198
95,198
108,198
159,198
257,198
263,198
274,198
479,198
0,199
70,199
72,199
73,199
76,199
77,199
85,199
96,199
108,199
159,199
273,199
479,199
0,200
74,200
77,200
96,200
108,200
159,200
273,200
479,200
0,201
96,201
108,201
159,201
273,201
479,201
0,202
97,202
108,202
159,202
271,202
479,202
0,203
98,203
108,203
159,203
270,203
479,203
0,204
99,204
107,204
159,204
250,204
251,204
269,204
479,204
0,205
100,205
107,205
147,205
150,205
159,205
250,205
252,205
268,205
479,205
0,206
101,206
107,206
143,206
150,206
159,206
249,206
254,206
266,206
479,206
0,207
102,207
105,207
143,207
150,207
159,207
247,207
256,207
264,207
479,207
0,208
142,208
151,208
159,208
246,208
479,208
0,209
141,209
150,209
159,209
244,209
479,209
0,210
141,210
150,210
160,210
242,210
479,210
0,211
13,211
19,211
19,211
23,211
141,211
149,211
160,211
241,211
479,211
0,212
11,212
25,212
141,212
148,212
160,212
240,212
479,212
0,213
11,213
27,213
142,213
145,213
161,213
240,213
479,213
0,214
11,214
28,214
162,214
239,214
479,214
0,215
11,215
13,215
14,215
17,215
18,215
27,215
163,215
235,215
479,215
0,216
163,216
234,216
479,216
0,217
164,217
233,217
479,217
0,218
164,218
232,218
479,218
0,219
163,219
229,219
479,219
0,220
163,220
221,220
479,220
0,221
161,221
221,221
422,221
424,221
479,221
0,222
158,222
161,222
161,222
220,222
421,222
426,222
479,222
0,223
159,223
221,223
421,223
428,223
479,223
0,224
168,224
221,224
422,224
429,224
479,224
0,225
168,225
221,225
422,225
429,225
479,225
0,226
169,226
221,226
423,226
430,226
479,226
0,227
170,227
221,227
424,227
430,227
479,227
0,228
170,228
221,228
425,228
430,228
479,228
0,229
169,229
221,229
479,229
0,230
168,230
221,230
384,230
386,230
394,230
396,230
479,230
0,231
167,231
222,231
383,231
393,231
394,231
396,231
479,231
0,232
166,232
222,232
263,232
267,232
383,232
396,232
479,232
0,233
165,233
222,233
263,233
267,233
383,233
397,233
479,233
0,234
164,234
222,234
264,234
268,234
384,234
399,234
479,234
0,235
163,235
222,235
264,235
268,235
385,235
400,235
479,235
0,236
162,236
222,236
264,236
269,236
385,236
400,236
479,236
0,237
162,237
222,237
264,237
269,237
388,237
401,237
479,237
0,238
161,238
222,238
264,238
269,238
394,238
401,238
479,238
0,239
160,239
222,239
265,239
269,239
479,239
0,240
160,240
223,240
265,240
268,240
479,240
0,241
159,241
223,241
265,241
268,241
479,241
0,242
158,242
223,242
359,242
364,242
479,242
0,243
157,243
223,243
359,243
367,243
479,243
0,244
157,244
223,244
359,244
368,244
479,244
0,245
156,245
223,245
359,245
368,245
479,245
0,246
155,246
223,246
359,246
368,246
479,246
0,247
154,247
223,247
360,247
369,247
479,247
0,248
154,248
223,248
361,248
370,248
479,248
0,249
153,249
224,249
362,249
370,249
479,249
0,250
152,250
224,250
362,250
370,250
479,250
0,251
39,251
48,251
152,251
224,251
363,251
371,251
479,251
0,252
27,252
50,252
151,252
224,252
364,252
371,252
479,252
0,253
25,253
51,253
150,253
224,253
365,253
371,253
479,253
0,254
23,254
51,254
149,254
224,254
367,254
371,254
479,254
0,255
23,255
49,255
145,255
148,255
148,255
224,255
368,255
371,255
479,255
0,256
19,256
48,256
148,256
225,256
479,256
0,257
15,257
47,257
147,257
225,257
479,257
0,258
11,258
46,258
146,258
225,258
479,258
0,259
12,259
45,259
142,259
145,259
145,259
225,259
479,259
0,260
12,260
43,260
144,260
225,260
479,260
0,261
13,261
41,261
144,261
225,261
479,261
0,262
20,262
38,262
38,262
40,262
143,262
226,262
479,262
0,263
24,263
34,263
42,263
44,263
142,263
226,263
479,263
0,264
141,264
226,264
479,264
0,265
140,265
226,265
479,265
0,266
139,266
226,266
479,266
0,267
138,267
226,267
479,267
0,268
138,268
226,268
479,268
0,269
135,269
226,269
479,269
0,270
41,270
48,270
135,270
227,270
479,270
0,271
41,271
49,271
135,271
227,271
479,271
0,272
41,272
52,272
134,272
227,272
479,272
0,273
42,273
53,273
132,273
227,273
479,273
0,274
44,274
55,274
131,274
227,274
479,274
0,275
45,275
55,275
130,275
227,275
479,275
0,276
46,276
55,276
129,276
227,276
479,276
0,277
47,277
56,277
128,277
227,277
479,277
0,278
48,278
56,278
127,278
227,278
479,278
0,279
51,279
57,279
125,279
227,279
479,279
0,280
52,280
57,280
124,280
227,280
479,280
0,281
53,281
57,281
119,281
121,281
122,281
227,281
479,281
0,282
54,282
57,282
120,282
228,282
479,282
0,283
55,283
57,283
119,283
228,283
479,283
0,284
54,284
61,284
118,284
228,284
479,284
0,285
116,285
228,285
479,285
0,286
114,286
228,286
479,286
0,287
51,287
65,287
112,287
228,287
479,287
0,288
47,288
67,288
111,288
228,288
479,288
0,289
44,289
69,289
109,289
228,289
479,289
0,290
42,290
69,290
107,290
228,290
479,290
0,291
39,291
67,291
105,291
228,291
479,291
0,292
38,292
65,292
103,292
228,292
479,292
0,293
37,293
63,293
101,293
228,293
479,293
0,294
35,294
62,294
99,294
229,294
479,294
0,295
34,295
60,295
97,295
229,295
479,295
0,296
33,296
59,296
94,296
229,296
479,296
0,297
32,297
58,297
91,297
229,297
479,297
0,298
29,298
57,298
80,298
83,298
86,298
88,298
88,298
229,298
479,298
0,299
28,299
55,299
83,299
229,299
479,299
0,300
27,300
55,300
82,300
229,300
479,300
0,301
27,301
53,301
78,301
229,301
479,301
0,302
27,302
52,302
78,302
230,302
479,302
0,303
27,303
48,303
73,303
75,303
76,303
230,303
479,303
0,304
28,304
46,304
46,304
48,304
74,304
230,304
479,304
0,305
30,305
32,305
33,305
39,305
40,305
46,305
72,305
230,305
479,305
0,306
40,306
47,306
71,306
230,306
479,306
0,307
29,307
31,307
42,307
47,307
70,307
230,307
479,307
0,308
69,308
230,308
479,308
0,309
68,309
230,309
479,309
0,310
67,310
230,310
479,310
0,311
67,311
231,311
479,311
0,312
67,312
230,312
479,312
0,313
66,313
231,313
479,313
0,314
66,314
231,314
479,314
0,315
66,315
231,315
479,315
0,316
67,316
231,316
479,316
0,317
66,317
231,317
479,317
0,318
65,318
231,318
479,318
0,319
63,319
231,319
479,319
0,320
62,320
232,320
479,320
0,321
61,321
232,321
372,321
375,321
479,321
0,322
60,322
232,322
371,322
376,322
479,322
0,323
59,323
232,323
371,323
377,323
479,323
0,324
58,324
232,324
371,324
379,324
479,324
0,325
58,325
232,325
371,325
380,325
479,325
0,326
57,326
232,326
371,326
380,326
479,326
0,327
56,327
232,327
371,327
381,327
479,327
0,328
55,328
232,328
373,328
382,328
479,328
0,329
55,329
232,329
373,329
381,329
479,329
0,330
55,330
233,330
374,330
381,330
479,330
0,331
57,331
233,331
376,331
382,331
479,331
0,332
57,332
233,332
378,332
382,332
479,332
0,333
58,333
233,333
379,333
381,333
479,333
0,334
60,334
233,334
479,334
0,335
61,335
233,335
479,335
0,336
65,336
233,336
479,336
0,337
65,337
234,337
479,337
0,338
66,338
234,338
479,338
0,339
63,339
65,339
66,339
234,339
479,339
0,340
63,340
65,340
66,340
234,340
302,340
306,340
479,340
0,341
63,341
65,341
66,341
234,341
302,341
307,341
479,341
0,342
65,342
72,342
85,342
234,342
302,342
308,342
479,342
0,343
65,343
71,343
87,343
234,343
302,343
308,343
479,343
0,344
65,344
71,344
90,344
234,344
302,344
309,344
479,344
0,345
65,345
71,345
88,345
90,345
91,345
234,345
302,345
310,345
479,345
0,346
65,346
71,346
88,346
90,346
92,346
234,346
302,346
311,346
479,346
0,347
65,347
71,347
93,347
234,347
302,347
312,347
479,347
0,348
65,348
71,348
94,348
235,348
302,348
313,348
479,348
0,349
65,349
70,349
95,349
235,349
302,349
313,349
479,349
0,350
66,350
69,350
96,350
235,350
303,350
314,350
479,350
0,351
66,351
68,351
97,351
235,351
303,351
314,351
479,351
0,352
99,352
235,352
304,352
314,352
479,352
0,353
101,353
235,353
305,353
314,353
479,353
0,354
102,354
235,354
305,354
314,354
479,354
0,355
106,355
235,355
307,355
314,355
479,355
0,356
108,356
112,356
112,356
235,356
307,356
314,356
479,356
0,357
115,357
235,357
308,357
312,357
479,357
0,358
118,358
235,358
309,358
312,358
479,358
0,359
121,359
235,359
479,359
