0,0
170,0
174,0
479,0
0,1
170,1
174,1
479,1
0,2
170,2
175,2
479,2
0,3
170,3
175,3
479,3
0,4
170,4
176,4
479,4
0,5
171,5
176,5
479,5
0,6
172,6
177,6
479,6
0,7
172,7
177,7
232,7
234,7
238,7
249,7
479,7
0,8
172,8
178,8
226,8
259,8
314,8
319,8
479,8
0,9
173,9
178,9
220,9
264,9
313,9
322,9
479,9
0,10
173,10
179,10
215,10
268,10
313,10
323,10
479,10
0,11
173,11
180,11
210,11
272,11
313,11
324,11
479,11
0,12
173,12
180,12
202,12
204,12
207,12
275,12
313,12
324,12
479,12
0,13
174,13
181,13
200,13
203,13
203,13
281,13
313,13
324,13
479,13
0,14
174,14
181,14
200,14
282,14
314,14
324,14
479,14
0,15
175,15
182,15
195,15
287,15
314,15
316,15
316,15
324,15
479,15
0,16
175,16
183,16
193,16
289,16
317,16
324,16
479,16
0,17
175,17
183,17
191,17
291,17
319,17
324,17
479,17
0,18
175,18
184,18
186,18
294,18
322,18
324,18
479,18
0,19
175,19
184,19
185,19
295,19
479,19
0,20
177,20
184,20
184,20
298,20
479,20
0,21
177,21
300,21
479,21
0,22
177,22
301,22
479,22
0,23
177,23
302,23
479,23
0,24
176,24
304,24
359,24
362,24
479,24
0,25
173,25
306,25
359,25
363,25
479,25
0,26
171,26
308,26
359,26
364,26
479,26
0,27
170,27
310,27
359,27
364,27
479,27
0,28
169,28
311,28
360,28
366,28
479,28
0,29
167,29
312,29
360,29
367,29
479,29
0,30
162,30
164,30
165,30
313,30
362,30
369,30
479,30
0,31
164,31
314,31
364,31
370,31
479,31
0,32
162,32
314,32
479,32
0,33
25,33
30,33
161,33
315,33
479,33
0,34
21,34
34,34
160,34
315,34
479,34
0,35
20,35
35,35
158,35
316,35
479,35
0,36
19,36
36,36
156,36
316,36
479,36
0,37
19,37
36,37
156,37
316,37
479,37
0,38
19,38
36,38
154,38
316,38
479,38
0,39
22,39
35,39
152,39
316,39
479,39
0,40
26,40
33,40
152,40
311,40
311,40
316,40
421,40
434,40
479,40
0,41
150,41
311,41
312,41
316,41
420,41
435,41
479,41
0,42
149,42
311,42
314,42
316,42
419,42
436,42
479,42
0,43
148,43
310,43
419,43
437,43
479,43
0,44
147,44
310,44
419,44
438,44
479,44
0,45
31,45
40,45
146,45
310,45
419,45
438,45
479,45
0,46
31,46
40,46
145,46
310,46
422,46
437,46
479,46
0,47
31,47
40,47
143,47
310,47
422,47
424,47
424,47
431,47
479,47
0,48
31,48
40,48
40,48
42,48
142,48
310,48
479,48
0,49
32,49
38,49
141,49
310,49
479,49
0,50
35,50
44,50
141,50
310,50
479,50
0,51
31,51
33,51
35,51
45,51
140,51
310,51
479,51
0,52
36,52
44,52
138,52
310,52
479,52
0,53
37,53
45,53
137,53
311,53
479,53
0,54
39,54
42,54
137,54
311,54
479,54
0,55
135,55
295,55
297,55
304,55
305,55
311,55
479,55
0,56
135,56
292,56
305,56
311,56
428,56
431,56
479,56
0,57
134,57
292,57
306,57
312,57
427,57
433,57
479,57
0,58
133,58
292,58
307,58
312,58
427,58
437,58
479,58
0,59
132,59
292,59
307,59
312,59
427,59
437,59
479,59
0,60
132,60
292,60
308,60
313,60
428,60
437,60
479,60
0,61
130,61
291,61
308,61
314,61
429,61
437,61
479,61
0,62
127,62
130,62
130,62
290,62
308,62
314,62
436,62
440,62
479,62
0,63
129,63
290,63
309,63
315,63
436,63
441,63
479,63
0,64
128,64
290,64
309,64
315,64
436,64
444,64
479,64
0,65
127,65
289,65
310,65
316,65
436,65
444,65
479,65
0,66
127,66
288,66
311,66
316,66
436,66
445,66
479,66
0,67
124,67
126,67
126,67
287,67
311,67
316,67
436,67
445,67
479,67
0,68
125,68
286,68
312,68
317,68
437,68
446,68
479,68
0,69
122,69
124,69
125,69
285,69
313,69
318,69
437,69
446,69
479,69
0,70
124,70
285,70
314,70
318,70
438,70
447,70
479,70
0,71
123,71
267,71
270,71
279,71
315,71
318,71
438,71
447,71
479,71
0,72
123,72
267,72
315,72
318,72
439,72
448,72
479,72
0,73
122,73
267,73
439,73
447,73
479,73
0,74
121,74
267,74
440,74
447,74
479,74
0,75
121,75
266,75
440,75
447,75
479,75
0,76
121,76
266,76
441,76
446,76
479,76
0,77
120,77
265,77
442,77
447,77
479,77
0,78
119,78
265,78
443,78
447,78
479,78
0,79
116,79
118,79
118,79
265,79
479,79
0,80
113,80
117,80
118,80
263,80
479,80
0,81
116,81
262,81
479,81
0,82
112,82
114,82
115,82
261,82
479,82
0,83
111,83
261,83
479,83
0,84
110,84
259,84
479,84
0,85
110,85
258,85
479,85
0,86
21,86
30,86
110,86
257,86
479,86
0,87
19,87
32,87
110,87
254,87
479,87
0,88
15,88
28,88
111,88
254,88
479,88
0,89
12,89
26,89
111,89
239,89
239,89
244,89
244,89
254,89
479,89
0,90
9,90
22,90
112,90
239,90
239,90
244,90
244,90
254,90
479,90
0,91
9,91
18,91
113,91
239,91
244,91
254,91
479,91
0,92
11,92
17,92
113,92
240,92
244,92
254,92
479,92
0,93
112,93
240,93
244,93
252,93
479,93
0,94
55,94
59,94
112,94
240,94
246,94
252,94
479,94
0,95
55,95
60,95
112,95
240,95
246,95
251,95
479,95
0,96
55,96
61,96
111,96
241,96
479,96
0,97
55,97
62,97
111,97
242,97
479,97
0,98
57,98
62,98
111,98
242,98
479,98
0,99
57,99
63,99
111,99
242,99
479,99
0,100
59,100
63,100
110,100
242,100
479,100
0,101
59,101
62,101
110,101
242,101
479,101
0,102
109,102
242,102
479,102
0,103
109,103
242,103
479,103
0,104
71,104
73,104
109,104
241,104
479,104
0,105
109,105
241,105
479,105
0,106
71,106
76,106
108,106
241,106
479,106
0,107
71,107
76,107
108,107
240,107
479,107
0,108
69,108
76,108
108,108
239,108
308,108
315,108
479,108
0,109
69,109
75,109
108,109
239,109
307,109
316,109
479,109
0,110
107,110
238,110
305,110
316,110
479,110
0,111
107,111
237,111
305,111
314,111
479,111
0,112
107,112
235,112
303,112
305,112
305,112
313,112
479,112
0,113
107,113
235,113
305,113
312,113
479,113
0,114
107,114
233,114
304,114
310,114
479,114
0,115
106,115
231,115
305,115
309,115
310,115
312,115
479,115
0,116
106,116
231,116
479,116
0,117
106,117
230,117
479,117
0,118
106,118
231,118
479,118
0,119
106,119
231,119
479,119
0,120
106,120
232,120
479,120
0,121
106,121
232,121
479,121
0,122
106,122
170,122
171,122
232,122
479,122
0,123
106,123
167,123
167,123
170,123
171,123
232,123
479,123
0,124
105,124
167,124
167,124
169,124
170,124
234,124
479,124
0,125
27,125
34,125
105,125
167,125
167,125
169,125
169,125
235,125
479,125
0,126
27,126
37,126
105,126
165,126
169,126
226,126
226,126
235,126
479,126
0,127
29,127
38,127
105,127
164,127
168,127
226,127
226,127
236,127
479,127
0,128
34,128
37,128
94,128
96,128
105,128
163,128
167,128
225,128
227,128
236,128
479,128
0,129
91,129
93,129
95,129
99,129
105,129
140,129
144,129
162,129
167,129
221,129
221,129
225,129
227,129
237,129
479,129
0,130
94,130
99,130
105,130
140,130
146,130
161,130
170,130
221,130
222,130
225,130
227,130
237,130
479,130
0,131
93,131
99,131
105,131
139,131
143,131
145,131
148,131
158,131
170,131
210,131
210,131
220,131
223,131
225,131
227,131
238,131
479,131
0,132
92,132
99,132
105,132
139,132
173,132
210,132
210,132
212,132
216,132
220,132
229,132
238,132
479,132
0,133
91,133
99,133
106,133
138,133
151,133
159,133
173,133
210,133
217,133
220,133
227,133
229,133
229,133
239,133
479,133
0,134
91,134
99,134
107,134
118,134
119,134
138,134
149,134
162,134
174,134
210,134
211,134
213,134
215,134
217,134
218,134
220,134
227,134
229,134
230,134
239,134
479,134
0,135
91,135
98,135
108,135
118,135
120,135
138,135
149,135
164,135
174,135
217,135
227,135
229,135
231,135
240,135
479,135
0,136
89,136
98,136
108,136
118,136
123,136
138,136
175,136
217,136
231,136
240,136
479,136
0,137
89,137
98,137
109,137
118,137
124,137
135,137
176,137
182,137
183,137
218,137
231,137
240,137
479,137
0,138
89,138
97,138
110,138
118,138
126,138
134,138
183,138
218,138
232,138
241,138
479,138
0,139
89,139
97,139
111,139
117,139
183,139
185,139
186,139
219,139
232,139
241,139
479,139
0,140
89,140
97,140
113,140
116,140
127,140
130,140
188,140
221,140
233,140
242,140
479,140
0,141
90,141
94,141
113,141
116,141
187,141
222,141
233,141
242,141
479,141
0,142
187,142
222,142
234,142
243,142
479,142
0,143
92,143
96,143
187,143
224,143
234,143
243,143
479,143
0,144
159,144
161,144
161,144
163,144
186,144
225,144
234,144
244,144
479,144
0,145
158,145
163,145
186,145
226,145
235,145
244,145
479,145
0,146
153,146
155,146
157,146
162,146
162,146
164,146
185,146
228,146
235,146
244,146
479,146
0,147
156,147
162,147
162,147
164,147
185,147
228,147
236,147
244,147
479,147
0,148
155,148
162,148
185,148
229,148
236,148
245,148
479,148
0,149
154,149
162,149
185,149
230,149
237,149
246,149
479,149
0,150
152,150
162,150
185,150
231,150
238,150
246,150
479,150
0,151
152,151
161,151
184,151
233,151
238,151
247,151
479,151
0,152
152,152
162,152
184,152
234,152
239,152
247,152
253,152
255,152
418,152
420,152
420,152
424,152
424,152
427,152
479,152
0,153
151,153
162,153
184,153
236,153
239,153
248,153
417,153
427,153
479,153
0,154
151,154
162,154
184,154
237,154
240,154
248,154
417,154
428,154
479,154
0,155
151,155
162,155
184,155
238,155
240,155
248,155
251,155
258,155
415,155
417,155
417,155
428,155
479,155
0,156
151,156
160,156
184,156
239,156
240,156
249,156
251,156
259,156
415,156
417,156
417,156
428,156
479,156
0,157
153,157
158,157
185,157
240,157
241,157
250,157
251,157
261,157
417,157
428,157
479,157
0,158
185,158
241,158
241,158
250,158
251,158
262,158
417,158
428,158
479,158
0,159
157,159
160,159
185,159
251,159
251,159
263,159
417,159
428,159
479,159
0,160
186,160
251,160
252,160
263,160
416,160
428,160
479,160
0,161
186,161
252,161
253,161
264,161
416,161
428,161
479,161
0,162
186,162
252,162
254,162
256,162
256,162
264,162
417,162
427,162
479,162
0,163
187,163
253,163
259,163
262,163
418,163
423,163
479,163
0,164
187,164
253,164
479,164
0,165
188,165
254,165
479,165
0,166
188,166
254,166
479,166
0,167
188,167
255,167
479,167
0,168
188,168
254,168
479,168
0,169
188,169
256,169
479,169
0,170
187,170
247,170
247,170
256,170
479,170
0,171
187,171
247,171
247,171
256,171
479,171
0,172
187,172
247,172
248,172
258,172
479,172
0,173
187,173
247,173
248,173
258,173
479,173
0,174
186,174
247,174
249,174
258,174
479,174
0,175
186,175
247,175
249,175
258,175
479,175
0,176
185,176
246,176
250,176
259,176
479,176
0,177
185,177
246,177
251,177
259,177
479,177
0,178
185,178
246,178
251,178
260,178
479,178
0,179
184,179
246,179
251,179
260,179
479,179
0,180
150,180
157,180
184,180
245,180
252,180
261,180
479,180
0,181
149,181
158,181
183,181
245,181
252,181
262,181
479,181
0,182
147,182
160,182
183,182
244,182
253,182
262,182
479,182
0,183
147,183
160,183
183,183
244,183
253,183
263,183
479,183
0,184
147,184
161,184
183,184
243,184
254,184
262,184
263,184
266,184
479,184
0,185
147,185
161,185
183,185
243,185
255,185
263,185
266,185
268,185
479,185
0,186
153,186
158,186
182,186
243,186
255,186
265,186
479,186
0,187
103,187
109,187
182,187
242,187
255,187
267,187
479,187
0,188
103,188
110,188
182,188
242,188
253,188
268,188
479,188
0,189
103,189
110,189
181,189
242,189
253,189
268,189
283,189
288,189
479,189
0,190
104,190
110,190
181,190
241,190
253,190
269,190
282,190
288,190
479,190
0,191
107,191
109,191
181,191
241,191
251,191
270,191
281,191
290,191
479,191
0,192
181,192
240,192
252,192
270,192
279,192
291,192
479,192
0,193
180,193
240,193
250,193
270,193
281,193
292,193
479,193
0,194
180,194
240,194
250,194
271,194
281,194
292,194
479,194
0,195
180,195
240,195
247,195
249,195
250,195
271,195
282,195
293,195
479,195
0,196
180,196
250,196
250,196
271,196
283,196
294,196
479,196
0,197
180,197
272,197
284,197
294,197
479,197
0,198
180,198
272,198
284,198
295,198
479,198
0,199
180,199
273,199
285,199
295,199
479,199
0,200
180,200
274,200
274,200
276,200
285,200
295,200
479,200
0,201
180,201
275,201
285,201
295,201
479,201
0,202
180,202
275,202
286,202
296,202
479,202
0,203
180,203
276,203
286,203
296,203
479,203
0,204
180,204
276,204
286,204
296,204
479,204
0,205
180,205
276,205
285,205
296,205
479,205
0,206
180,206
275,206
285,206
296,206
479,206
0,207
180,207
275,207
285,207
295,207
479,207
0,208
181,208
276,208
284,208
295,208
479,208
0,209
181,209
276,209
284,209
294,209
479,209
0,210
182,210
277,210
284,210
294,210
479,210
0,211
183,211
267,211
267,211
279,211
282,211
293,211
479,211
3,212
184,212
265,212
268,212
293,212
479,212
5,213
186,213
262,213
268,213
292,213
479,213
6,214
190,214
259,214
269,214
291,214
479,214
6,215
192,215
259,215
270,215
290,215
479,215
4,216
193,216
258,216
271,216
289,216
307,216
312,216
479,216
0,217
196,217
256,217
272,217
288,217
307,217
314,217
479,217
0,218
199,218
252,218
272,218
286,218
307,218
316,218
479,218
2,219
200,219
252,219
253,219
256,219
275,219
284,219
308,219
316,219
479,219
0,220
201,220
251,220
479,220
0,221
200,221
243,221
479,221
0,222
199,222
244,222
479,222
0,223
199,223
247,223
479,223
0,224
194,224
196,224
197,224
248,224
479,224
0,225
196,225
248,225
479,225
0,226
195,226
248,226
479,226
0,227
194,227
247,227
479,227
0,228
193,228
247,228
479,228
0,229
191,229
247,229
479,229
0,230
188,230
191,230
191,230
245,230
479,230
0,231
189,231
245,231
479,231
0,232
189,232
244,232
479,232
0,233
188,233
244,233
479,233
0,234
187,234
244,234
479,234
0,235
186,235
244,235
479,235
0,236
185,236
245,236
479,236
0,237
183,237
245,237
479,237
0,238
182,238
245,238
479,238
0,239
181,239
245,239
479,239
0,240
180,240
245,240
460,240
466,240
479,240
0,241
179,241
245,241
458,241
466,241
479,241
0,242
178,242
245,242
455,242
457,242
457,242
465,242
479,242
0,243
177,243
245,243
455,243
457,243
457,243
464,243
479,243
0,244
150,244
152,244
176,244
246,244
457,244
463,244
479,244
0,245
143,245
145,245
146,245
155,245
175,245
246,245
456,245
463,245
479,245
0,246
145,246
156,246
174,246
246,246
455,246
462,246
479,246
0,247
144,247
155,247
172,247
246,247
455,247
461,247
479,247
0,248
144,248
153,248
171,248
246,248
455,248
461,248
479,248
0,249
143,249
150,249
168,249
170,249
170,249
246,249
454,249
461,249
479,249
0,250
143,250
148,250
168,250
246,250
454,250
459,250
479,250
0,251
167,251
246,251
453,251
458,251
479,251
0,252
166,252
246,252
268,252
270,252
453,252
458,252
479,252
0,253
165,253
246,253
268,253
270,253
270,253
274,253
453,253
457,253
479,253
0,254
163,254
247,254
269,254
276,254
453,254
457,254
479,254
0,255
161,255
247,255
269,255
277,255
453,255
456,255
479,255
0,256
161,256
246,256
270,256
279,256
479,256
0,257
158,257
247,257
270,257
280,257
373,257
377,257
479,257
0,258
156,258
247,258
271,258
280,258
371,258
383,258
479,258
0,259
152,259
154,259
155,259
247,259
273,259
280,259
371,259
384,259
479,259
0,260
154,260
247,260
275,260
280,260
372,260
386,260
479,260
0,261
152,261
247,261
276,261
279,261
372,261
386,261
479,261
0,262
145,262
147,262
149,262
247,262
278,262
280,262
373,262
388,262
479,262
0,263
147,263
247,263
275,263
277,263
375,263
388,263
479,263
0,264
144,264
247,264
375,264
389,264
479,264
0,265
142,265
247,265
375,265
390,265
479,265
0,266
129,266
131,266
133,266
135,266
139,266
248,266
379,266
391,266
479,266
0,267
136,267
248,267
380,267
391,267
479,267
0,268
133,268
248,268
383,268
391,268
479,268
0,269
130,269
248,269
384,269
391,269
479,269
0,270
126,270
248,270
386,270
390,270
479,270
0,271
124,271
248,271
479,271
0,272
121,272
248,272
479,272
0,273
118,273
248,273
479,273
0,274
115,274
248,274
479,274
0,275
112,275
248,275
479,275
0,276
99,276
101,276
110,276
248,276
479,276
0,277
103,277
248,277
479,277
0,278
101,278
248,278
479,278
0,279
97,279
248,279
479,279
0,280
95,280
248,280
479,280
0,281
92,281
249,281
479,281
0,282
90,282
249,282
479,282
0,283
89,283
249,283
479,283
0,284
46,284
48,284
87,284
249,284
479,284
0,285
46,285
50,285
83,285
85,285
86,285
249,285
479,285
0,286
45,286
51,286
84,286
249,286
479,286
0,287
45,287
52,287
83,287
249,287
479,287
0,288
45,288
54,288
82,288
249,288
433,288
439,288
479,288
0,289
45,289
55,289
81,289
249,289
431,289
440,289
479,289
0,290
45,290
56,290
80,290
249,290
431,290
441,290
479,290
0,291
46,291
56,291
79,291
249,291
432,291
442,291
479,291
0,292
47,292
57,292
78,292
249,292
432,292
443,292
479,292
0,293
47,293
58,293
78,293
249,293
433,293
444,293
479,293
0,294
48,294
58,294
77,294
249,294
434,294
444,294
479,294
0,295
49,295
59,295
77,295
249,295
436,295
444,295
479,295
0,296
51,296
59,296
77,296
248,296
479,296
0,297
52,297
60,297
77,297
248,297
479,297
0,298
54,298
60,298
77,298
248,298
479,298
0,299
55,299
58,299
78,299
248,299
479,299
0,300
77,300
248,300
479,300
0,301
77,301
248,301
479,301
0,302
75,302
248,302
479,302
0,303
74,303
248,303
479,303
0,304
65,304
70,304
73,304
248,304
479,304
0,305
72,305
248,305
479,305
0,306
70,306
248,306
479,306
0,307
69,307
247,307
479,307
0,308
68,308
247,308
479,308
0,309
67,309
247,309
479,309
0,310
66,310
247,310
479,310
0,311
66,311
247,311
479,311
0,312
66,312
247,312
479,312
0,313
67,313
247,313
479,313
0,314
67,314
247,314
479,314
0,315
70,315
247,315
479,315
0,316
70,316
247,316
479,316
0,317
73,317
247,317
479,317
0,318
74,318
247,318
479,318
0,319
73,319
247,319
479,319
0,320
74,320
248,320
479,320
0,321
74,321
248,321
479,321
0,322
75,322
248,322
479,322
0,323
76,323
249,323
479,323
0,324
38,324
44,324
79,324
249,324
479,324
0,325
41,325
46,325
83,325
249,325
479,325
0,326
35,326
46,326
85,326
87,326
91,326
249,326
479,326
0,327
35,327
46,327
91,327
250,327
479,327
0,328
30,328
46,328
89,328
91,328
93,328
250,328
479,328
0,329
30,329
44,329
93,329
250,329
267,329
274,329
479,329
0,330
29,330
43,330
94,330
250,330
261,330
278,330
479,330
0,331
29,331
42,331
95,331
251,331
260,331
280,331
479,331
0,332
28,332
42,332
94,332
251,332
260,332
280,332
479,332
0,333
30,333
38,333
38,333
41,333
97,333
251,333
260,333
281,333
479,333
0,334
100,334
251,334
261,334
281,334
479,334
0,335
34,335
40,335
98,335
100,335
102,335
251,335
261,335
281,335
479,335
0,336
105,336
251,336
263,336
281,336
479,336
0,337
107,337
252,337
263,337
280,337
479,337
0,338
106,338
108,338
111,338
252,338
264,338
279,338
479,338
0,339
113,339
252,339
266,339
276,339
479,339
0,340
69,340
71,340
72,340
78,340
115,340
252,340
479,340
0,341
71,341
78,341
116,341
252,341
479,341
0,342
67,342
69,342
69,342
77,342
117,342
252,342
479,342
0,343
69,343
75,343
116,343
118,343
118,343
252,343
479,343
0,344
68,344
74,344
111,344
115,344
118,344
252,344
479,344
0,345
67,345
73,345
119,345
253,345
479,345
0,346
67,346
72,346
111,346
116,346
119,346
253,346
479,346
0,347
67,347
71,347
111,347
117,347
120,347
253,347
479,347
0,348
67,348
71,348
110,348
118,348
120,348
253,348
479,348
0,349
67,349
70,349
109,349
118,349
120,349
253,349
479,349
0,350
108,350
119,350
120,350
253,350
479,350
0,351
107,351
118,351
121,351
253,351
479,351
0,352
109,352
116,352
121,352
252,352
479,352
0,353
110,353
116,353
121,353
252,353
479,353
0,354
122,354
252,354
479,354
0,355
122,355
252,355
479,355
0,356
123,356
252,356
479,356
0,357
123,357
252,357
479,357
0,358
123,358
252,358
479,358
0,359
124,359
252,359
479,359
