0,0
232,0
346,0
423,0
0,1
232,1
346,1
422,1
0,2
231,2
345,2
421,2
0,3
231,3
345,3
421,3
0,4
231,4
345,4
420,4
0,5
231,5
345,5
419,5
0,6
231,6
344,6
419,6
0,7
232,7
344,7
419,7
446,7
449,7
0,8
232,8
343,8
417,8
442,8
443,8
446,8
451,8
0,9
232,9
342,9
417,9
442,9
443,9
445,9
451,9
0,10
233,10
342,10
417,10
441,10
452,10
0,11
233,11
342,11
417,11
440,11
452,11
0,12
234,12
342,12
417,12
439,12
452,12
0,13
235,13
341,13
417,13
440,13
453,13
0,14
236,14
341,14
417,14
438,14
438,14
440,14
454,14
0,15
236,15
341,15
417,15
436,15
437,15
439,15
456,15
0,16
237,16
341,16
417,16
436,16
456,16
0,17
238,17
340,17
419,17
435,17
457,17
0,18
239,18
340,18
419,18
434,18
434,18
436,18
458,18
0,19
240,19
340,19
422,19
432,19
434,19
436,19
459,19
0,20
240,20
340,20
459,20
0,21
241,21
340,21
460,21
0,22
242,22
339,22
461,22
0,23
243,23
339,23
462,23
0,24
244,24
338,24
463,24
0,25
245,25
338,25
463,25
0,26
246,26
338,26
464,26
0,27
247,27
338,27
464,27
0,28
247,28
337,28
464,28
0,29
246,29
337,29
464,29
0,30
243,30
245,30
245,30
336,30
464,30
0,31
243,31
245,31
245,31
336,31
464,31
0,32
244,32
335,32
464,32
0,33
243,33
334,33
464,33
0,34
243,34
334,34
465,34
0,35
242,35
334,35
465,35
0,36
241,36
334,36
465,36
0,37
240,37
333,37
465,37
0,38
240,38
333,38
465,38
0,39
239,39
331,39
465,39
0,40
236,40
238,40
238,40
331,40
465,40
0,41
237,41
330,41
465,41
0,42
237,42
329,42
465,42
0,43
236,43
329,43
465,43
0,44
235,44
329,44
465,44
0,45
235,45
327,45
465,45
0,46
234,46
327,46
465,46
0,47
234,47
326,47
465,47
0,48
233,48
326,48
465,48
0,49
232,49
324,49
464,49
0,50
231,50
324,50
464,50
0,51
230,51
323,51
464,51
0,52
229,52
323,52
464,52
0,53
229,53
322,53
463,53
0,54
228,54
321,54
463,54
0,55
228,55
320,55
463,55
0,56
227,56
320,56
462,56
0,57
226,57
319,57
462,57
0,58
224,58
290,58
295,58
319,58
462,58
0,59
225,59
290,59
291,59
293,59
297,59
316,59
461,59
0,60
224,60
288,60
295,60
298,60
303,60
312,60
312,60
315,60
461,60
0,61
223,61
288,61
461,61
0,62
222,62
289,62
312,62
316,62
460,62
0,63
222,63
288,63
460,63
0,64
221,64
288,64
460,64
0,65
220,65
288,65
459,65
0,66
219,66
288,66
457,66
459,66
459,66
0,67
219,67
287,67
458,67
0,68
218,68
287,68
458,68
0,69
218,69
286,69
458,69
0,70
217,70
286,70
457,70
0,71
216,71
286,71
457,71
0,72
216,72
285,72
457,72
0,73
214,73
285,73
456,73
0,74
214,74
284,74
456,74
0,75
214,75
284,75
456,75
0,76
213,76
284,76
455,76
0,77
213,77
283,77
455,77
0,78
212,78
283,78
455,78
0,79
212,79
283,79
453,79
0,80
212,80
282,80
452,80
0,81
210,81
282,81
451,81
0,82
210,82
282,82
450,82
0,83
210,83
252,83
252,83
281,83
441,83
448,83
449,83
0,84
210,84
251,84
252,84
280,84
433,84
0,85
210,85
250,85
252,85
280,85
433,85
0,86
209,86
248,86
251,86
279,86
431,86
0,87
209,87
247,87
250,87
279,87
430,87
0,88
208,88
245,88
251,88
278,88
430,88
0,89
208,89
244,89
250,89
278,89
429,89
479,89
479,89
0,90
208,90
243,90
243,90
245,90
250,90
277,90
429,90
478,90
479,90
0,91
208,91
244,91
249,91
277,91
429,91
477,91
479,91
0,92
207,92
244,92
249,92
276,92
428,92
476,92
479,92
0,93
207,93
243,93
247,93
276,93
428,93
475,93
479,93
0,94
206,94
243,94
247,94
273,94
427,94
475,94
479,94
0,95
206,95
243,95
247,95
273,95
427,95
475,95
479,95
0,96
206,96
243,96
247,96
272,96
427,96
474,96
479,96
0,97
205,97
242,97
247,97
271,97
427,97
473,97
479,97
0,98
205,98
241,98
247,98
270,98
425,98
473,98
479,98
0,99
205,99
241,99
246,99
270,99
424,99
472,99
479,99
0,100
205,100
241,100
246,100
270,100
424,100
472,100
479,100
0,101
204,101
241,101
246,101
269,101
423,101
471,101
479,101
0,102
204,102
241,102
246,102
268,102
422,102
471,102
479,102
0,103
203,103
241,103
246,103
267,103
421,103
470,103
479,103
0,104
203,104
242,104
246,104
267,104
421,104
471,104
479,104
0,105
203,105
242,105
246,105
266,105
420,105
470,105
479,105
0,106
203,106
242,106
246,106
265,106
420,106
469,106
479,106
0,107
202,107
243,107
246,107
264,107
420,107
469,107
479,107
0,108
202,108
243,108
246,108
265,108
420,108
468,108
479,108
0,109
201,109
243,109
246,109
264,109
419,109
468,109
479,109
0,110
201,110
244,110
248,110
262,110
418,110
466,110
479,110
0,111
201,111
244,111
250,111
262,111
417,111
466,111
479,111
0,112
201,112
245,112
252,112
259,112
259,112
262,112
417,112
466,112
479,112
0,113
200,113
245,113
258,113
260,113
417,113
465,113
479,113
0,114
200,114
246,114
417,114
465,114
479,114
0,115
200,115
247,115
417,115
464,115
479,115
0,116
200,116
248,116
417,116
463,116
479,116
0,117
200,117
249,117
416,117
463,117
479,117
0,118
199,118
251,118
415,118
463,118
479,118
0,119
199,119
254,119
415,119
462,119
479,119
0,120
199,120
256,120
415,120
462,120
479,120
0,121
199,121
257,121
415,121
462,121
479,121
0,122
199,122
258,122
416,122
460,122
479,122
0,123
199,123
258,123
417,123
443,123
444,123
459,123
479,123
0,124
199,124
259,124
414,124
441,124
444,124
458,124
479,124
0,125
199,125
259,125
415,125
440,125
444,125
458,125
479,125
0,126
199,126
261,126
414,126
438,126
444,126
457,126
479,126
0,127
199,127
260,127
414,127
436,127
445,127
455,127
479,127
0,128
199,128
260,128
414,128
434,128
447,128
454,128
479,128
0,129
199,129
259,129
414,129
432,129
447,129
449,129
479,129
0,130
199,130
257,130
414,130
430,130
479,130
0,131
199,131
256,131
412,131
414,131
414,131
426,131
479,131
0,132
199,132
256,132
415,132
423,132
479,132
0,133
199,133
255,133
479,133
0,134
199,134
255,134
479,134
0,135
199,135
253,135
479,135
0,136
199,136
253,136
479,136
0,137
199,137
251,137
479,137
0,138
199,138
252,138
479,138
0,139
199,139
252,139
479,139
0,140
199,140
242,140
243,140
251,140
479,140
0,141
199,141
244,141
479,141
0,142
199,142
245,142
479,142
0,143
199,143
243,143
243,143
245,143
479,143
0,144
199,144
243,144
479,144
0,145
199,145
244,145
479,145
0,146
199,146
244,146
479,146
0,147
199,147
244,147
479,147
0,148
199,148
244,148
479,148
0,149
199,149
244,149
479,149
0,150
199,150
244,150
479,150
0,151
200,151
244,151
479,151
0,152
199,152
243,152
479,152
0,153
200,153
241,153
479,153
0,154
200,154
240,154
479,154
0,155
201,155
239,155
479,155
0,156
201,156
238,156
479,156
0,157
201,157
237,157
479,157
0,158
201,158
237,158
479,158
0,159
201,159
236,159
479,159
0,160
202,160
237,160
479,160
0,161
202,161
235,161
479,161
0,162
202,162
235,162
479,162
0,163
201,163
203,163
203,163
236,163
479,163
0,164
203,164
232,164
479,164
0,165
205,165
230,165
479,165
0,166
209,166
228,166
479,166
0,167
210,167
228,167
479,167
0,168
211,168
228,168
479,168
0,169
211,169
227,169
479,169
0,170
211,170
225,170
479,170
0,171
211,171
225,171
479,171
0,172
213,172
225,172
479,172
0,173
214,173
223,173
479,173
0,174
214,174
223,174
479,174
0,175
216,175
223,175
479,175
0,176
218,176
222,176
479,176
0,177
479,177
0,178
479,178
0,179
479,179
0,180
479,180
0,181
479,181
0,182
479,182
0,183
479,183
0,184
479,184
0,185
479,185
0,186
479,186
0,187
479,187
0,188
479,188
0,189
479,189
0,190
479,190
0,191
479,191
0,192
479,192
0,193
479,193
0,194
479,194
0,195
479,195
0,196
479,196
0,197
479,197
0,198
479,198
0,199
479,199
0,200
479,200
0,201
479,201
0,202
479,202
0,203
479,203
0,204
479,204
0,205
479,205
0,206
479,206
0,207
479,207
0,208
280,208
284,208
286,208
358,208
359,208
364,208
479,208
0,209
260,209
268,209
268,209
370,209
375,209
377,209
479,209
0,210
250,210
385,210
479,210
0,211
236,211
390,211
479,211
0,212
227,212
398,212
479,212
0,213
216,213
403,213
403,213
405,213
479,213
0,214
206,214
208,214
208,214
410,214
479,214
0,215
198,215
413,215
479,215
0,216
190,216
417,216
479,216
0,217
182,217
426,217
479,217
0,218
174,218
427,218
479,218
0,219
165,219
432,219
479,219
0,220
159,220
435,220
479,220
0,221
152,221
442,221
473,221
0,222
145,222
451,222
463,222
0,223
138,223
0,224
132,224
0,225
123,225
0,226
117,226
0,227
111,227
0,228
103,228
0,229
96,229
0,230
87,230
0,231
79,231
0,232
73,232
0,233
61,233
0,234
52,234
0,235
43,235
0,236
34,236
0,237
24,237
0,238
16,238
0,239
12,239
0,240
2,240
0,257
8,257
0,258
15,258
0,259
23,259
25,259
25,259
0,260
31,260
0,261
42,261
0,262
52,262
0,263
62,263
0,264
71,264
0,265
81,265
0,266
88,266
0,267
96,267
0,268
104,268
0,269
112,269
0,270
118,270
0,271
127,271
0,272
134,272
0,273
139,273
445,273
469,273
0,274
146,274
440,274
476,274
0,275
154,275
435,275
479,275
0,276
162,276
429,276
479,276
0,277
169,277
425,277
479,277
0,278
177,278
421,278
479,278
0,279
185,279
417,279
479,279
0,280
192,280
412,280
479,280
0,281
204,281
407,281
479,281
0,282
214,282
401,282
479,282
0,283
219,283
394,283
479,283
0,284
233,284
389,284
479,284
0,285
247,285
381,285
479,285
0,286
255,286
371,286
479,286
0,287
281,287
357,287
479,287
0,288
479,288
0,289
479,289
0,290
479,290
0,291
479,291
0,292
479,292
0,293
479,293
0,294
479,294
0,295
479,295
0,296
479,296
0,297
479,297
0,298
479,298
0,299
479,299
0,300
479,300
0,301
479,301
0,302
479,302
0,303
479,303
0,304
479,304
0,305
479,305
0,306
479,306
0,307
479,307
0,308
479,308
0,309
479,309
0,310
479,310
0,311
479,311
0,312
479,312
0,313
479,313
0,314
479,314
0,315
479,315
0,316
479,316
0,317
479,317
0,318
479,318
0,319
479,319
0,320
479,320
0,321
479,321
0,322
479,322
0,323
479,323
0,324
479,324
0,325
479,325
0,326
479,326
0,327
479,327
0,328
479,328
0,329
479,329
0,330
479,330
0,331
479,331
0,332
479,332
0,333
479,333
0,334
479,334
0,335
479,335
0,336
479,336
0,337
479,337
0,338
479,338
0,339
479,339
0,340
479,340
0,341
479,341
0,342
479,342
0,343
479,343
0,344
479,344
0,345
479,345
0,346
479,346
0,347
479,347
0,348
479,348
0,349
479,349
0,350
479,350
0,351
479,351
0,352
479,352
0,353
479,353
0,354
479,354
0,355
479,355
0,356
479,356
0,357
479,357
0,358
479,358
0,359
479,359
