0,0
257,0
352,0
422,0
0,1
256,1
352,1
421,1
0,2
255,2
351,2
420,2
0,3
255,3
351,3
418,3
0,4
254,4
351,4
418,4
0,5
254,5
350,5
418,5
0,6
251,6
349,6
417,6
0,7
252,7
349,7
417,7
0,8
252,8
348,8
416,8
0,9
250,9
347,9
415,9
0,10
250,10
347,10
415,10
0,11
249,11
347,11
414,11
0,12
249,12
347,12
411,12
413,12
413,12
0,13
248,13
346,13
411,13
0,14
248,14
346,14
412,14
0,15
247,15
345,15
410,15
412,15
412,15
0,16
246,16
343,16
408,16
410,16
411,16
0,17
246,17
343,17
410,17
0,18
245,18
341,18
409,18
0,19
244,19
341,19
409,19
0,20
243,20
340,20
408,20
0,21
240,21
242,21
243,21
340,21
407,21
0,22
240,22
242,22
242,22
339,22
406,22
0,23
241,23
338,23
406,23
0,24
239,24
337,24
403,24
405,24
405,24
0,25
240,25
337,25
404,25
0,26
239,26
336,26
404,26
0,27
239,27
335,27
403,27
0,28
237,28
334,28
403,28
0,29
237,29
334,29
402,29
0,30
236,30
333,30
401,30
0,31
235,31
333,31
400,31
0,32
234,32
331,32
400,32
0,33
233,33
330,33
399,33
0,34
233,34
330,34
399,34
0,35
232,35
328,35
398,35
0,36
231,36
328,36
398,36
0,37
231,37
327,37
397,37
0,38
230,38
327,38
396,38
0,39
229,39
326,39
396,39
0,40
228,40
325,40
395,40
0,41
228,41
324,41
395,41
0,42
227,42
324,42
394,42
0,43
226,43
323,43
393,43
0,44
224,44
322,44
393,44
0,45
224,45
322,45
393,45
0,46
222,46
320,46
392,46
0,47
222,47
320,47
392,47
0,48
220,48
319,48
391,48
0,49
219,49
318,49
390,49
0,50
217,50
219,50
219,50
318,50
390,50
0,51
218,51
316,51
389,51
0,52
216,52
316,52
389,52
0,53
215,53
315,53
389,53
0,54
214,54
315,54
388,54
0,55
215,55
314,55
388,55
0,56
213,56
313,56
388,56
0,57
213,57
312,57
387,57
0,58
211,58
312,58
387,58
0,59
211,59
311,59
387,59
0,60
209,60
310,60
388,60
0,61
208,61
309,61
389,61
0,62
207,62
309,62
390,62
0,63
205,63
308,63
392,63
0,64
203,64
307,64
395,64
0,65
203,65
306,65
397,65
0,66
203,66
306,66
398,66
0,67
203,67
305,67
396,67
0,68
200,68
304,68
396,68
0,69
199,69
303,69
394,69
0,70
199,70
303,70
393,70
0,71
199,71
302,71
392,71
0,72
196,72
301,72
391,72
0,73
194,73
301,73
390,73
0,74
193,74
300,74
389,74
0,75
192,75
299,75
388,75
0,76
191,76
299,76
388,76
0,77
189,77
298,77
386,77
0,78
188,78
297,78
385,78
0,79
188,79
297,79
384,79
0,80
185,80
296,80
384,80
0,81
185,81
295,81
383,81
0,82
184,82
294,82
381,82
0,83
183,83
294,83
381,83
0,84
182,84
293,84
380,84
0,85
181,85
292,85
379,85
0,86
180,86
292,86
378,86
0,87
179,87
291,87
377,87
0,88
178,88
291,88
376,88
0,89
177,89
290,89
375,89
0,90
176,90
290,90
375,90
0,91
175,91
289,91
375,91
0,92
175,92
288,92
373,92
0,93
173,93
287,93
372,93
0,94
172,94
287,94
371,94
0,95
172,95
287,95
371,95
0,96
171,96
286,96
369,96
0,97
169,97
285,97
368,97
464,97
464,97
0,98
168,98
285,98
367,98
465,98
469,98
0,99
168,99
285,99
367,99
464,99
472,99
0,100
168,100
284,100
367,100
464,100
475,100
0,101
167,101
282,101
365,101
463,101
479,101
0,102
167,102
282,102
364,102
463,102
479,102
0,103
167,103
282,103
364,103
463,103
479,103
0,104
166,104
281,104
363,104
463,104
479,104
0,105
165,105
281,105
362,105
463,105
479,105
0,106
165,106
280,106
361,106
463,106
479,106
0,107
164,107
279,107
360,107
463,107
479,107
0,108
164,108
279,108
360,108
463,108
479,108
0,109
163,109
279,109
359,109
463,109
479,109
0,110
163,110
278,110
359,110
463,110
479,110
0,111
163,111
278,111
359,111
463,111
479,111
0,112
162,112
277,112
357,112
462,112
479,112
0,113
161,113
277,113
357,113
462,113
479,113
0,114
160,114
277,114
355,114
462,114
479,114
0,115
160,115
276,115
355,115
462,115
479,115
0,116
157,116
160,116
160,116
276,116
354,116
462,116
479,116
0,117
159,117
275,117
354,117
462,117
479,117
0,118
155,118
157,118
158,118
275,118
353,118
462,118
479,118
0,119
155,119
157,119
157,119
274,119
353,119
384,119
384,119
386,119
389,119
462,119
479,119
0,120
157,120
274,120
352,120
381,120
392,120
462,120
479,120
0,121
157,121
274,121
351,121
378,121
378,121
381,121
392,121
462,121
479,121
0,122
158,122
273,122
351,122
377,122
391,122
393,122
394,122
461,122
479,122
0,123
158,123
273,123
351,123
374,123
376,123
379,123
391,123
393,123
395,123
461,123
479,123
0,124
160,124
272,124
349,124
372,124
373,124
375,124
377,124
379,124
394,124
396,124
396,124
460,124
479,124
0,125
160,125
273,125
349,125
371,125
396,125
461,125
479,125
0,126
161,126
273,126
348,126
374,126
397,126
461,126
479,126
0,127
163,127
271,127
348,127
370,127
371,127
374,127
397,127
461,127
479,127
0,128
164,128
270,128
347,128
370,128
398,128
461,128
479,128
0,129
165,129
270,129
347,129
369,129
370,129
372,129
399,129
461,129
479,129
0,130
166,130
270,130
347,130
368,130
399,130
461,130
479,130
0,131
168,131
269,131
270,131
272,131
346,131
368,131
400,131
461,131
479,131
0,132
169,132
269,132
346,132
367,132
399,132
461,132
479,132
0,133
170,133
269,133
346,133
366,133
401,133
461,133
479,133
0,134
172,134
268,134
345,134
366,134
401,134
461,134
479,134
0,135
172,135
268,135
345,135
365,135
401,135
461,135
479,135
0,136
173,136
267,136
345,136
364,136
401,136
461,136
479,136
0,137
175,137
266,137
346,137
365,137
401,137
460,137
479,137
0,138
171,138
173,138
174,138
267,138
346,138
363,138
363,138
365,138
401,138
460,138
479,138
0,139
171,139
173,139
173,139
266,139
347,139
362,139
362,139
365,139
401,139
459,139
479,139
0,140
173,140
265,140
348,140
361,140
401,140
458,140
479,140
0,141
172,141
264,141
350,141
360,141
360,141
363,141
401,141
458,141
479,141
0,142
171,142
264,142
401,142
458,142
479,142
0,143
171,143
264,143
400,143
458,143
479,143
0,144
170,144
264,144
400,144
458,144
479,144
0,145
169,145
263,145
400,145
458,145
479,145
0,146
168,146
264,146
399,146
458,146
479,146
0,147
168,147
263,147
399,147
457,147
479,147
0,148
167,148
262,148
399,148
457,148
479,148
0,149
167,149
261,149
399,149
457,149
479,149
0,150
163,150
165,150
165,150
261,150
398,150
456,150
479,150
0,151
165,151
260,151
398,151
456,151
479,151
0,152
164,152
260,152
398,152
456,152
479,152
0,153
164,153
259,153
398,153
456,153
479,153
0,154
163,154
258,154
398,154
455,154
479,154
0,155
163,155
258,155
397,155
455,155
479,155
0,156
161,156
257,156
397,156
455,156
479,156
0,157
160,157
256,157
397,157
454,157
479,157
0,158
160,158
256,158
397,158
454,158
479,158
0,159
160,159
255,159
397,159
454,159
479,159
0,160
159,160
256,160
396,160
453,160
479,160
0,161
158,161
255,161
396,161
452,161
479,161
0,162
158,162
255,162
396,162
452,162
479,162
0,163
157,163
254,163
396,163
451,163
479,163
0,164
157,164
254,164
395,164
451,164
479,164
0,165
156,165
253,165
394,165
451,165
479,165
0,166
155,166
252,166
394,166
450,166
479,166
0,167
155,167
252,167
394,167
450,167
479,167
0,168
151,168
153,168
154,168
251,168
394,168
450,168
479,168
0,169
153,169
251,169
394,169
449,169
479,169
0,170
153,170
250,170
394,170
449,170
479,170
0,171
153,171
218,171
218,171
249,171
393,171
448,171
479,171
0,172
152,172
217,172
218,172
248,172
393,172
447,172
479,172
0,173
151,173
217,173
220,173
248,173
393,173
446,173
479,173
0,174
151,174
217,174
222,174
247,174
393,174
445,174
479,174
0,175
151,175
217,175
224,175
246,175
392,175
445,175
479,175
0,176
150,176
216,176
226,176
246,176
392,176
444,176
479,176
0,177
149,177
216,177
228,177
245,177
392,177
443,177
443,177
448,177
479,177
0,178
149,178
216,178
230,178
245,178
392,178
442,178
443,178
448,178
479,178
0,179
148,179
216,179
231,179
244,179
391,179
442,179
479,179
0,180
147,180
215,180
235,180
243,180
391,180
441,180
479,180
0,181
147,181
215,181
235,181
237,181
238,181
243,181
390,181
440,181
479,181
0,182
147,182
215,182
235,182
237,182
390,182
439,182
479,182
0,183
146,183
215,183
390,183
438,183
479,183
0,184
146,184
215,184
389,184
437,184
479,184
0,185
145,185
214,185
389,185
436,185
479,185
0,186
145,186
214,186
387,186
435,186
479,186
0,187
145,187
214,187
387,187
434,187
479,187
0,188
144,188
214,188
387,188
433,188
479,188
0,189
144,189
213,189
386,189
432,189
479,189
0,190
143,190
213,190
383,190
385,190
385,190
432,190
479,190
0,191
143,191
212,191
383,191
385,191
385,191
431,191
479,191
0,192
143,192
214,192
382,192
384,192
384,192
430,192
479,192
0,193
142,193
211,193
384,193
429,193
479,193
0,194
141,194
210,194
384,194
429,194
479,194
0,195
141,195
211,195
383,195
428,195
479,195
0,196
140,196
210,196
382,196
426,196
479,196
0,197
140,197
209,197
382,197
427,197
479,197
0,198
138,198
208,198
381,198
424,198
479,198
0,199
139,199
208,199
379,199
424,199
479,199
0,200
138,200
207,200
375,200
378,200
379,200
419,200
479,200
0,201
138,201
207,201
375,201
378,201
378,201
418,201
479,201
0,202
137,202
206,202
373,202
418,202
479,202
0,203
137,203
205,203
373,203
417,203
479,203
0,204
137,204
205,204
372,204
415,204
416,204
418,204
479,204
0,205
134,205
136,205
136,205
204,205
371,205
414,205
479,205
0,206
136,206
203,206
371,206
414,206
479,206
0,207
136,207
202,207
371,207
413,207
479,207
0,208
135,208
202,208
370,208
410,208
479,208
0,209
135,209
201,209
369,209
411,209
479,209
0,210
135,210
200,210
369,210
408,210
408,210
410,210
479,210
0,211
134,211
199,211
368,211
406,211
479,211
0,212
134,212
199,212
366,212
405,212
406,212
408,212
479,212
0,213
133,213
198,213
365,213
404,213
479,213
0,214
133,214
198,214
365,214
402,214
479,214
0,215
133,215
199,215
364,215
401,215
402,215
404,215
479,215
0,216
132,216
199,216
363,216
399,216
479,216
0,217
132,217
200,217
363,217
397,217
479,217
0,218
132,218
200,218
361,218
396,218
479,218
0,219
132,219
201,219
361,219
395,219
479,219
0,220
132,220
202,220
360,220
392,220
479,220
0,221
131,221
204,221
360,221
391,221
479,221
0,222
131,222
205,222
210,222
220,222
359,222
390,222
479,222
0,223
130,223
206,223
208,223
221,223
359,223
389,223
479,223
0,224
131,224
222,224
358,224
388,224
479,224
0,225
130,225
222,225
358,225
388,225
479,225
0,226
129,226
223,226
238,226
296,226
357,226
386,226
479,226
0,227
129,227
223,227
223,227
304,227
357,227
385,227
479,227
0,228
129,228
325,228
356,228
383,228
479,228
0,229
129,229
337,229
355,229
383,229
479,229
0,230
129,230
381,230
479,230
0,231
128,231
380,231
479,231
0,232
128,232
384,232
479,232
0,233
128,233
379,233
379,233
386,233
479,233
0,234
127,234
387,234
479,234
0,235
123,235
394,235
479,235
0,236
107,236
403,236
479,236
0,237
97,237
406,237
479,237
0,238
93,238
409,238
479,238
0,239
79,239
414,239
479,239
0,240
66,240
419,240
479,240
0,241
57,241
420,241
479,241
0,242
48,242
50,242
50,242
427,242
479,242
0,243
43,243
430,243
479,243
0,244
25,244
436,244
479,244
0,245
9,245
440,245
479,245
0,246
7,246
440,246
479,246
450,247
479,247
456,248
479,248
460,249
479,249
467,250
479,250
469,251
479,251
0,281
18,281
0,282
28,282
52,282
53,282
0,283
34,283
48,283
62,283
64,283
66,283
0,284
97,284
0,285
99,285
0,286
119,286
0,287
127,287
0,288
127,288
143,288
145,288
0,289
127,289
141,289
153,289
0,290
128,290
139,290
165,290
0,291
128,291
138,291
166,291
182,291
182,291
0,292
129,292
138,292
168,292
182,292
182,292
184,292
197,292
0,293
130,293
137,293
169,293
186,293
213,293
0,294
172,294
181,294
181,294
185,294
222,294
0,295
131,295
136,295
174,295
178,295
181,295
184,295
235,295
0,296
174,296
176,296
256,296
0,297
174,297
176,297
263,297
0,298
174,298
176,298
273,298
276,298
276,298
0,299
174,299
176,299
277,299
0,300
174,300
176,300
291,300
0,301
174,301
176,301
307,301
0,302
174,302
176,302
323,302
0,303
174,303
176,303
337,303
350,303
350,303
426,303
431,303
438,303
441,303
0,304
376,304
416,304
463,304
0,305
472,305
0,306
469,306
471,306
475,306
0,307
479,307
0,308
479,308
0,309
479,309
0,310
479,310
0,311
479,311
0,312
479,312
0,313
479,313
0,314
479,314
0,315
479,315
0,316
479,316
0,317
479,317
0,318
479,318
0,319
479,319
0,320
479,320
0,321
479,321
0,322
479,322
0,323
479,323
0,324
479,324
0,325
479,325
0,326
479,326
0,327
479,327
0,328
479,328
0,329
479,329
0,330
479,330
0,331
479,331
0,332
479,332
0,333
479,333
0,334
479,334
0,335
479,335
0,336
479,336
0,337
479,337
0,338
479,338
0,339
479,339
0,340
479,340
0,341
479,341
0,342
479,342
0,343
479,343
0,344
479,344
0,345
479,345
0,346
479,346
0,347
479,347
0,348
479,348
0,349
479,349
0,350
479,350
0,351
479,351
0,352
479,352
0,353
479,353
0,354
479,354
0,355
479,355
0,356
479,356
0,357
479,357
0,358
479,358
0,359
479,359
