0,0
179,0
186,0
239,0
475,0
479,0
0,1
239,1
476,1
479,1
0,2
235,2
476,2
479,2
0,3
235,3
476,3
479,3
0,4
233,4
478,4
479,4
0,5
226,5
479,5
479,5
0,6
223,6
0,7
223,7
0,8
219,8
0,9
219,9
0,10
216,10
0,11
216,11
0,12
215,12
0,13
214,13
0,14
213,14
0,15
213,15
0,16
211,16
0,17
211,17
0,18
211,18
0,19
210,19
0,20
210,20
0,21
209,21
0,22
209,22
0,23
209,23
0,24
209,24
0,25
208,25
0,26
208,26
0,27
208,27
0,28
208,28
0,29
207,29
0,30
207,30
0,31
207,31
0,32
207,32
0,33
207,33
0,34
207,34
0,35
207,35
0,36
208,36
0,37
208,37
0,38
208,38
0,39
208,39
0,40
208,40
0,41
209,41
0,42
209,42
0,43
209,43
0,44
209,44
0,45
210,45
0,46
210,46
263,46
263,46
0,47
211,47
263,47
263,47
0,48
211,48
262,48
263,48
329,48
329,48
0,49
213,49
261,49
264,49
327,49
331,49
0,50
213,50
260,50
265,50
324,50
331,50
0,51
214,51
259,51
265,51
322,51
327,51
329,51
332,51
0,52
215,52
259,52
259,52
261,52
266,52
322,52
333,52
0,53
216,53
257,53
266,53
320,53
334,53
0,54
217,54
256,54
266,54
318,54
335,54
0,55
218,55
254,55
266,55
316,55
335,55
0,56
219,56
253,56
265,56
314,56
336,56
0,57
221,57
251,57
252,57
255,57
265,57
314,57
337,57
0,58
224,58
235,58
235,58
247,58
252,58
255,58
265,58
314,58
338,58
0,59
239,59
243,59
265,59
314,59
339,59
0,60
265,60
313,60
340,60
0,61
265,61
313,61
341,61
0,62
265,62
313,62
342,62
344,62
345,62
0,63
265,63
313,63
346,63
0,64
264,64
313,64
347,64
0,65
264,65
313,65
349,65
0,66
264,66
313,66
350,66
0,67
265,67
313,67
348,67
350,67
351,67
0,68
265,68
313,68
352,68
0,69
265,69
313,69
353,69
0,70
265,70
312,70
353,70
0,71
265,71
312,71
353,71
0,72
265,72
312,72
353,72
0,73
265,73
312,73
353,73
0,74
265,74
312,74
353,74
0,75
265,75
312,75
353,75
0,76
265,76
312,76
353,76
0,77
265,77
312,77
354,77
0,78
264,78
311,78
354,78
0,79
264,79
311,79
355,79
406,79
406,79
0,80
264,80
311,80
355,80
407,80
407,80
0,81
264,81
311,81
355,81
407,81
407,81
0,82
264,82
311,82
355,82
407,82
408,82
0,83
264,83
311,83
355,83
407,83
408,83
0,84
264,84
311,84
355,84
406,84
409,84
0,85
264,85
311,85
355,85
407,85
410,85
0,86
264,86
311,86
355,86
407,86
411,86
0,87
264,87
310,87
356,87
407,87
411,87
0,88
264,88
310,88
356,88
407,88
412,88
0,89
264,89
310,89
356,89
407,89
412,89
0,90
264,90
310,90
356,90
407,90
413,90
0,91
264,91
310,91
356,91
407,91
411,91
413,91
413,91
0,92
264,92
310,92
356,92
407,92
411,92
413,92
414,92
0,93
264,93
310,93
356,93
407,93
414,93
0,94
264,94
310,94
357,94
407,94
415,94
0,95
264,95
309,95
357,95
407,95
415,95
0,96
264,96
309,96
356,96
407,96
415,96
0,97
264,97
309,97
356,97
407,97
415,97
0,98
264,98
309,98
356,98
407,98
415,98
0,99
264,99
309,99
355,99
407,99
415,99
0,100
264,100
309,100
355,100
407,100
415,100
0,101
264,101
309,101
355,101
407,101
416,101
0,102
264,102
308,102
355,102
407,102
416,102
0,103
264,103
308,103
355,103
407,103
416,103
0,104
263,104
308,104
354,104
407,104
416,104
0,105
263,105
308,105
354,105
407,105
416,105
0,106
263,106
308,106
353,106
407,106
416,106
0,107
263,107
308,107
353,107
407,107
415,107
0,108
263,108
308,108
353,108
407,108
415,108
0,109
263,109
308,109
353,109
407,109
415,109
417,109
417,109
0,110
263,110
308,110
353,110
407,110
417,110
0,111
263,111
307,111
353,111
407,111
417,111
0,112
263,112
307,112
352,112
406,112
417,112
0,113
262,113
307,113
352,113
406,113
417,113
0,114
262,114
307,114
352,114
406,114
417,114
0,115
262,115
307,115
352,115
406,115
417,115
0,116
261,116
307,116
351,116
406,116
417,116
0,117
261,117
307,117
351,117
406,117
417,117
0,118
261,118
307,118
351,118
405,118
418,118
0,119
260,119
307,119
351,119
405,119
418,119
0,120
259,120
307,120
351,120
404,120
419,120
0,121
259,121
306,121
350,121
404,121
419,121
0,122
259,122
306,122
350,122
403,122
419,122
0,123
258,123
306,123
350,123
403,123
419,123
0,124
258,124
306,124
350,124
402,124
419,124
0,125
256,125
306,125
349,125
402,125
419,125
0,126
256,126
306,126
349,126
402,126
419,126
0,127
256,127
306,127
349,127
402,127
402,127
404,127
419,127
0,128
256,128
306,128
349,128
400,128
419,128
0,129
256,129
306,129
348,129
400,129
419,129
0,130
256,130
305,130
348,130
400,130
419,130
0,131
255,131
305,131
348,131
400,131
420,131
0,132
255,132
304,132
348,132
399,132
420,132
0,133
255,133
304,133
347,133
399,133
420,133
0,134
255,134
304,134
347,134
399,134
420,134
0,135
254,135
304,135
347,135
398,135
420,135
0,136
254,136
303,136
347,136
398,136
420,136
0,137
253,137
303,137
347,137
398,137
420,137
0,138
253,138
302,138
347,138
398,138
421,138
0,139
253,139
302,139
347,139
398,139
421,139
0,140
252,140
301,140
346,140
397,140
421,140
0,141
252,141
301,141
345,141
397,141
421,141
0,142
251,142
300,142
345,142
396,142
421,142
0,143
251,143
300,143
345,143
395,143
421,143
0,144
251,144
300,144
344,144
395,144
421,144
0,145
251,145
299,145
344,145
395,145
422,145
0,146
250,146
299,146
344,146
394,146
422,146
0,147
250,147
298,147
344,147
394,147
422,147
0,148
249,148
298,148
344,148
394,148
422,148
0,149
249,149
298,149
343,149
394,149
422,149
0,150
248,150
297,150
343,150
393,150
423,150
0,151
248,151
296,151
343,151
393,151
423,151
0,152
248,152
296,152
343,152
393,152
423,152
0,153
247,153
296,153
342,153
392,153
423,153
0,154
247,154
295,154
341,154
392,154
423,154
0,155
246,155
295,155
341,155
392,155
423,155
0,156
246,156
294,156
341,156
392,156
423,156
0,157
246,157
294,157
341,157
392,157
423,157
0,158
245,158
294,158
340,158
392,158
423,158
0,159
245,159
293,159
339,159
392,159
424,159
0,160
245,160
293,160
339,160
391,160
424,160
0,161
244,161
292,161
339,161
391,161
424,161
0,162
243,162
292,162
339,162
390,162
424,162
0,163
242,163
292,163
339,163
390,163
424,163
0,164
243,164
292,164
337,164
389,164
424,164
0,165
242,165
291,165
337,165
389,165
424,165
0,166
242,166
291,166
337,166
389,166
424,166
0,167
241,167
290,167
336,167
388,167
424,167
0,168
241,168
290,168
336,168
388,168
425,168
0,169
240,169
290,169
335,169
390,169
425,169
0,170
240,170
290,170
335,170
389,170
425,170
0,171
239,171
289,171
335,171
387,171
425,171
0,172
239,172
289,172
334,172
387,172
425,172
0,173
238,173
288,173
334,173
387,173
426,173
0,174
238,174
288,174
333,174
387,174
426,174
0,175
237,175
288,175
333,175
386,175
426,175
0,176
237,176
287,176
332,176
386,176
426,176
0,177
236,177
287,177
332,177
386,177
426,177
0,178
236,178
287,178
331,178
386,178
426,178
0,179
234,179
286,179
330,179
386,179
426,179
0,180
233,180
286,180
330,180
386,180
426,180
0,181
234,181
286,181
330,181
386,181
426,181
0,182
233,182
286,182
329,182
386,182
427,182
0,183
232,183
286,183
329,183
385,183
427,183
0,184
231,184
285,184
328,184
385,184
427,184
0,185
231,185
285,185
327,185
385,185
427,185
0,186
231,186
285,186
327,186
385,186
427,186
0,187
229,187
285,187
327,187
385,187
427,187
0,188
229,188
284,188
326,188
385,188
427,188
0,189
229,189
284,189
326,189
385,189
427,189
0,190
227,190
284,190
325,190
385,190
427,190
0,191
227,191
284,191
325,191
385,191
427,191
0,192
227,192
283,192
325,192
385,192
427,192
0,193
227,193
283,193
324,193
385,193
427,193
0,194
225,194
283,194
324,194
384,194
427,194
0,195
225,195
283,195
323,195
384,195
427,195
0,196
225,196
282,196
323,196
384,196
427,196
0,197
224,197
282,197
323,197
384,197
427,197
0,198
223,198
282,198
323,198
384,198
427,198
0,199
223,199
282,199
323,199
384,199
428,199
0,200
223,200
282,200
324,200
384,200
428,200
0,201
222,201
282,201
325,201
383,201
428,201
0,202
222,202
282,202
326,202
383,202
428,202
0,203
221,203
282,203
327,203
383,203
428,203
0,204
221,204
282,204
328,204
383,204
428,204
0,205
221,205
282,205
328,205
383,205
428,205
0,206
220,206
281,206
328,206
330,206
330,206
383,206
428,206
0,207
220,207
281,207
329,207
383,207
428,207
0,208
220,208
281,208
329,208
382,208
428,208
0,209
221,209
281,209
328,209
381,209
428,209
0,210
222,210
281,210
327,210
381,210
428,210
0,211
224,211
281,211
326,211
381,211
428,211
0,212
224,212
281,212
326,212
382,212
428,212
0,213
224,213
281,213
326,213
381,213
428,213
0,214
224,214
280,214
325,214
380,214
428,214
0,215
224,215
280,215
324,215
379,215
428,215
0,216
225,216
280,216
325,216
379,216
428,216
0,217
224,217
280,217
324,217
376,217
428,217
0,218
224,218
280,218
324,218
377,218
428,218
0,219
223,219
279,219
324,219
377,219
428,219
0,220
224,220
279,220
324,220
378,220
378,220
380,220
428,220
0,221
223,221
279,221
323,221
378,221
378,221
380,221
428,221
0,222
223,222
279,222
322,222
378,222
378,222
380,222
427,222
0,223
223,223
279,223
322,223
378,223
427,223
0,224
223,224
297,224
303,224
312,224
322,224
379,224
427,224
0,225
223,225
320,225
322,225
379,225
427,225
0,226
215,226
379,226
426,226
0,227
190,227
192,227
206,227
379,227
426,227
0,228
190,228
192,228
193,228
379,228
426,228
0,229
184,229
379,229
425,229
0,230
177,230
379,230
425,230
0,231
168,231
379,231
424,231
0,232
157,232
160,232
162,232
380,232
424,232
0,233
155,233
380,233
424,233
0,234
148,234
380,234
423,234
0,235
138,235
141,235
143,235
381,235
423,235
0,236
136,236
384,236
423,236
0,237
130,237
387,237
423,237
0,238
123,238
391,238
423,238
0,239
119,239
394,239
422,239
0,240
111,240
398,240
419,240
421,240
421,240
0,241
108,241
400,241
419,241
421,241
421,241
0,242
102,242
402,242
420,242
0,243
100,243
406,243
420,243
0,244
93,244
408,244
420,244
0,245
91,245
411,245
420,245
0,246
87,246
413,246
419,246
0,247
80,247
416,247
419,247
0,248
75,248
418,248
419,248
0,249
75,249
0,250
71,250
0,251
65,251
0,252
63,252
279,252
279,252
281,252
301,252
0,253
59,253
279,253
317,253
0,254
58,254
222,254
228,254
279,254
319,254
0,255
52,255
210,255
230,255
278,255
319,255
326,255
326,255
0,256
50,256
200,256
231,256
256,256
256,256
265,256
267,256
273,256
326,256
0,257
45,257
192,257
233,257
249,257
253,257
256,257
261,257
264,257
270,257
272,257
327,257
0,258
42,258
187,258
327,258
0,259
40,259
176,259
327,259
352,259
352,259
361,259
365,259
0,260
37,260
173,260
329,260
351,260
352,260
361,260
366,260
368,260
368,260
0,261
34,261
165,261
330,261
339,261
339,261
351,261
352,261
360,261
371,261
0,262
31,262
158,262
332,262
339,262
341,262
350,262
375,262
0,263
31,263
152,263
164,263
167,263
342,263
349,263
376,263
0,264
25,264
147,264
344,264
346,264
382,264
0,265
22,265
141,265
386,265
0,266
21,266
136,266
389,266
0,267
17,267
130,267
392,267
0,268
15,268
127,268
395,268
0,269
14,269
120,269
397,269
0,270
10,270
115,270
402,270
0,271
7,271
111,271
405,271
0,272
7,272
110,272
408,272
0,273
3,273
104,273
410,273
0,274
1,274
100,274
410,274
412,274
412,274
96,275
411,275
413,275
413,275
92,276
413,276
88,277
413,277
84,278
412,278
83,279
412,279
79,280
412,280
76,281
412,281
70,282
412,282
68,283
412,283
65,284
412,284
61,285
412,285
58,286
412,286
56,287
412,287
53,288
411,288
51,289
411,289
47,290
411,290
44,291
411,291
41,292
411,292
39,293
411,293
37,294
411,294
33,295
411,295
32,296
411,296
29,297
411,297
27,298
411,298
26,299
411,299
22,300
411,300
20,301
411,301
18,302
411,302
15,303
411,303
14,304
411,304
11,305
411,305
8,306
411,306
7,307
411,307
5,308
411,308
3,309
411,309
2,310
412,310
1,311
412,311
0,312
411,312
0,313
411,313
0,314
412,314
0,315
412,315
0,316
412,316
0,317
412,317
0,318
412,318
0,319
412,319
0,320
412,320
0,321
412,321
0,322
413,322
0,323
413,323
0,324
413,324
0,325
413,325
0,326
413,326
0,327
413,327
0,328
413,328
0,329
413,329
0,330
413,330
0,331
413,331
0,332
412,332
0,333
412,333
0,334
412,334
0,335
412,335
0,336
412,336
0,337
412,337
0,338
412,338
0,339
412,339
0,340
412,340
0,341
412,341
0,342
412,342
0,343
412,343
0,344
412,344
0,345
412,345
0,346
412,346
0,347
412,347
0,348
412,348
0,349
412,349
0,350
412,350
0,351
412,351
0,352
412,352
0,353
412,353
0,354
412,354
0,355
412,355
0,356
412,356
0,357
412,357
0,358
412,358
0,359
412,359
