0,0
221,0
414,0
479,0
0,1
221,1
415,1
479,1
0,2
221,2
255,2
257,2
415,2
479,2
0,3
221,3
252,3
257,3
415,3
479,3
0,4
223,4
250,4
260,4
415,4
479,4
0,5
224,5
239,5
239,5
248,5
262,5
416,5
479,5
0,6
230,6
236,6
239,6
244,6
268,6
416,6
479,6
0,7
232,7
234,7
270,7
417,7
479,7
0,8
272,8
417,8
479,8
0,9
273,9
417,9
479,9
0,10
270,10
272,10
274,10
417,10
479,10
0,11
274,11
418,11
479,11
0,12
274,12
418,12
479,12
0,13
274,13
418,13
479,13
0,14
274,14
419,14
419,14
421,14
479,14
0,15
274,15
421,15
479,15
0,16
274,16
420,16
479,16
0,17
275,17
420,17
479,17
0,18
275,18
421,18
479,18
0,19
275,19
421,19
479,19
0,20
275,20
421,20
479,20
0,21
273,21
421,21
479,21
0,22
270,22
422,22
479,22
0,23
262,23
422,23
479,23
0,24
259,24
423,24
479,24
0,25
258,25
424,25
479,25
0,26
256,26
425,26
479,26
0,27
255,27
425,27
479,27
0,28
255,28
425,28
479,28
0,29
252,29
426,29
479,29
0,30
251,30
427,30
479,30
0,31
251,31
427,31
479,31
0,32
251,32
428,32
479,32
0,33
249,33
429,33
479,33
0,34
249,34
429,34
479,34
0,35
248,35
430,35
479,35
0,36
248,36
430,36
479,36
0,37
247,37
430,37
479,37
0,38
247,38
431,38
479,38
0,39
247,39
431,39
479,39
0,40
246,40
431,40
479,40
0,41
246,41
431,41
479,41
0,42
246,42
433,42
479,42
0,43
245,43
433,43
479,43
0,44
245,44
434,44
479,44
0,45
245,45
435,45
479,45
0,46
245,46
435,46
479,46
0,47
245,47
435,47
479,47
0,48
245,48
436,48
479,48
0,49
245,49
436,49
479,49
0,50
245,50
436,50
479,50
0,51
245,51
437,51
479,51
0,52
245,52
437,52
479,52
0,53
246,53
438,53
479,53
0,54
246,54
439,54
479,54
0,55
246,55
439,55
479,55
0,56
246,56
440,56
479,56
0,57
247,57
440,57
479,57
0,58
247,58
441,58
479,58
0,59
247,59
441,59
479,59
0,60
248,60
442,60
479,60
0,61
249,61
443,61
479,61
0,62
250,62
444,62
479,62
0,63
251,63
444,63
479,63
0,64
252,64
444,64
479,64
0,65
253,65
444,65
479,65
0,66
254,66
444,66
479,66
0,67
254,67
445,67
479,67
0,68
257,68
445,68
479,68
0,69
259,69
446,69
479,69
0,70
261,70
446,70
479,70
0,71
270,71
447,71
479,71
0,72
268,72
270,72
274,72
276,72
276,72
447,72
479,72
0,73
277,73
447,73
479,73
0,74
277,74
447,74
479,74
0,75
278,75
447,75
479,75
0,76
278,76
448,76
479,76
0,77
279,77
448,77
479,77
0,78
280,78
448,78
479,78
0,79
281,79
448,79
479,79
0,80
282,80
448,80
479,80
0,81
282,81
449,81
479,81
0,82
284,82
449,82
479,82
0,83
285,83
450,83
479,83
0,84
285,84
330,84
332,84
450,84
479,84
0,85
285,85
328,85
333,85
451,85
479,85
0,86
285,86
326,86
333,86
451,86
479,86
0,87
285,87
325,87
334,87
451,87
479,87
0,88
286,88
325,88
334,88
451,88
479,88
0,89
286,89
325,89
334,89
452,89
479,89
0,90
286,90
325,90
335,90
452,90
479,90
0,91
286,91
325,91
336,91
453,91
479,91
0,92
286,92
325,92
336,92
454,92
479,92
0,93
286,93
325,93
337,93
455,93
479,93
0,94
286,94
325,94
337,94
456,94
479,94
0,95
285,95
325,95
338,95
456,95
479,95
0,96
286,96
325,96
338,96
456,96
479,96
0,97
286,97
325,97
339,97
457,97
479,97
0,98
286,98
325,98
340,98
458,98
479,98
0,99
286,99
325,99
341,99
459,99
479,99
0,100
286,100
325,100
341,100
461,100
479,100
0,101
286,101
325,101
342,101
462,101
479,101
0,102
286,102
325,102
343,102
463,102
479,102
0,103
286,103
324,103
344,103
464,103
479,103
0,104
286,104
324,104
345,104
466,104
479,104
0,105
286,105
324,105
346,105
468,105
479,105
0,106
286,106
324,106
347,106
469,106
479,106
0,107
286,107
324,107
348,107
469,107
479,107
0,108
286,108
324,108
347,108
349,108
350,108
471,108
479,108
0,109
286,109
324,109
353,109
471,109
479,109
0,110
286,110
324,110
355,110
473,110
479,110
0,111
286,111
324,111
358,111
474,111
479,111
0,112
286,112
324,112
361,112
477,112
479,112
0,113
286,113
324,113
366,113
478,113
479,113
0,114
286,114
324,114
369,114
0,115
286,115
324,115
373,115
0,116
286,116
324,116
374,116
0,117
286,117
324,117
375,117
0,118
286,118
324,118
375,118
0,119
286,119
324,119
375,119
0,120
286,120
324,120
376,120
0,121
286,121
323,121
377,121
0,122
286,122
323,122
377,122
0,123
287,123
323,123
377,123
0,124
287,124
323,124
377,124
0,125
287,125
323,125
377,125
0,126
287,126
323,126
377,126
0,127
287,127
323,127
377,127
0,128
287,128
323,128
377,128
0,129
287,129
323,129
377,129
0,130
287,130
323,130
377,130
0,131
287,131
323,131
377,131
0,132
287,132
323,132
377,132
0,133
287,133
323,133
377,133
0,134
286,134
323,134
377,134
0,135
286,135
323,135
374,135
376,135
377,135
0,136
285,136
322,136
374,136
376,136
377,136
0,137
285,137
322,137
377,137
0,138
285,138
322,138
377,138
0,139
284,139
322,139
376,139
0,140
284,140
322,140
376,140
0,141
283,141
322,141
376,141
0,142
283,142
322,142
376,142
0,143
283,143
322,143
376,143
0,144
282,144
322,144
376,144
0,145
282,145
322,145
375,145
0,146
282,146
322,146
375,146
0,147
281,147
322,147
375,147
0,148
280,148
321,148
375,148
0,149
280,149
321,149
374,149
0,150
280,150
321,150
374,150
0,151
280,151
321,151
374,151
0,152
279,152
320,152
371,152
0,153
279,153
320,153
371,153
0,154
279,154
320,154
371,154
0,155
278,155
320,155
370,155
0,156
278,156
319,156
369,156
0,157
278,157
318,157
369,157
0,158
278,158
318,158
368,158
0,159
277,159
317,159
368,159
0,160
276,160
317,160
366,160
0,161
276,161
316,161
366,161
0,162
276,162
316,162
365,162
0,163
275,163
316,163
363,163
0,164
275,164
315,164
363,164
0,165
275,165
315,165
362,165
0,166
274,166
314,166
361,166
0,167
274,167
314,167
360,167
0,168
273,168
314,168
359,168
0,169
273,169
313,169
359,169
0,170
273,170
313,170
358,170
0,171
272,171
312,171
357,171
0,172
272,172
312,172
356,172
0,173
272,173
311,173
356,173
0,174
271,174
311,174
355,174
0,175
271,175
311,175
354,175
0,176
270,176
310,176
352,176
0,177
269,177
310,177
351,177
0,178
269,178
310,178
350,178
0,179
269,179
309,179
350,179
0,180
268,180
309,180
348,180
0,181
268,181
308,181
347,181
0,182
267,182
308,182
346,182
0,183
267,183
308,183
346,183
0,184
266,184
308,184
344,184
0,185
265,185
307,185
344,185
0,186
265,186
307,186
343,186
0,187
264,187
306,187
342,187
0,188
264,188
306,188
341,188
0,189
262,189
306,189
341,189
0,190
262,190
305,190
341,190
0,191
262,191
305,191
341,191
0,192
261,192
304,192
343,192
0,193
260,193
304,193
344,193
0,194
260,194
304,194
345,194
0,195
260,195
304,195
347,195
0,196
259,196
304,196
348,196
0,197
258,197
304,197
347,197
349,197
349,197
0,198
258,198
303,198
347,198
0,199
256,199
303,199
348,199
0,200
256,200
303,200
347,200
0,201
256,201
303,201
346,201
0,202
255,202
302,202
346,202
0,203
254,203
302,203
345,203
0,204
255,204
302,204
345,204
0,205
254,205
302,205
345,205
0,206
253,206
302,206
344,206
0,207
253,207
301,207
344,207
0,208
252,208
301,208
343,208
0,209
252,209
301,209
342,209
0,210
251,210
301,210
342,210
0,211
252,211
301,211
342,211
0,212
252,212
301,212
341,212
0,213
252,213
300,213
341,213
0,214
252,214
300,214
340,214
0,215
253,215
300,215
340,215
0,216
250,216
300,216
340,216
0,217
252,217
300,217
340,217
0,218
245,218
300,218
340,218
0,219
216,219
303,219
340,219
0,220
199,220
308,220
339,220
0,221
185,221
187,221
188,221
322,221
339,221
0,222
174,222
331,222
339,222
0,223
169,223
0,224
158,224
160,224
161,224
0,225
149,225
151,225
153,225
0,226
147,226
0,227
140,227
0,228
134,228
0,229
129,229
0,230
126,230
0,231
112,231
115,231
120,231
0,232
115,232
0,233
113,233
0,234
105,234
0,235
104,235
0,236
101,236
0,237
94,237
97,237
97,237
0,238
93,238
0,239
91,239
0,240
86,240
0,241
84,241
0,242
82,242
0,243
76,243
78,243
79,243
227,243
255,243
298,243
310,243
0,244
72,244
74,244
75,244
211,244
256,244
298,244
324,244
0,245
71,245
205,245
257,245
297,245
329,245
0,246
67,246
70,246
71,246
192,246
260,246
297,246
333,246
0,247
65,247
67,247
68,247
191,247
262,247
273,247
281,247
285,247
287,247
296,247
343,247
0,248
66,248
179,248
292,248
294,248
346,248
0,249
63,249
170,249
347,249
0,250
61,250
160,250
348,250
0,251
59,251
157,251
351,251
353,251
354,251
356,251
356,251
0,252
56,252
147,252
362,252
367,252
371,252
0,253
55,253
146,253
372,253
0,254
53,254
141,254
371,254
0,255
50,255
135,255
371,255
0,256
48,256
127,256
371,256
0,257
46,257
123,257
124,257
126,257
371,257
0,258
44,258
118,258
371,258
0,259
42,259
116,259
371,259
0,260
41,260
112,260
371,260
0,261
39,261
109,261
371,261
0,262
36,262
107,262
370,262
0,263
35,263
102,263
370,263
0,264
27,264
29,264
33,264
99,264
370,264
0,265
31,265
95,265
370,265
0,266
29,266
93,266
369,266
0,267
24,267
26,267
27,267
29,267
29,267
90,267
369,267
0,268
28,268
87,268
369,268
0,269
26,269
86,269
369,269
0,270
25,270
82,270
369,270
0,271
20,271
24,271
24,271
79,271
369,271
0,272
22,272
78,272
368,272
0,273
20,273
74,273
368,273
0,274
19,274
70,274
368,274
0,275
18,275
69,275
367,275
0,276
17,276
67,276
367,276
0,277
16,277
64,277
367,277
0,278
10,278
13,278
15,278
60,278
367,278
0,279
10,279
12,279
14,279
61,279
367,279
0,280
13,280
57,280
366,280
0,281
7,281
9,281
10,281
55,281
366,281
0,282
10,282
53,282
366,282
0,283
10,283
52,283
366,283
0,284
10,284
52,284
366,284
0,285
9,285
46,285
47,285
49,285
366,285
0,286
8,286
44,286
44,286
46,286
366,286
0,287
7,287
43,287
366,287
0,288
7,288
40,288
365,288
0,289
6,289
40,289
365,289
0,290
4,290
38,290
365,290
0,291
3,291
38,291
365,291
0,292
2,292
36,292
365,292
0,293
1,293
35,293
365,293
34,294
365,294
31,295
31,295
33,295
365,295
30,296
365,296
29,297
364,297
27,298
364,298
27,299
365,299
26,300
364,300
25,301
364,301
24,302
364,302
23,303
364,303
23,304
364,304
22,305
364,305
21,306
364,306
21,307
364,307
19,308
364,308
19,309
364,309
18,310
364,310
18,311
364,311
17,312
364,312
17,313
364,313
15,314
364,314
14,315
363,315
13,316
13,316
15,316
361,316
363,316
363,316
13,317
13,317
15,317
363,317
11,318
361,318
363,318
363,318
13,319
361,319
363,319
363,319
10,320
361,320
363,320
363,320
10,321
361,321
363,321
363,321
9,322
361,322
363,322
363,322
8,323
361,323
363,323
363,323
7,324
361,324
363,324
363,324
6,325
363,325
6,326
362,326
5,327
362,327
4,328
362,328
1,329
362,329
1,330
362,330
0,331
362,331
0,332
362,332
0,333
362,333
0,334
362,334
0,335
362,335
0,336
362,336
0,337
362,337
0,338
362,338
0,339
362,339
0,340
361,340
0,341
361,341
0,342
361,342
0,343
361,343
0,344
361,344
0,345
361,345
0,346
361,346
0,347
361,347
0,348
361,348
0,349
361,349
0,350
361,350
0,351
361,351
1,352
361,352
2,353
361,353
2,354
361,354
2,355
361,355
4,356
361,356
4,357
361,357
4,358
361,358
5,359
361,359
