0,0
479,0
0,1
479,1
0,2
479,2
0,3
479,3
0,4
479,4
0,5
479,5
0,6
479,6
0,7
479,7
0,8
479,8
0,9
479,9
0,10
479,10
0,11
479,11
0,12
479,12
0,13
479,13
0,14
479,14
0,15
479,15
0,16
479,16
0,17
479,17
0,18
479,18
0,19
479,19
0,20
479,20
0,21
479,21
0,22
479,22
0,23
479,23
0,24
479,24
0,25
479,25
0,26
479,26
0,27
479,27
0,28
479,28
0,29
479,29
0,30
479,30
0,31
479,31
0,32
479,32
0,33
479,33
0,34
479,34
0,35
479,35
0,36
479,36
0,37
479,37
0,38
479,38
0,39
479,39
0,40
479,40
0,41
479,41
0,42
479,42
0,43
479,43
0,44
479,44
0,45
479,45
0,46
479,46
0,47
479,47
0,48
479,48
0,49
479,49
0,50
361,50
363,50
479,50
0,51
479,51
0,52
363,52
392,52
479,52
0,53
361,53
403,53
434,53
438,53
479,53
0,54
359,54
415,54
433,54
438,54
479,54
0,55
359,55
420,55
432,55
438,55
479,55
0,56
358,56
424,56
431,56
439,56
479,56
0,57
355,57
357,57
357,57
425,57
431,57
439,57
479,57
0,58
356,58
428,58
429,58
439,58
479,58
0,59
354,59
356,59
356,59
428,59
428,59
439,59
479,59
0,60
354,60
440,60
479,60
0,61
354,61
440,61
479,61
0,62
353,62
440,62
479,62
0,63
353,63
440,63
479,63
0,64
352,64
441,64
479,64
0,65
351,65
442,65
479,65
0,66
350,66
442,66
479,66
0,67
25,67
36,67
350,67
443,67
479,67
0,68
20,68
37,68
350,68
443,68
479,68
0,69
18,69
39,69
349,69
444,69
479,69
0,70
16,70
39,70
349,70
444,70
479,70
0,71
13,71
39,71
348,71
445,71
479,71
0,72
8,72
10,72
11,72
39,72
348,72
445,72
479,72
0,73
10,73
39,73
347,73
445,73
479,73
0,74
8,74
39,74
347,74
447,74
479,74
0,75
5,75
7,75
8,75
38,75
346,75
447,75
479,75
0,76
6,76
37,76
345,76
448,76
479,76
0,77
6,77
37,77
344,77
448,77
479,77
0,78
5,78
36,78
344,78
448,78
479,78
0,79
4,79
34,79
342,79
448,79
479,79
0,80
3,80
33,80
340,80
342,80
342,80
448,80
479,80
0,81
3,81
32,81
340,81
446,81
479,81
0,82
2,82
30,82
338,82
446,82
479,82
0,83
2,83
29,83
32,83
34,83
328,83
445,83
479,83
0,84
2,84
32,84
323,84
444,84
479,84
0,85
2,85
34,85
322,85
442,85
444,85
446,85
479,85
0,86
2,86
37,86
321,86
441,86
479,86
0,87
2,87
40,87
321,87
439,87
479,87
0,88
3,88
45,88
320,88
440,88
479,88
0,89
3,89
49,89
320,89
440,89
479,89
0,90
3,90
52,90
320,90
440,90
479,90
0,91
3,91
56,91
322,91
442,91
442,91
444,91
479,91
0,92
3,92
59,92
323,92
445,92
479,92
0,93
3,93
63,93
326,93
448,93
479,93
0,94
4,94
67,94
331,94
333,94
333,94
454,94
479,94
0,95
4,95
70,95
333,95
457,95
479,95
0,96
4,96
74,96
332,96
460,96
479,96
0,97
4,97
78,97
332,97
464,97
479,97
0,98
6,98
80,98
331,98
465,98
479,98
0,99
6,99
85,99
330,99
465,99
479,99
0,100
9,100
88,100
330,100
465,100
479,100
0,101
10,101
94,101
142,101
174,101
330,101
465,101
479,101
0,102
11,102
97,102
136,102
181,102
330,102
464,102
479,102
0,103
12,103
102,103
132,103
185,103
329,103
463,103
479,103
0,104
15,104
111,104
127,104
192,104
329,104
437,104
442,104
461,104
479,104
0,105
15,105
196,105
328,105
437,105
479,105
0,106
16,106
200,106
328,106
437,106
479,106
0,107
16,107
204,107
328,107
436,107
479,107
0,108
19,108
209,108
327,108
436,108
479,108
0,109
19,109
214,109
327,109
436,109
479,109
0,110
19,110
216,110
327,110
436,110
479,110
0,111
18,111
218,111
326,111
436,111
479,111
0,112
18,112
222,112
326,112
436,112
479,112
0,113
17,113
225,113
326,113
436,113
479,113
0,114
17,114
228,114
326,114
436,114
479,114
0,115
17,115
230,115
325,115
436,115
479,115
0,116
17,116
233,116
324,116
436,116
479,116
0,117
16,117
236,117
324,117
436,117
479,117
0,118
16,118
238,118
323,118
436,118
479,118
0,119
16,119
241,119
322,119
436,119
479,119
0,120
15,120
244,120
322,120
436,120
479,120
0,121
15,121
148,121
157,121
246,121
321,121
436,121
479,121
0,122
15,122
142,122
164,122
249,122
320,122
436,122
479,122
0,123
15,123
138,123
172,123
250,123
320,123
436,123
479,123
0,124
15,124
135,124
178,124
253,124
319,124
436,124
479,124
0,125
14,125
132,125
135,125
137,125
184,125
255,125
319,125
437,125
479,125
0,126
14,126
130,126
184,126
186,126
189,126
257,126
319,126
436,126
479,126
0,127
14,127
127,127
191,127
259,127
319,127
435,127
479,127
0,128
13,128
124,128
193,128
261,128
319,128
435,128
479,128
0,129
13,129
119,129
197,129
263,129
319,129
434,129
479,129
0,130
13,130
88,130
88,130
90,130
93,130
95,130
96,130
114,130
199,130
201,130
202,130
265,130
319,130
433,130
479,130
0,131
12,131
89,131
201,131
204,131
205,131
267,131
319,131
432,131
479,131
0,132
12,132
86,132
87,132
89,132
209,132
269,132
319,132
432,132
479,132
0,133
12,133
86,133
87,133
89,133
209,133
271,133
319,133
432,133
479,133
0,134
12,134
85,134
213,134
216,134
216,134
273,134
274,134
276,134
319,134
427,134
428,134
431,134
479,134
0,135
12,135
85,135
218,135
275,135
319,135
426,135
479,135
0,136
11,136
85,136
222,136
277,136
319,136
424,136
479,136
0,137
11,137
84,137
225,137
278,137
319,137
424,137
479,137
0,138
11,138
84,138
226,138
280,138
319,138
423,138
479,138
0,139
10,139
84,139
229,139
282,139
319,139
419,139
419,139
422,139
479,139
0,140
10,140
83,140
231,140
284,140
319,140
418,140
419,140
422,140
479,140
0,141
10,141
83,141
234,141
285,141
320,141
418,141
479,141
0,142
10,142
83,142
235,142
287,142
320,142
417,142
479,142
0,143
10,143
82,143
238,143
289,143
320,143
419,143
479,143
0,144
9,144
82,144
239,144
291,144
320,144
423,144
479,144
0,145
9,145
82,145
240,145
292,145
321,145
426,145
479,145
0,146
9,146
81,146
243,146
294,146
321,146
431,146
479,146
0,147
9,147
81,147
245,147
296,147
322,147
432,147
479,147
0,148
9,148
81,148
248,148
298,148
322,148
433,148
479,148
0,149
9,149
80,149
250,149
299,149
322,149
434,149
479,149
0,150
8,150
80,150
252,150
300,150
320,150
435,150
479,150
0,151
8,151
80,151
253,151
302,151
320,151
435,151
479,151
0,152
8,152
79,152
255,152
304,152
320,152
436,152
479,152
0,153
7,153
79,153
257,153
305,153
320,153
437,153
479,153
0,154
7,154
79,154
258,154
307,154
320,154
438,154
479,154
0,155
7,155
78,155
261,155
308,155
319,155
439,155
479,155
0,156
6,156
78,156
264,156
310,156
319,156
439,156
479,156
0,157
6,157
78,157
265,157
311,157
319,157
439,157
479,157
0,158
6,158
78,158
267,158
313,158
319,158
440,158
479,158
0,159
6,159
77,159
268,159
315,159
319,159
440,159
479,159
0,160
6,160
77,160
271,160
316,160
319,160
440,160
479,160
0,161
6,161
77,161
273,161
317,161
319,161
440,161
479,161
0,162
6,162
77,162
275,162
319,162
320,162
441,162
479,162
0,163
6,163
76,163
276,163
320,163
320,163
441,163
479,163
0,164
5,164
76,164
278,164
440,164
479,164
0,165
5,165
76,165
279,165
440,165
479,165
0,166
5,166
76,166
281,166
440,166
479,166
0,167
5,167
75,167
283,167
440,167
479,167
0,168
5,168
75,168
284,168
439,168
479,168
0,169
4,169
75,169
285,169
439,169
479,169
0,170
4,170
75,170
287,170
439,170
479,170
0,171
4,171
75,171
289,171
438,171
479,171
0,172
4,172
74,172
286,172
288,172
291,172
438,172
479,172
0,173
3,173
74,173
292,173
437,173
479,173
0,174
3,174
74,174
294,174
436,174
479,174
0,175
3,175
74,175
296,175
436,175
479,175
0,176
4,176
74,176
297,176
435,176
479,176
0,177
3,177
73,177
299,177
435,177
479,177
0,178
3,178
73,178
299,178
434,178
479,178
0,179
2,179
73,179
301,179
433,179
479,179
0,180
2,180
73,180
303,180
432,180
479,180
0,181
2,181
72,181
305,181
431,181
479,181
0,182
2,182
72,182
307,182
430,182
479,182
0,183
2,183
72,183
308,183
429,183
479,183
0,184
3,184
72,184
309,184
427,184
479,184
0,185
2,185
72,185
308,185
425,185
428,185
430,185
479,185
0,186
2,186
71,186
307,186
419,186
426,186
429,186
479,186
0,187
2,187
71,187
306,187
420,187
479,187
0,188
2,188
71,188
306,188
421,188
479,188
0,189
2,189
71,189
302,189
304,189
304,189
423,189
479,189
0,190
1,190
71,190
304,190
424,190
479,190
0,191
1,191
70,191
303,191
424,191
479,191
0,192
1,192
70,192
303,192
426,192
479,192
0,193
1,193
70,193
302,193
428,193
479,193
0,194
1,194
70,194
301,194
429,194
479,194
0,195
2,195
70,195
301,195
431,195
479,195
0,196
1,196
69,196
300,196
432,196
479,196
0,197
1,197
69,197
299,197
433,197
479,197
0,198
1,198
69,198
70,198
72,198
299,198
433,198
479,198
0,199
1,199
69,199
298,199
434,199
479,199
0,200
0,200
68,200
298,200
434,200
479,200
0,201
1,201
68,201
297,201
435,201
479,201
0,202
0,202
68,202
297,202
436,202
479,202
0,203
0,203
68,203
296,203
436,203
479,203
0,204
0,204
68,204
296,204
436,204
479,204
0,205
0,205
68,205
296,205
436,205
479,205
0,206
0,206
67,206
296,206
436,206
479,206
0,207
0,207
67,207
296,207
436,207
479,207
0,208
0,208
67,208
296,208
437,208
479,208
0,209
0,209
67,209
296,209
437,209
479,209
0,210
0,210
67,210
296,210
437,210
479,210
0,211
0,211
66,211
296,211
437,211
479,211
0,212
0,212
66,212
296,212
437,212
479,212
66,213
296,213
436,213
479,213
66,214
296,214
435,214
479,214
65,215
296,215
435,215
479,215
65,216
296,216
437,216
479,216
65,217
296,217
438,217
479,217
65,218
296,218
438,218
479,218
65,219
297,219
439,219
479,219
64,220
296,220
441,220
479,220
64,221
296,221
441,221
479,221
64,222
295,222
442,222
479,222
64,223
295,223
442,223
479,223
64,224
294,224
443,224
479,224
64,225
294,225
443,225
479,225
64,226
293,226
444,226
479,226
64,227
292,227
445,227
479,227
63,228
291,228
446,228
479,228
63,229
291,229
446,229
479,229
63,230
291,230
447,230
479,230
62,231
291,231
448,231
479,231
62,232
290,232
448,232
479,232
62,233
289,233
448,233
479,233
62,234
289,234
450,234
479,234
62,235
288,235
450,235
479,235
61,236
288,236
451,236
479,236
61,237
287,237
407,237
407,237
452,237
479,237
61,238
286,238
408,238
408,238
453,238
479,238
61,239
286,239
409,239
409,239
453,239
479,239
61,240
285,240
410,240
410,240
454,240
479,240
61,241
284,241
411,241
411,241
455,241
479,241
60,242
284,242
411,242
411,242
456,242
479,242
60,243
283,243
412,243
412,243
456,243
479,243
60,244
283,244
457,244
479,244
60,245
282,245
457,245
479,245
60,246
282,246
458,246
479,246
60,247
281,247
459,247
479,247
60,248
281,248
460,248
479,248
60,249
280,249
461,249
479,249
59,250
280,250
461,250
479,250
59,251
279,251
462,251
479,251
59,252
278,252
462,252
479,252
59,253
278,253
462,253
479,253
59,254
276,254
463,254
479,254
59,255
275,255
463,255
479,255
58,256
275,256
464,256
479,256
58,257
274,257
464,257
479,257
58,258
274,258
464,258
479,258
58,259
274,259
464,259
479,259
58,260
273,260
464,260
479,260
58,261
273,261
464,261
479,261
58,262
273,262
464,262
479,262
57,263
272,263
464,263
479,263
57,264
272,264
464,264
479,264
57,265
273,265
463,265
479,265
57,266
273,266
463,266
479,266
57,267
273,267
463,267
479,267
57,268
273,268
463,268
479,268
57,269
274,269
462,269
479,269
57,270
274,270
313,270
315,270
381,270
381,270
462,270
479,270
57,271
275,271
312,271
315,271
380,271
381,271
461,271
479,271
56,272
275,272
310,272
315,272
381,272
381,272
461,272
479,272
56,273
276,273
308,273
315,273
381,273
381,273
460,273
479,273
56,274
276,274
307,274
315,274
381,274
382,274
459,274
460,274
462,274
479,274
56,275
277,275
305,275
315,275
380,275
383,275
458,275
479,275
56,276
56,276
58,276
278,276
303,276
314,276
380,276
384,276
458,276
479,276
56,277
279,277
302,277
314,277
380,277
385,277
437,277
437,277
456,277
479,277
0,278
0,278
56,278
279,278
300,278
314,278
380,278
383,278
385,278
386,278
437,278
479,278
0,279
0,279
55,279
280,279
299,279
313,279
380,279
383,279
385,279
386,279
439,279
479,279
0,280
0,280
55,280
281,280
297,280
314,280
380,280
385,280
387,280
387,280
439,280
479,280
0,281
0,281
55,281
282,281
296,281
313,281
380,281
388,281
412,281
413,281
440,281
479,281
0,282
0,282
55,282
283,282
294,282
313,282
380,282
389,282
410,282
413,282
440,282
479,282
0,283
0,283
55,283
285,283
293,283
312,283
380,283
391,283
404,283
414,283
441,283
479,283
0,284
0,284
55,284
287,284
289,284
312,284
380,284
392,284
395,284
395,284
398,284
415,284
441,284
479,284
0,285
0,285
55,285
311,285
380,285
415,285
442,285
479,285
0,286
0,286
55,286
310,286
380,286
415,286
443,286
479,286
0,287
0,287
55,287
310,287
380,287
416,287
443,287
479,287
0,288
1,288
55,288
310,288
380,288
417,288
443,288
479,288
0,289
1,289
55,289
309,289
380,289
418,289
444,289
479,289
0,290
1,290
55,290
308,290
381,290
418,290
445,290
479,290
0,291
1,291
55,291
307,291
381,291
419,291
446,291
479,291
0,292
1,292
55,292
307,292
382,292
420,292
446,292
479,292
0,293
1,293
55,293
306,293
382,293
420,293
447,293
479,293
0,294
1,294
55,294
306,294
382,294
419,294
421,294
421,294
447,294
479,294
0,295
1,295
55,295
305,295
383,295
422,295
448,295
479,295
0,296
2,296
55,296
304,296
383,296
422,296
448,296
479,296
0,297
2,297
55,297
303,297
384,297
423,297
449,297
479,297
0,298
2,298
55,298
302,298
384,298
423,298
449,298
479,298
0,299
2,299
55,299
301,299
384,299
424,299
449,299
479,299
0,300
2,300
55,300
300,300
384,300
424,300
450,300
479,300
0,301
2,301
55,301
300,301
384,301
425,301
450,301
479,301
0,302
3,302
55,302
299,302
385,302
425,302
451,302
479,302
0,303
2,303
55,303
298,303
386,303
426,303
451,303
479,303
0,304
2,304
55,304
297,304
386,304
427,304
452,304
479,304
0,305
3,305
55,305
296,305
387,305
428,305
452,305
479,305
0,306
3,306
55,306
296,306
387,306
428,306
453,306
479,306
0,307
4,307
55,307
295,307
388,307
428,307
453,307
479,307
0,308
4,308
55,308
295,308
388,308
429,308
454,308
479,308
0,309
4,309
55,309
294,309
388,309
429,309
454,309
479,309
0,310
4,310
55,310
293,310
388,310
430,310
455,310
479,310
0,311
4,311
55,311
292,311
388,311
430,311
455,311
479,311
0,312
4,312
56,312
291,312
388,312
431,312
456,312
479,312
0,313
4,313
56,313
291,313
389,313
431,313
456,313
479,313
0,314
4,314
56,314
290,314
389,314
432,314
456,314
479,314
0,315
5,315
56,315
289,315
390,315
432,315
457,315
479,315
0,316
5,316
56,316
289,316
390,316
433,316
457,316
479,316
0,317
5,317
56,317
288,317
391,317
433,317
458,317
479,317
0,318
6,318
56,318
287,318
392,318
433,318
458,318
479,318
0,319
6,319
56,319
287,319
391,319
434,319
458,319
479,319
0,320
6,320
56,320
287,320
391,320
435,320
459,320
479,320
0,321
7,321
56,321
286,321
391,321
435,321
459,321
479,321
0,322
7,322
56,322
285,322
392,322
435,322
460,322
479,322
0,323
7,323
56,323
285,323
392,323
436,323
460,323
479,323
0,324
8,324
56,324
284,324
392,324
436,324
460,324
479,324
0,325
8,325
57,325
284,325
393,325
437,325
461,325
479,325
0,326
8,326
57,326
283,326
393,326
437,326
461,326
479,326
0,327
8,327
57,327
283,327
393,327
437,327
461,327
479,327
0,328
9,328
57,328
282,328
393,328
438,328
462,328
479,328
0,329
9,329
57,329
282,329
394,329
438,329
462,329
479,329
0,330
9,330
57,330
281,330
393,330
439,330
462,330
479,330
0,331
10,331
58,331
281,331
394,331
439,331
463,331
479,331
0,332
10,332
57,332
280,332
394,332
439,332
463,332
479,332
0,333
10,333
57,333
280,333
394,333
439,333
464,333
479,333
0,334
11,334
58,334
279,334
395,334
440,334
464,334
479,334
0,335
11,335
58,335
279,335
395,335
441,335
464,335
479,335
0,336
11,336
58,336
278,336
395,336
441,336
464,336
479,336
0,337
12,337
58,337
278,337
395,337
441,337
465,337
479,337
0,338
12,338
58,338
277,338
395,338
442,338
465,338
479,338
0,339
13,339
59,339
277,339
395,339
442,339
465,339
479,339
0,340
13,340
59,340
277,340
396,340
442,340
466,340
479,340
0,341
13,341
59,341
276,341
396,341
443,341
466,341
479,341
0,342
13,342
59,342
276,342
396,342
443,342
466,342
479,342
0,343
12,343
59,343
276,343
396,343
443,343
466,343
479,343
0,344
14,344
59,344
275,344
396,344
443,344
467,344
479,344
0,345
15,345
60,345
275,345
396,345
443,345
467,345
479,345
0,346
15,346
60,346
274,346
396,346
444,346
467,346
479,346
0,347
16,347
60,347
274,347
396,347
444,347
467,347
479,347
0,348
12,348
14,348
16,348
61,348
273,348
396,348
444,348
468,348
479,348
0,349
12,349
15,349
17,349
61,349
273,349
396,349
445,349
468,349
479,349
0,350
17,350
61,350
273,350
396,350
445,350
468,350
479,350
0,351
17,351
61,351
272,351
396,351
446,351
468,351
479,351
0,352
18,352
61,352
272,352
396,352
446,352
469,352
479,352
0,353
18,353
62,353
271,353
398,353
446,353
470,353
479,353
0,354
19,354
62,354
271,354
398,354
446,354
469,354
479,354
0,355
19,355
62,355
270,355
398,355
446,355
469,355
479,355
0,356
20,356
62,356
270,356
398,356
447,356
470,356
479,356
0,357
20,357
62,357
269,357
398,357
447,357
470,357
479,357
0,358
21,358
63,358
269,358
398,358
447,358
470,358
479,358
0,359
21,359
63,359
268,359
398,359
447,359
470,359
479,359
