107,0
336,0
107,1
339,1
107,2
340,2
106,3
344,3
106,4
346,4
106,5
348,5
105,6
350,6
105,7
352,7
104,8
353,8
104,9
353,9
104,10
352,10
103,11
103,11
105,11
350,11
103,12
349,12
103,13
349,13
103,14
349,14
102,15
349,15
102,16
348,16
101,17
347,17
101,18
346,18
101,19
346,19
100,20
346,20
100,21
346,21
100,22
345,22
99,23
345,23
99,24
345,24
99,25
345,25
98,26
344,26
98,27
344,27
98,28
344,28
98,29
344,29
97,30
344,30
97,31
344,31
97,32
345,32
97,33
345,33
96,34
345,34
95,35
345,35
96,36
345,36
96,37
345,37
95,38
346,38
94,39
346,39
94,40
346,40
94,41
346,41
94,42
347,42
93,43
347,43
93,44
348,44
93,45
348,45
93,46
348,46
92,47
349,47
92,48
349,48
92,49
349,49
92,50
350,50
91,51
350,51
91,52
350,52
91,53
351,53
91,54
351,54
91,55
352,55
90,56
352,56
90,57
352,57
90,58
353,58
89,59
353,59
89,60
353,60
89,61
354,61
89,62
354,62
89,63
355,63
88,64
355,64
88,65
355,65
88,66
356,66
88,67
356,67
88,68
357,68
87,69
357,69
87,70
358,70
87,71
359,71
86,72
360,72
86,73
360,73
86,74
361,74
86,75
362,75
86,76
363,76
86,77
363,77
85,78
364,78
85,79
366,79
85,80
368,80
85,81
369,81
84,82
372,82
84,83
375,83
377,83
378,83
380,83
380,83
84,84
377,84
384,84
385,84
84,85
386,85
84,86
387,86
83,87
387,87
83,88
388,88
83,89
390,89
82,90
390,90
82,91
392,91
82,92
392,92
82,93
392,93
82,94
391,94
81,95
390,95
81,96
390,96
81,97
389,97
81,98
389,98
81,99
388,99
80,100
388,100
80,101
388,101
80,102
387,102
80,103
386,103
79,104
386,104
79,105
386,105
79,106
386,106
79,107
385,107
79,108
385,108
78,109
384,109
78,110
384,110
78,111
383,111
78,112
383,112
78,113
383,113
77,114
382,114
77,115
382,115
77,116
382,116
77,117
382,117
76,118
382,118
76,119
382,119
76,120
381,120
76,121
381,121
75,122
381,122
75,123
380,123
75,124
380,124
75,125
380,125
75,126
380,126
74,127
380,127
74,128
379,128
74,129
379,129
74,130
379,130
74,131
378,131
73,132
378,132
73,133
378,133
73,134
377,134
73,135
377,135
72,136
377,136
72,137
377,137
72,138
377,138
72,139
376,139
71,140
376,140
71,141
376,141
71,142
376,142
71,143
375,143
394,143
394,143
71,144
375,144
394,144
394,144
71,145
379,145
393,145
394,145
70,146
379,146
382,146
382,146
393,146
394,146
70,147
384,147
392,147
393,147
70,148
383,148
392,148
393,148
69,149
384,149
392,149
393,149
69,150
384,150
392,150
393,150
69,151
384,151
389,151
393,151
69,152
385,152
387,152
389,152
391,152
393,152
69,153
393,153
69,154
393,154
68,155
392,155
68,156
392,156
68,157
392,157
68,158
392,158
68,159
392,159
67,160
391,160
67,161
391,161
67,162
391,162
66,163
391,163
66,164
391,164
66,165
391,165
66,166
391,166
66,167
391,167
66,168
391,168
65,169
390,169
65,170
390,170
65,171
390,171
65,172
390,172
65,173
390,173
64,174
390,174
64,175
390,175
64,176
390,176
64,177
390,177
63,178
390,178
63,179
389,179
63,180
389,180
63,181
389,181
63,182
389,182
62,183
389,183
62,184
389,184
62,185
389,185
62,186
389,186
62,187
389,187
61,188
388,188
61,189
388,189
61,190
388,190
61,191
388,191
61,192
388,192
60,193
388,193
60,194
388,194
60,195
388,195
60,196
388,196
60,197
388,197
60,198
389,198
59,199
389,199
59,200
389,200
59,201
389,201
59,202
389,202
59,203
389,203
58,204
389,204
58,205
389,205
58,206
389,206
58,207
389,207
58,208
389,208
58,209
389,209
58,210
390,210
57,211
389,211
57,212
390,212
57,213
390,213
57,214
390,214
57,215
390,215
56,216
390,216
56,217
390,217
56,218
390,218
56,219
390,219
55,220
390,220
55,221
390,221
55,222
390,222
55,223
390,223
55,224
390,224
55,225
390,225
54,226
391,226
54,227
391,227
54,228
391,228
54,229
391,229
54,230
391,230
54,231
391,231
54,232
391,232
54,233
391,233
54,234
391,234
53,235
391,235
53,236
391,236
53,237
391,237
53,238
391,238
52,239
391,239
52,240
391,240
52,241
391,241
52,242
391,242
52,243
391,243
52,244
391,244
51,245
391,245
51,246
391,246
51,247
391,247
51,248
391,248
51,249
391,249
51,250
392,250
51,251
392,251
50,252
392,252
50,253
392,253
50,254
392,254
50,255
392,255
50,256
392,256
50,257
392,257
50,258
392,258
50,259
392,259
49,260
392,260
49,261
392,261
49,262
392,262
49,263
392,263
49,264
392,264
49,265
392,265
49,266
392,266
49,267
392,267
49,268
393,268
48,269
393,269
48,270
393,270
48,271
393,271
48,272
393,272
48,273
393,273
48,274
393,274
48,275
393,275
48,276
393,276
47,277
393,277
47,278
393,278
47,279
393,279
47,280
393,280
47,281
393,281
47,282
393,282
47,283
393,283
47,284
393,284
47,285
393,285
47,286
393,286
47,287
393,287
47,288
393,288
47,289
393,289
47,290
393,290
46,291
393,291
46,292
393,292
46,293
392,293
46,294
392,294
46,295
392,295
46,296
392,296
46,297
391,297
46,298
391,298
46,299
391,299
46,300
390,300
46,301
390,301
46,302
390,302
46,303
389,303
46,304
389,304
46,305
388,305
45,306
387,306
45,307
387,307
45,308
387,308
45,309
386,309
45,310
386,310
45,311
384,311
45,312
384,312
45,313
384,313
45,314
383,314
45,315
383,315
45,316
382,316
45,317
381,317
45,318
381,318
45,319
380,319
45,320
379,320
45,321
379,321
45,322
378,322
45,323
377,323
45,324
377,324
45,325
376,325
45,326
375,326
45,327
374,327
45,328
373,328
45,329
372,329
45,330
372,330
45,331
371,331
45,332
370,332
45,333
370,333
45,334
369,334
45,335
368,335
45,336
367,336
45,337
367,337
45,338
366,338
45,339
365,339
45,340
364,340
45,341
363,341
45,342
363,342
45,343
362,343
45,344
361,344
45,345
360,345
45,346
360,346
45,347
359,347
45,348
358,348
45,349
358,349
45,350
357,350
45,351
356,351
45,352
356,352
45,353
355,353
45,354
353,354
45,355
353,355
46,356
353,356
46,357
352,357
46,358
351,358
46,359
351,359
