0,0
34,0
140,0
479,0
0,1
34,1
140,1
479,1
0,2
34,2
140,2
479,2
0,3
35,3
140,3
479,3
0,4
35,4
140,4
479,4
0,5
35,5
140,5
479,5
0,6
35,6
140,6
479,6
0,7
35,7
140,7
479,7
0,8
35,8
140,8
479,8
0,9
35,9
140,9
479,9
0,10
35,10
140,10
479,10
0,11
35,11
140,11
479,11
0,12
36,12
140,12
479,12
0,13
36,13
140,13
479,13
0,14
36,14
140,14
479,14
0,15
36,15
140,15
479,15
0,16
36,16
139,16
479,16
0,17
37,17
139,17
479,17
0,18
37,18
139,18
479,18
0,19
37,19
139,19
479,19
0,20
37,20
139,20
479,20
0,21
37,21
139,21
479,21
0,22
37,22
139,22
479,22
0,23
37,23
139,23
479,23
0,24
38,24
139,24
479,24
0,25
38,25
139,25
479,25
0,26
38,26
139,26
479,26
0,27
38,27
139,27
479,27
0,28
38,28
139,28
479,28
0,29
39,29
139,29
479,29
0,30
39,30
139,30
479,30
0,31
39,31
139,31
479,31
0,32
39,32
139,32
479,32
0,33
39,33
139,33
479,33
0,34
40,34
139,34
479,34
0,35
40,35
139,35
479,35
0,36
40,36
139,36
479,36
0,37
40,37
139,37
479,37
0,38
40,38
139,38
479,38
0,39
40,39
139,39
479,39
0,40
40,40
139,40
479,40
0,41
41,41
139,41
479,41
0,42
41,42
139,42
479,42
0,43
41,43
139,43
479,43
0,44
41,44
139,44
479,44
0,45
42,45
139,45
479,45
0,46
42,46
139,46
479,46
0,47
42,47
139,47
479,47
0,48
42,48
139,48
479,48
0,49
42,49
139,49
479,49
0,50
43,50
139,50
479,50
0,51
43,51
139,51
479,51
0,52
43,52
139,52
479,52
0,53
43,53
139,53
479,53
0,54
44,54
139,54
479,54
0,55
44,55
139,55
479,55
0,56
44,56
139,56
479,56
0,57
44,57
139,57
479,57
0,58
44,58
139,58
479,58
0,59
45,59
139,59
479,59
0,60
45,60
139,60
479,60
0,61
45,61
139,61
479,61
0,62
45,62
140,62
479,62
0,63
46,63
140,63
479,63
0,64
46,64
140,64
479,64
0,65
46,65
140,65
479,65
0,66
46,66
140,66
479,66
0,67
47,67
140,67
479,67
0,68
46,68
140,68
479,68
0,69
46,69
140,69
479,69
0,70
47,70
140,70
479,70
0,71
47,71
140,71
479,71
0,72
47,72
141,72
479,72
0,73
48,73
141,73
479,73
0,74
48,74
141,74
479,74
0,75
48,75
141,75
479,75
0,76
49,76
141,76
479,76
0,77
49,77
141,77
479,77
0,78
49,78
141,78
479,78
0,79
49,79
141,79
479,79
0,80
49,80
141,80
479,80
0,81
49,81
141,81
479,81
0,82
50,82
141,82
479,82
0,83
51,83
141,83
479,83
0,84
51,84
141,84
479,84
0,85
51,85
141,85
479,85
0,86
51,86
141,86
479,86
0,87
51,87
141,87
479,87
0,88
51,88
141,88
479,88
0,89
52,89
141,89
479,89
0,90
52,90
141,90
479,90
0,91
52,91
141,91
479,91
0,92
53,92
141,92
479,92
0,93
53,93
142,93
479,93
0,94
53,94
142,94
479,94
0,95
53,95
142,95
479,95
0,96
54,96
142,96
479,96
0,97
54,97
142,97
479,97
0,98
54,98
142,98
479,98
0,99
55,99
142,99
479,99
0,100
55,100
142,100
479,100
0,101
55,101
142,101
479,101
0,102
55,102
142,102
479,102
0,103
55,103
142,103
479,103
0,104
56,104
143,104
479,104
0,105
56,105
143,105
479,105
0,106
57,106
143,106
479,106
0,107
58,107
143,107
479,107
0,108
58,108
143,108
479,108
0,109
58,109
143,109
479,109
0,110
58,110
143,110
479,110
0,111
59,111
143,111
479,111
0,112
59,112
143,112
479,112
0,113
59,113
143,113
479,113
0,114
60,114
143,114
479,114
0,115
60,115
143,115
479,115
0,116
60,116
143,116
479,116
0,117
60,117
143,117
479,117
0,118
61,118
143,118
479,118
0,119
61,119
144,119
479,119
0,120
61,120
144,120
479,120
0,121
61,121
144,121
479,121
0,122
62,122
144,122
479,122
0,123
62,123
144,123
479,123
0,124
62,124
144,124
479,124
0,125
63,125
144,125
479,125
0,126
63,126
144,126
479,126
0,127
63,127
144,127
479,127
0,128
64,128
144,128
479,128
0,129
64,129
145,129
479,129
0,130
64,130
145,130
479,130
0,131
65,131
145,131
479,131
0,132
65,132
145,132
479,132
0,133
65,133
145,133
479,133
0,134
66,134
145,134
479,134
0,135
66,135
146,135
479,135
0,136
67,136
146,136
479,136
0,137
67,137
146,137
479,137
0,138
67,138
146,138
479,138
0,139
67,139
146,139
479,139
0,140
68,140
146,140
479,140
0,141
68,141
146,141
479,141
0,142
69,142
147,142
479,142
0,143
69,143
146,143
479,143
0,144
69,144
146,144
479,144
0,145
69,145
146,145
479,145
0,146
70,146
147,146
479,146
0,147
71,147
147,147
479,147
0,148
71,148
147,148
479,148
0,149
72,149
147,149
479,149
0,150
72,150
147,150
479,150
0,151
72,151
147,151
479,151
0,152
72,152
148,152
479,152
0,153
72,153
148,153
479,153
0,154
73,154
148,154
479,154
0,155
73,155
148,155
479,155
0,156
74,156
148,156
479,156
0,157
74,157
148,157
479,157
0,158
75,158
148,158
479,158
0,159
75,159
149,159
479,159
0,160
75,160
149,160
479,160
0,161
76,161
149,161
479,161
0,162
76,162
149,162
479,162
0,163
76,163
149,163
479,163
0,164
77,164
149,164
479,164
0,165
77,165
149,165
479,165
0,166
77,166
149,166
479,166
0,167
78,167
150,167
479,167
0,168
79,168
150,168
479,168
0,169
79,169
150,169
479,169
0,170
79,170
150,170
479,170
0,171
80,171
150,171
479,171
0,172
80,172
150,172
479,172
0,173
81,173
150,173
479,173
0,174
81,174
150,174
479,174
0,175
81,175
151,175
479,175
0,176
82,176
151,176
479,176
0,177
82,177
151,177
479,177
0,178
83,178
151,178
479,178
0,179
83,179
152,179
479,179
0,180
84,180
152,180
479,180
0,181
84,181
152,181
479,181
0,182
84,182
152,182
479,182
0,183
85,183
152,183
479,183
0,184
85,184
153,184
479,184
0,185
86,185
153,185
479,185
0,186
86,186
153,186
479,186
0,187
87,187
153,187
479,187
0,188
87,188
153,188
479,188
0,189
88,189
154,189
479,189
0,190
88,190
154,190
479,190
0,191
89,191
154,191
479,191
0,192
90,192
154,192
479,192
0,193
90,193
154,193
479,193
0,194
90,194
155,194
479,194
0,195
91,195
155,195
479,195
0,196
91,196
155,196
479,196
0,197
92,197
155,197
479,197
0,198
92,198
155,198
479,198
0,199
93,199
155,199
479,199
0,200
94,200
155,200
479,200
0,201
94,201
156,201
479,201
0,202
94,202
156,202
479,202
0,203
95,203
156,203
479,203
0,204
96,204
157,204
479,204
0,205
96,205
157,205
479,205
0,206
97,206
157,206
479,206
0,207
97,207
157,207
479,207
0,208
98,208
157,208
479,208
0,209
98,209
158,209
479,209
0,210
99,210
158,210
479,210
0,211
100,211
158,211
479,211
0,212
100,212
159,212
479,212
0,213
100,213
159,213
479,213
0,214
101,214
159,214
479,214
0,215
102,215
159,215
479,215
0,216
102,216
159,216
479,216
0,217
103,217
160,217
479,217
0,218
103,218
160,218
479,218
0,219
104,219
161,219
479,219
0,220
105,220
161,220
479,220
0,221
106,221
161,221
479,221
0,222
106,222
161,222
479,222
0,223
106,223
161,223
479,223
0,224
107,224
161,224
479,224
0,225
107,225
161,225
479,225
0,226
108,226
162,226
479,226
0,227
109,227
163,227
479,227
0,228
110,228
163,228
479,228
0,229
110,229
163,229
479,229
0,230
110,230
163,230
479,230
0,231
111,231
163,231
479,231
0,232
111,232
164,232
479,232
0,233
113,233
164,233
164,233
166,233
479,233
0,234
114,234
164,234
479,234
0,235
114,235
164,235
479,235
0,236
114,236
165,236
479,236
0,237
115,237
165,237
479,237
0,238
116,238
165,238
479,238
0,239
117,239
166,239
479,239
0,240
117,240
166,240
479,240
0,241
118,241
166,241
479,241
0,242
119,242
167,242
479,242
0,243
119,243
167,243
479,243
0,244
120,244
167,244
479,244
0,245
120,245
168,245
479,245
0,246
121,246
168,246
479,246
0,247
122,247
168,247
479,247
0,248
122,248
169,248
479,248
0,249
124,249
169,249
479,249
0,250
125,250
169,250
479,250
0,251
126,251
170,251
479,251
0,252
126,252
170,252
479,252
0,253
127,253
170,253
479,253
0,254
128,254
170,254
479,254
0,255
128,255
171,255
479,255
0,256
128,256
171,256
479,256
0,257
131,257
171,257
479,257
0,258
131,258
172,258
479,258
0,259
132,259
172,259
479,259
0,260
133,260
172,260
479,260
0,261
133,261
173,261
479,261
0,262
134,262
173,262
479,262
0,263
134,263
173,263
479,263
0,264
136,264
174,264
479,264
0,265
136,265
174,265
479,265
0,266
137,266
174,266
479,266
0,267
138,267
175,267
479,267
0,268
139,268
175,268
479,268
0,269
140,269
176,269
479,269
0,270
141,270
176,270
479,270
0,271
142,271
176,271
479,271
0,272
143,272
177,272
479,272
0,273
144,273
177,273
479,273
0,274
145,274
177,274
479,274
0,275
146,275
178,275
479,275
0,276
147,276
178,276
479,276
0,277
148,277
179,277
479,277
0,278
149,278
179,278
479,278
0,279
150,279
180,279
479,279
0,280
150,280
180,280
479,280
0,281
152,281
181,281
479,281
0,282
153,282
182,282
479,282
0,283
154,283
183,283
479,283
0,284
155,284
183,284
479,284
0,285
156,285
183,285
479,285
0,286
158,286
183,286
479,286
0,287
160,287
184,287
479,287
0,288
161,288
185,288
479,288
0,289
162,289
185,289
479,289
0,290
163,290
185,290
479,290
0,291
165,291
186,291
479,291
0,292
167,292
186,292
479,292
0,293
168,293
186,293
479,293
0,294
170,294
184,294
479,294
0,295
173,295
184,295
479,295
0,296
174,296
183,296
479,296
0,297
175,297
182,297
479,297
0,298
178,298
182,298
479,298
0,299
479,299
0,300
479,300
0,301
479,301
0,302
479,302
0,303
479,303
0,304
479,304
0,305
479,305
0,306
479,306
0,307
479,307
0,308
479,308
0,309
479,309
0,310
479,310
0,311
479,311
0,312
479,312
0,313
479,313
0,314
479,314
0,315
479,315
0,316
479,316
0,317
479,317
0,318
479,318
0,319
479,319
0,320
479,320
0,321
479,321
0,322
479,322
0,323
479,323
0,324
479,324
0,325
479,325
0,326
479,326
0,327
479,327
0,328
479,328
0,329
479,329
0,330
479,330
0,331
479,331
0,332
479,332
0,333
479,333
0,334
479,334
0,335
479,335
0,336
479,336
0,337
479,337
0,338
479,338
0,339
479,339
0,340
479,340
0,341
479,341
0,342
479,342
0,343
479,343
0,344
479,344
0,345
479,345
0,346
479,346
0,347
479,347
0,348
479,348
0,349
479,349
0,350
479,350
0,351
479,351
0,352
479,352
0,353
479,353
0,354
479,354
0,355
479,355
0,356
479,356
0,357
479,357
0,358
479,358
0,359
479,359
