0,0
141,0
208,0
479,0
0,1
142,1
208,1
479,1
0,2
143,2
208,2
479,2
0,3
141,3
143,3
143,3
208,3
479,3
0,4
143,4
209,4
479,4
0,5
144,5
209,5
479,5
0,6
144,6
209,6
479,6
0,7
145,7
209,7
479,7
0,8
145,8
210,8
479,8
0,9
146,9
210,9
479,9
0,10
146,10
210,10
479,10
0,11
147,11
210,11
479,11
0,12
147,12
210,12
479,12
0,13
148,13
211,13
479,13
0,14
149,14
211,14
479,14
0,15
149,15
211,15
479,15
0,16
150,16
211,16
479,16
0,17
151,17
212,17
479,17
0,18
151,18
212,18
479,18
0,19
152,19
212,19
479,19
0,20
152,20
212,20
479,20
0,21
153,21
212,21
479,21
0,22
154,22
213,22
479,22
0,23
154,23
213,23
479,23
0,24
155,24
213,24
479,24
0,25
156,25
213,25
479,25
0,26
156,26
214,26
479,26
0,27
157,27
214,27
479,27
0,28
157,28
214,28
479,28
0,29
158,29
215,29
479,29
0,30
158,30
214,30
479,30
0,31
158,31
215,31
479,31
0,32
160,32
215,32
479,32
0,33
160,33
216,33
479,33
0,34
161,34
216,34
479,34
0,35
162,35
216,35
479,35
0,36
162,36
216,36
479,36
0,37
163,37
217,37
479,37
0,38
164,38
217,38
479,38
0,39
164,39
217,39
479,39
0,40
165,40
217,40
479,40
0,41
165,41
217,41
479,41
0,42
166,42
218,42
479,42
0,43
166,43
218,43
479,43
0,44
166,44
218,44
479,44
0,45
168,45
219,45
479,45
0,46
169,46
219,46
479,46
0,47
169,47
220,47
479,47
0,48
168,48
170,48
170,48
220,48
479,48
0,49
170,49
220,49
479,49
0,50
171,50
220,50
479,50
0,51
173,51
220,51
479,51
0,52
173,52
220,52
479,52
0,53
174,53
221,53
221,53
223,53
479,53
0,54
175,54
221,54
479,54
0,55
176,55
222,55
479,55
0,56
176,56
222,56
479,56
0,57
176,57
222,57
479,57
0,58
178,58
222,58
479,58
0,59
179,59
223,59
479,59
0,60
179,60
224,60
479,60
0,61
180,61
223,61
479,61
0,62
181,62
224,62
479,62
0,63
181,63
224,63
479,63
0,64
182,64
224,64
479,64
0,65
183,65
224,65
479,65
0,66
184,66
224,66
479,66
0,67
185,67
225,67
479,67
0,68
185,68
225,68
479,68
0,69
186,69
225,69
479,69
0,70
187,70
226,70
479,70
0,71
188,71
226,71
479,71
0,72
189,72
226,72
479,72
0,73
190,73
227,73
479,73
0,74
191,74
227,74
479,74
0,75
192,75
227,75
479,75
0,76
193,76
228,76
479,76
0,77
191,77
193,77
193,77
228,77
479,77
0,78
194,78
228,78
479,78
0,79
195,79
229,79
479,79
0,80
196,80
229,80
479,80
0,81
197,81
230,81
479,81
0,82
198,82
230,82
479,82
0,83
199,83
230,83
479,83
0,84
200,84
231,84
479,84
0,85
201,85
231,85
479,85
0,86
201,86
231,86
479,86
0,87
203,87
232,87
479,87
0,88
204,88
232,88
479,88
0,89
205,89
232,89
479,89
0,90
203,90
233,90
479,90
0,91
207,91
233,91
479,91
0,92
208,92
234,92
479,92
0,93
209,93
234,93
479,93
0,94
210,94
234,94
479,94
0,95
211,95
235,95
479,95
0,96
211,96
236,96
479,96
0,97
211,97
213,97
213,97
236,97
479,97
0,98
214,98
236,98
479,98
0,99
215,99
237,99
479,99
0,100
217,100
237,100
479,100
0,101
218,101
238,101
479,101
0,102
219,102
238,102
479,102
0,103
220,103
239,103
479,103
0,104
221,104
239,104
479,104
0,105
223,105
240,105
479,105
0,106
224,106
240,106
479,106
0,107
226,107
240,107
479,107
0,108
227,108
241,108
479,108
0,109
229,109
242,109
479,109
0,110
231,110
242,110
479,110
0,111
232,111
242,111
479,111
0,112
233,112
243,112
479,112
0,113
235,113
243,113
479,113
0,114
236,114
244,114
479,114
0,115
236,115
244,115
479,115
0,116
237,116
244,116
479,116
0,117
237,117
244,117
479,117
0,118
238,118
244,118
479,118
0,119
238,119
244,119
479,119
0,120
239,120
244,120
479,120
0,121
239,121
244,121
479,121
0,122
239,122
243,122
479,122
0,123
240,123
243,123
479,123
0,124
479,124
0,125
479,125
0,126
479,126
0,127
479,127
0,128
479,128
0,129
479,129
0,130
239,130
241,130
479,130
0,131
479,131
0,132
479,132
0,133
238,133
240,133
479,133
0,134
235,134
237,134
237,134
244,134
479,134
0,135
236,135
244,135
479,135
0,136
236,136
246,136
479,136
0,137
236,137
246,137
479,137
0,138
236,138
246,138
479,138
0,139
235,139
247,139
479,139
0,140
236,140
245,140
479,140
0,141
237,141
245,141
246,141
248,141
479,141
0,142
237,142
244,142
479,142
0,143
239,143
243,143
479,143
0,144
479,144
0,145
479,145
0,146
479,146
0,147
479,147
0,148
479,148
0,149
479,149
0,150
479,150
0,151
479,151
0,152
479,152
0,153
479,153
0,154
479,154
0,155
479,155
0,156
479,156
0,157
479,157
0,158
479,158
0,159
479,159
0,160
479,160
0,161
479,161
0,162
479,162
0,163
479,163
0,164
479,164
0,165
479,165
0,166
479,166
0,167
479,167
0,168
479,168
0,169
479,169
0,170
479,170
0,171
479,171
0,172
479,172
0,173
479,173
0,174
479,174
0,175
479,175
0,176
479,176
0,177
479,177
0,178
479,178
0,179
479,179
0,180
479,180
0,181
479,181
0,182
479,182
0,183
479,183
0,184
479,184
0,185
479,185
0,186
479,186
0,187
479,187
0,188
479,188
0,189
479,189
0,190
479,190
0,191
479,191
0,192
479,192
0,193
479,193
0,194
479,194
0,195
479,195
0,196
479,196
0,197
479,197
0,198
479,198
0,199
479,199
0,200
479,200
0,201
479,201
0,202
479,202
0,203
479,203
0,204
479,204
0,205
479,205
0,206
479,206
0,207
479,207
0,208
479,208
0,209
479,209
0,210
479,210
0,211
479,211
0,212
479,212
0,213
479,213
0,214
479,214
0,215
479,215
0,216
479,216
0,217
479,217
0,218
479,218
0,219
479,219
0,220
479,220
0,221
479,221
0,222
479,222
0,223
479,223
0,224
479,224
0,225
479,225
0,226
479,226
0,227
479,227
0,228
479,228
0,229
479,229
0,230
479,230
0,231
479,231
0,232
479,232
0,233
479,233
0,234
479,234
0,235
479,235
0,236
479,236
0,237
479,237
0,238
479,238
0,239
479,239
0,240
479,240
0,241
479,241
0,242
479,242
0,243
479,243
0,244
479,244
0,245
479,245
0,246
479,246
0,247
479,247
0,248
479,248
0,249
479,249
0,250
479,250
0,251
479,251
0,252
479,252
0,253
479,253
0,254
479,254
0,255
479,255
0,256
479,256
0,257
479,257
0,258
479,258
0,259
479,259
0,260
479,260
0,261
479,261
0,262
479,262
0,263
479,263
0,264
479,264
0,265
479,265
0,266
479,266
0,267
479,267
0,268
479,268
0,269
479,269
0,270
479,270
0,271
479,271
0,272
479,272
0,273
479,273
0,274
479,274
0,275
479,275
0,276
479,276
0,277
479,277
0,278
479,278
0,279
479,279
0,280
479,280
0,281
479,281
0,282
479,282
0,283
479,283
0,284
479,284
0,285
479,285
0,286
479,286
0,287
479,287
0,288
479,288
0,289
479,289
0,290
479,290
0,291
479,291
0,292
479,292
0,293
479,293
0,294
479,294
0,295
479,295
0,296
479,296
0,297
479,297
0,298
479,298
0,299
479,299
0,300
479,300
0,301
479,301
0,302
479,302
0,303
479,303
0,304
479,304
0,305
479,305
0,306
479,306
0,307
479,307
0,308
479,308
0,309
479,309
0,310
479,310
0,311
479,311
0,312
479,312
0,313
479,313
0,314
479,314
0,315
479,315
0,316
479,316
0,317
479,317
0,318
479,318
0,319
479,319
0,320
479,320
0,321
479,321
0,322
479,322
0,323
479,323
0,324
479,324
0,325
479,325
0,326
479,326
0,327
479,327
0,328
479,328
0,329
479,329
0,330
479,330
0,331
479,331
0,332
479,332
0,333
479,333
0,334
479,334
0,335
479,335
0,336
479,336
0,337
479,337
0,338
479,338
0,339
479,339
0,340
479,340
0,341
479,341
0,342
479,342
0,343
479,343
0,344
479,344
0,345
479,345
0,346
479,346
0,347
479,347
0,348
479,348
0,349
479,349
0,350
479,350
0,351
479,351
0,352
479,352
0,353
479,353
0,354
479,354
0,355
479,355
0,356
479,356
0,357
479,357
0,358
479,358
0,359
479,359
