0,0
479,0
0,1
479,1
0,2
479,2
0,3
479,3
0,4
479,4
0,5
479,5
0,6
479,6
0,7
479,7
0,8
479,8
0,9
479,9
0,10
479,10
0,11
479,11
0,12
479,12
0,13
479,13
0,14
479,14
0,15
479,15
0,16
479,16
0,17
479,17
0,18
479,18
0,19
479,19
0,20
479,20
0,21
479,21
0,22
479,22
0,23
479,23
0,24
479,24
0,25
479,25
0,26
479,26
0,27
479,27
0,28
479,28
0,29
479,29
0,30
479,30
0,31
479,31
0,32
479,32
0,33
479,33
0,34
479,34
0,35
479,35
0,36
479,36
0,37
479,37
0,38
479,38
0,39
479,39
0,40
479,40
0,41
479,41
0,42
479,42
0,43
479,43
0,44
479,44
0,45
479,45
0,46
479,46
0,47
479,47
0,48
479,48
0,49
479,49
0,50
479,50
0,51
479,51
0,52
479,52
0,53
479,53
0,54
479,54
0,55
479,55
0,56
479,56
0,57
479,57
0,58
479,58
0,59
479,59
0,60
479,60
0,61
479,61
0,62
479,62
0,63
479,63
0,64
479,64
0,65
479,65
0,66
479,66
0,67
479,67
0,68
479,68
0,69
479,69
0,70
479,70
0,71
479,71
0,72
479,72
0,73
479,73
0,74
479,74
0,75
479,75
0,76
479,76
0,77
479,77
0,78
479,78
0,79
479,79
0,80
479,80
0,81
479,81
0,82
479,82
0,83
479,83
0,84
479,84
0,85
479,85
0,86
479,86
0,87
479,87
0,88
479,88
0,89
479,89
0,90
479,90
0,91
479,91
0,92
479,92
0,93
479,93
0,94
479,94
0,95
479,95
0,96
479,96
0,97
479,97
0,98
479,98
0,99
479,99
0,100
479,100
0,101
479,101
0,102
479,102
0,103
479,103
0,104
479,104
0,105
479,105
0,106
479,106
0,107
479,107
0,108
479,108
0,109
479,109
0,110
479,110
0,111
479,111
0,112
479,112
0,113
479,113
0,114
479,114
0,115
479,115
0,116
479,116
0,117
479,117
0,118
479,118
0,119
479,119
0,120
479,120
0,121
479,121
0,122
479,122
0,123
479,123
0,124
479,124
0,125
479,125
0,126
479,126
0,127
479,127
0,128
479,128
0,129
479,129
0,130
479,130
0,131
479,131
0,132
479,132
0,133
479,133
0,134
479,134
0,135
479,135
0,136
479,136
0,137
479,137
0,138
479,138
0,139
479,139
0,140
479,140
0,141
479,141
0,142
479,142
0,143
479,143
0,144
479,144
0,145
479,145
0,146
479,146
0,147
479,147
0,148
479,148
0,149
479,149
0,150
479,150
0,151
479,151
0,152
479,152
0,153
479,153
0,154
479,154
0,155
479,155
0,156
479,156
0,157
479,157
0,158
479,158
0,159
479,159
0,160
479,160
0,161
479,161
0,162
479,162
0,163
479,163
0,164
479,164
0,165
479,165
0,166
479,166
0,167
479,167
0,168
479,168
0,169
479,169
0,170
479,170
0,171
479,171
0,172
479,172
0,173
479,173
0,174
479,174
0,175
479,175
0,176
479,176
0,177
479,177
0,178
479,178
0,179
479,179
0,180
479,180
0,181
479,181
0,182
479,182
0,183
479,183
0,184
479,184
0,185
479,185
0,186
479,186
0,187
479,187
0,188
479,188
0,189
479,189
0,190
479,190
0,191
479,191
0,192
479,192
0,193
236,193
240,193
479,193
0,194
232,194
244,194
479,194
0,195
231,195
245,195
479,195
0,196
227,196
229,196
229,196
247,196
479,196
0,197
226,197
250,197
479,197
0,198
221,198
251,198
251,198
253,198
479,198
0,199
217,199
259,199
479,199
0,200
212,200
262,200
479,200
0,201
209,201
264,201
479,201
0,202
209,202
265,202
479,202
0,203
208,203
265,203
479,203
0,204
207,204
266,204
479,204
0,205
207,205
265,205
479,205
0,206
206,206
265,206
479,206
0,207
206,207
266,207
479,207
0,208
207,208
265,208
479,208
0,209
207,209
265,209
479,209
0,210
209,210
211,210
212,210
262,210
262,210
265,210
479,210
0,211
208,211
211,211
213,211
261,211
262,211
264,211
479,211
0,212
207,212
210,212
212,212
262,212
262,212
264,212
479,212
0,213
207,213
209,213
212,213
262,213
479,213
0,214
211,214
263,214
479,214
0,215
211,215
263,215
479,215
0,216
210,216
263,216
479,216
0,217
210,217
263,217
479,217
0,218
210,218
264,218
479,218
0,219
210,219
264,219
479,219
0,220
210,220
265,220
479,220
0,221
211,221
265,221
479,221
0,222
211,222
265,222
479,222
0,223
211,223
265,223
479,223
0,224
211,224
265,224
479,224
0,225
211,225
266,225
479,225
0,226
211,226
267,226
479,226
0,227
211,227
267,227
479,227
0,228
211,228
268,228
479,228
0,229
211,229
268,229
479,229
0,230
212,230
268,230
479,230
0,231
212,231
268,231
479,231
0,232
211,232
268,232
479,232
0,233
210,233
268,233
479,233
0,234
208,234
210,234
211,234
266,234
479,234
0,235
211,235
213,235
213,235
264,235
479,235
0,236
213,236
264,236
479,236
0,237
213,237
264,237
479,237
0,238
212,238
214,238
214,238
264,238
479,238
0,239
214,239
264,239
479,239
0,240
214,240
263,240
479,240
0,241
215,241
263,241
479,241
0,242
215,242
263,242
479,242
0,243
215,243
263,243
479,243
0,244
216,244
263,244
479,244
0,245
216,245
263,245
479,245
0,246
216,246
264,246
479,246
0,247
215,247
264,247
479,247
0,248
215,248
264,248
479,248
0,249
216,249
264,249
479,249
0,250
215,250
264,250
479,250
0,251
214,251
265,251
479,251
0,252
214,252
265,252
479,252
0,253
214,253
265,253
479,253
0,254
214,254
266,254
479,254
0,255
214,255
266,255
479,255
0,256
213,256
265,256
479,256
0,257
213,257
265,257
479,257
0,258
213,258
265,258
479,258
0,259
213,259
265,259
479,259
0,260
213,260
265,260
479,260
0,261
213,261
265,261
479,261
0,262
213,262
266,262
479,262
0,263
213,263
266,263
479,263
0,264
213,264
266,264
479,264
0,265
213,265
267,265
479,265
0,266
212,266
267,266
479,266
0,267
212,267
267,267
479,267
0,268
212,268
267,268
479,268
0,269
212,269
268,269
479,269
0,270
211,270
268,270
479,270
0,271
211,271
268,271
479,271
0,272
211,272
268,272
479,272
0,273
211,273
269,273
479,273
0,274
210,274
269,274
479,274
0,275
210,275
269,275
479,275
0,276
210,276
270,276
479,276
0,277
210,277
269,277
479,277
0,278
210,278
270,278
479,278
0,279
209,279
270,279
270,279
272,279
479,279
0,280
210,280
270,280
270,280
272,280
479,280
0,281
209,281
270,281
479,281
0,282
207,282
209,282
209,282
270,282
479,282
0,283
209,283
271,283
479,283
0,284
209,284
271,284
479,284
0,285
209,285
271,285
479,285
0,286
209,286
271,286
479,286
0,287
209,287
272,287
479,287
0,288
208,288
272,288
479,288
0,289
208,289
272,289
479,289
0,290
207,290
272,290
479,290
0,291
207,291
273,291
479,291
0,292
207,292
273,292
479,292
0,293
207,293
273,293
479,293
0,294
206,294
273,294
479,294
0,295
206,295
274,295
479,295
0,296
205,296
274,296
479,296
0,297
205,297
274,297
479,297
0,298
205,298
275,298
479,298
0,299
205,299
275,299
479,299
0,300
205,300
274,300
479,300
0,301
205,301
275,301
479,301
0,302
204,302
280,302
479,302
0,303
194,303
280,303
479,303
0,304
186,304
291,304
479,304
0,305
180,305
183,305
184,305
297,305
479,305
0,306
173,306
301,306
479,306
0,307
171,307
307,307
479,307
0,308
168,308
310,308
479,308
0,309
164,309
314,309
479,309
0,310
161,310
317,310
479,310
0,311
157,311
319,311
479,311
0,312
154,312
325,312
479,312
0,313
150,313
328,313
479,313
0,314
148,314
330,314
479,314
0,315
144,315
334,315
479,315
0,316
143,316
337,316
479,316
0,317
140,317
205,317
205,317
274,317
274,317
340,317
479,317
0,318
137,318
205,318
205,318
274,318
274,318
341,318
479,318
0,319
133,319
196,319
206,319
274,319
278,319
344,319
479,319
0,320
131,320
192,320
206,320
275,320
287,320
348,320
479,320
0,321
130,321
188,321
206,321
275,321
289,321
350,321
479,321
0,322
128,322
185,322
205,322
274,322
291,322
351,322
479,322
0,323
124,323
183,323
204,323
206,323
206,323
274,323
296,323
353,323
479,323
0,324
123,324
179,324
206,324
274,324
298,324
355,324
479,324
0,325
121,325
177,325
206,325
274,325
302,325
358,325
479,325
0,326
118,326
174,326
207,326
274,326
304,326
359,326
479,326
0,327
117,327
174,327
207,327
274,327
308,327
362,327
479,327
0,328
115,328
169,328
207,328
273,328
309,328
363,328
479,328
0,329
114,329
166,329
207,329
273,329
311,329
363,329
479,329
0,330
113,330
164,330
206,330
272,330
272,330
274,330
313,330
364,330
479,330
0,331
112,331
162,331
202,331
204,331
206,331
272,331
272,331
274,331
315,331
366,331
479,331
0,332
110,332
161,332
202,332
204,332
206,332
272,332
317,332
367,332
479,332
0,333
109,333
158,333
206,333
273,333
318,333
369,333
479,333
0,334
107,334
157,334
206,334
273,334
319,334
369,334
479,334
0,335
105,335
155,335
205,335
273,335
320,335
372,335
479,335
0,336
104,336
154,336
205,336
273,336
324,336
373,336
479,336
0,337
102,337
151,337
205,337
273,337
324,337
376,337
479,337
0,338
101,338
151,338
205,338
274,338
327,338
377,338
479,338
0,339
100,339
150,339
205,339
274,339
328,339
378,339
479,339
0,340
99,340
150,340
205,340
274,340
329,340
379,340
479,340
0,341
98,341
148,341
204,341
274,341
331,341
380,341
479,341
0,342
97,342
146,342
204,342
275,342
331,342
381,342
479,342
0,343
97,343
145,343
204,343
275,343
332,343
382,343
479,343
0,344
96,344
143,344
143,344
145,344
203,344
275,344
333,344
383,344
479,344
0,345
95,345
143,345
203,345
275,345
334,345
383,345
479,345
0,346
94,346
143,346
203,346
275,346
335,346
384,346
479,346
0,347
93,347
141,347
203,347
276,347
336,347
385,347
479,347
0,348
92,348
141,348
203,348
276,348
336,348
385,348
479,348
0,349
91,349
140,349
202,349
276,349
337,349
386,349
479,349
0,350
90,350
139,350
202,350
276,350
338,350
387,350
479,350
0,351
90,351
139,351
202,351
277,351
339,351
387,351
479,351
0,352
89,352
139,352
202,352
277,352
340,352
389,352
479,352
0,353
88,353
138,353
202,353
277,353
341,353
390,353
479,353
0,354
88,354
137,354
202,354
277,354
341,354
390,354
479,354
0,355
87,355
136,355
202,355
277,355
341,355
390,355
479,355
0,356
87,356
136,356
201,356
278,356
341,356
391,356
479,356
0,357
86,357
136,357
201,357
278,357
342,357
391,357
479,357
0,358
86,358
136,358
201,358
278,358
342,358
392,358
479,358
0,359
85,359
135,359
201,359
278,359
343,359
392,359
479,359
