0,0
187,0
216,0
221,0
258,0
265,0
293,0
479,0
0,1
187,1
214,1
221,1
258,1
265,1
293,1
479,1
0,2
187,2
215,2
221,2
258,2
264,2
293,2
479,2
0,3
186,3
215,3
221,3
258,3
264,3
293,3
479,3
0,4
186,4
215,4
221,4
258,4
263,4
293,4
479,4
0,5
186,5
216,5
221,5
258,5
263,5
293,5
479,5
0,6
186,6
216,6
221,6
258,6
263,6
293,6
479,6
0,7
186,7
216,7
221,7
258,7
263,7
293,7
479,7
0,8
186,8
216,8
221,8
258,8
263,8
293,8
479,8
0,9
186,9
216,9
222,9
257,9
262,9
293,9
449,9
460,9
479,9
0,10
186,10
216,10
222,10
257,10
262,10
293,10
446,10
465,10
479,10
0,11
186,11
217,11
222,11
257,11
262,11
293,11
439,11
468,11
479,11
0,12
186,12
217,12
222,12
257,12
262,12
293,12
437,12
468,12
479,12
0,13
186,13
217,13
223,13
241,13
244,13
256,13
262,13
293,13
434,13
469,13
469,13
471,13
479,13
0,14
186,14
217,14
223,14
238,14
246,14
256,14
262,14
293,14
432,14
473,14
479,14
0,15
187,15
217,15
225,15
235,15
248,15
255,15
262,15
293,15
432,15
474,15
479,15
0,16
187,16
217,16
262,16
293,16
430,16
475,16
479,16
0,17
187,17
217,17
263,17
293,17
430,17
478,17
479,17
0,18
187,18
217,18
218,18
220,18
264,18
293,18
429,18
479,18
479,18
0,19
187,19
217,19
218,19
220,19
265,19
293,19
429,19
479,19
479,19
0,20
187,20
216,20
267,20
293,20
429,20
479,20
479,20
0,21
187,21
215,21
268,21
293,21
429,21
479,21
479,21
0,22
187,22
211,22
270,22
293,22
428,22
479,22
479,22
0,23
187,23
206,23
276,23
293,23
428,23
479,23
479,23
0,24
187,24
205,24
279,24
293,24
428,24
0,25
187,25
204,25
279,25
293,25
427,25
0,26
187,26
204,26
279,26
293,26
427,26
0,27
187,27
204,27
279,27
293,27
427,27
0,28
187,28
204,28
279,28
293,28
427,28
0,29
187,29
204,29
280,29
293,29
428,29
0,30
187,30
203,30
280,30
293,30
429,30
0,31
187,31
203,31
280,31
293,31
429,31
0,32
187,32
202,32
280,32
293,32
429,32
0,33
187,33
201,33
280,33
293,33
430,33
0,34
187,34
201,34
202,34
204,34
281,34
293,34
431,34
0,35
187,35
201,35
201,35
203,35
279,35
281,35
281,35
293,35
432,35
0,36
187,36
201,36
279,36
293,36
433,36
0,37
187,37
201,37
280,37
293,37
433,37
0,38
187,38
201,38
281,38
293,38
433,38
0,39
187,39
202,39
281,39
293,39
434,39
0,40
187,40
202,40
278,40
280,40
280,40
293,40
434,40
0,41
187,41
203,41
280,41
293,41
435,41
0,42
187,42
203,42
280,42
293,42
436,42
0,43
187,43
203,43
277,43
279,43
279,43
293,43
436,43
0,44
187,44
204,44
278,44
293,44
436,44
0,45
187,45
204,45
278,45
293,45
437,45
0,46
187,46
205,46
277,46
293,46
437,46
0,47
187,47
206,47
277,47
293,47
438,47
0,48
187,48
206,48
276,48
293,48
436,48
0,49
187,49
206,49
276,49
293,49
437,49
0,50
187,50
207,50
275,50
293,50
435,50
0,51
187,51
208,51
274,51
293,51
435,51
0,52
187,52
208,52
273,52
293,52
435,52
0,53
187,53
209,53
273,53
293,53
435,53
0,54
187,54
210,54
272,54
293,54
435,54
0,55
187,55
210,55
271,55
293,55
435,55
0,56
187,56
211,56
270,56
293,56
435,56
0,57
187,57
211,57
270,57
293,57
435,57
0,58
187,58
212,58
269,58
293,58
435,58
0,59
187,59
213,59
268,59
293,59
435,59
0,60
187,60
213,60
268,60
293,60
435,60
0,61
187,61
214,61
267,61
293,61
435,61
0,62
187,62
214,62
266,62
293,62
435,62
0,63
187,63
215,63
266,63
293,63
435,63
0,64
187,64
216,64
265,64
293,64
434,64
0,65
187,65
216,65
264,65
293,65
434,65
0,66
187,66
217,66
264,66
293,66
434,66
0,67
187,67
217,67
263,67
293,67
434,67
0,68
187,68
218,68
263,68
293,68
434,68
0,69
187,69
218,69
262,69
293,69
434,69
0,70
187,70
219,70
261,70
293,70
434,70
0,71
187,71
219,71
261,71
293,71
434,71
0,72
187,72
219,72
260,72
293,72
434,72
0,73
187,73
220,73
260,73
293,73
434,73
0,74
187,74
220,74
259,74
293,74
434,74
0,75
187,75
221,75
259,75
293,75
434,75
0,76
187,76
222,76
258,76
293,76
434,76
0,77
187,77
223,77
258,77
293,77
434,77
0,78
187,78
222,78
222,78
224,78
258,78
293,78
434,78
0,79
187,79
222,79
222,79
224,79
257,79
293,79
434,79
0,80
187,80
222,80
257,80
293,80
434,80
0,81
187,81
223,81
256,81
293,81
434,81
0,82
187,82
223,82
256,82
293,82
434,82
0,83
187,83
224,83
256,83
293,83
434,83
0,84
187,84
224,84
255,84
293,84
434,84
0,85
187,85
224,85
255,85
293,85
434,85
0,86
187,86
224,86
254,86
293,86
434,86
0,87
187,87
225,87
252,87
254,87
254,87
293,87
434,87
0,88
187,88
225,88
254,88
293,88
434,88
0,89
187,89
226,89
253,89
293,89
434,89
0,90
187,90
226,90
253,90
293,90
434,90
0,91
187,91
227,91
252,91
293,91
434,91
0,92
187,92
227,92
252,92
293,92
434,92
0,93
187,93
228,93
251,93
293,93
435,93
0,94
187,94
228,94
251,94
293,94
435,94
437,94
439,94
0,95
187,95
229,95
250,95
293,95
439,95
0,96
187,96
229,96
250,96
293,96
438,96
0,97
187,97
230,97
249,97
293,97
438,97
0,98
187,98
230,98
249,98
293,98
438,98
0,99
187,99
230,99
249,99
293,99
438,99
0,100
187,100
230,100
249,100
293,100
438,100
0,101
187,101
230,101
249,101
293,101
437,101
0,102
187,102
230,102
249,102
293,102
437,102
0,103
187,103
230,103
249,103
293,103
436,103
0,104
187,104
230,104
250,104
293,104
435,104
0,105
187,105
229,105
250,105
293,105
435,105
0,106
187,106
229,106
250,106
293,106
436,106
0,107
187,107
229,107
250,107
293,107
435,107
0,108
187,108
229,108
250,108
293,108
435,108
0,109
187,109
229,109
250,109
293,109
435,109
0,110
187,110
229,110
251,110
293,110
436,110
0,111
187,111
229,111
251,111
293,111
435,111
0,112
187,112
229,112
252,112
293,112
435,112
0,113
187,113
229,113
252,113
256,113
257,113
292,113
435,113
0,114
187,114
229,114
252,114
256,114
256,114
292,114
435,114
0,115
187,115
229,115
252,115
256,115
256,115
292,115
435,115
0,116
187,116
229,116
252,116
255,116
256,116
292,116
433,116
0,117
187,117
229,117
256,117
292,117
433,117
0,118
187,118
229,118
256,118
293,118
433,118
0,119
187,119
229,119
256,119
293,119
432,119
0,120
186,120
229,120
255,120
293,120
431,120
0,121
187,121
229,121
255,121
293,121
430,121
0,122
188,122
228,122
255,122
290,122
430,122
0,123
191,123
227,123
255,123
285,123
429,123
0,124
220,124
226,124
256,124
258,124
258,124
260,124
429,124
0,125
428,125
0,126
427,126
0,127
427,127
0,128
427,128
0,129
287,129
289,129
426,129
0,130
216,130
218,130
261,130
264,130
426,130
0,131
187,131
197,131
216,131
218,131
280,131
282,131
285,131
292,131
425,131
0,132
186,132
208,132
260,132
262,132
266,132
293,132
424,132
0,133
186,133
223,133
258,133
293,133
423,133
0,134
186,134
226,134
257,134
293,134
422,134
0,135
186,135
226,135
255,135
293,135
422,135
0,136
186,136
223,136
256,136
293,136
421,136
0,137
186,137
221,137
258,137
293,137
420,137
0,138
186,138
219,138
259,138
293,138
420,138
0,139
186,139
216,139
263,139
293,139
420,139
0,140
186,140
213,140
265,140
293,140
419,140
0,141
186,141
212,141
213,141
215,141
266,141
293,141
419,141
0,142
186,142
211,142
213,142
215,142
268,142
293,142
419,142
0,143
186,143
210,143
268,143
293,143
418,143
0,144
187,144
209,144
267,144
269,144
270,144
293,144
425,144
430,144
430,144
0,145
187,145
208,145
271,145
293,145
431,145
0,146
187,146
207,146
272,146
293,146
430,146
0,147
187,147
206,147
272,147
293,147
430,147
0,148
187,148
206,148
273,148
293,148
430,148
0,149
187,149
206,149
274,149
293,149
430,149
0,150
187,150
206,150
275,150
293,150
430,150
0,151
187,151
206,151
275,151
293,151
430,151
0,152
187,152
206,152
275,152
293,152
430,152
0,153
187,153
206,153
275,153
293,153
429,153
0,154
187,154
207,154
273,154
293,154
429,154
0,155
187,155
208,155
272,155
274,155
274,155
293,155
429,155
0,156
187,156
209,156
273,156
293,156
429,156
0,157
187,157
210,157
272,157
293,157
428,157
0,158
187,158
212,158
271,158
293,158
428,158
0,159
187,159
214,159
269,159
293,159
428,159
0,160
187,160
216,160
267,160
293,160
428,160
0,161
187,161
220,161
265,161
293,161
428,161
0,162
187,162
224,162
261,162
293,162
428,162
0,163
187,163
229,163
253,163
293,163
427,163
0,164
187,164
230,164
252,164
293,164
427,164
0,165
187,165
230,165
249,165
293,165
427,165
0,166
187,166
231,166
249,166
293,166
426,166
0,167
187,167
231,167
248,167
293,167
425,167
0,168
187,168
231,168
248,168
293,168
425,168
0,169
187,169
232,169
248,169
293,169
425,169
0,170
187,170
232,170
247,170
293,170
425,170
0,171
187,171
232,171
247,171
293,171
424,171
0,172
187,172
232,172
247,172
293,172
423,172
0,173
187,173
233,173
246,173
293,173
423,173
0,174
187,174
233,174
246,174
293,174
423,174
0,175
187,175
233,175
246,175
293,175
423,175
0,176
187,176
233,176
245,176
293,176
422,176
0,177
187,177
233,177
245,177
293,177
422,177
0,178
187,178
234,178
244,178
293,178
422,178
0,179
187,179
234,179
244,179
293,179
422,179
0,180
187,180
235,180
244,180
293,180
420,180
0,181
187,181
235,181
243,181
293,181
420,181
0,182
187,182
236,182
242,182
293,182
419,182
0,183
187,183
293,183
418,183
0,184
187,184
293,184
418,184
0,185
187,185
293,185
417,185
0,186
187,186
293,186
416,186
0,187
187,187
293,187
415,187
0,188
187,188
293,188
415,188
0,189
187,189
293,189
415,189
0,190
187,190
293,190
414,190
0,191
187,191
293,191
414,191
0,192
187,192
293,192
412,192
0,193
187,193
293,193
412,193
0,194
187,194
293,194
411,194
0,195
187,195
293,195
410,195
0,196
187,196
293,196
410,196
0,197
187,197
293,197
409,197
0,198
187,198
293,198
409,198
0,199
187,199
293,199
409,199
0,200
187,200
293,200
407,200
0,201
187,201
293,201
406,201
0,202
187,202
293,202
405,202
0,203
187,203
293,203
405,203
0,204
187,204
293,204
402,204
0,205
187,205
293,205
401,205
0,206
187,206
293,206
400,206
0,207
187,207
293,207
399,207
0,208
187,208
293,208
399,208
0,209
187,209
293,209
398,209
0,210
187,210
293,210
398,210
0,211
187,211
293,211
397,211
0,212
187,212
293,212
397,212
0,213
187,213
293,213
395,213
0,214
187,214
293,214
395,214
0,215
187,215
293,215
394,215
0,216
187,216
293,216
393,216
0,217
187,217
293,217
392,217
0,218
187,218
293,218
391,218
0,219
187,219
293,219
390,219
0,220
187,220
293,220
389,220
0,221
187,221
293,221
388,221
0,222
187,222
293,222
387,222
0,223
187,223
293,223
386,223
0,224
187,224
293,224
384,224
0,225
187,225
293,225
382,225
384,225
384,225
0,226
187,226
293,226
382,226
0,227
187,227
293,227
382,227
0,228
187,228
293,228
381,228
0,229
187,229
293,229
380,229
0,230
187,230
293,230
379,230
0,231
187,231
293,231
377,231
0,232
187,232
293,232
377,232
0,233
187,233
293,233
376,233
0,234
187,234
293,234
375,234
0,235
187,235
293,235
374,235
0,236
187,236
293,236
373,236
0,237
187,237
293,237
372,237
0,238
187,238
293,238
371,238
0,239
187,239
293,239
369,239
0,240
187,240
293,240
368,240
0,241
187,241
293,241
367,241
0,242
187,242
293,242
367,242
0,243
187,243
293,243
366,243
0,244
187,244
293,244
364,244
0,245
187,245
293,245
364,245
0,246
187,246
293,246
363,246
0,247
187,247
293,247
363,247
0,248
187,248
293,248
361,248
0,249
187,249
293,249
360,249
0,250
187,250
293,250
359,250
0,251
187,251
293,251
358,251
0,252
187,252
293,252
357,252
0,253
187,253
293,253
356,253
0,254
187,254
293,254
356,254
0,255
187,255
293,255
354,255
0,256
187,256
293,256
354,256
0,257
187,257
293,257
353,257
0,258
187,258
293,258
352,258
0,259
187,259
293,259
351,259
0,260
187,260
293,260
351,260
0,261
187,261
293,261
351,261
0,262
187,262
293,262
349,262
0,263
187,263
293,263
349,263
0,264
187,264
293,264
348,264
0,265
187,265
293,265
347,265
0,266
187,266
293,266
347,266
0,267
187,267
293,267
346,267
0,268
187,268
293,268
345,268
0,269
187,269
293,269
344,269
0,270
187,270
293,270
343,270
0,271
187,271
293,271
342,271
0,272
187,272
293,272
341,272
440,272
440,272
0,273
187,273
293,273
341,273
440,273
440,273
0,274
187,274
293,274
340,274
0,275
187,275
293,275
340,275
0,276
187,276
293,276
340,276
0,277
187,277
293,277
340,277
0,278
187,278
293,278
339,278
0,279
187,279
293,279
339,279
0,280
187,280
293,280
338,280
0,281
187,281
293,281
338,281
0,282
187,282
293,282
337,282
0,283
187,283
293,283
337,283
0,284
187,284
293,284
336,284
0,285
187,285
293,285
336,285
0,286
187,286
293,286
336,286
0,287
187,287
293,287
335,287
432,287
432,287
0,288
187,288
293,288
335,288
0,289
187,289
293,289
335,289
0,290
187,290
293,290
335,290
429,290
430,290
0,291
187,291
293,291
335,291
429,291
430,291
0,292
187,292
293,292
334,292
428,292
429,292
0,293
187,293
293,293
333,293
427,293
429,293
0,294
187,294
293,294
333,294
426,294
428,294
0,295
187,295
293,295
333,295
426,295
427,295
0,296
187,296
293,296
332,296
0,297
187,297
293,297
332,297
425,297
426,297
0,298
187,298
293,298
332,298
424,298
425,298
0,299
187,299
293,299
332,299
423,299
425,299
0,300
187,300
293,300
332,300
422,300
425,300
0,301
187,301
293,301
332,301
421,301
424,301
0,302
187,302
293,302
332,302
420,302
424,302
0,303
187,303
293,303
331,303
420,303
423,303
0,304
187,304
293,304
331,304
418,304
422,304
0,305
187,305
293,305
331,305
418,305
422,305
0,306
187,306
293,306
331,306
418,306
421,306
0,307
187,307
293,307
331,307
418,307
420,307
0,308
187,308
293,308
331,308
416,308
420,308
0,309
187,309
293,309
331,309
416,309
419,309
0,310
187,310
293,310
331,310
414,310
419,310
0,311
187,311
293,311
330,311
413,311
419,311
0,312
187,312
293,312
330,312
412,312
418,312
0,313
187,313
293,313
330,313
412,313
417,313
0,314
187,314
293,314
330,314
411,314
416,314
0,315
187,315
293,315
330,315
410,315
416,315
0,316
187,316
293,316
330,316
409,316
415,316
0,317
187,317
293,317
330,317
408,317
415,317
0,318
187,318
293,318
330,318
408,318
415,318
0,319
187,319
293,319
330,319
407,319
415,319
0,320
187,320
293,320
330,320
406,320
414,320
0,321
187,321
293,321
330,321
405,321
414,321
0,322
187,322
293,322
330,322
404,322
414,322
0,323
187,323
293,323
330,323
404,323
412,323
0,324
187,324
293,324
330,324
403,324
412,324
0,325
187,325
293,325
329,325
402,325
411,325
0,326
187,326
293,326
329,326
401,326
410,326
0,327
187,327
293,327
329,327
400,327
410,327
0,328
187,328
293,328
329,328
400,328
410,328
0,329
187,329
293,329
329,329
399,329
410,329
0,330
187,330
293,330
329,330
399,330
410,330
0,331
187,331
293,331
329,331
398,331
409,331
0,332
187,332
293,332
329,332
397,332
409,332
0,333
187,333
293,333
329,333
397,333
408,333
0,334
187,334
293,334
328,334
396,334
407,334
0,335
187,335
293,335
328,335
396,335
407,335
0,336
187,336
293,336
328,336
395,336
407,336
0,337
187,337
293,337
328,337
394,337
407,337
0,338
187,338
293,338
327,338
393,338
407,338
0,339
187,339
293,339
327,339
391,339
406,339
0,340
187,340
293,340
326,340
390,340
406,340
0,341
187,341
293,341
326,341
389,341
406,341
0,342
187,342
293,342
325,342
389,342
405,342
0,343
187,343
293,343
325,343
388,343
405,343
0,344
187,344
293,344
325,344
388,344
399,344
401,344
406,344
0,345
187,345
293,345
325,345
387,345
406,345
0,346
187,346
293,346
325,346
386,346
406,346
0,347
187,347
293,347
325,347
386,347
405,347
0,348
187,348
293,348
323,348
385,348
405,348
0,349
187,349
293,349
323,349
383,349
404,349
0,350
187,350
293,350
323,350
383,350
403,350
0,351
187,351
293,351
323,351
382,351
403,351
0,352
187,352
293,352
323,352
381,352
403,352
0,353
187,353
293,353
323,353
380,353
403,353
0,354
187,354
293,354
323,354
380,354
403,354
0,355
187,355
293,355
323,355
379,355
403,355
0,356
187,356
293,356
323,356
378,356
402,356
0,357
187,357
293,357
323,357
377,357
401,357
0,358
187,358
293,358
323,358
377,358
401,358
0,359
187,359
293,359
323,359
376,359
400,359
