0,0
85,0
198,0
303,0
394,0
479,0
0,1
85,1
199,1
299,1
301,1
302,1
394,1
479,1
0,2
85,2
200,2
299,2
301,2
301,2
394,2
479,2
0,3
85,3
200,3
298,3
300,3
301,3
394,3
479,3
0,4
85,4
201,4
297,4
299,4
300,4
394,4
479,4
0,5
85,5
201,5
299,5
394,5
479,5
0,6
85,6
201,6
298,6
394,6
479,6
0,7
85,7
202,7
294,7
296,7
297,7
394,7
479,7
0,8
85,8
203,8
297,8
394,8
479,8
0,9
85,9
203,9
293,9
295,9
296,9
394,9
479,9
0,10
85,10
204,10
292,10
294,10
295,10
394,10
479,10
0,11
85,11
204,11
291,11
293,11
294,11
394,11
479,11
0,12
85,12
205,12
291,12
293,12
293,12
394,12
479,12
0,13
85,13
206,13
290,13
292,13
293,13
394,13
479,13
0,14
85,14
206,14
292,14
394,14
479,14
0,15
85,15
206,15
288,15
290,15
291,15
394,15
479,15
0,16
85,16
206,16
290,16
394,16
479,16
0,17
85,17
207,17
289,17
394,17
479,17
0,18
85,18
207,18
288,18
394,18
479,18
0,19
85,19
208,19
288,19
394,19
479,19
0,20
85,20
208,20
287,20
394,20
479,20
0,21
85,21
209,21
286,21
394,21
479,21
0,22
85,22
209,22
283,22
285,22
285,22
394,22
479,22
0,23
85,23
210,23
285,23
394,23
479,23
0,24
85,24
210,24
284,24
394,24
479,24
0,25
85,25
211,25
283,25
394,25
479,25
0,26
85,26
211,26
283,26
394,26
479,26
0,27
85,27
212,27
282,27
394,27
479,27
0,28
85,28
212,28
281,28
394,28
479,28
0,29
85,29
212,29
281,29
394,29
479,29
0,30
85,30
213,30
280,30
394,30
479,30
0,31
85,31
213,31
280,31
394,31
479,31
0,32
85,32
213,32
279,32
394,32
479,32
0,33
85,33
214,33
279,33
394,33
479,33
0,34
85,34
214,34
278,34
394,34
479,34
0,35
85,35
215,35
278,35
394,35
479,35
0,36
85,36
215,36
277,36
394,36
479,36
0,37
85,37
216,37
277,37
394,37
479,37
0,38
85,38
216,38
216,38
218,38
276,38
394,38
479,38
0,39
85,39
216,39
216,39
219,39
276,39
394,39
479,39
0,40
85,40
216,40
275,40
394,40
479,40
0,41
85,41
217,41
275,41
394,41
479,41
0,42
85,42
217,42
274,42
394,42
479,42
0,43
85,43
218,43
274,43
394,43
479,43
0,44
85,44
218,44
273,44
394,44
479,44
0,45
85,45
218,45
273,45
394,45
479,45
0,46
85,46
219,46
273,46
394,46
479,46
0,47
85,47
219,47
272,47
394,47
479,47
0,48
85,48
219,48
272,48
394,48
479,48
0,49
85,49
219,49
271,49
394,49
479,49
0,50
85,50
220,50
271,50
394,50
479,50
0,51
85,51
220,51
270,51
394,51
479,51
0,52
85,52
220,52
270,52
394,52
479,52
0,53
85,53
221,53
270,53
394,53
479,53
0,54
85,54
221,54
269,54
394,54
479,54
0,55
85,55
221,55
269,55
394,55
479,55
0,56
85,56
222,56
268,56
394,56
479,56
0,57
85,57
222,57
267,57
394,57
479,57
0,58
85,58
222,58
267,58
394,58
479,58
0,59
85,59
223,59
267,59
394,59
479,59
0,60
85,60
223,60
266,60
394,60
479,60
0,61
85,61
223,61
265,61
394,61
479,61
0,62
85,62
224,62
265,62
394,62
479,62
0,63
85,63
224,63
264,63
394,63
479,63
0,64
85,64
225,64
264,64
394,64
479,64
0,65
85,65
225,65
262,65
394,65
479,65
0,66
85,66
226,66
262,66
394,66
479,66
0,67
85,67
226,67
261,67
394,67
479,67
0,68
85,68
227,68
261,68
394,68
479,68
0,69
85,69
227,69
260,69
394,69
479,69
0,70
85,70
227,70
260,70
394,70
479,70
0,71
85,71
228,71
259,71
394,71
479,71
0,72
85,72
228,72
259,72
394,72
479,72
0,73
85,73
228,73
258,73
273,73
273,73
394,73
479,73
0,74
85,74
228,74
258,74
272,74
273,74
394,74
479,74
0,75
85,75
228,75
258,75
272,75
274,75
394,75
479,75
0,76
85,76
228,76
258,76
269,76
270,76
273,76
275,76
394,76
479,76
0,77
85,77
228,77
258,77
267,77
270,77
273,77
275,77
394,77
479,77
0,78
85,78
228,78
258,78
266,78
269,78
273,78
275,78
394,78
479,78
0,79
85,79
228,79
257,79
262,79
262,79
266,79
275,79
394,79
479,79
0,80
85,80
228,80
262,80
265,80
276,80
394,80
479,80
0,81
85,81
228,81
276,81
281,81
281,81
394,81
479,81
0,82
85,82
228,82
276,82
279,82
279,82
281,82
281,82
394,82
479,82
0,83
85,83
228,83
278,83
281,83
281,83
394,83
479,83
0,84
85,84
228,84
281,84
394,84
479,84
0,85
85,85
227,85
281,85
394,85
479,85
0,86
85,86
227,86
281,86
394,86
479,86
0,87
85,87
227,87
281,87
394,87
479,87
0,88
85,88
227,88
281,88
394,88
479,88
0,89
85,89
227,89
281,89
394,89
479,89
0,90
85,90
227,90
281,90
394,90
479,90
0,91
85,91
227,91
282,91
394,91
479,91
0,92
85,92
227,92
282,92
394,92
479,92
0,93
85,93
227,93
281,93
394,93
479,93
0,94
85,94
227,94
281,94
394,94
479,94
0,95
85,95
227,95
282,95
394,95
479,95
0,96
85,96
227,96
278,96
280,96
282,96
394,96
479,96
0,97
85,97
227,97
278,97
281,97
282,97
394,97
479,97
0,98
85,98
227,98
278,98
281,98
282,98
394,98
479,98
0,99
85,99
227,99
279,99
281,99
282,99
394,99
479,99
0,100
85,100
227,100
282,100
285,100
285,100
394,100
479,100
0,101
85,101
227,101
282,101
284,101
284,101
394,101
479,101
0,102
85,102
227,102
284,102
394,102
479,102
0,103
85,103
228,103
281,103
283,103
283,103
394,103
479,103
0,104
85,104
227,104
280,104
283,104
283,104
394,104
479,104
0,105
85,105
227,105
280,105
283,105
283,105
394,105
479,105
0,106
85,106
227,106
282,106
394,106
479,106
0,107
85,107
227,107
282,107
394,107
479,107
0,108
85,108
227,108
281,108
332,108
337,108
394,108
479,108
0,109
85,109
227,109
281,109
328,109
336,109
394,109
479,109
0,110
85,110
227,110
281,110
313,110
338,110
394,110
479,110
0,111
85,111
227,111
282,111
284,111
286,111
301,111
338,111
394,111
479,111
0,112
85,112
227,112
337,112
394,112
479,112
0,113
85,113
227,113
338,113
394,113
479,113
0,114
85,114
213,114
217,114
226,114
338,114
394,114
479,114
0,115
85,115
160,115
162,115
199,115
339,115
394,115
479,115
0,116
85,116
160,116
216,116
218,116
339,116
394,116
479,116
0,117
85,117
160,117
216,117
218,117
339,117
394,117
479,117
0,118
85,118
161,118
340,118
394,118
479,118
0,119
85,119
160,119
340,119
394,119
479,119
0,120
85,120
160,120
340,120
394,120
479,120
0,121
85,121
158,121
340,121
394,121
479,121
0,122
85,122
156,122
341,122
394,122
479,122
0,123
85,123
155,123
319,123
331,123
341,123
394,123
479,123
0,124
85,124
155,124
303,124
334,124
341,124
394,124
479,124
0,125
85,125
154,125
291,125
335,125
342,125
394,125
479,125
0,126
85,126
153,126
278,126
335,126
339,126
341,126
342,126
394,126
479,126
0,127
85,127
153,127
277,127
337,127
339,127
342,127
342,127
394,127
479,127
0,128
85,128
153,128
166,128
225,128
227,128
230,128
276,128
336,128
338,128
340,128
342,128
394,128
479,128
0,129
85,129
152,129
164,129
231,129
276,129
337,129
341,129
394,129
479,129
0,130
85,130
152,130
152,130
156,130
163,130
232,130
276,130
338,130
341,130
394,130
479,130
0,131
85,131
151,131
152,131
156,131
163,131
232,131
275,131
339,131
341,131
394,131
479,131
0,132
85,132
150,132
151,132
157,132
163,132
232,132
275,132
339,132
341,132
394,132
479,132
0,133
85,133
156,133
158,133
161,133
163,133
232,133
275,133
339,133
344,133
394,133
479,133
0,134
85,134
157,134
158,134
162,134
162,134
232,134
274,134
340,134
346,134
394,134
479,134
0,135
85,135
156,135
161,135
232,135
273,135
340,135
346,135
394,135
479,135
0,136
85,136
157,136
158,136
160,136
160,136
232,136
274,136
341,136
346,136
348,136
348,136
394,136
479,136
0,137
85,137
155,137
159,137
232,137
273,137
342,137
348,137
394,137
479,137
0,138
85,138
155,138
158,138
232,138
273,138
343,138
347,138
394,138
479,138
0,139
85,139
155,139
157,139
232,139
273,139
343,139
343,139
345,139
347,139
394,139
479,139
0,140
85,140
155,140
156,140
232,140
273,140
345,140
347,140
349,140
349,140
394,140
479,140
0,141
85,141
154,141
155,141
232,141
272,141
346,141
346,141
394,141
479,141
0,142
85,142
152,142
154,142
232,142
272,142
394,142
479,142
0,143
85,143
152,143
153,143
232,143
272,143
394,143
479,143
0,144
85,144
151,144
152,144
232,144
271,144
394,144
479,144
0,145
85,145
151,145
152,145
232,145
271,145
394,145
479,145
0,146
85,146
230,146
271,146
394,146
479,146
0,147
85,147
229,147
270,147
394,147
479,147
0,148
85,148
228,148
271,148
394,148
479,148
0,149
85,149
228,149
272,149
394,149
479,149
0,150
85,150
201,150
201,150
207,150
207,150
228,150
285,150
291,150
291,150
394,150
479,150
0,151
85,151
202,151
211,151
226,151
277,151
282,151
286,151
288,151
291,151
295,151
296,151
394,151
479,151
0,152
85,152
202,152
295,152
394,152
479,152
0,153
85,153
201,153
293,153
394,153
479,153
0,154
85,154
200,154
294,154
296,154
297,154
394,154
479,154
0,155
85,155
197,155
197,155
200,155
295,155
394,155
479,155
0,156
85,156
200,156
296,156
394,156
479,156
0,157
85,157
202,157
297,157
394,157
479,157
0,158
85,158
204,158
295,158
394,158
479,158
0,159
85,159
206,159
292,159
394,159
479,159
0,160
85,160
209,160
289,160
394,160
479,160
0,161
85,161
211,161
284,161
394,161
479,161
0,162
85,162
212,162
282,162
394,162
479,162
0,163
85,163
213,163
278,163
394,163
479,163
0,164
85,164
213,164
213,164
215,164
219,164
222,164
274,164
394,164
479,164
0,165
85,165
213,165
219,165
224,165
268,165
394,165
479,165
0,166
85,166
213,166
219,166
224,166
267,166
394,166
479,166
0,167
85,167
214,167
221,167
224,167
266,167
394,167
479,167
0,168
85,168
214,168
265,168
394,168
479,168
0,169
85,169
214,169
265,169
394,169
479,169
0,170
85,170
214,170
265,170
394,170
479,170
0,171
85,171
216,171
218,171
220,171
264,171
394,171
479,171
0,172
85,172
218,172
222,172
224,172
264,172
394,172
479,172
0,173
85,173
222,173
224,173
228,173
264,173
394,173
479,173
0,174
85,174
229,174
263,174
394,174
479,174
0,175
85,175
229,175
263,175
394,175
479,175
0,176
85,176
229,176
262,176
394,176
479,176
0,177
85,177
230,177
262,177
394,177
479,177
0,178
85,178
230,178
262,178
394,178
479,178
0,179
85,179
230,179
261,179
394,179
479,179
0,180
85,180
231,180
261,180
394,180
479,180
0,181
85,181
231,181
260,181
394,181
479,181
0,182
85,182
231,182
260,182
394,182
479,182
0,183
85,183
232,183
260,183
394,183
479,183
0,184
85,184
232,184
259,184
394,184
479,184
0,185
85,185
232,185
259,185
394,185
479,185
0,186
85,186
233,186
259,186
394,186
479,186
0,187
85,187
233,187
258,187
394,187
479,187
0,188
85,188
234,188
258,188
394,188
479,188
0,189
85,189
234,189
258,189
394,189
479,189
0,190
85,190
234,190
258,190
394,190
479,190
0,191
85,191
234,191
257,191
394,191
479,191
0,192
85,192
235,192
257,192
394,192
479,192
0,193
85,193
236,193
236,193
239,193
257,193
394,193
479,193
0,194
85,194
236,194
257,194
394,194
479,194
0,195
85,195
237,195
255,195
257,195
257,195
394,195
479,195
0,196
85,196
237,196
257,196
394,196
479,196
0,197
85,197
237,197
238,197
241,197
257,197
394,197
479,197
0,198
85,198
238,198
256,198
394,198
479,198
0,199
85,199
239,199
256,199
394,199
479,199
0,200
85,200
239,200
240,200
242,200
256,200
394,200
479,200
0,201
85,201
240,201
255,201
394,201
479,201
0,202
85,202
241,202
246,202
248,202
248,202
253,202
254,202
394,202
479,202
0,203
85,203
242,203
253,203
394,203
479,203
0,204
85,204
244,204
252,204
394,204
479,204
0,205
85,205
394,205
479,205
0,206
85,206
394,206
479,206
0,207
85,207
394,207
479,207
0,208
85,208
394,208
479,208
0,209
85,209
394,209
479,209
0,210
85,210
394,210
479,210
0,211
85,211
394,211
479,211
0,212
85,212
394,212
479,212
0,213
85,213
394,213
479,213
0,214
85,214
394,214
479,214
0,215
85,215
394,215
479,215
0,216
85,216
394,216
479,216
0,217
85,217
394,217
479,217
0,218
85,218
394,218
479,218
0,219
85,219
394,219
479,219
0,220
85,220
394,220
479,220
0,221
85,221
394,221
479,221
0,222
85,222
394,222
479,222
0,223
85,223
394,223
479,223
0,224
85,224
394,224
479,224
0,225
85,225
394,225
479,225
0,226
85,226
394,226
479,226
0,227
85,227
394,227
479,227
0,228
85,228
394,228
479,228
0,229
85,229
394,229
479,229
0,230
85,230
394,230
479,230
0,231
85,231
394,231
479,231
0,232
85,232
394,232
479,232
0,233
85,233
394,233
479,233
0,234
85,234
394,234
479,234
0,235
85,235
394,235
479,235
0,236
85,236
394,236
479,236
0,237
85,237
394,237
479,237
0,238
85,238
394,238
479,238
0,239
85,239
394,239
479,239
0,240
85,240
394,240
479,240
0,241
85,241
394,241
479,241
0,242
85,242
394,242
479,242
0,243
85,243
394,243
479,243
0,244
85,244
394,244
479,244
0,245
85,245
394,245
479,245
0,246
85,246
394,246
479,246
0,247
85,247
394,247
479,247
0,248
85,248
394,248
479,248
0,249
85,249
394,249
479,249
0,250
85,250
394,250
479,250
0,251
85,251
394,251
479,251
0,252
85,252
394,252
479,252
0,253
85,253
394,253
479,253
0,254
85,254
394,254
479,254
0,255
85,255
394,255
479,255
0,256
85,256
394,256
479,256
0,257
85,257
394,257
479,257
0,258
85,258
394,258
479,258
0,259
85,259
394,259
479,259
0,260
85,260
394,260
479,260
0,261
85,261
394,261
479,261
0,262
85,262
394,262
479,262
0,263
85,263
394,263
479,263
0,264
85,264
394,264
479,264
0,265
85,265
394,265
479,265
0,266
85,266
394,266
479,266
0,267
85,267
394,267
479,267
0,268
85,268
394,268
479,268
0,269
85,269
394,269
479,269
0,270
85,270
394,270
479,270
0,271
85,271
394,271
479,271
0,272
85,272
394,272
479,272
0,273
85,273
394,273
479,273
0,274
85,274
394,274
479,274
0,275
85,275
394,275
479,275
0,276
85,276
394,276
479,276
0,277
85,277
394,277
479,277
0,278
85,278
394,278
479,278
0,279
85,279
394,279
479,279
0,280
85,280
394,280
479,280
0,281
85,281
394,281
479,281
0,282
85,282
394,282
479,282
0,283
85,283
394,283
479,283
0,284
85,284
394,284
479,284
0,285
85,285
394,285
479,285
0,286
85,286
394,286
479,286
0,287
85,287
394,287
479,287
0,288
85,288
394,288
479,288
0,289
85,289
394,289
479,289
0,290
85,290
394,290
479,290
0,291
85,291
394,291
479,291
0,292
85,292
394,292
479,292
0,293
85,293
394,293
479,293
0,294
85,294
394,294
479,294
0,295
85,295
394,295
479,295
0,296
85,296
394,296
479,296
0,297
85,297
394,297
479,297
0,298
85,298
394,298
479,298
0,299
85,299
394,299
479,299
0,300
85,300
394,300
479,300
0,301
85,301
394,301
479,301
0,302
85,302
394,302
479,302
0,303
85,303
394,303
479,303
0,304
85,304
394,304
479,304
0,305
85,305
394,305
479,305
0,306
85,306
394,306
479,306
0,307
85,307
394,307
479,307
0,308
85,308
394,308
479,308
0,309
85,309
394,309
479,309
0,310
85,310
394,310
479,310
0,311
85,311
394,311
479,311
0,312
85,312
394,312
479,312
0,313
85,313
394,313
479,313
0,314
85,314
394,314
479,314
0,315
85,315
394,315
479,315
0,316
85,316
394,316
479,316
0,317
85,317
394,317
479,317
0,318
85,318
394,318
479,318
0,319
85,319
394,319
479,319
0,320
85,320
394,320
479,320
0,321
85,321
394,321
479,321
0,322
85,322
394,322
479,322
0,323
85,323
394,323
479,323
0,324
85,324
394,324
479,324
0,325
85,325
394,325
479,325
0,326
85,326
394,326
479,326
0,327
85,327
394,327
479,327
0,328
85,328
394,328
479,328
0,329
85,329
394,329
479,329
0,330
85,330
394,330
479,330
0,331
85,331
394,331
479,331
0,332
85,332
394,332
479,332
0,333
85,333
394,333
479,333
0,334
85,334
394,334
479,334
0,335
85,335
394,335
479,335
0,336
85,336
394,336
479,336
0,337
85,337
394,337
479,337
0,338
85,338
394,338
479,338
0,339
85,339
394,339
479,339
0,340
85,340
394,340
479,340
0,341
85,341
394,341
479,341
0,342
85,342
394,342
479,342
0,343
85,343
394,343
479,343
0,344
85,344
394,344
479,344
0,345
85,345
394,345
479,345
0,346
85,346
394,346
479,346
0,347
85,347
394,347
479,347
0,348
85,348
394,348
479,348
0,349
85,349
394,349
479,349
0,350
85,350
394,350
479,350
0,351
85,351
394,351
479,351
0,352
85,352
394,352
479,352
0,353
85,353
394,353
479,353
0,354
85,354
394,354
479,354
0,355
85,355
394,355
479,355
0,356
85,356
394,356
479,356
0,357
85,357
394,357
479,357
0,358
85,358
394,358
479,358
0,359
85,359
394,359
479,359
