0,0
78,0
202,0
301,0
401,0
479,0
0,1
78,1
203,1
297,1
299,1
300,1
401,1
479,1
0,2
78,2
203,2
299,2
401,2
479,2
0,3
78,3
203,3
296,3
298,3
299,3
401,3
479,3
0,4
78,4
204,4
295,4
297,4
298,4
401,4
479,4
0,5
78,5
204,5
294,5
296,5
297,5
401,5
479,5
0,6
78,6
204,6
293,6
296,6
296,6
401,6
479,6
0,7
78,7
205,7
295,7
401,7
479,7
0,8
78,8
205,8
294,8
401,8
479,8
0,9
78,9
206,9
294,9
401,9
479,9
0,10
78,10
206,10
293,10
401,10
479,10
0,11
78,11
207,11
292,11
401,11
479,11
0,12
78,12
207,12
291,12
401,12
479,12
0,13
78,13
208,13
290,13
401,13
479,13
0,14
78,14
208,14
290,14
401,14
479,14
0,15
78,15
209,15
289,15
401,15
479,15
0,16
78,16
209,16
286,16
288,16
288,16
401,16
479,16
0,17
78,17
210,17
288,17
401,17
479,17
0,18
78,18
210,18
287,18
401,18
479,18
0,19
78,19
211,19
286,19
401,19
479,19
0,20
78,20
211,20
286,20
401,20
479,20
0,21
78,21
211,21
285,21
401,21
479,21
0,22
78,22
212,22
284,22
401,22
479,22
0,23
78,23
212,23
284,23
401,23
479,23
0,24
78,24
213,24
283,24
401,24
479,24
0,25
78,25
213,25
283,25
401,25
479,25
0,26
78,26
213,26
282,26
401,26
479,26
0,27
78,27
214,27
282,27
401,27
479,27
0,28
78,28
214,28
281,28
401,28
479,28
0,29
78,29
214,29
281,29
401,29
479,29
0,30
78,30
215,30
280,30
401,30
479,30
0,31
78,31
215,31
280,31
401,31
479,31
0,32
78,32
215,32
279,32
401,32
479,32
0,33
78,33
216,33
279,33
401,33
479,33
0,34
78,34
216,34
278,34
401,34
479,34
0,35
78,35
216,35
278,35
401,35
479,35
0,36
78,36
217,36
277,36
401,36
479,36
0,37
78,37
217,37
277,37
401,37
479,37
0,38
78,38
217,38
276,38
401,38
479,38
0,39
78,39
218,39
276,39
401,39
479,39
0,40
78,40
218,40
276,40
401,40
479,40
0,41
78,41
218,41
275,41
401,41
479,41
0,42
78,42
218,42
275,42
401,42
479,42
0,43
78,43
219,43
274,43
401,43
479,43
0,44
78,44
219,44
274,44
401,44
479,44
0,45
78,45
219,45
273,45
401,45
479,45
0,46
78,46
220,46
273,46
401,46
479,46
0,47
78,47
220,47
273,47
401,47
479,47
0,48
78,48
220,48
272,48
401,48
479,48
0,49
78,49
220,49
272,49
401,49
479,49
0,50
78,50
221,50
271,50
401,50
479,50
0,51
78,51
221,51
271,51
401,51
479,51
0,52
78,52
221,52
270,52
401,52
479,52
0,53
78,53
222,53
267,53
269,53
270,53
401,53
479,53
0,54
78,54
222,54
267,54
269,54
269,54
401,54
479,54
0,55
78,55
222,55
269,55
401,55
479,55
0,56
78,56
223,56
268,56
401,56
479,56
0,57
78,57
223,57
267,57
401,57
479,57
0,58
78,58
224,58
267,58
401,58
479,58
0,59
78,59
224,59
266,59
401,59
479,59
0,60
78,60
225,60
265,60
401,60
479,60
0,61
78,61
225,61
265,61
401,61
479,61
0,62
78,62
225,62
264,62
401,62
479,62
0,63
78,63
226,63
264,63
401,63
479,63
0,64
78,64
226,64
263,64
401,64
479,64
0,65
78,65
227,65
262,65
401,65
479,65
0,66
78,66
227,66
261,66
401,66
479,66
0,67
78,67
227,67
261,67
401,67
479,67
0,68
78,68
228,68
260,68
277,68
277,68
401,68
479,68
0,69
78,69
228,69
260,69
277,69
277,69
401,69
479,69
0,70
78,70
228,70
260,70
276,70
278,70
401,70
479,70
0,71
78,71
228,71
259,71
274,71
274,71
278,71
279,71
401,71
479,71
0,72
78,72
228,72
259,72
272,72
274,72
277,72
279,72
401,72
479,72
0,73
78,73
228,73
259,73
271,73
274,73
277,73
280,73
401,73
479,73
0,74
78,74
228,74
259,74
266,74
266,74
270,74
279,74
401,74
479,74
0,75
78,75
228,75
259,75
265,75
265,75
271,75
280,75
401,75
479,75
0,76
78,76
228,76
260,76
264,76
267,76
271,76
280,76
286,76
286,76
401,76
479,76
0,77
78,77
228,77
280,77
286,77
286,77
401,77
479,77
0,78
78,78
228,78
281,78
284,78
286,78
401,78
479,78
0,79
78,79
228,79
286,79
401,79
479,79
0,80
78,80
228,80
286,80
401,80
479,80
0,81
78,81
227,81
286,81
401,81
479,81
0,82
78,82
227,82
286,82
401,82
479,82
0,83
78,83
227,83
287,83
401,83
479,83
0,84
78,84
227,84
287,84
401,84
479,84
0,85
78,85
227,85
287,85
401,85
479,85
0,86
78,86
227,86
287,86
401,86
479,86
0,87
78,87
227,87
287,87
401,87
479,87
0,88
78,88
227,88
287,88
401,88
479,88
0,89
78,89
227,89
288,89
401,89
479,89
0,90
78,90
227,90
287,90
401,90
479,90
0,91
78,91
227,91
287,91
401,91
479,91
0,92
78,92
227,92
287,92
401,92
479,92
0,93
78,93
227,93
287,93
401,93
479,93
0,94
78,94
227,94
287,94
401,94
479,94
0,95
78,95
227,95
287,95
290,95
290,95
401,95
479,95
0,96
78,96
227,96
287,96
290,96
290,96
401,96
479,96
0,97
78,97
226,97
287,97
289,97
289,97
401,97
479,97
0,98
78,98
226,98
289,98
401,98
479,98
0,99
78,99
226,99
289,99
401,99
479,99
0,100
78,100
227,100
287,100
401,100
479,100
0,101
78,101
226,101
288,101
401,101
479,101
0,102
78,102
226,102
287,102
401,102
479,102
0,103
78,103
226,103
287,103
401,103
479,103
0,104
78,104
226,104
283,104
285,104
287,104
401,104
479,104
0,105
78,105
226,105
283,105
285,105
286,105
338,105
341,105
401,105
479,105
0,106
78,106
227,106
286,106
335,106
341,106
401,106
479,106
0,107
78,107
227,107
285,107
331,107
341,107
343,107
343,107
401,107
479,107
0,108
78,108
227,108
285,108
316,108
343,108
401,108
479,108
0,109
78,109
227,109
286,109
288,109
291,109
303,109
342,109
401,109
479,109
0,110
78,110
227,110
343,110
401,110
479,110
0,111
78,111
227,111
290,111
296,111
344,111
401,111
479,111
0,112
78,112
227,112
344,112
401,112
479,112
0,113
78,113
212,113
222,113
226,113
344,113
401,113
479,113
0,114
78,114
159,114
161,114
202,114
217,114
220,114
344,114
401,114
479,114
0,115
78,115
159,115
167,115
178,115
221,115
223,115
345,115
401,115
479,115
0,116
78,116
159,116
345,116
401,116
479,116
0,117
78,117
159,117
345,117
401,117
479,117
0,118
78,118
159,118
346,118
401,118
479,118
0,119
78,119
159,119
346,119
401,119
479,119
0,120
78,120
158,120
346,120
401,120
479,120
0,121
78,121
156,121
346,121
401,121
479,121
0,122
78,122
155,122
319,122
338,122
346,122
401,122
479,122
0,123
78,123
154,123
304,123
340,123
347,123
401,123
479,123
0,124
78,124
153,124
292,124
341,124
347,124
401,124
479,124
0,125
78,125
152,125
281,125
341,125
344,125
347,125
347,125
401,125
479,125
0,126
78,126
152,126
280,126
342,126
344,126
347,126
347,126
401,126
479,126
0,127
78,127
151,127
152,127
154,127
280,127
342,127
346,127
401,127
479,127
0,128
78,128
151,128
152,128
154,128
165,128
233,128
279,128
342,128
346,128
401,128
479,128
0,129
78,129
150,129
163,129
233,129
279,129
343,129
346,129
401,129
479,129
0,130
78,130
150,130
151,130
155,130
163,130
233,130
279,130
345,130
347,130
401,130
479,130
0,131
78,131
150,131
150,131
155,131
162,131
233,131
279,131
345,131
348,131
401,131
479,131
0,132
78,132
149,132
149,132
155,132
162,132
233,132
277,132
345,132
350,132
401,132
479,132
0,133
78,133
148,133
148,133
155,133
156,133
161,133
162,133
233,133
278,133
345,133
351,133
353,133
353,133
401,133
479,133
0,134
78,134
148,134
149,134
155,134
156,134
161,134
161,134
233,134
278,134
345,134
352,134
401,134
479,134
0,135
78,135
156,135
160,135
233,135
277,135
346,135
352,135
354,135
354,135
401,135
479,135
0,136
78,136
154,136
157,136
159,136
160,136
233,136
277,136
347,136
354,136
401,136
479,136
0,137
78,137
154,137
156,137
158,137
159,137
233,137
277,137
348,137
353,137
401,137
479,137
0,138
78,138
154,138
158,138
233,138
277,138
348,138
348,138
350,138
353,138
401,138
479,138
0,139
78,139
154,139
154,139
156,139
157,139
233,139
276,139
350,139
355,139
401,139
479,139
0,140
78,140
153,140
156,140
233,140
276,140
351,140
352,140
401,140
479,140
0,141
78,141
152,141
155,141
233,141
275,141
401,141
479,141
0,142
78,142
152,142
154,142
233,142
275,142
401,142
479,142
0,143
78,143
151,143
152,143
233,143
275,143
401,143
479,143
0,144
78,144
151,144
152,144
233,144
274,144
401,144
479,144
0,145
78,145
150,145
150,145
232,145
274,145
401,145
479,145
0,146
78,146
232,146
274,146
401,146
479,146
0,147
78,147
231,147
273,147
401,147
479,147
0,148
78,148
229,148
273,148
401,148
479,148
0,149
78,149
229,149
273,149
401,149
479,149
0,150
78,150
227,150
227,150
229,150
272,150
296,150
297,150
401,150
479,150
0,151
78,151
211,151
213,151
216,151
216,151
224,151
273,151
276,151
276,151
278,151
289,151
294,151
296,151
299,151
299,151
401,151
479,151
0,152
78,152
200,152
200,152
202,152
280,152
283,152
298,152
401,152
479,152
0,153
78,153
200,153
281,153
283,153
295,153
297,153
297,153
401,153
479,153
0,154
78,154
198,154
301,154
401,154
479,154
0,155
78,155
199,155
298,155
401,155
479,155
0,156
78,156
199,156
299,156
401,156
479,156
0,157
78,157
198,157
302,157
401,157
479,157
0,158
78,158
200,158
299,158
401,158
479,158
0,159
78,159
201,159
297,159
401,159
479,159
0,160
78,160
204,160
294,160
401,160
479,160
0,161
78,161
207,161
291,161
401,161
479,161
0,162
78,162
209,162
286,162
401,162
479,162
0,163
78,163
211,163
284,163
401,163
479,163
0,164
78,164
215,164
215,164
217,164
280,164
401,164
479,164
0,165
78,165
218,165
222,165
224,165
276,165
401,165
479,165
0,166
78,166
212,166
213,166
223,166
269,166
271,166
271,166
401,166
479,166
0,167
78,167
211,167
213,167
224,167
269,167
401,167
479,167
0,168
78,168
212,168
218,168
226,168
269,168
401,168
479,168
0,169
78,169
212,169
220,169
227,169
268,169
401,169
479,169
0,170
78,170
212,170
222,170
224,170
224,170
227,170
268,170
401,170
479,170
0,171
78,171
213,171
267,171
401,171
479,171
0,172
78,172
213,172
267,172
401,172
479,172
0,173
78,173
214,173
267,173
401,173
479,173
0,174
78,174
216,174
266,174
401,174
479,174
0,175
78,175
220,175
266,175
401,175
479,175
0,176
78,176
226,176
266,176
401,176
479,176
0,177
78,177
230,177
265,177
401,177
479,177
0,178
78,178
230,178
265,178
401,178
479,178
0,179
78,179
230,179
264,179
401,179
479,179
0,180
78,180
231,180
264,180
401,180
479,180
0,181
78,181
231,181
264,181
401,181
479,181
0,182
78,182
231,182
263,182
401,182
479,182
0,183
78,183
232,183
263,183
401,183
479,183
0,184
78,184
232,184
263,184
401,184
479,184
0,185
78,185
233,185
262,185
401,185
479,185
0,186
78,186
233,186
262,186
401,186
479,186
0,187
78,187
233,187
262,187
401,187
479,187
0,188
78,188
234,188
262,188
401,188
479,188
0,189
78,189
234,189
261,189
401,189
479,189
0,190
78,190
234,190
261,190
401,190
479,190
0,191
78,191
235,191
261,191
401,191
479,191
0,192
78,192
235,192
261,192
401,192
479,192
0,193
78,193
236,193
236,193
239,193
261,193
401,193
479,193
0,194
78,194
236,194
261,194
401,194
479,194
0,195
78,195
237,195
258,195
401,195
479,195
0,196
78,196
237,196
260,196
401,196
479,196
0,197
78,197
237,197
238,197
240,197
260,197
401,197
479,197
0,198
78,198
238,198
239,198
241,198
260,198
401,198
479,198
0,199
78,199
239,199
260,199
401,199
479,199
0,200
78,200
239,200
260,200
401,200
479,200
0,201
78,201
240,201
259,201
401,201
479,201
0,202
78,202
241,202
241,202
243,202
259,202
401,202
479,202
0,203
78,203
241,203
259,203
401,203
479,203
0,204
78,204
242,204
255,204
257,204
258,204
401,204
479,204
0,205
78,205
243,205
257,205
401,205
479,205
0,206
78,206
244,206
256,206
401,206
479,206
0,207
78,207
246,207
255,207
401,207
479,207
0,208
78,208
401,208
479,208
0,209
78,209
401,209
479,209
0,210
78,210
401,210
479,210
0,211
78,211
401,211
479,211
0,212
78,212
401,212
479,212
0,213
78,213
401,213
479,213
0,214
78,214
401,214
479,214
0,215
78,215
401,215
479,215
0,216
78,216
401,216
479,216
0,217
78,217
401,217
479,217
0,218
78,218
401,218
479,218
0,219
78,219
401,219
479,219
0,220
78,220
401,220
479,220
0,221
78,221
401,221
479,221
0,222
78,222
401,222
479,222
0,223
78,223
401,223
479,223
0,224
78,224
401,224
479,224
0,225
78,225
401,225
479,225
0,226
78,226
401,226
479,226
0,227
78,227
401,227
479,227
0,228
78,228
401,228
479,228
0,229
78,229
401,229
479,229
0,230
78,230
401,230
479,230
0,231
78,231
401,231
479,231
0,232
78,232
401,232
479,232
0,233
78,233
401,233
479,233
0,234
78,234
401,234
479,234
0,235
78,235
401,235
479,235
0,236
78,236
401,236
479,236
0,237
78,237
401,237
479,237
0,238
78,238
401,238
479,238
0,239
78,239
401,239
479,239
0,240
78,240
401,240
479,240
0,241
78,241
401,241
479,241
0,242
78,242
401,242
479,242
0,243
78,243
401,243
479,243
0,244
78,244
401,244
479,244
0,245
78,245
401,245
479,245
0,246
78,246
401,246
479,246
0,247
78,247
401,247
479,247
0,248
78,248
401,248
479,248
0,249
78,249
401,249
479,249
0,250
78,250
401,250
479,250
0,251
78,251
401,251
479,251
0,252
78,252
401,252
479,252
0,253
78,253
401,253
479,253
0,254
78,254
401,254
479,254
0,255
78,255
401,255
479,255
0,256
78,256
401,256
479,256
0,257
78,257
401,257
479,257
0,258
78,258
401,258
479,258
0,259
78,259
401,259
479,259
0,260
78,260
401,260
479,260
0,261
78,261
401,261
479,261
0,262
78,262
401,262
479,262
0,263
78,263
401,263
479,263
0,264
78,264
401,264
479,264
0,265
78,265
401,265
479,265
0,266
78,266
401,266
479,266
0,267
78,267
401,267
479,267
0,268
78,268
401,268
479,268
0,269
78,269
401,269
479,269
0,270
78,270
401,270
479,270
0,271
78,271
401,271
479,271
0,272
78,272
401,272
479,272
0,273
78,273
401,273
479,273
0,274
78,274
401,274
479,274
0,275
78,275
401,275
479,275
0,276
78,276
401,276
479,276
0,277
78,277
401,277
479,277
0,278
78,278
401,278
479,278
0,279
78,279
401,279
479,279
0,280
78,280
401,280
479,280
0,281
78,281
401,281
479,281
0,282
78,282
401,282
479,282
0,283
78,283
401,283
479,283
0,284
78,284
401,284
479,284
0,285
78,285
401,285
479,285
0,286
78,286
401,286
479,286
0,287
78,287
401,287
479,287
0,288
78,288
401,288
479,288
0,289
78,289
401,289
479,289
0,290
78,290
401,290
479,290
0,291
78,291
401,291
479,291
0,292
78,292
401,292
479,292
0,293
78,293
401,293
479,293
0,294
78,294
401,294
479,294
0,295
78,295
401,295
479,295
0,296
78,296
401,296
479,296
0,297
78,297
401,297
479,297
0,298
78,298
401,298
479,298
0,299
78,299
401,299
479,299
0,300
78,300
401,300
479,300
0,301
78,301
401,301
479,301
0,302
78,302
401,302
479,302
0,303
78,303
401,303
479,303
0,304
78,304
401,304
479,304
0,305
78,305
401,305
479,305
0,306
78,306
401,306
479,306
0,307
78,307
401,307
479,307
0,308
78,308
401,308
479,308
0,309
78,309
401,309
479,309
0,310
78,310
401,310
479,310
0,311
78,311
401,311
479,311
0,312
78,312
401,312
479,312
0,313
78,313
401,313
479,313
0,314
78,314
401,314
479,314
0,315
78,315
401,315
479,315
0,316
78,316
401,316
479,316
0,317
78,317
401,317
479,317
0,318
78,318
401,318
479,318
0,319
78,319
401,319
479,319
0,320
78,320
401,320
479,320
0,321
78,321
401,321
479,321
0,322
78,322
401,322
479,322
0,323
78,323
401,323
479,323
0,324
78,324
401,324
479,324
0,325
78,325
401,325
479,325
0,326
78,326
401,326
479,326
0,327
78,327
401,327
479,327
0,328
78,328
401,328
479,328
0,329
78,329
401,329
479,329
0,330
78,330
401,330
479,330
0,331
78,331
401,331
479,331
0,332
78,332
401,332
479,332
0,333
78,333
401,333
479,333
0,334
78,334
401,334
479,334
0,335
78,335
401,335
479,335
0,336
78,336
401,336
479,336
0,337
78,337
401,337
479,337
0,338
78,338
401,338
479,338
0,339
78,339
401,339
479,339
0,340
78,340
401,340
479,340
0,341
78,341
401,341
479,341
0,342
78,342
401,342
479,342
0,343
78,343
401,343
479,343
0,344
78,344
401,344
479,344
0,345
78,345
401,345
479,345
0,346
78,346
401,346
479,346
0,347
78,347
401,347
479,347
0,348
78,348
401,348
479,348
0,349
78,349
401,349
479,349
0,350
78,350
401,350
479,350
0,351
78,351
401,351
479,351
0,352
78,352
401,352
479,352
0,353
78,353
401,353
479,353
0,354
78,354
401,354
479,354
0,355
78,355
401,355
479,355
0,356
78,356
401,356
479,356
0,357
78,357
401,357
479,357
0,358
78,358
401,358
479,358
0,359
78,359
401,359
479,359
