31,0
74,0
240,0
479,0
31,1
78,1
240,1
479,1
31,2
83,2
240,2
479,2
30,3
30,3
32,3
84,3
240,3
479,3
29,4
84,4
240,4
479,4
29,5
85,5
240,5
479,5
29,6
87,6
240,6
479,6
27,7
27,7
29,7
88,7
240,7
479,7
26,8
90,8
240,8
479,8
27,9
95,9
240,9
479,9
27,10
96,10
240,10
479,10
26,11
96,11
240,11
479,11
26,12
96,12
240,12
479,12
26,13
95,13
97,13
97,13
240,13
479,13
26,14
97,14
240,14
479,14
26,15
99,15
240,15
479,15
26,16
99,16
101,16
101,16
240,16
479,16
26,17
102,17
104,17
104,17
240,17
479,17
26,18
102,18
240,18
479,18
27,19
100,19
102,19
102,19
240,19
479,19
27,20
99,20
101,20
101,20
240,20
479,20
27,21
99,21
101,21
101,21
240,21
479,21
27,22
101,22
240,22
479,22
27,23
100,23
102,23
103,23
240,23
479,23
27,24
100,24
103,24
104,24
240,24
479,24
28,25
102,25
240,25
479,25
28,26
101,26
240,26
479,26
28,27
101,27
240,27
479,27
28,28
100,28
240,28
479,28
28,29
99,29
240,29
479,29
28,30
97,30
240,30
479,30
29,31
96,31
240,31
479,31
29,32
93,32
95,32
95,32
240,32
479,32
29,33
95,33
240,33
479,33
29,34
94,34
240,34
479,34
30,35
93,35
240,35
479,35
30,36
92,36
240,36
479,36
30,37
91,37
240,37
479,37
30,38
90,38
240,38
479,38
31,39
86,39
89,39
89,39
240,39
479,39
31,40
86,40
88,40
88,40
240,40
479,40
31,41
87,41
240,41
479,41
31,42
84,42
86,42
87,42
240,42
479,42
31,43
82,43
84,43
85,43
240,43
479,43
32,44
82,44
84,44
84,44
240,44
479,44
32,45
83,45
240,45
479,45
32,46
82,46
240,46
479,46
33,47
81,47
240,47
479,47
33,48
80,48
240,48
479,48
33,49
79,49
240,49
479,49
33,50
79,50
240,50
479,50
33,51
78,51
240,51
479,51
34,52
77,52
240,52
479,52
34,53
77,53
240,53
479,53
34,54
76,54
240,54
479,54
34,55
75,55
240,55
479,55
34,56
75,56
240,56
479,56
34,57
74,57
240,57
479,57
34,58
74,58
240,58
479,58
34,59
73,59
240,59
479,59
35,60
72,60
240,60
479,60
35,61
72,61
240,61
479,61
35,62
69,62
71,62
71,62
240,62
479,62
36,63
71,63
240,63
479,63
36,64
71,64
240,64
479,64
36,65
70,65
240,65
479,65
37,66
70,66
240,66
479,66
37,67
69,67
240,67
479,67
37,68
69,68
240,68
479,68
37,69
65,69
67,69
68,69
240,69
479,69
37,70
67,70
240,70
479,70
37,71
67,71
240,71
479,71
38,72
66,72
240,72
479,72
38,73
65,73
240,73
479,73
38,74
64,74
240,74
479,74
38,75
68,75
71,75
74,75
240,75
479,75
38,76
67,76
70,76
75,76
77,76
79,76
240,76
479,76
39,77
67,77
70,77
77,77
82,77
82,77
240,77
479,77
39,78
77,78
81,78
81,78
240,78
479,78
40,79
70,79
72,79
77,79
80,79
81,79
240,79
479,79
40,80
79,80
240,80
479,80
40,81
79,81
240,81
479,81
40,82
80,82
240,82
479,82
40,83
82,83
240,83
479,83
40,84
82,84
240,84
479,84
40,85
82,85
240,85
479,85
40,86
81,86
240,86
479,86
40,87
81,87
240,87
479,87
40,88
81,88
240,88
479,88
40,89
80,89
240,89
479,89
40,90
80,90
240,90
479,90
40,91
80,91
240,91
479,91
40,92
79,92
240,92
479,92
40,93
79,93
83,93
85,93
240,93
479,93
40,94
79,94
81,94
82,94
84,94
84,94
86,94
88,94
240,94
479,94
40,95
79,95
82,95
82,95
84,95
84,95
86,95
88,95
240,95
479,95
40,96
88,96
240,96
479,96
40,97
88,97
240,97
479,97
40,98
88,98
240,98
479,98
40,99
88,99
240,99
479,99
40,100
89,100
240,100
479,100
40,101
89,101
240,101
479,101
40,102
89,102
240,102
479,102
40,103
89,103
240,103
479,103
43,104
89,104
240,104
479,104
41,105
89,105
240,105
479,105
42,106
76,106
79,106
89,106
240,106
479,106
42,107
76,107
79,107
89,107
240,107
479,107
43,108
74,108
80,108
89,108
240,108
479,108
43,109
72,109
79,109
89,109
240,109
479,109
44,110
71,110
79,110
93,110
240,110
479,110
44,111
71,111
79,111
93,111
240,111
479,111
44,112
70,112
82,112
93,112
240,112
479,112
44,113
70,113
83,113
87,113
89,113
92,113
240,113
479,113
44,114
70,114
85,114
90,114
240,114
479,114
44,115
69,115
85,115
89,115
240,115
479,115
44,116
69,116
240,116
479,116
44,117
69,117
240,117
479,117
44,118
69,118
240,118
479,118
45,119
69,119
240,119
479,119
45,120
69,120
240,120
479,120
45,121
69,121
240,121
479,121
45,122
69,122
73,122
77,122
240,122
479,122
45,123
83,123
240,123
479,123
46,124
71,124
73,124
84,124
240,124
479,124
42,125
42,125
44,125
85,125
240,125
479,125
40,126
42,126
44,126
88,126
240,126
479,126
39,127
41,127
43,127
87,127
89,127
89,127
240,127
479,127
36,128
90,128
240,128
479,128
33,129
92,129
240,129
479,129
31,130
93,130
240,130
479,130
29,131
93,131
240,131
479,131
26,132
92,132
240,132
479,132
26,133
92,133
240,133
479,133
25,134
93,134
240,134
479,134
24,135
26,135
28,135
93,135
240,135
479,135
24,136
92,136
240,136
479,136
24,137
92,137
240,137
479,137
23,138
91,138
240,138
479,138
23,139
90,139
240,139
479,139
23,140
89,140
240,140
479,140
24,141
87,141
240,141
479,141
27,142
86,142
240,142
479,142
31,143
84,143
240,143
479,143
37,144
82,144
240,144
479,144
44,145
79,145
240,145
479,145
50,146
71,146
73,146
75,146
240,146
479,146
50,147
73,147
240,147
479,147
50,148
73,148
240,148
479,148
50,149
72,149
240,149
479,149
48,150
72,150
240,150
479,150
49,151
72,151
240,151
479,151
50,152
71,152
240,152
479,152
51,153
71,153
240,153
479,153
51,154
70,154
240,154
479,154
52,155
70,155
240,155
479,155
52,156
70,156
240,156
479,156
52,157
69,157
240,157
479,157
53,158
69,158
240,158
479,158
54,159
65,159
67,159
68,159
240,159
479,159
54,160
67,160
240,160
479,160
55,161
67,161
240,161
479,161
56,162
66,162
240,162
479,162
57,163
65,163
240,163
479,163
58,164
62,164
240,164
479,164
240,165
479,165
240,166
479,166
240,167
479,167
240,168
479,168
240,169
479,169
240,170
479,170
240,171
479,171
240,172
479,172
240,173
479,173
240,174
479,174
240,175
479,175
240,176
479,176
240,177
479,177
240,178
479,178
240,179
479,179
240,180
479,180
240,181
479,181
240,182
479,182
240,183
479,183
240,184
479,184
240,185
479,185
240,186
479,186
240,187
479,187
240,188
479,188
240,189
479,189
240,190
479,190
240,191
479,191
240,192
479,192
240,193
479,193
240,194
479,194
240,195
479,195
240,196
479,196
240,197
479,197
240,198
479,198
240,199
479,199
240,200
479,200
240,201
479,201
240,202
433,202
436,202
479,202
240,203
430,203
437,203
479,203
240,204
429,204
438,204
438,204
440,204
479,204
240,205
428,205
438,205
479,205
240,206
426,206
439,206
479,206
240,207
425,207
439,207
479,207
240,208
423,208
440,208
479,208
240,209
420,209
440,209
479,209
240,210
414,210
441,210
479,210
240,211
413,211
441,211
479,211
240,212
411,212
441,212
479,212
240,213
408,213
441,213
479,213
240,214
406,214
441,214
479,214
240,215
405,215
441,215
479,215
240,216
402,216
440,216
479,216
240,217
402,217
440,217
479,217
240,218
401,218
438,218
438,218
440,218
479,218
240,219
401,219
439,219
479,219
240,220
400,220
440,220
479,220
240,221
400,221
441,221
479,221
240,222
400,222
442,222
479,222
240,223
401,223
442,223
479,223
240,224
401,224
443,224
479,224
240,225
400,225
402,225
402,225
443,225
479,225
240,226
402,226
443,226
479,226
240,227
403,227
443,227
479,227
240,228
404,228
443,228
479,228
240,229
404,229
443,229
479,229
240,230
403,230
443,230
479,230
240,231
402,231
441,231
442,231
444,231
479,231
240,232
401,232
440,232
479,232
240,233
400,233
439,233
479,233
240,234
399,234
439,234
479,234
240,235
399,235
439,235
479,235
240,236
399,236
404,236
404,236
438,236
479,236
240,237
404,237
438,237
479,237
240,238
403,238
437,238
479,238
240,239
402,239
437,239
438,239
440,239
479,239
240,240
402,240
436,240
438,240
440,240
479,240
240,241
401,241
435,241
479,241
240,242
400,242
437,242
479,242
240,243
398,243
435,243
479,243
240,244
397,244
436,244
479,244
240,245
391,245
393,245
394,245
438,245
438,245
440,245
479,245
240,246
394,246
438,246
439,246
442,246
479,246
240,247
392,247
439,247
440,247
443,247
479,247
240,248
390,248
440,248
441,248
443,248
479,248
240,249
388,249
441,249
451,249
458,249
479,249
240,250
386,250
442,250
449,250
459,250
479,250
240,251
385,251
444,251
449,251
460,251
479,251
240,252
384,252
444,252
448,252
460,252
479,252
240,253
382,253
445,253
450,253
461,253
479,253
240,254
381,254
446,254
449,254
461,254
479,254
240,255
379,255
447,255
450,255
461,255
479,255
240,256
377,256
384,256
384,256
448,256
451,256
461,256
479,256
240,257
377,257
382,257
382,257
449,257
450,257
462,257
479,257
240,258
376,258
381,258
382,258
450,258
450,258
462,258
479,258
240,259
381,259
462,259
479,259
240,260
380,260
450,260
450,260
462,260
462,260
464,260
479,260
240,261
379,261
462,261
479,261
240,262
379,262
461,262
479,262
240,263
378,263
461,263
479,263
240,264
378,264
462,264
479,264
240,265
378,265
462,265
479,265
240,266
378,266
463,266
479,266
240,267
378,267
463,267
479,267
240,268
377,268
463,268
479,268
240,269
377,269
464,269
479,269
240,270
376,270
463,270
479,270
240,271
375,271
463,271
479,271
240,272
375,272
464,272
479,272
240,273
375,273
463,273
479,273
240,274
374,274
463,274
479,274
240,275
374,275
463,275
479,275
240,276
374,276
462,276
479,276
240,277
373,277
462,277
479,277
240,278
373,278
461,278
479,278
240,279
373,279
460,279
479,279
240,280
374,280
459,280
479,280
240,281
375,281
377,281
377,281
459,281
459,281
461,281
479,281
240,282
377,282
458,282
479,282
240,283
376,283
457,283
479,283
240,284
376,284
456,284
479,284
240,285
375,285
454,285
479,285
240,286
376,286
454,286
479,286
240,287
378,287
383,287
383,287
452,287
479,287
240,288
379,288
382,288
387,288
391,288
391,288
451,288
479,288
240,289
387,289
391,289
392,289
450,289
479,289
240,290
387,290
390,290
392,290
449,290
479,290
240,291
387,291
389,291
392,291
448,291
479,291
240,292
392,292
448,292
479,292
240,293
392,293
448,293
479,293
240,294
392,294
448,294
479,294
240,295
392,295
448,295
479,295
240,296
392,296
448,296
479,296
240,297
393,297
448,297
479,297
240,298
393,298
414,298
415,298
448,298
479,298
240,299
393,299
412,299
416,299
447,299
479,299
240,300
393,300
410,300
417,300
447,300
479,300
240,301
393,301
408,301
411,301
413,301
418,301
447,301
479,301
240,302
394,302
406,302
418,302
447,302
479,302
240,303
394,303
404,303
418,303
446,303
479,303
240,304
395,304
400,304
418,304
446,304
479,304
240,305
418,305
446,305
479,305
240,306
417,306
446,306
479,306
240,307
416,307
446,307
479,307
240,308
416,308
446,308
479,308
240,309
416,309
446,309
479,309
240,310
416,310
446,310
479,310
240,311
416,311
446,311
479,311
240,312
416,312
446,312
479,312
240,313
416,313
446,313
479,313
240,314
415,314
447,314
479,314
240,315
415,315
447,315
479,315
240,316
415,316
447,316
479,316
240,317
415,317
447,317
479,317
240,318
415,318
448,318
479,318
240,319
415,319
448,319
479,319
240,320
414,320
448,320
479,320
240,321
414,321
448,321
479,321
240,322
414,322
449,322
479,322
240,323
414,323
449,323
479,323
240,324
413,324
450,324
479,324
240,325
413,325
450,325
479,325
240,326
413,326
450,326
479,326
240,327
413,327
450,327
479,327
240,328
413,328
450,328
479,328
240,329
413,329
451,329
479,329
240,330
413,330
451,330
479,330
240,331
413,331
451,331
479,331
240,332
413,332
452,332
479,332
240,333
413,333
452,333
479,333
240,334
413,334
453,334
479,334
240,335
413,335
453,335
479,335
240,336
413,336
453,336
479,336
240,337
412,337
453,337
479,337
240,338
412,338
454,338
479,338
240,339
412,339
454,339
479,339
240,340
412,340
454,340
479,340
240,341
412,341
454,341
479,341
240,342
412,342
454,342
479,342
240,343
412,343
454,343
479,343
240,344
411,344
455,344
479,344
240,345
411,345
455,345
479,345
240,346
411,346
455,346
479,346
240,347
411,347
455,347
479,347
240,348
410,348
456,348
479,348
240,349
410,349
456,349
479,349
240,350
410,350
456,350
479,350
240,351
410,351
456,351
479,351
240,352
409,352
456,352
479,352
240,353
409,353
456,353
479,353
240,354
409,354
456,354
479,354
240,355
409,355
456,355
479,355
240,356
408,356
456,356
479,356
240,357
408,357
456,357
479,357
240,358
407,358
456,358
479,358
240,359
407,359
456,359
479,359
