18,0
21,0
23,0
81,0
240,0
479,0
18,1
83,1
240,1
479,1
19,2
84,2
240,2
479,2
19,3
86,3
240,3
479,3
19,4
89,4
240,4
479,4
18,5
95,5
240,5
479,5
17,6
96,6
240,6
479,6
16,7
97,7
240,7
479,7
16,8
97,8
240,8
479,8
16,9
97,9
240,9
479,9
16,10
17,10
19,10
98,10
240,10
479,10
17,11
100,11
240,11
479,11
17,12
103,12
240,12
479,12
18,13
103,13
240,13
479,13
18,14
103,14
240,14
479,14
18,15
103,15
240,15
479,15
19,16
102,16
240,16
479,16
19,17
102,17
240,17
479,17
19,18
102,18
240,18
479,18
19,19
103,19
240,19
479,19
20,20
104,20
240,20
479,20
20,21
104,21
240,21
479,21
20,22
104,22
240,22
479,22
20,23
104,23
240,23
479,23
21,24
104,24
240,24
479,24
21,25
103,25
240,25
479,25
21,26
103,26
240,26
479,26
22,27
102,27
240,27
479,27
22,28
102,28
240,28
479,28
22,29
100,29
240,29
479,29
23,30
100,30
240,30
479,30
23,31
98,31
240,31
479,31
23,32
97,32
240,32
479,32
24,33
96,33
240,33
479,33
24,34
95,34
240,34
479,34
24,35
94,35
240,35
479,35
25,36
93,36
240,36
479,36
25,37
89,37
91,37
92,37
240,37
479,37
25,38
87,38
90,38
91,38
240,38
479,38
26,39
86,39
89,39
89,39
240,39
479,39
26,40
88,40
240,40
479,40
26,41
84,41
86,41
87,41
240,41
479,41
27,42
86,42
240,42
479,42
27,43
85,43
240,43
479,43
27,44
84,44
240,44
479,44
27,45
83,45
240,45
479,45
28,46
82,46
240,46
479,46
28,47
81,47
240,47
479,47
29,48
80,48
240,48
479,48
29,49
79,49
240,49
479,49
29,50
78,50
240,50
479,50
30,51
77,51
240,51
479,51
30,52
77,52
240,52
479,52
30,53
76,53
240,53
479,53
30,54
75,54
240,54
479,54
31,55
74,55
240,55
479,55
30,56
74,56
240,56
479,56
31,57
73,57
240,57
479,57
31,58
73,58
240,58
479,58
31,59
72,59
240,59
479,59
31,60
72,60
240,60
479,60
30,61
71,61
240,61
479,61
28,62
70,62
240,62
479,62
28,63
70,63
240,63
479,63
28,64
69,64
240,64
479,64
27,65
67,65
69,65
69,65
240,65
479,65
27,66
69,66
240,66
479,66
27,67
68,67
240,67
479,67
28,68
67,68
240,68
479,68
28,69
66,69
240,69
479,69
28,70
66,70
240,70
479,70
28,71
63,71
65,71
66,71
240,71
479,71
28,72
66,72
70,72
71,72
73,72
74,72
240,72
479,72
27,73
65,73
69,73
70,73
73,73
74,73
240,73
479,73
26,74
63,74
68,74
69,74
72,74
73,74
240,74
479,74
27,75
65,75
68,75
69,75
71,75
73,75
240,75
479,75
28,76
73,76
240,76
479,76
28,77
73,77
240,77
479,77
29,78
73,78
240,78
479,78
29,79
71,79
240,79
479,79
30,80
71,80
74,80
74,80
240,80
479,80
31,81
74,81
240,81
479,81
31,82
75,82
240,82
479,82
32,83
74,83
240,83
479,83
32,84
73,84
240,84
479,84
33,85
73,85
240,85
479,85
33,86
73,86
240,86
479,86
34,87
72,87
240,87
479,87
34,88
71,88
240,88
479,88
35,89
70,89
240,89
479,89
35,90
70,90
240,90
479,90
36,91
69,91
240,91
479,91
36,92
69,92
240,92
479,92
37,93
69,93
240,93
479,93
37,94
69,94
72,94
72,94
240,94
479,94
37,95
69,95
240,95
479,95
38,96
70,96
240,96
479,96
38,97
70,97
240,97
479,97
38,98
38,98
40,98
69,98
240,98
479,98
38,99
38,99
40,99
69,99
240,99
479,99
38,100
38,100
40,100
68,100
240,100
479,100
38,101
66,101
68,101
68,101
83,101
83,101
85,101
93,101
240,101
479,101
38,102
67,102
79,102
94,102
240,102
479,102
39,103
65,103
67,103
67,103
73,103
95,103
240,103
479,103
39,104
67,104
72,104
96,104
240,104
479,104
39,105
66,105
71,105
97,105
240,105
479,105
39,106
95,106
97,106
98,106
240,106
479,106
39,107
99,107
240,107
479,107
39,108
100,108
240,108
479,108
40,109
87,109
91,109
101,109
240,109
479,109
40,110
85,110
92,110
102,110
240,110
479,110
40,111
83,111
92,111
100,111
102,111
104,111
240,111
479,111
41,112
65,112
68,112
80,112
94,112
95,112
97,112
101,112
103,112
105,112
240,112
479,112
41,113
65,113
68,113
75,113
95,113
102,113
104,113
107,113
240,113
479,113
41,114
70,114
96,114
102,114
104,114
105,114
107,114
108,114
240,114
479,114
42,115
64,115
67,115
68,115
97,115
106,115
108,115
108,115
240,115
479,115
42,116
66,116
98,116
99,116
102,116
106,116
108,116
108,116
115,116
115,116
240,116
479,116
43,117
64,117
99,117
110,117
115,117
116,117
240,117
479,117
43,118
63,118
99,118
108,118
110,118
111,118
115,118
116,118
240,118
479,118
43,119
62,119
100,119
106,119
109,119
112,119
115,119
115,119
240,119
479,119
43,120
63,120
101,120
106,120
109,120
115,120
240,120
479,120
43,121
63,121
108,121
114,121
240,121
479,121
42,122
64,122
240,122
479,122
40,123
40,123
42,123
65,123
68,123
69,123
240,123
479,123
36,124
74,124
240,124
479,124
30,125
31,125
33,125
34,125
37,125
74,125
240,125
479,125
28,126
72,126
76,126
79,126
240,126
479,126
27,127
27,127
29,127
80,127
240,127
479,127
26,128
82,128
240,128
479,128
24,129
85,129
240,129
479,129
23,130
86,130
240,130
479,130
23,131
23,131
25,131
87,131
240,131
479,131
22,132
88,132
240,132
479,132
22,133
89,133
240,133
479,133
22,134
90,134
240,134
479,134
21,135
91,135
240,135
479,135
21,136
91,136
240,136
479,136
21,137
92,137
240,137
479,137
22,138
23,138
25,138
92,138
240,138
479,138
23,139
90,139
92,139
92,139
240,139
479,139
24,140
92,140
240,140
479,140
25,141
93,141
240,141
479,141
28,142
92,142
240,142
479,142
30,143
92,143
240,143
479,143
33,144
92,144
240,144
479,144
37,145
91,145
240,145
479,145
44,146
90,146
240,146
479,146
45,147
89,147
240,147
479,147
45,148
86,148
240,148
479,148
46,149
77,149
81,149
82,149
240,149
479,149
35,150
40,150
47,150
74,150
240,150
479,150
36,151
36,151
41,151
43,151
45,151
45,151
47,151
69,151
71,151
71,151
240,151
479,151
38,152
41,152
43,152
67,152
69,152
69,152
240,152
479,152
40,153
69,153
240,153
479,153
41,154
68,154
240,154
479,154
41,155
68,155
240,155
479,155
42,156
67,156
240,156
479,156
43,157
67,157
240,157
479,157
43,158
66,158
240,158
479,158
44,159
66,159
240,159
479,159
45,160
65,160
240,160
479,160
45,161
64,161
240,161
479,161
46,162
63,162
240,162
479,162
47,163
62,163
240,163
479,163
48,164
50,164
52,164
60,164
240,164
479,164
49,165
57,165
240,165
479,165
240,166
479,166
240,167
479,167
240,168
479,168
240,169
479,169
240,170
479,170
240,171
479,171
240,172
479,172
240,173
479,173
240,174
479,174
240,175
479,175
240,176
479,176
240,177
479,177
240,178
479,178
240,179
479,179
240,180
479,180
240,181
479,181
240,182
479,182
240,183
479,183
240,184
479,184
240,185
479,185
240,186
479,186
240,187
479,187
240,188
479,188
240,189
479,189
240,190
479,190
240,191
479,191
240,192
479,192
240,193
479,193
240,194
479,194
240,195
479,195
240,196
479,196
240,197
479,197
240,198
479,198
240,199
479,199
240,200
479,200
240,201
479,201
240,202
436,202
442,202
479,202
240,203
435,203
443,203
479,203
240,204
434,204
444,204
479,204
240,205
432,205
445,205
479,205
240,206
431,206
446,206
479,206
240,207
429,207
446,207
479,207
240,208
426,208
447,208
479,208
240,209
421,209
448,209
479,209
240,210
418,210
449,210
479,210
240,211
417,211
449,211
479,211
240,212
413,212
450,212
479,212
240,213
409,213
450,213
479,213
240,214
407,214
450,214
479,214
240,215
406,215
450,215
479,215
240,216
404,216
450,216
479,216
240,217
403,217
447,217
479,217
240,218
402,218
443,218
443,218
445,218
446,218
448,218
479,218
240,219
401,219
444,219
479,219
240,220
401,220
446,220
479,220
240,221
401,221
446,221
479,221
240,222
402,222
446,222
479,222
240,223
402,223
446,223
479,223
240,224
404,224
447,224
479,224
240,225
405,225
447,225
479,225
240,226
406,226
447,226
479,226
240,227
406,227
447,227
479,227
240,228
408,228
447,228
479,228
240,229
409,229
447,229
479,229
240,230
408,230
446,230
479,230
240,231
406,231
408,231
408,231
446,231
479,231
240,232
406,232
446,232
479,232
240,233
405,233
445,233
479,233
240,234
405,234
445,234
479,234
240,235
405,235
445,235
479,235
240,236
407,236
445,236
479,236
240,237
407,237
445,237
479,237
240,238
407,238
445,238
479,238
240,239
403,239
445,239
479,239
240,240
403,240
445,240
479,240
240,241
401,241
445,241
479,241
240,242
398,242
445,242
479,242
240,243
396,243
445,243
479,243
240,244
393,244
446,244
479,244
240,245
391,245
446,245
479,245
240,246
390,246
446,246
453,246
460,246
479,246
240,247
387,247
446,247
452,247
461,247
479,247
240,248
380,248
382,248
386,248
446,248
451,248
461,248
479,248
240,249
385,249
447,249
450,249
462,249
479,249
240,250
383,250
448,250
449,250
463,250
479,250
240,251
381,251
449,251
449,251
463,251
479,251
240,252
382,252
464,252
479,252
240,253
380,253
386,253
387,253
464,253
479,253
240,254
379,254
385,254
386,254
465,254
479,254
240,255
378,255
384,255
385,255
465,255
479,255
240,256
380,256
382,256
384,256
464,256
479,256
240,257
383,257
464,257
479,257
240,258
382,258
464,258
479,258
240,259
381,259
462,259
479,259
240,260
379,260
381,260
381,260
461,260
479,260
240,261
380,261
459,261
460,261
463,261
479,261
240,262
379,262
460,262
479,262
240,263
379,263
460,263
479,263
240,264
378,264
461,264
479,264
240,265
378,265
461,265
479,265
240,266
377,266
461,266
479,266
240,267
376,267
461,267
479,267
240,268
375,268
461,268
479,268
240,269
374,269
461,269
479,269
240,270
373,270
461,270
479,270
240,271
372,271
460,271
479,271
240,272
372,272
460,272
479,272
240,273
372,273
459,273
479,273
240,274
372,274
376,274
376,274
459,274
479,274
240,275
375,275
458,275
479,275
240,276
375,276
458,276
479,276
240,277
374,277
458,277
479,277
240,278
373,278
458,278
479,278
240,279
373,279
458,279
479,279
240,280
373,280
375,280
375,280
458,280
479,280
240,281
375,281
457,281
479,281
240,282
376,282
378,282
381,282
456,282
479,282
240,283
381,283
456,283
479,283
240,284
385,284
388,284
388,284
393,284
394,284
456,284
479,284
240,285
385,285
388,285
388,285
392,285
393,285
456,285
479,285
240,286
387,286
391,286
392,286
400,286
400,286
456,286
479,286
240,287
387,287
392,287
392,287
399,287
400,287
456,287
479,287
240,288
387,288
390,288
393,288
398,288
399,288
456,288
479,288
240,289
393,289
397,289
400,289
455,289
479,289
240,290
393,290
397,290
399,290
456,290
456,290
458,290
479,290
240,291
393,291
396,291
396,291
398,291
398,291
456,291
479,291
240,292
394,292
397,292
397,292
455,292
479,292
240,293
397,293
455,293
479,293
240,294
397,294
455,294
479,294
240,295
397,295
455,295
479,295
240,296
397,296
402,296
402,296
455,296
479,296
240,297
402,297
455,297
479,297
240,298
403,298
455,298
479,298
240,299
397,299
402,299
403,299
455,299
479,299
240,300
404,300
422,300
422,300
455,300
479,300
240,301
404,301
421,301
422,301
454,301
479,301
240,302
404,302
417,302
422,302
454,302
479,302
240,303
405,303
414,303
419,303
421,303
422,303
454,303
479,303
240,304
422,304
454,304
479,304
240,305
421,305
454,305
479,305
240,306
421,306
454,306
479,306
240,307
421,307
454,307
479,307
240,308
421,308
455,308
479,308
240,309
421,309
455,309
479,309
240,310
421,310
455,310
479,310
240,311
421,311
455,311
479,311
240,312
420,312
455,312
479,312
240,313
420,313
456,313
479,313
240,314
420,314
456,314
479,314
240,315
420,315
456,315
479,315
240,316
419,316
456,316
479,316
240,317
419,317
456,317
479,317
240,318
419,318
456,318
479,318
240,319
419,319
456,319
479,319
240,320
418,320
456,320
479,320
240,321
418,321
456,321
479,321
240,322
418,322
456,322
479,322
240,323
418,323
456,323
479,323
240,324
418,324
456,324
479,324
240,325
417,325
457,325
479,325
240,326
417,326
457,326
479,326
240,327
417,327
457,327
479,327
240,328
417,328
457,328
479,328
240,329
417,329
457,329
479,329
240,330
417,330
457,330
479,330
240,331
417,331
457,331
479,331
240,332
417,332
457,332
479,332
240,333
417,333
457,333
479,333
240,334
417,334
457,334
479,334
240,335
417,335
457,335
479,335
240,336
417,336
457,336
479,336
240,337
417,337
457,337
479,337
240,338
417,338
457,338
479,338
240,339
417,339
457,339
479,339
240,340
417,340
457,340
479,340
240,341
417,341
457,341
479,341
240,342
417,342
457,342
479,342
240,343
417,343
457,343
479,343
240,344
417,344
457,344
479,344
240,345
417,345
457,345
479,345
240,346
417,346
457,346
479,346
240,347
417,347
457,347
479,347
240,348
415,348
457,348
479,348
240,349
415,349
457,349
479,349
240,350
415,350
457,350
479,350
240,351
416,351
458,351
479,351
240,352
416,352
457,352
479,352
240,353
416,353
458,353
479,353
240,354
416,354
458,354
479,354
240,355
416,355
458,355
479,355
240,356
416,356
458,356
479,356
240,357
416,357
458,357
479,357
240,358
416,358
458,358
479,358
240,359
416,359
458,359
479,359
