242,0
479,0
242,1
479,1
242,2
479,2
242,3
479,3
242,4
479,4
242,5
479,5
242,6
479,6
242,7
479,7
242,8
479,8
242,9
479,9
242,10
479,10
242,11
479,11
242,12
479,12
242,13
479,13
242,14
479,14
242,15
479,15
242,16
479,16
242,17
479,17
242,18
479,18
242,19
479,19
242,20
479,20
242,21
479,21
242,22
479,22
242,23
479,23
242,24
479,24
242,25
479,25
242,26
479,26
242,27
479,27
242,28
479,28
242,29
479,29
242,30
479,30
242,31
479,31
242,32
479,32
242,33
479,33
242,34
479,34
242,35
479,35
242,36
479,36
242,37
479,37
242,38
479,38
242,39
479,39
242,40
479,40
242,41
479,41
242,42
479,42
242,43
479,43
242,44
479,44
242,45
479,45
242,46
479,46
242,47
479,47
242,48
479,48
242,49
479,49
242,50
479,50
242,51
479,51
242,52
479,52
242,53
479,53
242,54
479,54
242,55
479,55
242,56
479,56
242,57
479,57
242,58
479,58
242,59
479,59
242,60
479,60
242,61
479,61
242,62
479,62
242,63
479,63
242,64
479,64
242,65
479,65
242,66
479,66
0,67
5,67
242,67
479,67
0,68
10,68
242,68
479,68
0,69
14,69
16,69
16,69
242,69
479,69
0,70
18,70
242,70
479,70
0,71
21,71
242,71
479,71
0,72
23,72
242,72
479,72
0,73
26,73
242,73
479,73
0,74
28,74
242,74
479,74
0,75
30,75
242,75
479,75
0,76
31,76
242,76
479,76
0,77
34,77
242,77
479,77
0,78
37,78
242,78
479,78
0,79
40,79
242,79
479,79
0,80
42,80
242,80
479,80
0,81
46,81
242,81
479,81
0,82
49,82
242,82
479,82
0,83
52,83
242,83
479,83
0,84
55,84
242,84
479,84
0,85
58,85
242,85
479,85
0,86
60,86
242,86
479,86
0,87
59,87
61,87
63,87
242,87
479,87
0,88
66,88
242,88
479,88
0,89
68,89
242,89
479,89
0,90
70,90
242,90
479,90
0,91
73,91
242,91
479,91
0,92
74,92
242,92
479,92
2,93
76,93
242,93
479,93
5,94
77,94
242,94
479,94
9,95
79,95
242,95
479,95
11,96
81,96
241,96
479,96
13,97
83,97
241,97
479,97
17,98
84,98
241,98
479,98
20,99
86,99
241,99
479,99
25,100
84,100
87,100
88,100
241,100
479,100
28,101
90,101
241,101
479,101
32,102
92,102
241,102
479,102
35,103
94,103
241,103
479,103
41,104
96,104
241,104
479,104
46,105
97,105
241,105
479,105
51,106
101,106
241,106
479,106
56,107
103,107
241,107
479,107
56,108
58,108
60,108
106,108
241,108
479,108
0,109
1,109
5,109
7,109
58,109
110,109
241,109
479,109
0,110
9,110
59,110
112,110
241,110
479,110
0,111
10,111
62,111
113,111
241,111
479,111
0,112
11,112
63,112
113,112
241,112
479,112
0,113
12,113
66,113
114,113
241,113
479,113
0,114
14,114
68,114
114,114
241,114
479,114
0,115
15,115
70,115
114,115
241,115
479,115
0,116
16,116
72,116
114,116
241,116
479,116
0,117
21,117
75,117
114,117
241,117
479,117
0,118
23,118
76,118
115,118
241,118
479,118
0,119
26,119
78,119
119,119
241,119
479,119
0,120
28,120
81,120
122,120
241,120
479,120
0,121
29,121
82,121
125,121
241,121
479,121
0,122
30,122
83,122
126,122
241,122
479,122
0,123
31,123
85,123
127,123
241,123
479,123
0,124
32,124
87,124
128,124
241,124
479,124
0,125
32,125
88,125
129,125
241,125
479,125
0,126
34,126
90,126
130,126
241,126
479,126
0,127
35,127
92,127
127,127
129,127
131,127
241,127
479,127
0,128
37,128
93,128
131,128
241,128
479,128
0,129
37,129
94,129
132,129
241,129
479,129
0,130
39,130
96,130
133,130
241,130
479,130
0,131
39,131
98,131
121,131
125,131
134,131
241,131
479,131
0,132
39,132
98,132
104,132
108,132
121,132
127,132
135,132
241,132
479,132
0,133
40,133
100,133
103,133
109,133
121,133
128,133
135,133
241,133
479,133
0,134
40,134
110,134
122,134
129,134
136,134
241,134
479,134
0,135
40,135
112,135
125,135
128,135
136,135
241,135
479,135
0,136
42,136
117,136
122,136
125,136
137,136
241,136
479,136
0,137
43,137
120,137
137,137
241,137
479,137
0,138
44,138
123,138
128,138
131,138
138,138
241,138
479,138
0,139
45,139
132,139
138,139
241,139
479,139
0,140
46,140
133,140
138,140
241,140
479,140
0,141
46,141
133,141
139,141
241,141
479,141
0,142
47,142
134,142
139,142
241,142
479,142
0,143
47,143
131,143
139,143
241,143
479,143
0,144
48,144
132,144
137,144
139,144
139,144
241,144
479,144
0,145
48,145
134,145
139,145
241,145
479,145
0,146
49,146
134,146
139,146
241,146
479,146
0,147
49,147
133,147
136,147
241,147
479,147
0,148
50,148
133,148
134,148
241,148
479,148
0,149
50,149
241,149
479,149
0,150
50,150
241,150
479,150
0,151
51,151
241,151
479,151
0,152
51,152
241,152
479,152
0,153
52,153
241,153
479,153
0,154
52,154
241,154
479,154
0,155
52,155
241,155
479,155
0,156
52,156
241,156
479,156
0,157
52,157
241,157
479,157
0,158
52,158
241,158
479,158
0,159
52,159
241,159
479,159
0,160
52,160
241,160
479,160
0,161
52,161
241,161
479,161
0,162
52,162
241,162
479,162
0,163
52,163
241,163
479,163
0,164
52,164
241,164
479,164
0,165
52,165
241,165
479,165
0,166
52,166
241,166
479,166
0,167
51,167
241,167
479,167
0,168
51,168
241,168
479,168
0,169
51,169
241,169
479,169
0,170
50,170
241,170
479,170
0,171
50,171
241,171
479,171
0,172
50,172
241,172
479,172
0,173
49,173
241,173
479,173
0,174
48,174
241,174
479,174
0,175
47,175
241,175
479,175
0,176
46,176
241,176
479,176
0,177
45,177
241,177
479,177
0,178
43,178
241,178
479,178
0,179
41,179
241,179
479,179
0,180
40,180
240,180
479,180
0,181
38,181
240,181
479,181
0,182
34,182
240,182
479,182
0,183
30,183
240,183
479,183
0,184
1,184
240,184
479,184
240,185
479,185
240,186
479,186
240,187
479,187
240,188
479,188
240,189
479,189
240,190
479,190
240,191
479,191
240,192
479,192
240,193
479,193
240,194
479,194
240,195
479,195
240,196
479,196
240,197
479,197
240,198
479,198
240,199
479,199
240,200
479,200
240,201
479,201
240,202
479,202
240,203
479,203
240,204
479,204
240,205
477,205
240,206
471,206
240,207
471,207
240,208
467,208
240,209
465,209
240,210
463,210
240,211
462,211
240,212
461,212
240,213
459,213
240,214
459,214
240,215
458,215
240,216
458,216
240,217
457,217
240,218
456,218
240,219
456,219
240,220
451,220
453,220
454,220
240,221
454,221
240,222
453,222
240,223
453,223
240,224
453,224
240,225
453,225
240,226
452,226
240,227
453,227
240,228
453,228
240,229
453,229
240,230
453,230
240,231
454,231
240,232
454,232
240,233
392,233
397,233
454,233
240,234
393,234
397,234
399,234
403,234
455,234
240,235
392,235
405,235
455,235
240,236
392,236
406,236
456,236
240,237
391,237
408,237
456,237
240,238
391,238
408,238
457,238
240,239
391,239
408,239
458,239
240,240
389,240
411,240
459,240
240,241
389,241
412,241
459,241
240,242
389,242
411,242
460,242
240,243
389,243
391,243
391,243
414,243
461,243
240,244
391,244
412,244
459,244
461,244
462,244
240,245
391,245
414,245
463,245
240,246
391,246
414,246
465,246
240,247
391,247
416,247
466,247
240,248
392,248
416,248
467,248
240,249
392,249
416,249
468,249
240,250
393,250
417,250
468,250
240,251
394,251
418,251
469,251
240,252
396,252
419,252
470,252
240,253
397,253
419,253
470,253
240,254
396,254
419,254
470,254
240,255
395,255
421,255
470,255
240,256
393,256
421,256
470,256
240,257
390,257
422,257
469,257
240,258
390,258
422,258
469,258
240,259
390,259
423,259
469,259
240,260
388,260
423,260
469,260
240,261
387,261
424,261
468,261
240,262
385,262
424,262
468,262
240,263
385,263
424,263
467,263
240,264
383,264
425,264
465,264
240,265
382,265
426,265
457,265
240,266
381,266
427,266
454,266
240,267
378,267
380,267
380,267
428,267
451,267
240,268
379,268
428,268
428,268
430,268
447,268
240,269
378,269
428,269
444,269
240,270
373,270
375,270
377,270
429,270
437,270
240,271
376,271
430,271
435,271
240,272
375,272
430,272
431,272
240,273
374,273
240,274
373,274
240,275
372,275
240,276
371,276
240,277
370,277
240,278
369,278
240,279
368,279
240,280
367,280
240,281
366,281
240,282
365,282
240,283
364,283
240,284
363,284
240,285
363,285
240,286
362,286
240,287
361,287
240,288
361,288
240,289
360,289
240,290
360,290
240,291
360,291
240,292
361,292
240,293
361,293
240,294
362,294
240,295
363,295
452,295
452,295
240,296
364,296
240,297
364,297
450,297
450,297
240,298
364,298
450,298
450,298
240,299
366,299
450,299
450,299
240,300
367,300
448,300
449,300
240,301
367,301
448,301
449,301
240,302
368,302
448,302
448,302
240,303
369,303
447,303
448,303
240,304
369,304
446,304
448,304
240,305
369,305
445,305
448,305
240,306
371,306
444,306
448,306
240,307
372,307
443,307
448,307
240,308
373,308
441,308
447,308
240,309
374,309
440,309
447,309
455,309
455,309
240,310
375,310
439,310
447,310
240,311
375,311
438,311
439,311
441,311
448,311
240,312
376,312
436,312
450,312
240,313
377,313
434,313
450,313
240,314
378,314
433,314
451,314
240,315
379,315
432,315
450,315
240,316
380,316
430,316
451,316
240,317
381,317
428,317
450,317
240,318
382,318
426,318
450,318
240,319
383,319
425,319
449,319
240,320
384,320
422,320
449,320
240,321
385,321
420,321
448,321
240,322
386,322
417,322
447,322
240,323
388,323
415,323
447,323
240,324
389,324
412,324
446,324
240,325
392,325
409,325
446,325
240,326
395,326
405,326
446,326
240,327
398,327
400,327
446,327
240,328
447,328
240,329
447,329
240,330
447,330
240,331
447,331
240,332
447,332
240,333
447,333
240,334
447,334
240,335
448,335
240,336
447,336
240,337
448,337
240,338
449,338
240,339
449,339
240,340
449,340
240,341
450,341
240,342
450,342
240,343
451,343
454,343
455,343
240,344
450,344
452,344
452,344
240,345
452,345
240,346
453,346
240,347
453,347
240,348
453,348
240,349
453,349
463,349
463,349
240,350
453,350
462,350
463,350
240,351
453,351
461,351
462,351
239,352
455,352
460,352
462,352
239,353
455,353
458,353
462,353
239,354
461,354
239,355
457,355
460,355
461,355
239,356
461,356
239,357
461,357
239,358
460,358
239,359
460,359
