290,0
479,0
290,1
479,1
290,2
479,2
290,3
479,3
290,4
479,4
290,5
479,5
290,6
479,6
289,7
479,7
289,8
479,8
289,9
479,9
0,10
1,10
289,10
479,10
0,11
3,11
289,11
479,11
0,12
5,12
289,12
479,12
0,13
6,13
289,13
479,13
0,14
9,14
289,14
479,14
0,15
11,15
288,15
479,15
0,16
14,16
288,16
479,16
0,17
16,17
288,17
479,17
0,18
18,18
288,18
479,18
0,19
20,19
288,19
479,19
0,20
23,20
288,20
479,20
0,21
26,21
288,21
479,21
0,22
28,22
288,22
479,22
0,23
30,23
287,23
479,23
0,24
34,24
287,24
479,24
0,25
38,25
287,25
479,25
0,26
40,26
287,26
479,26
0,27
43,27
287,27
479,27
0,28
47,28
287,28
479,28
0,29
51,29
287,29
479,29
0,30
54,30
287,30
479,30
0,31
58,31
286,31
479,31
0,32
63,32
286,32
479,32
0,33
65,33
286,33
479,33
0,34
65,34
286,34
479,34
0,35
66,35
286,35
479,35
0,36
67,36
285,36
479,36
0,37
67,37
285,37
479,37
0,38
68,38
285,38
479,38
0,39
68,39
93,39
97,39
285,39
479,39
0,40
68,40
86,40
87,40
91,40
101,40
284,40
479,40
0,41
69,41
79,41
105,41
284,41
479,41
0,42
69,42
77,42
103,42
105,42
106,42
284,42
479,42
0,43
110,43
284,43
479,43
0,44
113,44
284,44
479,44
0,45
111,45
113,45
114,45
284,45
479,45
0,46
118,46
284,46
479,46
0,47
120,47
285,47
479,47
0,48
122,48
283,48
479,48
0,49
125,49
283,49
479,49
0,50
127,50
283,50
479,50
0,51
130,51
283,51
479,51
0,52
132,52
283,52
479,52
0,53
130,53
132,53
134,53
282,53
479,53
0,54
136,54
282,54
479,54
0,55
134,55
136,55
138,55
282,55
479,55
0,56
139,56
281,56
479,56
0,57
140,57
281,57
479,57
0,58
140,58
281,58
479,58
0,59
140,59
142,59
143,59
281,59
479,59
0,60
145,60
281,60
479,60
0,61
145,61
281,61
479,61
0,62
148,62
281,62
479,62
0,63
149,63
280,63
479,63
0,64
151,64
280,64
479,64
0,65
152,65
280,65
479,65
0,66
155,66
279,66
479,66
0,67
156,67
279,67
479,67
0,68
104,68
127,68
159,68
279,68
479,68
0,69
99,69
128,69
159,69
279,69
479,69
0,70
97,70
129,70
160,70
278,70
479,70
0,71
96,71
129,71
161,71
278,71
479,71
0,72
95,72
130,72
161,72
278,72
479,72
0,73
93,73
130,73
136,73
141,73
162,73
164,73
164,73
278,73
479,73
0,74
93,74
115,74
119,74
131,74
135,74
142,74
165,74
278,74
479,74
0,75
98,75
100,75
102,75
107,75
119,75
131,75
136,75
143,75
166,75
277,75
479,75
0,76
102,76
104,76
119,76
132,76
136,76
144,76
165,76
167,76
167,76
277,76
479,76
0,77
100,77
102,77
119,77
132,77
135,77
144,77
164,77
166,77
167,77
277,77
479,77
0,78
119,78
121,78
121,78
134,78
135,78
145,78
167,78
276,78
479,78
0,79
119,79
121,79
121,79
145,79
168,79
276,79
479,79
0,80
121,80
147,80
167,80
276,80
479,80
1,81
121,81
147,81
164,81
166,81
167,81
276,81
479,81
3,82
120,82
148,82
164,82
275,82
479,82
5,83
119,83
148,83
164,83
275,83
479,83
6,84
116,84
149,84
153,84
156,84
164,84
275,84
479,84
8,85
114,85
151,85
154,85
156,85
161,85
164,85
164,85
274,85
479,85
9,86
111,86
154,86
154,86
157,86
165,86
274,86
479,86
10,87
107,87
157,87
158,87
162,87
165,87
274,87
479,87
11,88
50,88
55,88
103,88
159,88
159,88
161,88
162,88
164,88
164,88
273,88
479,88
12,89
49,89
57,89
93,89
159,89
159,89
161,89
164,89
273,89
479,89
14,90
48,90
61,90
83,90
162,90
164,90
273,90
479,90
15,91
47,91
63,91
63,91
65,91
79,91
164,91
164,91
273,91
479,91
17,92
47,92
273,92
479,92
18,93
45,93
273,93
479,93
20,94
45,94
272,94
479,94
22,95
44,95
271,95
479,95
23,96
43,96
271,96
479,96
24,97
41,97
271,97
479,97
26,98
39,98
271,98
479,98
27,99
40,99
270,99
479,99
28,100
29,100
31,100
38,100
270,100
479,100
29,101
37,101
270,101
479,101
31,102
35,102
270,102
479,102
269,103
479,103
268,104
479,104
268,105
479,105
268,106
479,106
268,107
479,107
267,108
479,108
267,109
479,109
267,110
479,110
267,111
479,111
267,112
479,112
267,113
479,113
265,114
479,114
265,115
479,115
265,116
479,116
265,117
479,117
264,118
479,118
264,119
479,119
263,120
479,120
263,121
479,121
263,122
479,122
262,123
479,123
262,124
262,124
264,124
479,124
262,125
262,125
264,125
479,125
261,126
479,126
261,127
479,127
260,128
479,128
260,129
479,129
260,130
479,130
259,131
479,131
259,132
259,132
261,132
479,132
259,133
479,133
259,134
479,134
258,135
479,135
258,136
479,136
257,137
479,137
257,138
479,138
256,139
479,139
258,140
479,140
256,141
479,141
256,142
479,142
255,143
479,143
254,144
479,144
254,145
479,145
254,146
479,146
253,147
479,147
253,148
479,148
253,149
479,149
252,150
479,150
252,151
479,151
252,152
479,152
252,153
479,153
251,154
479,154
251,155
479,155
250,156
479,156
250,157
479,157
250,158
479,158
249,159
479,159
248,160
479,160
248,161
479,161
248,162
479,162
247,163
479,163
247,164
479,164
247,165
479,165
246,166
479,166
246,167
479,167
245,168
479,168
245,169
479,169
245,170
479,170
244,171
479,171
244,172
479,172
244,173
479,173
243,174
479,174
243,175
479,175
242,176
479,176
242,177
479,177
241,178
479,178
241,179
479,179
241,180
479,180
240,181
479,181
240,182
479,182
239,183
479,183
239,184
479,184
239,185
479,185
239,186
479,186
238,187
479,187
238,188
479,188
238,189
479,189
237,190
479,190
237,191
479,191
236,192
479,192
236,193
479,193
235,194
479,194
235,195
479,195
235,196
479,196
235,197
479,197
234,198
479,198
233,199
479,199
233,200
479,200
232,201
479,201
232,202
479,202
232,203
479,203
232,204
479,204
231,205
479,205
231,206
479,206
231,207
479,207
230,208
479,208
230,209
479,209
229,210
479,210
229,211
479,211
229,212
479,212
229,213
479,213
228,214
479,214
227,215
479,215
227,216
479,216
227,217
479,217
226,218
479,218
226,219
479,219
226,220
479,220
225,221
479,221
225,222
479,222
225,223
479,223
224,224
479,224
224,225
479,225
223,226
479,226
223,227
479,227
222,228
479,228
222,229
479,229
222,230
479,230
222,231
479,231
221,232
479,232
221,233
479,233
221,234
479,234
220,235
479,235
219,236
479,236
219,237
479,237
219,238
479,238
219,239
479,239
219,240
479,240
220,241
479,241
218,242
479,242
217,243
479,243
217,244
479,244
217,245
456,245
460,245
479,245
217,246
455,246
463,246
479,246
216,247
455,247
465,247
479,247
216,248
383,248
385,248
386,248
388,248
455,248
469,248
479,248
215,249
382,249
387,249
390,249
392,249
455,249
471,249
479,249
215,250
381,250
388,250
388,250
390,250
454,250
473,250
479,250
215,251
381,251
392,251
453,251
475,251
479,251
214,252
381,252
394,252
452,252
477,252
479,252
214,253
381,253
395,253
395,253
397,253
452,253
479,253
479,253
214,254
378,254
380,254
381,254
402,254
444,254
447,254
452,254
214,255
381,255
404,255
428,255
450,255
452,255
213,256
381,256
406,256
406,256
408,256
422,256
212,257
382,257
406,257
416,257
212,258
377,258
407,258
415,258
212,259
377,259
408,259
413,259
212,260
377,260
408,260
408,260
411,260
412,260
211,261
377,261
408,261
409,261
411,261
411,261
211,262
378,262
409,262
409,262
411,262
411,262
211,263
379,263
409,263
412,263
210,264
380,264
409,264
411,264
210,265
381,265
410,265
413,265
210,266
382,266
413,266
414,266
210,267
384,267
209,268
385,268
209,269
385,269
209,270
387,270
209,271
389,271
208,272
390,272
208,273
392,273
207,274
393,274
207,275
395,275
207,276
396,276
207,277
398,277
206,278
401,278
206,279
402,279
405,279
405,279
207,280
407,280
207,281
411,281
206,282
414,282
205,283
416,283
205,284
421,284
425,284
425,284
433,284
434,284
205,285
419,285
421,285
423,285
425,285
433,285
204,286
422,286
425,286
425,286
431,286
433,286
204,287
428,287
430,287
432,287
204,288
430,288
204,289
429,289
203,290
428,290
203,291
426,291
203,292
425,292
203,293
423,293
202,294
422,294
202,295
421,295
202,296
420,296
202,297
418,297
201,298
417,298
201,299
415,299
201,300
414,300
201,301
413,301
201,302
410,302
200,303
409,303
200,304
406,304
200,305
405,305
200,306
402,306
199,307
400,307
199,308
398,308
199,309
397,309
199,310
394,310
199,311
392,311
198,312
382,312
385,312
390,312
198,313
386,313
198,314
383,314
198,315
382,315
198,316
378,316
198,317
375,317
197,318
372,318
197,319
370,319
197,320
366,320
196,321
363,321
196,322
360,322
196,323
357,323
196,324
354,324
196,325
353,325
196,326
351,326
196,327
349,327
196,328
348,328
195,329
347,329
195,330
347,330
195,331
348,331
195,332
349,332
195,333
351,333
195,334
353,334
194,335
353,335
194,336
356,336
194,337
357,337
194,338
358,338
194,339
360,339
193,340
361,340
193,341
362,341
194,342
363,342
193,343
365,343
193,344
366,344
193,345
368,345
193,346
369,346
193,347
371,347
193,348
371,348
193,349
373,349
193,350
375,350
193,351
376,351
192,352
378,352
192,353
379,353
192,354
381,354
192,355
382,355
192,356
383,356
192,357
384,357
192,358
386,358
192,359
388,359
