135,0
325,0
135,1
327,1
133,2
329,2
133,3
329,3
132,4
333,4
132,5
334,5
132,6
335,6
132,7
337,7
131,8
339,8
131,9
340,9
129,10
343,10
129,11
343,11
129,12
346,12
129,13
347,13
127,14
347,14
127,15
349,15
126,16
350,16
126,17
352,17
126,18
354,18
125,19
355,19
124,20
356,20
123,21
357,21
123,22
359,22
122,23
360,23
122,24
361,24
122,25
363,25
122,26
364,26
122,27
364,27
121,28
365,28
121,29
367,29
121,30
367,30
119,31
119,31
121,31
369,31
120,32
369,32
120,33
371,33
119,34
371,34
118,35
372,35
118,36
374,36
118,37
375,37
117,38
376,38
117,39
377,39
116,40
378,40
116,41
379,41
116,42
379,42
116,43
380,43
115,44
382,44
115,45
383,45
114,46
383,46
114,47
384,47
114,48
384,48
114,49
386,49
113,50
387,50
113,51
387,51
113,52
388,52
113,53
389,53
112,54
390,54
112,55
391,55
111,56
391,56
111,57
392,57
111,58
143,58
168,58
393,58
111,59
143,59
172,59
394,59
110,60
140,60
178,60
395,60
110,61
136,61
185,61
395,61
110,62
133,62
187,62
395,62
110,63
131,63
189,63
397,63
110,64
129,64
193,64
397,64
110,65
126,65
195,65
398,65
110,66
121,66
197,66
398,66
110,67
120,67
199,67
399,67
110,68
117,68
202,68
399,68
110,69
114,69
116,69
117,69
204,69
399,69
111,70
113,70
205,70
401,70
206,71
402,71
209,72
402,72
108,73
109,73
210,73
403,73
212,74
403,74
213,75
404,75
215,76
405,76
216,77
405,77
217,78
406,78
218,79
406,79
219,80
407,80
220,81
407,81
222,82
407,82
222,83
407,83
223,84
409,84
225,85
409,85
226,86
409,86
226,87
409,87
227,88
410,88
228,89
411,89
229,90
411,90
230,91
411,91
231,92
412,92
232,93
412,93
232,94
412,94
233,95
413,95
234,96
413,96
235,97
413,97
236,98
414,98
236,99
414,99
236,100
414,100
237,101
414,101
238,102
415,102
238,103
415,103
240,104
416,104
240,105
416,105
240,106
417,106
240,107
417,107
242,108
417,108
242,109
417,109
242,110
417,110
79,111
80,111
243,111
417,111
79,112
80,112
243,112
418,112
80,113
80,113
244,113
418,113
77,114
78,114
245,114
418,114
77,115
78,115
245,115
418,115
76,116
77,116
245,116
419,116
75,117
77,117
245,117
419,117
75,118
75,118
246,118
419,118
246,119
419,119
74,120
76,120
246,120
419,120
74,121
75,121
246,121
419,121
72,122
74,122
247,122
420,122
72,123
73,123
248,123
420,123
72,124
72,124
248,124
420,124
248,125
420,125
248,126
420,126
479,126
479,126
248,127
420,127
479,127
479,127
249,128
421,128
479,128
479,128
249,129
421,129
479,129
479,129
250,130
421,130
479,130
479,130
250,131
421,131
479,131
479,131
250,132
421,132
479,132
479,132
250,133
421,133
478,133
479,133
63,134
63,134
250,134
422,134
478,134
479,134
62,135
63,135
251,135
422,135
478,135
479,135
61,136
62,136
251,136
422,136
476,136
479,136
61,137
62,137
251,137
422,137
476,137
479,137
61,138
61,138
251,138
422,138
476,138
479,138
59,139
59,139
61,139
61,139
251,139
422,139
476,139
479,139
58,140
61,140
251,140
422,140
476,140
479,140
57,141
61,141
251,141
422,141
476,141
479,141
57,142
59,142
252,142
422,142
476,142
479,142
56,143
59,143
150,143
150,143
152,143
157,143
252,143
422,143
476,143
479,143
54,144
59,144
147,144
164,144
252,144
422,144
475,144
479,144
53,145
58,145
143,145
166,145
252,145
422,145
474,145
479,145
52,146
58,146
142,146
167,146
251,146
422,146
474,146
479,146
52,147
57,147
141,147
168,147
252,147
422,147
474,147
479,147
52,148
57,148
140,148
168,148
252,148
422,148
474,148
479,148
51,149
57,149
140,149
169,149
252,149
422,149
474,149
479,149
50,150
57,150
138,150
170,150
252,150
422,150
474,150
479,150
49,151
56,151
138,151
170,151
252,151
422,151
474,151
479,151
48,152
56,152
137,152
171,152
252,152
422,152
472,152
479,152
48,153
55,153
137,153
173,153
252,153
422,153
472,153
479,153
48,154
55,154
137,154
173,154
251,154
422,154
472,154
479,154
48,155
54,155
137,155
174,155
251,155
422,155
471,155
479,155
46,156
54,156
136,156
175,156
252,156
422,156
472,156
479,156
45,157
54,157
136,157
175,157
251,157
422,157
471,157
479,157
44,158
54,158
136,158
177,158
251,158
422,158
471,158
479,158
44,159
54,159
136,159
178,159
251,159
422,159
470,159
479,159
43,160
53,160
136,160
179,160
251,160
423,160
470,160
479,160
43,161
53,161
136,161
180,161
251,161
423,161
470,161
479,161
41,162
53,162
135,162
181,162
251,162
423,162
470,162
479,162
39,163
53,163
136,163
181,163
251,163
423,163
469,163
479,163
39,164
53,164
136,164
182,164
251,164
423,164
468,164
479,164
39,165
52,165
136,165
183,165
251,165
423,165
468,165
479,165
39,166
52,166
136,166
183,166
250,166
423,166
468,166
479,166
38,167
52,167
136,167
184,167
250,167
423,167
467,167
479,167
38,168
51,168
136,168
184,168
250,168
423,168
467,168
479,168
37,169
51,169
136,169
184,169
250,169
423,169
466,169
479,169
35,170
51,170
136,170
184,170
250,170
423,170
466,170
479,170
35,171
51,171
136,171
184,171
249,171
422,171
465,171
479,171
34,172
51,172
137,172
183,172
249,172
422,172
465,172
479,172
33,173
51,173
137,173
183,173
249,173
422,173
464,173
479,173
32,174
51,174
137,174
181,174
248,174
422,174
464,174
479,174
32,175
51,175
137,175
181,175
248,175
422,175
464,175
479,175
32,176
51,176
137,176
180,176
248,176
422,176
464,176
479,176
31,177
51,177
138,177
179,177
247,177
302,177
304,177
306,177
318,177
422,177
463,177
479,177
30,178
50,178
138,178
179,178
247,178
301,178
324,178
422,178
462,178
479,178
30,179
50,179
139,179
178,179
247,179
299,179
327,179
422,179
462,179
479,179
29,180
50,180
139,180
178,180
247,180
298,180
327,180
327,180
330,180
421,180
462,180
479,180
28,181
50,181
140,181
176,181
246,181
294,181
330,181
421,181
462,181
479,181
28,182
50,182
141,182
175,182
246,182
293,182
331,182
422,182
461,182
479,182
27,183
50,183
142,183
174,183
245,183
292,183
333,183
421,183
460,183
479,183
27,184
50,184
143,184
173,184
244,184
290,184
333,184
422,184
460,184
479,184
27,185
50,185
143,185
143,185
145,185
170,185
244,185
289,185
335,185
422,185
460,185
479,185
26,186
50,186
145,186
169,186
244,186
288,186
335,186
421,186
459,186
479,186
26,187
50,187
146,187
167,187
243,187
288,187
335,187
422,187
459,187
479,187
25,188
50,188
147,188
164,188
243,188
286,188
336,188
421,188
458,188
479,188
25,189
50,189
151,189
161,189
242,189
285,189
336,189
421,189
458,189
479,189
24,190
50,190
151,190
153,190
242,190
284,190
337,190
421,190
457,190
479,190
24,191
50,191
241,191
285,191
337,191
421,191
457,191
479,191
23,192
49,192
241,192
284,192
337,192
421,192
457,192
479,192
23,193
49,193
240,193
284,193
337,193
421,193
455,193
479,193
22,194
49,194
239,194
283,194
338,194
420,194
455,194
479,194
22,195
49,195
239,195
283,195
338,195
419,195
454,195
479,195
21,196
49,196
239,196
283,196
338,196
419,196
454,196
479,196
21,197
49,197
239,197
283,197
338,197
419,197
453,197
479,197
20,198
49,198
238,198
284,198
338,198
419,198
453,198
479,198
19,199
49,199
238,199
284,199
338,199
419,199
452,199
479,199
19,200
49,200
238,200
284,200
338,200
419,200
452,200
479,200
19,201
49,201
237,201
284,201
338,201
418,201
452,201
479,201
18,202
49,202
237,202
284,202
338,202
418,202
451,202
479,202
18,203
49,203
236,203
285,203
338,203
417,203
451,203
479,203
18,204
49,204
236,204
285,204
338,204
417,204
450,204
479,204
17,205
49,205
236,205
286,205
338,205
416,205
450,205
479,205
17,206
49,206
236,206
286,206
337,206
416,206
449,206
479,206
16,207
49,207
235,207
287,207
337,207
416,207
449,207
479,207
16,208
50,208
235,208
287,208
337,208
416,208
447,208
479,208
15,209
50,209
235,209
288,209
337,209
415,209
447,209
479,209
15,210
50,210
235,210
288,210
337,210
415,210
446,210
479,210
14,211
50,211
235,211
288,211
337,211
415,211
446,211
479,211
14,212
50,212
235,212
289,212
337,212
415,212
444,212
479,212
14,213
50,213
235,213
290,213
337,213
415,213
444,213
479,213
13,214
50,214
235,214
291,214
336,214
415,214
443,214
479,214
13,215
51,215
235,215
291,215
336,215
415,215
442,215
479,215
12,216
51,216
235,216
292,216
335,216
414,216
441,216
479,216
12,217
51,217
235,217
292,217
334,217
414,217
440,217
479,217
12,218
51,218
235,218
293,218
334,218
414,218
440,218
479,218
12,219
50,219
235,219
294,219
334,219
413,219
441,219
479,219
12,220
51,220
235,220
295,220
334,220
412,220
440,220
479,220
11,221
51,221
235,221
296,221
334,221
412,221
440,221
479,221
11,222
51,222
235,222
298,222
332,222
412,222
438,222
479,222
10,223
51,223
235,223
299,223
333,223
412,223
437,223
479,223
10,224
51,224
235,224
300,224
332,224
412,224
436,224
479,224
10,225
51,225
235,225
301,225
331,225
331,225
334,225
411,225
436,225
479,225
10,226
51,226
235,226
303,226
329,226
410,226
435,226
479,226
10,227
51,227
235,227
307,227
328,227
410,227
435,227
479,227
10,228
51,228
235,228
310,228
312,228
314,228
327,228
409,228
434,228
479,228
8,229
51,229
235,229
318,229
324,229
409,229
433,229
479,229
8,230
51,230
235,230
321,230
323,230
409,230
433,230
479,230
8,231
51,231
236,231
408,231
433,231
479,231
8,232
52,232
236,232
408,232
431,232
479,232
8,233
52,233
236,233
408,233
430,233
479,233
7,234
52,234
236,234
406,234
430,234
479,234
7,235
52,235
236,235
406,235
430,235
479,235
6,236
52,236
236,236
406,236
427,236
427,236
430,236
479,236
6,237
52,237
236,237
406,237
427,237
479,237
6,238
52,238
237,238
405,238
426,238
479,238
6,239
52,239
237,239
404,239
426,239
479,239
5,240
52,240
237,240
404,240
424,240
479,240
5,241
53,241
237,241
403,241
424,241
479,241
4,242
53,242
238,242
403,242
424,242
479,242
4,243
53,243
238,243
402,243
422,243
479,243
4,244
53,244
239,244
402,244
421,244
479,244
4,245
53,245
239,245
401,245
420,245
479,245
4,246
54,246
239,246
401,246
420,246
479,246
4,247
54,247
239,247
400,247
419,247
479,247
3,248
54,248
241,248
401,248
418,248
479,248
3,249
54,249
241,249
400,249
417,249
479,249
3,250
54,250
241,250
399,250
417,250
479,250
3,251
55,251
241,251
399,251
415,251
479,251
3,252
55,252
241,252
399,252
414,252
479,252
2,253
55,253
242,253
398,253
413,253
479,253
2,254
55,254
242,254
398,254
412,254
479,254
2,255
55,255
243,255
397,255
412,255
479,255
2,256
55,256
243,256
397,256
411,256
479,256
1,257
55,257
244,257
397,257
411,257
479,257
1,258
55,258
244,258
397,258
410,258
479,258
1,259
56,259
244,259
396,259
408,259
479,259
1,260
57,260
244,260
396,260
407,260
479,260
1,261
57,261
244,261
396,261
407,261
479,261
2,262
57,262
245,262
395,262
406,262
479,262
1,263
57,263
246,263
395,263
405,263
479,263
0,264
57,264
246,264
394,264
403,264
479,264
0,265
58,265
247,265
393,265
403,265
479,265
0,266
58,266
247,266
393,266
402,266
479,266
0,267
58,267
248,267
391,267
401,267
479,267
0,268
59,268
248,268
391,268
399,268
479,268
0,269
59,269
248,269
392,269
399,269
479,269
0,270
59,270
249,270
392,270
398,270
479,270
0,271
59,271
250,271
394,271
396,271
479,271
0,272
59,272
250,272
479,272
0,273
59,273
252,273
479,273
0,274
60,274
252,274
479,274
0,275
60,275
253,275
479,275
0,276
60,276
253,276
479,276
0,277
61,277
254,277
479,277
0,278
61,278
255,278
479,278
0,279
62,279
256,279
479,279
0,280
62,280
257,280
479,280
0,281
62,281
258,281
479,281
0,282
63,282
259,282
479,282
0,283
63,283
260,283
479,283
0,284
63,284
261,284
479,284
0,285
63,285
262,285
479,285
0,286
64,286
263,286
479,286
0,287
64,287
264,287
479,287
0,288
65,288
265,288
479,288
0,289
65,289
266,289
479,289
0,290
65,290
267,290
479,290
0,291
65,291
268,291
479,291
0,292
67,292
269,292
479,292
0,293
67,293
270,293
479,293
0,294
68,294
271,294
479,294
0,295
68,295
272,295
479,295
0,296
68,296
276,296
479,296
0,297
69,297
276,297
374,297
376,297
479,297
0,298
69,298
277,298
373,298
377,298
479,298
0,299
69,299
277,299
373,299
378,299
479,299
0,300
71,300
281,300
372,300
378,300
479,300
0,301
71,301
282,301
372,301
378,301
479,301
0,302
71,302
282,302
371,302
378,302
479,302
0,303
71,303
285,303
371,303
378,303
479,303
0,304
71,304
288,304
366,304
378,304
479,304
0,305
72,305
290,305
365,305
378,305
479,305
0,306
72,306
292,306
361,306
378,306
479,306
0,307
73,307
292,307
359,307
378,307
479,307
0,308
73,308
295,308
352,308
377,308
479,308
0,309
75,309
299,309
351,309
377,309
479,309
0,310
75,310
305,310
345,310
376,310
479,310
0,311
76,311
305,311
343,311
376,311
479,311
0,312
76,312
318,312
337,312
376,312
479,312
0,313
77,313
376,313
479,313
0,314
77,314
376,314
479,314
0,315
78,315
376,315
479,315
0,316
79,316
376,316
479,316
0,317
80,317
376,317
479,317
0,318
80,318
376,318
479,318
0,319
80,319
376,319
479,319
0,320
81,320
376,320
479,320
0,321
82,321
376,321
479,321
0,322
83,322
376,322
479,322
0,323
84,323
375,323
479,323
0,324
84,324
375,324
479,324
0,325
85,325
375,325
479,325
0,326
86,326
374,326
479,326
0,327
86,327
374,327
479,327
0,328
87,328
374,328
479,328
0,329
88,329
374,329
479,329
0,330
89,330
374,330
479,330
0,331
90,331
374,331
479,331
0,332
91,332
374,332
479,332
0,333
92,333
373,333
479,333
0,334
93,334
373,334
479,334
0,335
94,335
373,335
479,335
0,336
95,336
373,336
479,336
0,337
95,337
373,337
479,337
0,338
96,338
373,338
479,338
0,339
97,339
373,339
479,339
0,340
99,340
373,340
479,340
0,341
100,341
373,341
479,341
0,342
101,342
373,342
479,342
0,343
102,343
373,343
479,343
0,344
103,344
373,344
479,344
0,345
105,345
373,345
479,345
0,346
106,346
373,346
479,346
0,347
107,347
373,347
479,347
0,348
109,348
373,348
479,348
0,349
112,349
373,349
479,349
0,350
113,350
374,350
479,350
0,351
114,351
374,351
479,351
0,352
116,352
374,352
479,352
0,353
117,353
374,353
479,353
0,354
119,354
374,354
479,354
1,355
119,355
373,355
479,355
1,356
122,356
372,356
479,356
1,357
124,357
372,357
479,357
2,358
125,358
372,358
479,358
2,359
125,359
372,359
479,359
