66,0
411,0
65,1
412,1
65,2
413,2
64,3
414,3
63,4
415,4
62,5
416,5
62,6
417,6
60,7
105,7
110,7
418,7
58,8
58,8
60,8
102,8
134,8
419,8
57,9
58,9
60,9
101,9
144,9
420,9
57,10
95,10
147,10
420,10
56,11
95,11
156,11
421,11
55,12
88,12
158,12
423,12
55,13
83,13
161,13
423,13
53,14
79,14
163,14
424,14
52,15
77,15
169,15
425,15
52,16
73,16
170,16
427,16
51,17
71,17
172,17
427,17
50,18
69,18
174,18
428,18
49,19
67,19
177,19
428,19
48,20
65,20
178,20
429,20
47,21
63,21
181,21
430,21
47,22
63,22
184,22
431,22
45,23
62,23
184,23
432,23
45,24
60,24
186,24
433,24
45,25
59,25
188,25
433,25
43,26
54,26
56,26
57,26
190,26
434,26
42,27
53,27
190,27
435,27
42,28
53,28
193,28
436,28
41,29
52,29
194,29
436,29
40,30
51,30
196,30
437,30
39,31
51,31
198,31
438,31
39,32
46,32
199,32
439,32
38,33
45,33
200,33
440,33
37,34
44,34
200,34
441,34
37,35
44,35
202,35
442,35
35,36
42,36
203,36
442,36
35,37
41,37
205,37
442,37
34,38
40,38
206,38
444,38
34,39
39,39
207,39
444,39
33,40
38,40
208,40
444,40
32,41
36,41
209,41
446,41
32,42
35,42
211,42
446,42
31,43
35,43
211,43
447,43
30,44
33,44
212,44
447,44
30,45
32,45
214,45
448,45
29,46
31,46
215,46
448,46
29,47
31,47
216,47
448,47
28,48
29,48
217,48
451,48
27,49
28,49
218,49
451,49
27,50
27,50
219,50
451,50
26,51
27,51
219,51
452,51
26,52
26,52
220,52
452,52
25,53
25,53
221,53
453,53
24,54
24,54
221,54
454,54
23,55
23,55
222,55
454,55
222,56
455,56
223,57
455,57
22,58
22,58
224,58
456,58
21,59
21,59
224,59
457,59
226,60
458,60
226,61
458,61
228,62
459,62
228,63
459,63
229,64
459,64
229,65
460,65
230,66
461,66
230,67
461,67
230,68
462,68
231,69
462,69
232,70
463,70
234,71
463,71
234,72
463,72
234,73
464,73
235,74
464,74
235,75
465,75
235,76
465,76
236,77
466,77
237,78
466,78
237,79
467,79
238,80
467,80
238,81
467,81
239,82
468,82
239,83
468,83
240,84
468,84
240,85
469,85
240,86
469,86
240,87
470,87
240,88
471,88
240,89
471,89
241,90
472,90
241,91
472,91
242,92
472,92
242,93
472,93
243,94
473,94
243,95
473,95
243,96
473,96
243,97
473,97
244,98
474,98
244,99
474,99
244,100
474,100
244,101
475,101
245,102
475,102
246,103
475,103
246,104
476,104
246,105
476,105
246,106
476,106
246,107
477,107
246,108
477,108
247,109
478,109
247,110
478,110
247,111
478,111
247,112
479,112
247,113
479,113
247,114
479,114
247,115
479,115
247,116
479,116
248,117
479,117
119,118
129,118
248,118
479,118
116,119
134,119
248,119
479,119
113,120
137,120
248,120
479,120
110,121
140,121
248,121
479,121
107,122
141,122
248,122
479,122
106,123
142,123
248,123
479,123
106,124
143,124
248,124
479,124
104,125
144,125
248,125
479,125
102,126
145,126
248,126
479,126
102,127
146,127
248,127
479,127
101,128
147,128
248,128
479,128
100,129
147,129
248,129
479,129
99,130
149,130
248,130
479,130
99,131
150,131
248,131
479,131
98,132
151,132
248,132
479,132
97,133
151,133
248,133
479,133
96,134
152,134
248,134
479,134
96,135
152,135
248,135
479,135
96,136
152,136
248,136
479,136
96,137
153,137
248,137
479,137
96,138
153,138
248,138
479,138
96,139
154,139
248,139
479,139
96,140
155,140
248,140
479,140
97,141
155,141
248,141
479,141
98,142
155,142
248,142
479,142
98,143
155,143
248,143
479,143
98,144
155,144
248,144
479,144
99,145
155,145
248,145
479,145
99,146
155,146
248,146
479,146
100,147
156,147
248,147
479,147
100,148
156,148
248,148
479,148
101,149
156,149
248,149
479,149
101,150
156,150
248,150
479,150
102,151
156,151
248,151
479,151
102,152
156,152
248,152
479,152
103,153
155,153
247,153
479,153
104,154
154,154
247,154
479,154
104,155
154,155
247,155
479,155
105,156
152,156
247,156
479,156
106,157
151,157
246,157
479,157
107,158
151,158
246,158
479,158
108,159
151,159
246,159
479,159
110,160
149,160
246,160
479,160
113,161
148,161
246,161
479,161
114,162
144,162
245,162
479,162
114,163
140,163
245,163
479,163
118,164
140,164
245,164
479,164
120,165
138,165
245,165
479,165
128,166
130,166
245,166
479,166
245,167
479,167
245,168
479,168
245,169
479,169
243,170
243,170
245,170
479,170
243,171
243,171
245,171
479,171
243,172
243,172
245,172
479,172
243,173
243,173
245,173
479,173
242,174
243,174
245,174
479,174
242,175
243,175
245,175
479,175
242,176
479,176
241,177
479,177
241,178
479,178
240,179
479,179
240,180
349,180
359,180
479,180
240,181
347,181
361,181
479,181
239,182
340,182
366,182
479,182
239,183
339,183
367,183
479,183
239,184
339,184
370,184
479,184
239,185
337,185
373,185
479,185
238,186
336,186
374,186
479,186
238,187
335,187
375,187
479,187
238,188
333,188
376,188
479,188
238,189
333,189
378,189
479,189
238,190
331,190
380,190
479,190
238,191
330,191
380,191
479,191
238,192
330,192
381,192
479,192
237,193
329,193
381,193
479,193
236,194
328,194
381,194
479,194
236,195
328,195
382,195
479,195
236,196
328,196
382,196
479,196
236,197
327,197
383,197
479,197
236,198
326,198
383,198
479,198
236,199
326,199
384,199
479,199
236,200
325,200
384,200
479,200
236,201
325,201
384,201
479,201
236,202
324,202
385,202
479,202
236,203
324,203
385,203
479,203
235,204
325,204
385,204
479,204
235,205
324,205
385,205
479,205
235,206
324,206
385,206
479,206
235,207
323,207
385,207
479,207
235,208
324,208
386,208
479,208
235,209
323,209
386,209
479,209
235,210
323,210
386,210
479,210
235,211
323,211
386,211
479,211
235,212
322,212
386,212
479,212
235,213
322,213
386,213
479,213
235,214
321,214
386,214
479,214
235,215
321,215
386,215
479,215
235,216
321,216
386,216
479,216
235,217
321,217
385,217
479,217
235,218
320,218
385,218
479,218
235,219
320,219
385,219
479,219
235,220
320,220
384,220
479,220
236,221
320,221
384,221
479,221
236,222
320,222
384,222
479,222
236,223
320,223
383,223
479,223
236,224
320,224
383,224
479,224
236,225
320,225
383,225
479,225
236,226
319,226
382,226
479,226
236,227
319,227
382,227
479,227
236,228
319,228
382,228
479,228
236,229
319,229
382,229
479,229
237,230
320,230
381,230
479,230
237,231
320,231
381,231
479,231
238,232
320,232
380,232
479,232
238,233
320,233
380,233
479,233
238,234
320,234
380,234
479,234
238,235
320,235
380,235
479,235
238,236
320,236
380,236
479,236
238,237
321,237
379,237
479,237
238,238
321,238
378,238
479,238
238,239
322,239
378,239
479,239
239,240
322,240
376,240
479,240
239,241
322,241
376,241
479,241
240,242
323,242
376,242
479,242
240,243
323,243
375,243
479,243
240,244
324,244
375,244
479,244
240,245
325,245
374,245
479,245
240,246
326,246
374,246
479,246
240,247
327,247
373,247
479,247
241,248
328,248
372,248
479,248
241,249
329,249
370,249
478,249
242,250
330,250
369,250
478,250
242,251
331,251
369,251
477,251
242,252
332,252
367,252
477,252
243,253
337,253
366,253
477,253
243,254
338,254
364,254
477,254
244,255
340,255
360,255
477,255
244,256
342,256
357,256
476,256
245,257
476,257
245,258
475,258
246,259
475,259
246,260
475,260
246,261
475,261
0,262
0,262
247,262
475,262
479,262
479,262
0,263
0,263
247,263
475,263
479,263
479,263
0,264
0,264
248,264
474,264
479,264
479,264
0,265
1,265
248,265
474,265
478,265
479,265
0,266
1,266
248,266
473,266
477,266
479,266
0,267
1,267
248,267
473,267
477,267
479,267
0,268
2,268
249,268
472,268
477,268
479,268
0,269
2,269
249,269
472,269
476,269
479,269
0,270
3,270
250,270
471,270
475,270
479,270
0,271
3,271
251,271
471,271
475,271
479,271
0,272
3,272
251,272
471,272
474,272
479,272
0,273
4,273
252,273
470,273
474,273
479,273
0,274
4,274
252,274
470,274
473,274
479,274
0,275
4,275
252,275
469,275
473,275
479,275
0,276
5,276
253,276
468,276
472,276
479,276
0,277
5,277
254,277
468,277
472,277
479,277
0,278
6,278
255,278
467,278
472,278
479,278
0,279
6,279
256,279
467,279
472,279
479,279
0,280
7,280
256,280
465,280
471,280
479,280
0,281
7,281
257,281
465,281
470,281
479,281
0,282
8,282
258,282
464,282
469,282
479,282
0,283
8,283
258,283
463,283
468,283
479,283
0,284
8,284
259,284
463,284
468,284
479,284
0,285
9,285
259,285
462,285
468,285
479,285
0,286
9,286
260,286
461,286
467,286
479,286
0,287
10,287
261,287
461,287
467,287
479,287
0,288
10,288
262,288
460,288
467,288
479,288
0,289
11,289
262,289
458,289
466,289
479,289
0,290
11,290
263,290
457,290
465,290
479,290
0,291
12,291
264,291
456,291
465,291
479,291
0,292
12,292
265,292
456,292
464,292
479,292
0,293
12,293
266,293
455,293
464,293
479,293
0,294
13,294
267,294
455,294
464,294
479,294
0,295
13,295
267,295
455,295
463,295
479,295
0,296
14,296
269,296
454,296
463,296
479,296
0,297
15,297
270,297
453,297
464,297
479,297
0,298
15,298
271,298
452,298
462,298
479,298
0,299
16,299
272,299
451,299
462,299
479,299
0,300
17,300
273,300
448,300
461,300
479,300
0,301
15,301
17,301
17,301
274,301
447,301
461,301
479,301
0,302
18,302
275,302
445,302
460,302
479,302
0,303
18,303
275,303
445,303
460,303
479,303
0,304
18,304
277,304
444,304
458,304
479,304
0,305
18,305
278,305
442,305
458,305
479,305
0,306
20,306
279,306
441,306
457,306
479,306
0,307
20,307
280,307
439,307
457,307
479,307
0,308
21,308
281,308
439,308
456,308
479,308
0,309
22,309
283,309
438,309
456,309
479,309
0,310
22,310
284,310
436,310
456,310
479,310
0,311
23,311
284,311
434,311
454,311
479,311
0,312
23,312
285,312
433,312
454,312
479,312
0,313
24,313
286,313
433,313
453,313
479,313
0,314
24,314
287,314
431,314
452,314
479,314
0,315
25,315
290,315
429,315
452,315
479,315
0,316
25,316
292,316
427,316
451,316
479,316
0,317
27,317
295,317
426,317
451,317
457,317
459,317
479,317
0,318
27,318
295,318
425,318
450,318
479,318
0,319
28,319
298,319
421,319
449,319
479,319
0,320
28,320
300,320
420,320
448,320
479,320
0,321
29,321
301,321
417,321
448,321
479,321
0,322
30,322
303,322
417,322
447,322
479,322
0,323
30,323
305,323
415,323
447,323
479,323
0,324
31,324
306,324
412,324
446,324
479,324
0,325
32,325
309,325
410,325
445,325
479,325
0,326
32,326
310,326
411,326
445,326
479,326
0,327
33,327
313,327
407,327
444,327
479,327
0,328
33,328
314,328
402,328
444,328
479,328
0,329
34,329
320,329
401,329
443,329
479,329
0,330
35,330
321,330
398,330
442,330
479,330
0,331
36,331
321,331
395,331
442,331
479,331
0,332
37,332
325,332
392,332
441,332
479,332
0,333
38,333
329,333
388,333
440,333
479,333
0,334
39,334
334,334
382,334
439,334
479,334
0,335
39,335
340,335
340,335
343,335
377,335
438,335
479,335
0,336
40,336
352,336
369,336
437,336
479,336
0,337
41,337
437,337
479,337
0,338
42,338
436,338
479,338
0,339
42,339
435,339
479,339
0,340
44,340
434,340
479,340
0,341
44,341
433,341
479,341
0,342
45,342
433,342
479,342
0,343
46,343
431,343
479,343
0,344
46,344
430,344
479,344
0,345
48,345
430,345
479,345
0,346
48,346
429,346
479,346
0,347
49,347
428,347
479,347
0,348
50,348
427,348
479,348
0,349
51,349
427,349
479,349
0,350
52,350
426,350
479,350
0,351
52,351
425,351
479,351
0,352
54,352
424,352
479,352
0,353
55,353
423,353
479,353
0,354
56,354
422,354
479,354
0,355
56,355
420,355
421,355
423,355
479,355
0,356
58,356
419,356
479,356
0,357
58,357
419,357
479,357
0,358
59,358
418,358
479,358
0,359
60,359
417,359
479,359
