0,0
43,0
439,0
479,0
0,1
41,1
439,1
479,1
0,2
40,2
440,2
479,2
0,3
39,3
441,3
479,3
0,4
39,4
442,4
447,4
450,4
479,4
0,5
38,5
443,5
479,5
0,6
37,6
444,6
479,6
0,7
36,7
444,7
479,7
0,8
35,8
445,8
479,8
0,9
34,9
446,9
479,9
0,10
34,10
446,10
479,10
0,11
33,11
447,11
479,11
0,12
32,12
449,12
479,12
0,13
31,13
449,13
479,13
0,14
31,14
450,14
479,14
0,15
30,15
451,15
479,15
0,16
30,16
452,16
479,16
0,17
28,17
453,17
479,17
0,18
28,18
453,18
479,18
0,19
27,19
454,19
479,19
0,20
26,20
104,20
105,20
112,20
124,20
455,20
479,20
0,21
25,21
96,21
129,21
455,21
479,21
0,22
25,22
83,22
139,22
456,22
479,22
0,23
24,23
79,23
142,23
457,23
479,23
0,24
23,24
77,24
147,24
458,24
479,24
0,25
22,25
75,25
153,25
459,25
479,25
0,26
22,26
71,26
154,26
460,26
479,26
0,27
20,27
69,27
157,27
461,27
479,27
0,28
19,28
67,28
158,28
460,28
479,28
0,29
19,29
61,29
162,29
461,29
479,29
0,30
19,30
59,30
164,30
462,30
479,30
0,31
18,31
57,31
166,31
462,31
479,31
0,32
17,32
56,32
167,32
463,32
479,32
0,33
16,33
53,33
169,33
463,33
479,33
0,34
15,34
53,34
171,34
465,34
479,34
0,35
15,35
50,35
174,35
466,35
479,35
0,36
15,36
47,36
176,36
466,36
479,36
0,37
14,37
45,37
178,37
467,37
479,37
0,38
13,38
43,38
180,38
467,38
479,38
0,39
13,39
41,39
182,39
468,39
479,39
0,40
12,40
40,40
183,40
468,40
479,40
0,41
12,41
39,41
184,41
469,41
479,41
0,42
11,42
38,42
185,42
470,42
479,42
0,43
11,43
35,43
186,43
470,43
479,43
0,44
10,44
34,44
188,44
471,44
479,44
0,45
9,45
33,45
189,45
471,45
479,45
0,46
9,46
32,46
190,46
472,46
479,46
0,47
8,47
30,47
191,47
473,47
479,47
0,48
7,48
29,48
193,48
473,48
479,48
0,49
7,49
28,49
196,49
474,49
479,49
0,50
7,50
26,50
197,50
474,50
479,50
0,51
7,51
26,51
198,51
474,51
479,51
0,52
6,52
25,52
199,52
475,52
479,52
0,53
5,53
23,53
200,53
476,53
479,53
0,54
4,54
22,54
201,54
476,54
479,54
0,55
4,55
21,55
202,55
477,55
479,55
0,56
3,56
20,56
203,56
478,56
479,56
0,57
2,57
19,57
204,57
478,57
479,57
0,58
2,58
18,58
205,58
479,58
479,58
0,59
1,59
16,59
206,59
479,59
479,59
0,60
1,60
15,60
206,60
0,61
1,61
14,61
206,61
0,62
0,62
13,62
207,62
0,63
0,63
13,63
208,63
12,64
210,64
12,65
211,65
10,66
211,66
9,67
212,67
8,68
213,68
7,69
214,69
6,70
215,70
5,71
216,71
4,72
216,72
3,73
216,73
3,74
216,74
2,75
218,75
0,76
219,76
0,77
220,77
0,78
221,78
0,79
221,79
0,80
221,80
0,81
222,81
0,82
222,82
0,83
223,83
0,84
223,84
0,85
223,85
0,86
224,86
0,87
225,87
0,88
226,88
0,89
226,89
0,90
227,90
0,91
228,91
0,92
228,92
0,93
228,93
0,94
229,94
0,95
229,95
0,96
230,96
0,97
231,97
0,98
231,98
0,99
232,99
0,100
232,100
0,101
232,101
0,102
116,102
125,102
232,102
0,103
114,103
131,103
233,103
0,104
110,104
133,104
234,104
0,105
108,105
135,105
234,105
0,106
105,106
137,106
235,106
0,107
104,107
139,107
235,107
0,108
102,108
141,108
235,108
0,109
101,109
143,109
235,109
0,110
100,110
144,110
236,110
0,111
99,111
145,111
236,111
0,112
99,112
146,112
236,112
0,113
98,113
147,113
237,113
0,114
97,114
149,114
237,114
0,115
96,115
150,115
237,115
0,116
96,116
150,116
238,116
0,117
94,117
150,117
239,117
0,118
94,118
151,118
238,118
0,119
94,119
151,119
238,119
0,120
93,120
151,120
239,120
0,121
93,121
152,121
239,121
0,122
92,122
152,122
239,122
0,123
92,123
152,123
239,123
0,124
91,124
152,124
239,124
0,125
91,125
153,125
239,125
0,126
91,126
154,126
239,126
0,127
90,127
154,127
240,127
0,128
90,128
154,128
240,128
0,129
89,129
155,129
240,129
0,130
89,130
155,130
241,130
0,131
88,131
155,131
241,131
0,132
88,132
155,132
241,132
0,133
88,133
155,133
241,133
0,134
87,134
155,134
241,134
0,135
87,135
155,135
241,135
0,136
87,136
155,136
241,136
0,137
87,137
155,137
241,137
0,138
87,138
155,138
241,138
0,139
87,139
155,139
241,139
0,140
87,140
155,140
241,140
0,141
87,141
155,141
241,141
0,142
87,142
155,142
242,142
0,143
86,143
155,143
242,143
0,144
86,144
153,144
242,144
0,145
86,145
152,145
243,145
0,146
85,146
152,146
243,146
0,147
86,147
152,147
243,147
0,148
85,148
152,148
243,148
0,149
85,149
151,149
243,149
0,150
85,150
151,150
243,150
0,151
85,151
151,151
243,151
0,152
85,152
151,152
243,152
0,153
85,153
151,153
243,153
0,154
85,154
150,154
243,154
0,155
85,155
150,155
243,155
0,156
86,156
150,156
243,156
0,157
86,157
150,157
243,157
0,158
86,158
149,158
243,158
0,159
86,159
149,159
243,159
0,160
86,160
149,160
242,160
0,161
86,161
149,161
242,161
0,162
87,162
148,162
241,162
0,163
87,163
147,163
241,163
0,164
88,164
147,164
241,164
0,165
88,165
147,165
241,165
0,166
88,166
147,166
241,166
0,167
88,167
146,167
241,167
0,168
89,168
146,168
241,168
0,169
90,169
144,169
241,169
0,170
91,170
144,170
241,170
0,171
91,171
144,171
241,171
0,172
91,172
143,172
241,172
0,173
92,173
143,173
241,173
0,174
94,174
142,174
239,174
0,175
95,175
141,175
239,175
0,176
95,176
140,176
239,176
0,177
96,177
139,177
239,177
0,178
97,178
137,178
239,178
0,179
99,179
136,179
239,179
0,180
100,180
135,180
239,180
0,181
103,181
133,181
239,181
0,182
106,182
131,182
239,182
0,183
108,183
126,183
239,183
0,184
117,184
121,184
238,184
0,185
237,185
0,186
236,186
0,187
236,187
0,188
236,188
0,189
236,189
0,190
236,190
0,191
235,191
349,191
366,191
0,192
235,192
344,192
368,192
0,193
235,193
343,193
370,193
0,194
235,194
341,194
373,194
0,195
235,195
339,195
376,195
0,196
235,196
337,196
376,196
0,197
235,197
336,197
377,197
0,198
235,198
335,198
377,198
0,199
235,199
334,199
379,199
0,200
233,200
333,200
381,200
0,201
233,201
331,201
383,201
0,202
233,202
331,202
383,202
0,203
233,203
330,203
385,203
0,204
233,204
330,204
384,204
0,205
233,205
327,205
327,205
329,205
384,205
0,206
232,206
327,206
385,206
0,207
232,207
327,207
386,207
388,207
388,207
0,208
232,208
328,208
387,208
0,209
232,209
328,209
387,209
0,210
232,210
327,210
387,210
0,211
232,211
327,211
387,211
0,212
232,212
327,212
388,212
0,213
232,213
327,213
389,213
0,214
232,214
328,214
389,214
0,215
232,215
328,215
391,215
0,216
232,216
328,216
391,216
0,217
232,217
328,217
391,217
0,218
232,218
328,218
391,218
0,219
232,219
328,219
391,219
0,220
232,220
329,220
391,220
0,221
232,221
329,221
391,221
0,222
232,222
330,222
390,222
0,223
232,223
331,223
390,223
0,224
232,224
331,224
390,224
0,225
232,225
331,225
389,225
0,226
232,226
332,226
389,226
0,227
232,227
333,227
388,227
0,228
232,228
333,228
388,228
0,229
232,229
334,229
387,229
0,230
232,230
336,230
387,230
0,231
232,231
337,231
386,231
0,232
232,232
337,232
382,232
0,233
232,233
338,233
382,233
0,234
232,234
339,234
380,234
0,235
232,235
341,235
379,235
0,236
232,236
343,236
378,236
0,237
232,237
345,237
376,237
0,238
232,238
347,238
374,238
0,239
232,239
351,239
373,239
0,240
233,240
352,240
369,240
0,241
233,241
0,242
233,242
0,243
233,243
0,244
233,244
0,245
233,245
0,246
233,246
0,247
233,247
0,248
233,248
0,249
233,249
0,250
233,250
0,251
233,251
0,252
234,252
0,253
235,253
0,254
235,254
0,255
235,255
0,256
235,256
0,257
235,257
0,258
236,258
0,259
236,259
0,260
236,260
0,261
236,261
0,262
237,262
0,263
237,263
0,264
237,264
0,265
238,265
0,266
239,266
0,267
239,267
0,268
239,268
0,269
239,269
0,270
239,270
0,271
239,271
0,272
240,272
0,273
241,273
0,274
241,274
0,275
242,275
0,276
242,276
0,277
242,277
0,278
243,278
0,279
244,279
0,280
243,280
0,281
244,281
0,282
245,282
0,283
245,283
0,284
245,284
0,285
246,285
0,286
246,286
0,287
247,287
0,288
0,288
2,288
248,288
0,289
0,289
2,289
249,289
1,290
249,290
2,291
249,291
2,292
250,292
3,293
250,293
3,294
250,294
4,295
251,295
4,296
253,296
476,296
476,296
5,297
254,297
6,298
254,298
6,299
254,299
6,300
254,300
7,301
255,301
7,302
256,302
8,303
256,303
9,304
257,304
472,304
472,304
9,305
259,305
9,306
259,306
471,306
471,306
10,307
260,307
470,307
470,307
10,308
261,308
470,308
470,308
11,309
261,309
469,309
469,309
12,310
261,310
467,310
468,310
13,311
262,311
466,311
467,311
14,312
262,312
466,312
467,312
14,313
264,313
465,313
467,313
14,314
265,314
464,314
466,314
15,315
266,315
464,315
465,315
16,316
267,316
463,316
465,316
16,317
268,317
463,317
464,317
17,318
269,318
461,318
463,318
17,319
269,319
460,319
463,319
19,320
271,320
456,320
462,320
19,321
272,321
456,321
462,321
19,322
273,322
456,322
461,322
20,323
274,323
456,323
460,323
21,324
275,324
454,324
460,324
22,325
276,325
453,325
458,325
23,326
277,326
452,326
458,326
22,327
279,327
450,327
458,327
23,328
280,328
448,328
457,328
24,329
282,329
447,329
456,329
24,330
284,330
446,330
455,330
26,331
285,331
446,331
454,331
26,332
285,332
444,332
454,332
26,333
286,333
443,333
454,333
28,334
288,334
442,334
453,334
29,335
289,335
440,335
452,335
30,336
292,336
438,336
451,336
31,337
293,337
436,337
451,337
30,338
294,338
434,338
449,338
32,339
299,339
433,339
448,339
32,340
299,340
432,340
448,340
34,341
300,341
430,341
447,341
33,342
303,342
428,342
447,342
35,343
306,343
427,343
446,343
36,344
308,344
423,344
444,344
37,345
309,345
422,345
444,345
36,346
309,346
419,346
443,346
37,347
312,347
416,347
442,347
39,348
315,348
416,348
442,348
40,349
317,349
414,349
440,349
40,350
319,350
411,350
440,350
41,351
323,351
408,351
439,351
42,352
329,352
402,352
438,352
42,353
331,353
402,353
437,353
43,354
333,354
336,354
337,354
398,354
437,354
44,355
339,355
388,355
436,355
45,356
352,356
385,356
435,356
46,357
434,357
47,358
434,358
48,359
432,359
