5,0
238,0
258,0
401,0
3,1
237,1
265,1
401,1
3,2
232,2
270,2
401,2
2,3
229,3
270,3
401,3
1,4
227,4
273,4
401,4
0,5
227,5
275,5
401,5
0,6
224,6
277,6
401,6
0,7
221,7
280,7
401,7
0,8
220,8
280,8
402,8
0,9
219,9
281,9
402,9
0,10
219,10
282,10
403,10
0,11
217,11
283,11
403,11
0,12
216,12
284,12
403,12
0,13
215,13
285,13
403,13
0,14
215,14
286,14
404,14
0,15
213,15
287,15
404,15
0,16
213,16
287,16
404,16
0,17
213,17
288,17
404,17
0,18
212,18
289,18
404,18
0,19
211,19
289,19
404,19
0,20
211,20
289,20
404,20
0,21
210,21
290,21
404,21
0,22
210,22
291,22
404,22
0,23
210,23
291,23
404,23
0,24
210,24
292,24
404,24
0,25
209,25
292,25
404,25
0,26
209,26
292,26
404,26
0,27
208,27
293,27
404,27
0,28
208,28
293,28
404,28
0,29
208,29
293,29
404,29
0,30
207,30
293,30
404,30
0,31
207,31
293,31
404,31
0,32
207,32
293,32
404,32
0,33
207,33
293,33
404,33
0,34
207,34
294,34
404,34
0,35
207,35
294,35
404,35
0,36
207,36
294,36
404,36
0,37
207,37
294,37
404,37
0,38
207,38
294,38
404,38
0,39
207,39
293,39
404,39
0,40
207,40
293,40
404,40
0,41
207,41
293,41
404,41
0,42
208,42
293,42
404,42
0,43
208,43
293,43
404,43
0,44
208,44
293,44
404,44
0,45
208,45
293,45
404,45
0,46
208,46
292,46
404,46
0,47
209,47
292,47
403,47
0,48
209,48
292,48
403,48
0,49
209,49
291,49
403,49
0,50
210,50
291,50
403,50
0,51
211,51
291,51
403,51
0,52
211,52
290,52
403,52
0,53
211,53
290,53
403,53
0,54
212,54
289,54
402,54
0,55
212,55
287,55
401,55
0,56
213,56
288,56
401,56
0,57
214,57
287,57
401,57
0,58
215,58
286,58
401,58
0,59
215,59
285,59
401,59
0,60
216,60
284,60
401,60
0,61
217,61
283,61
400,61
0,62
218,62
283,62
400,62
0,63
219,63
282,63
400,63
0,64
220,64
281,64
400,64
0,65
222,65
280,65
400,65
0,66
223,66
280,66
400,66
0,67
225,67
277,67
400,67
0,68
227,68
275,68
400,68
0,69
228,69
273,69
399,69
0,70
231,70
272,70
399,70
0,71
234,71
271,71
399,71
0,72
234,72
262,72
399,72
0,73
249,73
253,73
399,73
0,74
398,74
0,75
398,75
0,76
397,76
0,77
397,77
0,78
397,78
0,79
396,79
0,80
397,80
0,81
396,81
0,82
396,82
0,83
396,83
0,84
395,84
0,85
395,85
0,86
394,86
0,87
394,87
0,88
394,88
0,89
394,89
0,90
393,90
0,91
392,91
0,92
392,92
0,93
391,93
0,94
391,94
0,95
391,95
0,96
390,96
0,97
390,97
0,98
389,98
0,99
389,99
0,100
388,100
0,101
388,101
0,102
388,102
0,103
388,103
0,104
387,104
0,105
386,105
0,106
386,106
0,107
384,107
0,108
384,108
0,109
384,109
0,110
383,110
0,111
383,111
0,112
382,112
0,113
381,113
0,114
380,114
0,115
380,115
0,116
378,116
0,117
378,117
0,118
377,118
0,119
377,119
0,120
376,120
0,121
375,121
0,122
374,122
0,123
374,123
0,124
373,124
0,125
372,125
0,126
370,126
372,126
372,126
0,127
369,127
0,128
368,128
0,129
367,129
0,130
366,130
0,131
365,131
0,132
365,132
0,133
364,133
0,134
364,134
0,135
364,135
0,136
362,136
0,137
361,137
0,138
360,138
0,139
360,139
0,140
358,140
0,141
357,141
0,142
357,142
0,143
356,143
0,144
353,144
0,145
352,145
0,146
351,146
0,147
350,147
0,148
349,148
0,149
347,149
0,150
345,150
0,151
345,151
0,152
344,152
0,153
342,153
0,154
341,154
0,155
339,155
0,156
338,156
0,157
337,157
0,158
336,158
0,159
333,159
0,160
330,160
0,161
330,161
0,162
329,162
0,163
327,163
0,164
322,164
0,165
322,165
0,166
321,166
0,167
319,167
0,168
315,168
0,169
314,169
0,170
309,170
0,171
309,171
0,172
307,172
0,173
306,173
0,174
297,174
0,175
297,175
0,176
292,176
0,177
202,177
221,177
287,177
0,178
191,178
234,178
282,178
0,179
181,179
235,179
282,179
0,180
180,180
247,180
271,180
0,181
178,181
0,182
171,182
0,183
171,183
0,184
166,184
0,185
162,185
0,186
159,186
0,187
159,187
0,188
153,188
0,189
152,189
0,190
147,190
0,191
147,191
0,192
145,192
0,193
142,193
0,194
141,194
0,195
140,195
0,196
137,196
0,197
134,197
0,198
133,198
0,199
132,199
0,200
130,200
0,201
127,201
0,202
126,202
0,203
125,203
0,204
123,204
0,205
122,205
0,206
120,206
0,207
119,207
0,208
118,208
0,209
117,209
0,210
115,210
0,211
115,211
0,212
114,212
0,213
113,213
0,214
111,214
0,215
111,215
0,216
109,216
0,217
108,217
0,218
106,218
0,219
104,219
0,220
104,220
0,221
103,221
0,222
101,222
0,223
100,223
0,224
99,224
0,225
99,225
0,226
99,226
0,227
98,227
0,228
97,228
0,229
96,229
0,230
95,230
0,231
95,231
0,232
93,232
0,233
93,233
0,234
91,234
0,235
91,235
0,236
90,236
0,237
89,237
0,238
89,238
0,239
88,239
0,240
87,240
0,241
87,241
0,242
87,242
0,243
87,243
0,244
86,244
0,245
85,245
0,246
84,246
0,247
83,247
0,248
82,248
0,249
82,249
0,250
81,250
0,251
81,251
0,252
80,252
0,253
78,253
0,254
78,254
0,255
78,255
0,256
77,256
0,257
77,257
0,258
76,258
0,259
76,259
0,260
75,260
0,261
74,261
0,262
74,262
0,263
74,263
0,264
73,264
0,265
73,265
0,266
72,266
0,267
72,267
0,268
72,268
0,269
71,269
0,270
71,270
0,271
71,271
0,272
70,272
0,273
69,273
0,274
69,274
0,275
69,275
0,276
69,276
0,277
68,277
0,278
68,278
0,279
68,279
0,280
67,280
0,281
67,281
0,282
66,282
225,282
231,282
0,283
66,283
220,283
235,283
0,284
66,284
218,284
239,284
0,285
65,285
217,285
239,285
0,286
65,286
214,286
240,286
0,287
64,287
211,287
242,287
0,288
65,288
210,288
243,288
0,289
64,289
209,289
244,289
0,290
64,290
207,290
245,290
0,291
64,291
206,291
246,291
0,292
64,292
205,292
247,292
0,293
64,293
204,293
249,293
0,294
64,294
204,294
251,294
0,295
63,295
203,295
251,295
0,296
63,296
203,296
252,296
0,297
63,297
202,297
253,297
0,298
63,298
201,298
253,298
0,299
63,299
201,299
254,299
0,300
62,300
200,300
254,300
0,301
62,301
199,301
255,301
0,302
62,302
198,302
255,302
0,303
61,303
197,303
255,303
0,304
61,304
197,304
255,304
0,305
61,305
196,305
256,305
0,306
61,306
196,306
256,306
0,307
61,307
196,307
257,307
0,308
61,308
196,308
257,308
0,309
61,309
196,309
258,309
0,310
61,310
196,310
258,310
0,311
61,311
196,311
258,311
0,312
60,312
195,312
258,312
0,313
60,313
195,313
258,313
0,314
60,314
195,314
258,314
0,315
60,315
195,315
258,315
0,316
60,316
194,316
258,316
0,317
60,317
194,317
259,317
0,318
60,318
194,318
259,318
0,319
60,319
194,319
259,319
0,320
60,320
194,320
259,320
0,321
60,321
194,321
259,321
0,322
60,322
194,322
259,322
0,323
60,323
194,323
259,323
0,324
60,324
194,324
259,324
0,325
60,325
195,325
259,325
0,326
60,326
195,326
259,326
0,327
60,327
195,327
259,327
0,328
60,328
195,328
258,328
0,329
60,329
195,329
258,329
0,330
60,330
195,330
258,330
0,331
60,331
195,331
258,331
0,332
60,332
195,332
258,332
0,333
60,333
196,333
258,333
0,334
60,334
197,334
258,334
0,335
60,335
197,335
257,335
0,336
61,336
198,336
256,336
0,337
61,337
198,337
256,337
0,338
61,338
199,338
255,338
0,339
61,339
199,339
256,339
0,340
61,340
200,340
255,340
0,341
61,341
201,341
254,341
0,342
61,342
202,342
253,342
0,343
61,343
202,343
252,343
0,344
61,344
202,344
252,344
0,345
61,345
203,345
251,345
0,346
61,346
204,346
250,346
0,347
62,347
205,347
249,347
0,348
62,348
206,348
248,348
0,349
62,349
207,349
247,349
0,350
62,350
208,350
246,350
0,351
62,351
208,351
245,351
0,352
61,352
209,352
243,352
0,353
62,353
210,353
242,353
0,354
63,354
211,354
242,354
0,355
63,355
212,355
241,355
1,356
63,356
217,356
237,356
1,357
63,357
218,357
232,357
2,358
63,358
221,358
227,358
3,359
63,359
223,359
225,359
