0,0
479,0
0,1
479,1
0,2
479,2
0,3
479,3
0,4
479,4
0,5
479,5
0,6
479,6
0,7
479,7
0,8
479,8
0,9
479,9
0,10
479,10
0,11
479,11
0,12
479,12
0,13
479,13
0,14
479,14
0,15
479,15
0,16
479,16
0,17
479,17
0,18
479,18
0,19
479,19
0,20
479,20
0,21
479,21
0,22
479,22
0,23
479,23
0,24
479,24
0,25
479,25
0,26
479,26
0,27
479,27
0,28
479,28
0,29
479,29
0,30
479,30
0,31
479,31
0,32
479,32
0,33
479,33
0,34
479,34
0,35
479,35
0,36
479,36
0,37
479,37
0,38
479,38
0,39
479,39
0,40
479,40
0,41
479,41
0,42
479,42
0,43
479,43
0,44
479,44
0,45
479,45
0,46
479,46
0,47
79,47
103,47
479,47
0,48
66,48
108,48
479,48
0,49
63,49
120,49
479,49
0,50
57,50
121,50
479,50
0,51
50,51
126,51
479,51
0,52
49,52
130,52
479,52
0,53
45,53
132,53
479,53
0,54
43,54
134,54
479,54
0,55
43,55
139,55
479,55
0,56
37,56
141,56
479,56
0,57
36,57
144,57
479,57
0,58
32,58
147,58
479,58
0,59
31,59
150,59
479,59
0,60
27,60
153,60
479,60
0,61
25,61
155,61
479,61
0,62
22,62
157,62
479,62
0,63
20,63
158,63
479,63
0,64
20,64
160,64
479,64
0,65
18,65
161,65
479,65
0,66
16,66
162,66
479,66
0,67
16,67
165,67
479,67
0,68
13,68
167,68
479,68
0,69
11,69
168,69
479,69
0,70
9,70
170,70
479,70
0,71
8,71
172,71
479,71
0,72
5,72
173,72
359,72
374,72
479,72
0,73
3,73
175,73
356,73
378,73
479,73
0,74
2,74
177,74
353,74
382,74
479,74
0,75
1,75
177,75
351,75
385,75
479,75
179,76
348,76
386,76
479,76
180,77
347,77
387,77
479,77
182,78
345,78
347,78
347,78
390,78
479,78
183,79
344,79
391,79
479,79
184,80
343,80
392,80
479,80
184,81
342,81
393,81
479,81
186,82
341,82
394,82
479,82
189,83
340,83
396,83
479,83
190,84
339,84
397,84
479,84
190,85
338,85
398,85
479,85
191,86
338,86
398,86
479,86
192,87
337,87
398,87
479,87
193,88
336,88
399,88
479,88
195,89
335,89
401,89
479,89
195,90
335,90
401,90
479,90
196,91
335,91
401,91
479,91
197,92
334,92
402,92
479,92
198,93
334,93
403,93
479,93
199,94
333,94
403,94
479,94
200,95
333,95
404,95
479,95
201,96
332,96
405,96
479,96
202,97
332,97
405,97
479,97
202,98
332,98
405,98
479,98
203,99
332,99
405,99
479,99
204,100
331,100
406,100
479,100
205,101
331,101
407,101
479,101
207,102
331,102
407,102
479,102
207,103
331,103
407,103
479,103
209,104
331,104
408,104
479,104
210,105
331,105
408,105
479,105
210,106
331,106
407,106
479,106
210,107
331,107
407,107
479,107
211,108
331,108
407,108
479,108
212,109
330,109
408,109
479,109
213,110
330,110
408,110
479,110
213,111
330,111
408,111
479,111
214,112
331,112
408,112
479,112
214,113
331,113
408,113
479,113
215,114
331,114
408,114
479,114
216,115
331,115
408,115
479,115
217,116
331,116
408,116
479,116
217,117
332,117
408,117
479,117
218,118
332,118
408,118
479,118
219,119
332,119
408,119
479,119
219,120
332,120
408,120
479,120
220,121
333,121
408,121
479,121
221,122
334,122
408,122
479,122
222,123
334,123
407,123
479,123
222,124
335,124
407,124
479,124
222,125
335,125
407,125
479,125
222,126
335,126
406,126
479,126
224,127
336,127
406,127
479,127
224,128
337,128
406,128
479,128
224,129
337,129
405,129
479,129
224,130
338,130
404,130
479,130
226,131
338,131
404,131
479,131
226,132
339,132
403,132
479,132
226,133
340,133
403,133
479,133
226,134
341,134
402,134
479,134
227,135
341,135
401,135
479,135
228,136
342,136
401,136
479,136
228,137
343,137
400,137
479,137
228,138
343,138
400,138
479,138
229,139
345,139
399,139
479,139
230,140
346,140
399,140
479,140
230,141
346,141
397,141
479,141
230,142
346,142
395,142
479,142
230,143
348,143
394,143
479,143
231,144
351,144
392,144
479,144
231,145
352,145
391,145
479,145
232,146
353,146
389,146
479,146
232,147
356,147
388,147
479,147
232,148
358,148
385,148
479,148
233,149
363,149
383,149
479,149
233,150
479,150
233,151
479,151
234,152
479,152
234,153
479,153
234,154
479,154
235,155
479,155
235,156
479,156
235,157
479,157
235,158
479,158
236,159
479,159
237,160
479,160
237,161
479,161
237,162
479,162
237,163
479,163
237,164
479,164
237,165
479,165
238,166
479,166
238,167
479,167
238,168
479,168
238,169
479,169
238,170
479,170
239,171
479,171
239,172
479,172
239,173
479,173
239,174
479,174
240,175
479,175
240,176
479,176
240,177
479,177
240,178
479,178
240,179
479,179
240,180
479,180
240,181
479,181
240,182
479,182
240,183
479,183
240,184
479,184
240,185
479,185
241,186
479,186
241,187
479,187
242,188
479,188
242,189
479,189
242,190
479,190
243,191
479,191
243,192
479,192
243,193
479,193
244,194
479,194
244,195
479,195
244,196
479,196
244,197
479,197
244,198
479,198
245,199
479,199
245,200
479,200
245,201
479,201
245,202
479,202
245,203
479,203
246,204
479,204
246,205
479,205
247,206
479,206
105,207
113,207
247,207
479,207
102,208
122,208
247,208
479,208
98,209
124,209
247,209
479,209
95,210
128,210
248,210
479,210
93,211
129,211
248,211
479,211
92,212
132,212
249,212
479,212
91,213
133,213
249,213
479,213
90,214
134,214
249,214
479,214
89,215
136,215
249,215
479,215
87,216
137,216
250,216
479,216
86,217
138,217
250,217
479,217
85,218
139,218
251,218
479,218
83,219
140,219
251,219
479,219
82,220
141,220
252,220
479,220
82,221
141,221
252,221
479,221
81,222
142,222
253,222
479,222
81,223
143,223
253,223
479,223
80,224
143,224
256,224
479,224
79,225
144,225
255,225
479,225
79,226
145,226
255,226
479,226
78,227
146,227
256,227
479,227
77,228
146,228
256,228
479,228
77,229
147,229
256,229
479,229
76,230
147,230
258,230
479,230
76,231
147,231
258,231
479,231
75,232
147,232
259,232
479,232
75,233
147,233
259,233
479,233
74,234
148,234
260,234
479,234
74,235
148,235
261,235
479,235
74,236
149,236
261,236
479,236
73,237
149,237
262,237
479,237
73,238
149,238
262,238
479,238
73,239
149,239
264,239
479,239
73,240
148,240
265,240
479,240
73,241
148,241
265,241
479,241
73,242
148,242
266,242
479,242
73,243
148,243
266,243
479,243
72,244
148,244
268,244
479,244
72,245
148,245
268,245
479,245
72,246
148,246
268,246
479,246
72,247
148,247
269,247
479,247
72,248
148,248
270,248
479,248
72,249
148,249
271,249
479,249
72,250
148,250
271,250
479,250
73,251
147,251
272,251
479,251
73,252
147,252
273,252
479,252
72,253
147,253
275,253
479,253
73,254
146,254
276,254
479,254
73,255
146,255
276,255
479,255
73,256
146,256
277,256
479,256
73,257
146,257
278,257
479,257
73,258
145,258
279,258
479,258
74,259
145,259
280,259
479,259
74,260
144,260
282,260
479,260
75,261
144,261
282,261
479,261
75,262
143,262
282,262
479,262
76,263
143,263
285,263
479,263
76,264
141,264
287,264
479,264
78,265
141,265
287,265
479,265
78,266
140,266
287,266
479,266
79,267
139,267
288,267
479,267
79,268
138,268
289,268
479,268
80,269
138,269
290,269
479,269
80,270
137,270
292,270
479,270
82,271
136,271
293,271
479,271
82,272
135,272
294,272
479,272
84,273
133,273
294,273
479,273
85,274
132,274
296,274
479,274
86,275
130,275
297,275
478,275
87,276
129,276
299,276
478,276
90,277
128,277
301,277
476,277
91,278
127,278
303,278
475,278
93,279
125,279
303,279
474,279
95,280
122,280
304,280
471,280
97,281
120,281
306,281
469,281
106,282
114,282
308,282
468,282
310,283
467,283
313,284
466,284
314,285
463,285
316,286
462,286
318,287
460,287
318,288
458,288
321,289
456,289
324,290
453,290
325,291
451,291
326,292
449,292
327,293
447,293
330,294
447,294
333,295
443,295
335,296
440,296
338,297
437,297
340,298
435,298
343,299
432,299
346,300
428,300
348,301
421,301
353,302
419,302
360,303
415,303
364,304
406,304
376,305
397,305
