236,0
479,0
236,1
479,1
236,2
479,2
236,3
479,3
236,4
479,4
236,5
479,5
236,6
479,6
236,7
479,7
236,8
479,8
236,9
479,9
236,10
479,10
236,11
479,11
236,12
479,12
236,13
479,13
236,14
479,14
236,15
479,15
237,16
479,16
237,17
479,17
237,18
479,18
237,19
479,19
237,20
479,20
237,21
479,21
237,22
479,22
237,23
479,23
237,24
479,24
237,25
479,25
237,26
479,26
237,27
479,27
237,28
479,28
237,29
479,29
237,30
479,30
237,31
479,31
237,32
479,32
237,33
479,33
237,34
479,34
237,35
479,35
237,36
479,36
237,37
479,37
237,38
479,38
237,39
479,39
237,40
479,40
237,41
479,41
237,42
479,42
237,43
479,43
237,44
479,44
237,45
479,45
237,46
479,46
237,47
479,47
237,48
479,48
237,49
479,49
237,50
479,50
237,51
479,51
237,52
479,52
237,53
479,53
237,54
479,54
237,55
479,55
237,56
479,56
237,57
479,57
237,58
479,58
237,59
479,59
237,60
479,60
237,61
479,61
237,62
479,62
237,63
479,63
237,64
479,64
237,65
479,65
237,66
479,66
237,67
479,67
237,68
479,68
237,69
479,69
237,70
479,70
237,71
479,71
237,72
479,72
237,73
479,73
237,74
479,74
237,75
479,75
237,76
479,76
237,77
479,77
237,78
479,78
237,79
479,79
237,80
479,80
237,81
479,81
237,82
479,82
237,83
479,83
237,84
479,84
237,85
479,85
237,86
479,86
237,87
479,87
237,88
479,88
237,89
479,89
237,90
479,90
237,91
479,91
237,92
479,92
237,93
479,93
237,94
479,94
237,95
479,95
237,96
479,96
237,97
479,97
237,98
479,98
237,99
479,99
237,100
479,100
237,101
479,101
237,102
479,102
237,103
479,103
237,104
479,104
237,105
479,105
237,106
479,106
237,107
479,107
237,108
479,108
237,109
479,109
237,110
479,110
237,111
479,111
237,112
479,112
237,113
479,113
237,114
479,114
237,115
479,115
237,116
479,116
237,117
479,117
237,118
479,118
237,119
479,119
237,120
479,120
237,121
479,121
237,122
479,122
237,123
479,123
237,124
479,124
237,125
479,125
237,126
479,126
237,127
479,127
237,128
479,128
237,129
479,129
237,130
479,130
237,131
479,131
237,132
479,132
237,133
479,133
237,134
479,134
237,135
479,135
80,136
88,136
237,136
479,136
75,137
94,137
237,137
479,137
72,138
97,138
237,138
479,138
70,139
99,139
237,139
479,139
68,140
101,140
237,140
479,140
67,141
102,141
237,141
479,141
64,142
103,142
237,142
373,142
393,142
479,142
64,143
105,143
237,143
367,143
397,143
479,143
63,144
107,144
237,144
357,144
360,144
363,144
401,144
479,144
61,145
108,145
237,145
361,145
402,145
479,145
61,146
110,146
237,146
358,146
404,146
479,146
59,147
111,147
237,147
356,147
407,147
479,147
59,148
111,148
237,148
355,148
408,148
479,148
57,149
111,149
237,149
351,149
353,149
353,149
409,149
479,149
57,150
112,150
237,150
351,150
411,150
479,150
56,151
113,151
237,151
351,151
412,151
479,151
55,152
113,152
237,152
349,152
413,152
479,152
54,153
114,153
237,153
347,153
414,153
479,153
53,154
114,154
237,154
347,154
415,154
479,154
52,155
115,155
237,155
346,155
416,155
479,155
52,156
116,156
237,156
346,156
416,156
479,156
51,157
116,157
237,157
344,157
416,157
479,157
51,158
117,158
237,158
344,158
416,158
479,158
51,159
118,159
237,159
343,159
416,159
416,159
418,159
479,159
51,160
119,160
237,160
342,160
418,160
479,160
51,161
119,161
237,161
342,161
418,161
479,161
49,162
119,162
237,162
340,162
419,162
479,162
48,163
120,163
237,163
340,163
419,163
479,163
48,164
120,164
237,164
338,164
340,164
340,164
420,164
479,164
48,165
120,165
237,165
338,165
340,165
340,165
420,165
479,165
48,166
120,166
237,166
340,166
420,166
479,166
48,167
121,167
237,167
339,167
420,167
479,167
48,168
121,168
237,168
334,168
336,168
338,168
421,168
479,168
48,169
122,169
237,169
333,169
335,169
336,169
421,169
479,169
48,170
122,170
237,170
333,170
421,170
479,170
48,171
122,171
237,171
334,171
422,171
479,171
48,172
122,172
237,172
333,172
422,172
479,172
48,173
122,173
237,173
332,173
423,173
479,173
48,174
122,174
237,174
332,174
423,174
479,174
48,175
122,175
237,175
332,175
423,175
479,175
48,176
122,176
237,176
332,176
425,176
479,176
48,177
122,177
237,177
332,177
425,177
479,177
48,178
122,178
237,178
329,178
331,178
331,178
426,178
479,178
48,179
122,179
237,179
331,179
425,179
479,179
48,180
122,180
237,180
328,180
330,180
330,180
425,180
479,180
48,181
122,181
237,181
329,181
424,181
479,181
48,182
122,182
237,182
329,182
424,182
479,182
48,183
122,183
237,183
326,183
424,183
479,183
48,184
120,184
237,184
326,184
424,184
479,184
48,185
120,185
237,185
328,185
330,185
331,185
423,185
479,185
48,186
120,186
237,186
331,186
424,186
479,186
48,187
120,187
237,187
332,187
423,187
479,187
49,188
120,188
237,188
333,188
422,188
479,188
49,189
120,189
237,189
333,189
421,189
479,189
49,190
119,190
237,190
333,190
421,190
479,190
50,191
119,191
237,191
331,191
333,191
334,191
420,191
479,191
50,192
118,192
237,192
336,192
420,192
479,192
50,193
118,193
237,193
337,193
420,193
479,193
50,194
118,194
237,194
340,194
420,194
479,194
51,195
117,195
237,195
340,195
419,195
479,195
51,196
117,196
237,196
341,196
418,196
479,196
52,197
116,197
237,197
341,197
418,197
479,197
53,198
116,198
237,198
342,198
418,198
479,198
54,199
115,199
237,199
343,199
418,199
479,199
54,200
115,200
237,200
343,200
416,200
479,200
55,201
114,201
237,201
343,201
416,201
479,201
56,202
114,202
237,202
344,202
416,202
479,202
56,203
113,203
237,203
345,203
415,203
479,203
57,204
112,204
237,204
347,204
414,204
479,204
58,205
111,205
237,205
348,205
413,205
479,205
59,206
110,206
237,206
349,206
412,206
479,206
60,207
110,207
237,207
350,207
410,207
479,207
62,208
108,208
237,208
351,208
409,208
479,208
63,209
105,209
237,209
352,209
409,209
479,209
64,210
104,210
237,210
355,210
407,210
479,210
64,211
105,211
237,211
356,211
404,211
479,211
66,212
102,212
237,212
357,212
403,212
479,212
68,213
100,213
237,213
360,213
402,213
479,213
71,214
98,214
237,214
363,214
399,214
479,214
72,215
97,215
237,215
366,215
393,215
479,215
75,216
94,216
237,216
369,216
384,216
479,216
80,217
88,217
237,217
479,217
237,218
479,218
237,219
479,219
237,220
479,220
237,221
479,221
237,222
479,222
237,223
479,223
237,224
479,224
237,225
479,225
237,226
479,226
237,227
479,227
237,228
479,228
237,229
479,229
237,230
479,230
237,231
479,231
237,232
479,232
237,233
479,233
237,234
479,234
237,235
479,235
237,236
479,236
237,237
479,237
237,238
479,238
237,239
479,239
237,240
479,240
237,241
479,241
237,242
479,242
237,243
479,243
237,244
479,244
237,245
479,245
237,246
479,246
237,247
479,247
237,248
479,248
237,249
479,249
237,250
479,250
237,251
479,251
237,252
479,252
237,253
479,253
237,254
479,254
237,255
479,255
237,256
479,256
237,257
479,257
237,258
479,258
237,259
479,259
237,260
479,260
237,261
479,261
237,262
479,262
237,263
479,263
237,264
479,264
237,265
479,265
237,266
479,266
237,267
479,267
237,268
479,268
237,269
479,269
237,270
479,270
237,271
479,271
237,272
479,272
237,273
479,273
237,274
479,274
237,275
479,275
237,276
479,276
237,277
479,277
237,278
479,278
237,279
479,279
237,280
479,280
237,281
479,281
237,282
479,282
237,283
479,283
237,284
479,284
237,285
479,285
237,286
479,286
237,287
479,287
237,288
479,288
237,289
479,289
237,290
479,290
237,291
479,291
237,292
479,292
237,293
479,293
237,294
479,294
237,295
479,295
237,296
479,296
237,297
479,297
237,298
479,298
237,299
479,299
237,300
479,300
237,301
479,301
237,302
479,302
237,303
479,303
237,304
479,304
237,305
479,305
237,306
479,306
237,307
479,307
237,308
479,308
237,309
479,309
237,310
479,310
237,311
479,311
237,312
479,312
237,313
479,313
237,314
479,314
237,315
479,315
237,316
479,316
237,317
479,317
237,318
479,318
237,319
479,319
237,320
479,320
237,321
479,321
237,322
479,322
237,323
479,323
237,324
479,324
237,325
479,325
237,326
479,326
237,327
479,327
237,328
479,328
237,329
479,329
237,330
479,330
237,331
479,331
237,332
479,332
237,333
479,333
237,334
479,334
237,335
479,335
237,336
479,336
237,337
479,337
237,338
479,338
237,339
479,339
237,340
479,340
237,341
479,341
237,342
479,342
237,343
479,343
237,344
479,344
237,345
479,345
237,346
479,346
237,347
479,347
237,348
479,348
237,349
479,349
237,350
479,350
237,351
479,351
237,352
479,352
237,353
479,353
237,354
479,354
237,355
479,355
237,356
479,356
237,357
479,357
237,358
479,358
237,359
479,359
