100,0
479,0
100,1
479,1
100,2
479,2
100,3
479,3
100,4
479,4
100,5
479,5
100,6
479,6
100,7
479,7
100,8
479,8
100,9
479,9
100,10
479,10
100,11
479,11
100,12
479,12
100,13
479,13
100,14
479,14
100,15
479,15
100,16
479,16
100,17
479,17
100,18
479,18
100,19
479,19
100,20
479,20
100,21
479,21
100,22
479,22
100,23
479,23
100,24
479,24
100,25
479,25
100,26
479,26
100,27
479,27
100,28
479,28
100,29
479,29
100,30
479,30
100,31
479,31
100,32
479,32
100,33
479,33
100,34
479,34
100,35
479,35
100,36
479,36
100,37
479,37
100,38
479,38
100,39
479,39
100,40
479,40
100,41
479,41
100,42
479,42
100,43
479,43
100,44
479,44
100,45
479,45
100,46
479,46
100,47
479,47
100,48
479,48
100,49
479,49
100,50
479,50
100,51
479,51
100,52
479,52
100,53
479,53
100,54
479,54
100,55
479,55
100,56
479,56
100,57
479,57
100,58
479,58
100,59
479,59
100,60
479,60
100,61
479,61
100,62
479,62
100,63
479,63
100,64
479,64
100,65
479,65
100,66
479,66
100,67
479,67
100,68
479,68
100,69
479,69
100,70
479,70
100,71
479,71
100,72
479,72
100,73
479,73
100,74
479,74
100,75
479,75
100,76
479,76
100,77
479,77
100,78
479,78
100,79
479,79
100,80
479,80
100,81
479,81
100,82
479,82
100,83
479,83
100,84
479,84
100,85
479,85
100,86
479,86
100,87
479,87
100,88
479,88
100,89
479,89
100,90
479,90
100,91
479,91
100,92
479,92
100,93
479,93
100,94
479,94
100,95
479,95
100,96
479,96
100,97
479,97
100,98
479,98
100,99
479,99
100,100
479,100
100,101
479,101
100,102
479,102
100,103
479,103
100,104
479,104
100,105
479,105
100,106
479,106
100,107
479,107
100,108
479,108
100,109
479,109
100,110
479,110
100,111
479,111
100,112
479,112
100,113
479,113
100,114
479,114
100,115
479,115
100,116
479,116
100,117
278,117
282,117
285,117
287,117
479,117
100,118
274,118
291,118
479,118
100,119
271,119
294,119
479,119
100,120
269,120
295,120
479,120
100,121
268,121
297,121
479,121
100,122
267,122
298,122
479,122
100,123
266,123
299,123
479,123
100,124
265,124
300,124
479,124
100,125
264,125
302,125
479,125
100,126
264,126
303,126
479,126
100,127
264,127
304,127
479,127
100,128
263,128
305,128
479,128
100,129
244,129
252,129
262,129
307,129
479,129
100,130
241,130
254,130
261,130
308,130
479,130
100,131
241,131
255,131
258,131
293,131
296,131
310,131
479,131
100,132
237,132
256,132
256,132
293,132
296,132
311,132
479,132
100,133
237,133
293,133
299,133
312,133
479,133
100,134
236,134
293,134
299,134
313,134
479,134
100,135
236,135
293,135
299,135
301,135
301,135
313,135
479,135
100,136
237,136
294,136
303,136
313,136
479,136
100,137
237,137
294,137
308,137
310,137
479,137
100,138
237,138
295,138
302,138
305,138
479,138
100,139
236,139
300,139
479,139
100,140
237,140
302,140
479,140
100,141
238,141
304,141
479,141
100,142
238,142
307,142
479,142
100,143
239,143
309,143
479,143
100,144
241,144
312,144
479,144
100,145
243,145
314,145
479,145
100,146
245,146
316,146
479,146
100,147
247,147
317,147
479,147
100,148
251,148
317,148
479,148
100,149
253,149
317,149
479,149
100,150
256,150
316,150
479,150
100,151
261,151
316,151
479,151
100,152
263,152
315,152
315,152
318,152
479,152
100,153
264,153
314,153
479,153
100,154
264,154
315,154
479,154
100,155
266,155
319,155
479,155
100,156
267,156
322,156
479,156
100,157
268,157
325,157
325,157
327,157
479,157
100,158
270,158
325,158
325,158
327,158
479,158
100,159
270,159
329,159
479,159
100,160
274,160
329,160
479,160
100,161
273,161
275,161
275,161
330,161
479,161
100,162
275,162
330,162
479,162
100,163
275,163
330,163
479,163
100,164
275,164
330,164
479,164
100,165
275,165
330,165
479,165
100,166
275,166
331,166
479,166
100,167
275,167
331,167
479,167
100,168
274,168
331,168
479,168
100,169
273,169
326,169
327,169
329,169
329,169
331,169
479,169
100,170
273,170
301,170
301,170
326,170
479,170
100,171
272,171
302,171
303,171
316,171
316,171
330,171
479,171
100,172
272,172
302,172
305,172
315,172
319,172
321,172
322,172
324,172
479,172
100,173
271,173
303,173
306,173
310,173
311,173
313,173
319,173
321,173
479,173
100,174
271,174
305,174
307,174
309,174
315,174
323,174
479,174
100,175
271,175
305,175
313,175
324,175
479,175
100,176
271,176
305,176
311,176
325,176
479,176
100,177
271,177
305,177
309,177
325,177
479,177
100,178
272,178
305,178
309,178
324,178
479,178
100,179
272,179
306,179
308,179
325,179
479,179
100,180
272,180
306,180
308,180
325,180
479,180
100,181
272,181
306,181
307,181
325,181
479,181
100,182
273,182
307,182
307,182
325,182
479,182
100,183
273,183
325,183
479,183
100,184
273,184
325,184
479,184
100,185
272,185
325,185
479,185
100,186
272,186
325,186
479,186
100,187
272,187
325,187
479,187
100,188
272,188
325,188
479,188
100,189
272,189
283,189
283,189
326,189
479,189
100,190
272,190
283,190
284,190
326,190
328,190
330,190
479,190
100,191
271,191
283,191
285,191
332,191
479,191
100,192
270,192
282,192
285,192
334,192
479,192
100,193
269,193
282,193
286,193
339,193
346,193
352,193
479,193
100,194
269,194
281,194
286,194
344,194
354,194
356,194
479,194
100,195
268,195
281,195
286,195
349,195
479,195
100,196
265,196
267,196
268,196
281,196
286,196
356,196
479,196
100,197
267,197
280,197
285,197
356,197
479,197
100,198
266,198
279,198
285,198
356,198
479,198
100,199
266,199
278,199
284,199
322,199
323,199
355,199
479,199
100,200
265,200
277,200
283,200
323,200
325,200
355,200
370,200
397,200
479,200
100,201
264,201
276,201
282,201
325,201
326,201
355,201
363,201
403,201
479,201
100,202
264,202
276,202
282,202
327,202
329,202
355,202
359,202
404,202
479,202
100,203
164,203
179,203
263,203
275,203
280,203
330,203
331,203
404,203
479,203
100,204
162,204
191,204
262,204
274,204
276,204
278,204
279,204
403,204
403,204
408,204
479,204
100,205
162,205
194,205
261,205
273,205
274,205
277,205
278,205
407,205
479,205
100,206
162,206
204,206
260,206
272,206
276,206
407,206
479,206
100,207
162,207
213,207
259,207
271,207
275,207
406,207
479,207
100,208
163,208
222,208
258,208
270,208
273,208
406,208
479,208
100,209
164,209
233,209
257,209
270,209
271,209
406,209
479,209
100,210
165,210
246,210
256,210
407,210
479,210
100,211
165,211
411,211
479,211
100,212
166,212
412,212
479,212
100,213
168,213
411,213
413,213
417,213
479,213
100,214
174,214
417,214
479,214
100,215
182,215
417,215
479,215
100,216
183,216
421,216
479,216
100,217
183,217
419,217
479,217
100,218
184,218
421,218
479,218
100,219
184,219
196,219
197,219
218,219
224,219
226,219
227,219
425,219
479,219
100,220
184,220
195,220
199,220
223,220
244,220
425,220
479,220
100,221
185,221
195,221
203,221
226,221
249,221
251,221
251,221
254,221
256,221
422,221
479,221
100,222
187,222
192,222
193,222
195,222
205,222
230,222
259,222
263,222
263,222
421,222
479,222
100,223
208,223
231,223
264,223
421,223
479,223
100,224
210,224
240,224
266,224
420,224
479,224
100,225
213,225
237,225
266,225
423,225
479,225
100,226
216,226
236,226
266,226
424,226
479,226
100,227
221,227
237,227
237,227
240,227
265,227
423,227
479,227
100,228
221,228
223,228
224,228
226,228
226,228
237,228
265,228
422,228
479,228
100,229
231,229
236,229
265,229
423,229
479,229
100,230
265,230
424,230
479,230
100,231
267,231
421,231
479,231
100,232
267,232
320,232
322,232
325,232
338,232
421,232
479,232
100,233
274,233
280,233
289,233
320,233
340,233
421,233
479,233
100,234
296,234
321,234
344,234
421,234
479,234
100,235
294,235
296,235
300,235
321,235
347,235
422,235
479,235
100,236
301,236
322,236
350,236
421,236
479,236
100,237
300,237
322,237
357,237
421,237
479,237
100,238
300,238
322,238
364,238
410,238
410,238
421,238
479,238
100,239
300,239
322,239
369,239
412,239
412,239
418,239
418,239
420,239
479,239
100,240
301,240
323,240
374,240
407,240
409,240
411,240
479,240
100,241
301,241
323,241
379,241
407,241
479,241
100,242
301,242
323,242
381,242
406,242
479,242
100,243
301,243
323,243
383,243
406,243
479,243
100,244
301,244
323,244
385,244
401,244
479,244
100,245
301,245
323,245
386,245
392,245
392,245
403,245
479,245
100,246
301,246
311,246
311,246
323,246
388,246
393,246
393,246
404,246
479,246
100,247
301,247
311,247
312,247
323,247
389,247
395,247
395,247
399,247
399,247
405,247
479,247
100,248
302,248
310,248
312,248
322,248
387,248
389,248
390,248
396,248
479,248
100,249
302,249
310,249
313,249
321,249
391,249
397,249
479,249
100,250
303,250
309,250
314,250
321,250
479,250
100,251
311,251
313,251
314,251
316,251
479,251
100,252
479,252
100,253
479,253
100,254
479,254
100,255
479,255
100,256
479,256
100,257
479,257
100,258
479,258
100,259
479,259
100,260
479,260
100,261
479,261
100,262
479,262
100,263
479,263
100,264
479,264
100,265
479,265
100,266
479,266
100,267
479,267
100,268
479,268
100,269
479,269
100,270
479,270
100,271
479,271
100,272
479,272
100,273
479,273
100,274
479,274
100,275
479,275
100,276
479,276
100,277
479,277
100,278
479,278
100,279
479,279
100,280
479,280
100,281
479,281
100,282
479,282
100,283
479,283
100,284
479,284
100,285
479,285
100,286
479,286
100,287
479,287
100,288
479,288
100,289
479,289
100,290
479,290
100,291
479,291
100,292
479,292
100,293
479,293
100,294
479,294
100,295
479,295
100,296
479,296
100,297
479,297
100,298
479,298
100,299
479,299
100,300
479,300
100,301
479,301
100,302
479,302
100,303
479,303
100,304
479,304
100,305
479,305
100,306
479,306
100,307
479,307
100,308
479,308
100,309
479,309
100,310
479,310
100,311
479,311
100,312
479,312
100,313
479,313
100,314
479,314
100,315
479,315
100,316
479,316
100,317
479,317
100,318
479,318
100,319
479,319
100,320
479,320
100,321
479,321
100,322
479,322
100,323
479,323
100,324
479,324
100,325
479,325
100,326
479,326
100,327
479,327
100,328
479,328
100,329
479,329
100,330
479,330
100,331
479,331
100,332
479,332
100,333
479,333
100,334
479,334
100,335
479,335
100,336
479,336
100,337
479,337
100,338
479,338
100,339
479,339
100,340
479,340
100,341
479,341
100,342
479,342
100,343
479,343
100,344
479,344
100,345
479,345
100,346
479,346
100,347
479,347
100,348
479,348
100,349
479,349
100,350
479,350
100,351
479,351
100,352
479,352
100,353
479,353
100,354
479,354
100,355
479,355
100,356
479,356
100,357
479,357
100,358
479,358
100,359
479,359
