139,0
479,0
139,1
479,1
139,2
479,2
139,3
479,3
139,4
479,4
139,5
479,5
139,6
479,6
139,7
479,7
139,8
479,8
139,9
479,9
139,10
479,10
139,11
479,11
139,12
479,12
139,13
479,13
139,14
479,14
139,15
479,15
139,16
479,16
139,17
479,17
139,18
479,18
139,19
479,19
139,20
479,20
139,21
479,21
139,22
479,22
139,23
479,23
139,24
479,24
139,25
479,25
139,26
479,26
139,27
479,27
139,28
479,28
139,29
479,29
139,30
479,30
139,31
479,31
139,32
479,32
139,33
479,33
139,34
479,34
139,35
479,35
139,36
479,36
139,37
479,37
139,38
479,38
139,39
479,39
139,40
479,40
139,41
479,41
139,42
479,42
139,43
479,43
139,44
479,44
139,45
479,45
139,46
479,46
139,47
479,47
139,48
479,48
139,49
479,49
139,50
479,50
139,51
479,51
139,52
479,52
139,53
479,53
139,54
479,54
139,55
479,55
139,56
479,56
139,57
479,57
139,58
479,58
139,59
479,59
139,60
479,60
139,61
479,61
139,62
479,62
139,63
479,63
139,64
479,64
139,65
479,65
139,66
479,66
139,67
479,67
139,68
479,68
139,69
479,69
139,70
479,70
139,71
479,71
139,72
479,72
139,73
479,73
139,74
479,74
139,75
479,75
139,76
479,76
139,77
479,77
139,78
479,78
139,79
479,79
139,80
479,80
139,81
479,81
139,82
479,82
139,83
479,83
139,84
479,84
139,85
479,85
139,86
479,86
139,87
479,87
139,88
334,88
336,88
479,88
139,89
331,89
334,89
334,89
336,89
479,89
139,90
330,90
335,90
336,90
342,90
479,90
139,91
330,91
343,91
479,91
139,92
324,92
326,92
330,92
343,92
479,92
139,93
325,93
328,93
328,93
343,93
343,93
345,93
479,93
139,94
324,94
329,94
329,94
344,94
479,94
139,95
323,95
344,95
479,95
139,96
323,96
344,96
479,96
139,97
322,97
344,97
479,97
139,98
322,98
344,98
479,98
139,99
322,99
344,99
479,99
139,100
323,100
344,100
479,100
139,101
323,101
344,101
479,101
139,102
323,102
344,102
479,102
139,103
323,103
343,103
345,103
347,103
479,103
139,104
324,104
344,104
356,104
360,104
363,104
365,104
479,104
139,105
325,105
346,105
353,105
368,105
479,105
139,106
325,106
349,106
350,106
370,106
479,106
139,107
326,107
371,107
479,107
139,108
327,108
372,108
479,108
139,109
327,109
374,109
479,109
139,110
327,110
375,110
479,110
139,111
328,111
376,111
479,111
139,112
328,112
377,112
479,112
139,113
329,113
378,113
479,113
139,114
329,114
379,114
479,114
139,115
330,115
379,115
479,115
139,116
331,116
380,116
479,116
139,117
331,117
380,117
479,117
139,118
333,118
381,118
479,118
139,119
333,119
382,119
479,119
139,120
333,120
382,120
479,120
139,121
332,121
382,121
479,121
139,122
332,122
383,122
479,122
139,123
334,123
384,123
479,123
139,124
335,124
383,124
479,124
139,125
335,125
384,125
479,125
139,126
335,126
384,126
479,126
139,127
334,127
384,127
479,127
139,128
334,128
384,128
479,128
139,129
335,129
385,129
479,129
139,130
335,130
385,130
479,130
139,131
335,131
386,131
479,131
139,132
335,132
375,132
375,132
386,132
479,132
139,133
336,133
375,133
376,133
385,133
479,133
139,134
336,134
374,134
375,134
386,134
479,134
139,135
336,135
373,135
376,135
386,135
479,135
139,136
336,136
372,136
376,136
386,136
479,136
139,137
337,137
371,137
376,137
386,137
479,137
0,138
3,138
139,138
337,138
371,138
376,138
387,138
479,138
0,139
5,139
139,139
337,139
372,139
377,139
387,139
387,139
389,139
479,139
0,140
5,140
139,140
339,140
373,140
377,140
387,140
479,140
0,141
8,141
139,141
338,141
373,141
378,141
387,141
479,141
0,142
10,142
139,142
341,142
374,142
379,142
388,142
479,142
0,143
11,143
139,143
337,143
339,143
340,143
375,143
380,143
388,143
479,143
0,144
13,144
139,144
339,144
375,144
381,144
388,144
479,144
0,145
15,145
139,145
338,145
375,145
381,145
388,145
479,145
0,146
16,146
139,146
337,146
366,146
366,146
376,146
382,146
388,146
479,146
0,147
17,147
139,147
336,147
366,147
367,147
376,147
382,147
389,147
479,147
0,148
17,148
139,148
335,148
366,148
367,148
377,148
385,148
389,148
479,148
0,149
18,149
139,149
335,149
367,149
368,149
377,149
479,149
0,150
19,150
139,150
334,150
367,150
369,150
378,150
479,150
0,151
20,151
139,151
333,151
367,151
369,151
378,151
479,151
0,152
20,152
139,152
332,152
367,152
370,152
379,152
479,152
0,153
20,153
139,153
222,153
224,153
329,153
331,153
332,153
369,153
370,153
379,153
479,153
0,154
21,154
139,154
220,154
226,154
226,154
228,154
332,154
368,154
370,154
379,154
479,154
0,155
23,155
139,155
220,155
231,155
330,155
332,155
332,155
368,155
371,155
380,155
479,155
0,156
24,156
139,156
220,156
233,156
330,156
332,156
333,156
368,156
371,156
380,156
479,156
0,157
24,157
139,157
220,157
235,157
330,157
332,157
333,157
369,157
369,157
371,157
372,157
381,157
479,157
0,158
25,158
139,158
220,158
237,158
333,158
369,158
370,158
372,158
372,158
381,158
479,158
0,159
25,159
139,159
220,159
242,159
333,159
369,159
370,159
372,159
372,159
381,159
479,159
0,160
25,160
139,160
220,160
245,160
333,160
369,160
370,160
372,160
373,160
380,160
479,160
0,161
26,161
139,161
220,161
247,161
333,161
370,161
370,161
372,161
373,161
380,161
479,161
0,162
26,162
139,162
221,162
249,162
333,162
370,162
373,162
379,162
479,162
0,163
27,163
139,163
219,163
221,163
221,163
250,163
333,163
371,163
373,163
378,163
479,163
0,164
27,164
139,164
221,164
252,164
332,164
371,164
374,164
378,164
479,164
0,165
27,165
139,165
222,165
255,165
332,165
371,165
371,165
373,165
376,165
378,165
479,165
0,166
27,166
139,166
223,166
257,166
330,166
332,166
332,166
371,166
372,166
377,166
479,166
0,167
27,167
139,167
223,167
260,167
329,167
332,167
332,167
371,167
371,167
378,167
479,167
0,168
28,168
139,168
224,168
262,168
329,168
331,168
332,168
378,168
479,168
0,169
28,169
139,169
225,169
265,169
331,169
379,169
479,169
0,170
28,170
139,170
227,170
268,170
329,170
379,170
479,170
0,171
29,171
139,171
229,171
270,171
328,171
379,171
479,171
0,172
29,172
139,172
231,172
272,172
327,172
381,172
479,172
0,173
29,173
139,173
231,173
276,173
324,173
327,173
327,173
381,173
479,173
0,174
29,174
139,174
232,174
234,174
235,174
279,174
326,174
346,174
346,174
381,174
479,174
0,175
29,175
139,175
235,175
280,175
325,175
346,175
346,175
381,175
479,175
0,176
29,176
139,176
234,176
285,176
323,176
346,176
347,176
381,176
479,176
0,177
29,177
139,177
235,177
286,177
323,177
346,177
347,177
381,177
479,177
0,178
29,178
139,178
236,178
289,178
320,178
322,178
322,178
344,178
347,178
382,178
479,178
0,179
29,179
139,179
236,179
291,179
319,179
321,179
322,179
345,179
347,179
382,179
479,179
0,180
29,180
139,180
237,180
295,180
320,180
343,180
343,180
345,180
345,180
383,180
479,180
0,181
29,181
139,181
237,181
297,181
319,181
344,181
345,181
383,181
479,181
0,182
29,182
139,182
238,182
300,182
314,182
343,182
343,182
383,182
479,182
0,183
28,183
139,183
239,183
244,183
244,183
251,183
251,183
303,183
314,183
340,183
341,183
383,183
479,183
0,184
28,184
139,184
240,184
244,184
254,184
305,184
310,184
313,184
313,184
383,184
479,184
0,185
28,185
139,185
242,185
244,185
255,185
308,185
313,185
384,185
479,185
0,186
28,186
139,186
256,186
268,186
269,186
310,186
312,186
383,186
479,186
0,187
27,187
139,187
257,187
268,187
270,187
384,187
479,187
0,188
27,188
139,188
258,188
268,188
275,188
385,188
479,188
0,189
27,189
139,189
259,189
269,189
275,189
386,189
479,189
0,190
26,190
139,190
260,190
269,190
279,190
387,190
479,190
0,191
26,191
139,191
260,191
270,191
282,191
388,191
479,191
0,192
26,192
139,192
262,192
271,192
285,192
389,192
479,192
0,193
25,193
139,193
262,193
271,193
287,193
289,193
289,193
390,193
479,193
0,194
25,194
139,194
263,194
274,194
291,194
391,194
479,194
0,195
23,195
139,195
263,195
272,195
293,195
392,195
479,195
0,196
24,196
139,196
264,196
275,196
298,196
393,196
479,196
0,197
24,197
139,197
264,197
273,197
299,197
395,197
479,197
0,198
23,198
139,198
264,198
274,198
302,198
395,198
479,198
0,199
23,199
139,199
265,199
276,199
305,199
396,199
479,199
0,200
21,200
139,200
265,200
275,200
311,200
399,200
479,200
0,201
21,201
139,201
266,201
275,201
311,201
399,201
479,201
0,202
19,202
139,202
266,202
275,202
314,202
399,202
479,202
0,203
19,203
139,203
266,203
274,203
315,203
401,203
479,203
0,204
19,204
139,204
266,204
274,204
316,204
403,204
479,204
0,205
15,205
17,205
18,205
139,205
266,205
275,205
316,205
415,205
428,205
430,205
479,205
0,206
15,206
139,206
266,206
275,206
315,206
426,206
479,206
0,207
15,207
139,207
267,207
276,207
315,207
431,207
431,207
433,207
479,207
0,208
14,208
139,208
267,208
275,208
315,208
438,208
479,208
0,209
13,209
139,209
267,209
276,209
315,209
442,209
479,209
0,210
12,210
139,210
268,210
276,210
316,210
446,210
479,210
0,211
10,211
139,211
268,211
276,211
317,211
448,211
479,211
0,212
9,212
139,212
268,212
277,212
318,212
449,212
479,212
0,213
7,213
139,213
269,213
277,213
319,213
452,213
479,213
0,214
5,214
139,214
271,214
277,214
319,214
454,214
479,214
0,215
3,215
139,215
271,215
274,215
320,215
456,215
479,215
139,216
320,216
458,216
479,216
139,217
322,217
461,217
479,217
139,218
324,218
462,218
479,218
139,219
326,219
463,219
479,219
139,220
331,220
464,220
479,220
139,221
330,221
464,221
479,221
139,222
338,222
464,222
479,222
139,223
339,223
464,223
479,223
139,224
341,224
466,224
479,224
139,225
342,225
467,225
479,225
139,226
343,226
467,226
479,226
139,227
344,227
468,227
479,227
139,228
346,228
468,228
479,228
139,229
346,229
468,229
479,229
139,230
348,230
387,230
387,230
466,230
479,230
139,231
349,231
386,231
386,231
466,231
479,231
139,232
349,232
385,232
388,232
467,232
479,232
139,233
348,233
384,233
390,233
467,233
467,233
469,233
479,233
139,234
348,234
383,234
391,234
468,234
479,234
139,235
348,235
382,235
391,235
469,235
479,235
139,236
348,236
381,236
393,236
473,236
479,236
139,237
349,237
380,237
395,237
474,237
479,237
139,238
349,238
371,238
371,238
375,238
395,238
474,238
479,238
139,239
349,239
370,239
395,239
476,239
479,239
139,240
350,240
370,240
399,240
475,240
479,240
139,241
351,241
370,241
400,241
477,241
479,241
139,242
351,242
370,242
402,242
476,242
479,242
139,243
352,243
358,243
358,243
370,243
404,243
477,243
479,243
139,244
358,244
370,244
407,244
477,244
477,244
479,244
479,244
139,245
359,245
370,245
408,245
139,246
360,246
370,246
410,246
479,246
479,246
139,247
361,247
369,247
412,247
479,247
479,247
139,248
416,248
139,249
418,249
139,250
420,250
475,250
479,250
139,251
422,251
476,251
479,251
139,252
423,252
475,252
479,252
139,253
424,253
476,253
479,253
139,254
427,254
476,254
479,254
139,255
428,255
475,255
479,255
139,256
432,256
475,256
479,256
139,257
433,257
475,257
479,257
139,258
433,258
473,258
479,258
139,259
434,259
473,259
479,259
139,260
434,260
459,260
459,260
473,260
479,260
139,261
435,261
473,261
479,261
139,262
436,262
440,262
440,262
461,262
461,262
474,262
479,262
139,263
436,263
441,263
441,263
461,263
461,263
473,263
479,263
139,264
437,264
441,264
441,264
456,264
463,264
470,264
479,264
139,265
437,265
442,265
442,265
454,265
464,265
470,265
479,265
139,266
436,266
438,266
438,266
449,266
479,266
139,267
437,267
443,267
443,267
445,267
445,267
449,267
479,267
139,268
439,268
443,268
446,268
451,268
479,268
139,269
447,269
450,269
479,269
139,270
442,270
444,270
479,270
139,271
479,271
139,272
479,272
139,273
479,273
139,274
479,274
139,275
479,275
139,276
479,276
139,277
479,277
139,278
479,278
139,279
479,279
139,280
479,280
139,281
479,281
139,282
479,282
139,283
479,283
139,284
479,284
139,285
479,285
139,286
479,286
139,287
479,287
139,288
479,288
139,289
479,289
139,290
479,290
139,291
479,291
139,292
479,292
139,293
479,293
139,294
479,294
139,295
479,295
139,296
479,296
139,297
479,297
139,298
479,298
139,299
479,299
139,300
479,300
139,301
479,301
139,302
479,302
139,303
479,303
139,304
479,304
139,305
479,305
139,306
479,306
139,307
479,307
139,308
479,308
139,309
479,309
139,310
479,310
139,311
479,311
139,312
479,312
139,313
479,313
139,314
479,314
139,315
479,315
139,316
479,316
139,317
479,317
139,318
479,318
139,319
479,319
139,320
479,320
139,321
479,321
139,322
479,322
139,323
479,323
139,324
479,324
139,325
479,325
139,326
479,326
139,327
479,327
139,328
479,328
139,329
479,329
139,330
479,330
139,331
479,331
139,332
479,332
139,333
479,333
139,334
479,334
139,335
479,335
139,336
479,336
139,337
479,337
139,338
479,338
139,339
479,339
139,340
479,340
139,341
479,341
139,342
479,342
139,343
479,343
139,344
479,344
139,345
479,345
139,346
479,346
139,347
479,347
139,348
479,348
139,349
479,349
139,350
479,350
139,351
479,351
139,352
479,352
139,353
479,353
139,354
479,354
139,355
479,355
139,356
479,356
139,357
479,357
139,358
479,358
139,359
479,359
