152,0
479,0
152,1
479,1
152,2
479,2
152,3
479,3
152,4
479,4
152,5
479,5
152,6
479,6
152,7
479,7
152,8
479,8
152,9
479,9
152,10
479,10
152,11
479,11
152,12
479,12
152,13
479,13
152,14
479,14
152,15
479,15
152,16
479,16
152,17
479,17
152,18
479,18
152,19
479,19
152,20
479,20
152,21
479,21
152,22
479,22
152,23
479,23
152,24
479,24
152,25
479,25
152,26
479,26
152,27
479,27
152,28
479,28
152,29
479,29
152,30
479,30
152,31
479,31
152,32
479,32
152,33
479,33
152,34
479,34
152,35
479,35
152,36
479,36
152,37
479,37
152,38
479,38
152,39
479,39
152,40
479,40
152,41
479,41
152,42
479,42
152,43
479,43
152,44
479,44
152,45
479,45
152,46
479,46
152,47
479,47
152,48
479,48
152,49
479,49
152,50
479,50
152,51
479,51
152,52
479,52
152,53
479,53
152,54
479,54
152,55
479,55
152,56
340,56
343,56
479,56
152,57
339,57
351,57
479,57
152,58
338,58
352,58
479,58
152,59
337,59
352,59
479,59
152,60
337,60
351,60
479,60
152,61
331,61
335,61
336,61
351,61
479,61
152,62
330,62
336,62
336,62
352,62
479,62
152,63
330,63
352,63
479,63
152,64
329,64
352,64
479,64
152,65
329,65
353,65
479,65
152,66
329,66
353,66
479,66
152,67
329,67
353,67
479,67
152,68
330,68
353,68
479,68
152,69
330,69
353,69
370,69
372,69
479,69
152,70
330,70
352,70
479,70
152,71
330,71
352,71
363,71
373,71
479,71
152,72
331,72
353,72
355,72
360,72
360,72
376,72
479,72
152,73
332,73
354,73
358,73
378,73
479,73
152,74
332,74
379,74
479,74
152,75
332,75
380,75
479,75
152,76
332,76
382,76
479,76
152,77
333,77
384,77
479,77
152,78
334,78
385,78
479,78
152,79
335,79
386,79
479,79
152,80
335,80
387,80
479,80
152,81
336,81
387,81
479,81
152,82
337,82
388,82
479,82
152,83
338,83
389,83
479,83
152,84
338,84
389,84
479,84
152,85
338,85
389,85
479,85
152,86
339,86
390,86
479,86
152,87
340,87
390,87
479,87
152,88
340,88
390,88
479,88
152,89
340,89
391,89
479,89
152,90
341,90
391,90
479,90
152,91
341,91
392,91
479,91
152,92
342,92
391,92
479,92
152,93
342,93
392,93
479,93
152,94
342,94
392,94
479,94
152,95
342,95
392,95
479,95
152,96
342,96
393,96
479,96
152,97
343,97
394,97
479,97
152,98
343,98
394,98
479,98
152,99
344,99
393,99
479,99
152,100
343,100
394,100
479,100
152,101
343,101
394,101
479,101
152,102
344,102
383,102
384,102
394,102
479,102
152,103
344,103
383,103
384,103
394,103
479,103
152,104
344,104
382,104
385,104
394,104
479,104
152,105
345,105
383,105
385,105
394,105
479,105
152,106
345,106
383,106
385,106
394,106
479,106
152,107
345,107
383,107
386,107
394,107
479,107
152,108
346,108
384,108
386,108
394,108
479,108
152,109
345,109
384,109
386,109
394,109
479,109
152,110
347,110
384,110
387,110
395,110
479,110
152,111
346,111
384,111
387,111
395,111
479,111
152,112
346,112
385,112
387,112
395,112
479,112
152,113
345,113
386,113
388,113
395,113
479,113
152,114
344,114
387,114
388,114
394,114
479,114
152,115
343,115
387,115
387,115
395,115
479,115
152,116
342,116
388,116
390,116
395,116
479,116
152,117
341,117
388,117
390,117
395,117
479,117
152,118
340,118
389,118
390,118
394,118
479,118
152,119
340,119
377,119
377,119
389,119
390,119
394,119
479,119
152,120
227,120
229,120
230,120
232,120
340,120
376,120
378,120
389,120
390,120
392,120
479,120
152,121
340,121
377,121
379,121
389,121
390,121
392,121
479,121
152,122
227,122
232,122
340,122
377,122
380,122
389,122
479,122
152,123
227,123
236,123
341,123
377,123
380,123
389,123
479,123
152,124
227,124
239,124
341,124
377,124
381,124
390,124
479,124
152,125
227,125
241,125
340,125
377,125
381,125
390,125
390,125
392,125
479,125
152,126
227,126
243,126
340,126
378,126
382,126
392,126
479,126
152,127
227,127
246,127
340,127
379,127
380,127
382,127
383,127
392,127
479,127
152,128
227,128
252,128
341,128
378,128
382,128
392,128
479,128
152,129
227,129
253,129
340,129
378,129
382,129
392,129
479,129
152,130
228,130
255,130
340,130
379,130
382,130
393,130
479,130
152,131
228,131
256,131
339,131
379,131
384,131
392,131
479,131
152,132
228,132
258,132
338,132
379,132
381,132
385,132
479,132
152,133
229,133
261,133
337,133
379,133
380,133
386,133
479,133
152,134
230,134
263,134
337,134
339,134
339,134
379,134
379,134
387,134
479,134
152,135
230,135
267,135
339,135
387,135
479,135
0,136
8,136
152,136
230,136
269,136
270,136
272,136
338,136
388,136
479,136
0,137
12,137
152,137
231,137
271,137
337,137
388,137
479,137
0,138
13,138
152,138
231,138
275,138
336,138
388,138
479,138
0,139
15,139
152,139
231,139
276,139
333,139
335,139
335,139
389,139
479,139
0,140
18,140
152,140
231,140
279,140
333,140
389,140
479,140
0,141
21,141
152,141
232,141
234,141
235,141
282,141
333,141
389,141
479,141
0,142
22,142
152,142
235,142
286,142
333,142
389,142
479,142
0,143
18,143
20,143
23,143
152,143
236,143
287,143
332,143
389,143
479,143
0,144
25,144
152,144
239,144
289,144
330,144
390,144
479,144
0,145
26,145
152,145
239,145
293,145
330,145
354,145
354,145
390,145
479,145
0,146
27,146
152,146
243,146
295,146
327,146
329,146
329,146
354,146
354,146
391,146
479,146
0,147
28,147
152,147
244,147
298,147
326,147
328,147
329,147
354,147
354,147
391,147
479,147
0,148
29,148
152,148
245,148
301,148
327,148
353,148
353,148
391,148
479,148
0,149
30,149
152,149
245,149
304,149
327,149
352,149
352,149
391,149
479,149
0,150
31,150
152,150
245,150
307,150
321,150
325,150
325,150
391,150
479,150
0,151
32,151
152,151
244,151
310,151
321,151
391,151
479,151
0,152
32,152
152,152
245,152
312,152
318,152
321,152
321,152
391,152
479,152
0,153
32,153
152,153
246,153
315,153
320,153
392,153
479,153
0,154
33,154
152,154
247,154
252,154
252,154
318,154
319,154
392,154
479,154
0,155
33,155
35,155
35,155
152,155
247,155
252,155
253,155
262,155
262,155
393,155
479,155
0,156
36,156
152,156
256,156
258,156
264,156
394,156
479,156
0,157
36,157
152,157
265,157
395,157
479,157
0,158
37,158
152,158
266,158
396,158
479,158
0,159
37,159
152,159
264,159
266,159
267,159
397,159
479,159
0,160
37,160
152,160
268,160
283,160
283,160
398,160
479,160
0,161
37,161
152,161
269,161
282,161
283,161
399,161
479,161
0,162
37,162
152,162
270,162
282,162
289,162
400,162
479,162
0,163
37,163
152,163
271,163
282,163
289,163
401,163
479,163
0,164
39,164
152,164
272,164
282,164
295,164
402,164
479,164
0,165
39,165
152,165
273,165
283,165
283,165
285,165
296,165
404,165
479,165
0,166
39,166
152,166
273,166
283,166
300,166
405,166
479,166
0,167
39,167
152,167
273,167
284,167
284,167
286,167
301,167
405,167
479,167
0,168
39,168
152,168
275,168
285,168
285,168
287,168
305,168
308,168
309,168
406,168
479,168
0,169
39,169
152,169
276,169
285,169
307,169
309,169
309,169
406,169
479,169
0,170
39,170
152,170
276,170
285,170
312,170
407,170
479,170
0,171
39,171
152,171
276,171
285,171
313,171
408,171
479,171
0,172
40,172
152,172
277,172
285,172
318,172
410,172
479,172
0,173
40,173
152,173
277,173
285,173
319,173
420,173
479,173
0,174
40,174
152,174
277,174
286,174
322,174
432,174
479,174
0,175
40,175
152,175
277,175
286,175
322,175
440,175
479,175
0,176
40,176
152,176
278,176
286,176
322,176
447,176
479,176
0,177
40,177
152,177
278,177
286,177
323,177
451,177
479,177
0,178
40,178
152,178
279,178
286,178
324,178
455,178
479,178
0,179
40,179
152,179
279,179
286,179
324,179
457,179
479,179
0,180
40,180
152,180
279,180
287,180
323,180
325,180
325,180
458,180
479,180
0,181
40,181
152,181
279,181
287,181
323,181
325,181
325,181
461,181
479,181
0,182
39,182
152,182
280,182
287,182
325,182
462,182
479,182
0,183
39,183
152,183
280,183
287,183
326,183
464,183
479,183
0,184
39,184
152,184
280,184
287,184
326,184
466,184
479,184
0,185
39,185
152,185
282,185
285,185
327,185
467,185
479,185
0,186
39,186
152,186
328,186
468,186
479,186
0,187
39,187
152,187
329,187
470,187
479,187
0,188
39,188
152,188
331,188
470,188
479,188
0,189
39,189
152,189
331,189
470,189
479,189
0,190
38,190
152,190
333,190
470,190
479,190
0,191
38,191
152,191
336,191
472,191
479,191
0,192
37,192
152,192
339,192
472,192
479,192
0,193
37,193
152,193
345,193
474,193
479,193
0,194
36,194
152,194
347,194
474,194
479,194
0,195
35,195
152,195
349,195
475,195
479,195
0,196
36,196
152,196
350,196
475,196
479,196
0,197
35,197
152,197
352,197
475,197
479,197
0,198
35,198
152,198
353,198
475,198
479,198
0,199
34,199
152,199
354,199
474,199
479,199
0,200
33,200
152,200
356,200
476,200
479,200
0,201
33,201
152,201
356,201
476,201
479,201
0,202
30,202
152,202
356,202
475,202
477,202
479,202
479,202
0,203
31,203
152,203
356,203
395,203
395,203
475,203
479,203
0,204
30,204
152,204
356,204
393,204
396,204
0,205
28,205
152,205
356,205
392,205
395,205
0,206
28,206
152,206
357,206
392,206
399,206
0,207
26,207
152,207
357,207
391,207
400,207
0,208
26,208
152,208
357,208
386,208
402,208
0,209
25,209
152,209
357,209
381,209
403,209
0,210
24,210
152,210
355,210
357,210
358,210
379,210
405,210
0,211
22,211
152,211
359,211
379,211
406,211
0,212
21,212
152,212
359,212
378,212
408,212
0,213
19,213
152,213
359,213
378,213
410,213
0,214
17,214
152,214
360,214
378,214
411,214
0,215
14,215
152,215
360,215
378,215
412,215
0,216
11,216
152,216
363,216
378,216
416,216
0,217
8,217
152,217
363,217
377,217
419,217
152,218
370,218
375,218
422,218
152,219
423,219
152,220
425,220
152,221
427,221
152,222
430,222
152,223
430,223
152,224
432,224
152,225
434,225
152,226
436,226
152,227
438,227
152,228
440,228
152,229
441,229
152,230
440,230
442,230
442,230
152,231
443,231
152,232
443,232
467,232
467,232
152,233
444,233
152,234
444,234
448,234
448,234
468,234
468,234
152,235
444,235
468,235
469,235
152,236
445,236
464,236
465,236
467,236
470,236
152,237
446,237
451,237
451,237
456,237
470,237
152,238
447,238
450,238
451,238
457,238
479,238
152,239
447,239
450,239
452,239
458,239
479,239
152,240
448,240
451,240
454,240
457,240
479,240
152,241
455,241
457,241
479,241
152,242
455,242
457,242
479,242
152,243
479,243
152,244
479,244
152,245
479,245
152,246
479,246
152,247
479,247
152,248
479,248
152,249
479,249
152,250
479,250
152,251
479,251
152,252
479,252
152,253
479,253
152,254
479,254
152,255
479,255
152,256
479,256
152,257
479,257
152,258
479,258
152,259
479,259
152,260
479,260
152,261
479,261
152,262
479,262
152,263
479,263
152,264
479,264
152,265
479,265
152,266
479,266
152,267
479,267
152,268
479,268
152,269
479,269
152,270
479,270
152,271
479,271
152,272
479,272
152,273
479,273
152,274
479,274
152,275
479,275
152,276
479,276
152,277
479,277
152,278
479,278
152,279
479,279
152,280
479,280
152,281
479,281
152,282
479,282
152,283
479,283
152,284
479,284
152,285
479,285
152,286
479,286
152,287
479,287
152,288
479,288
152,289
479,289
152,290
479,290
152,291
479,291
152,292
479,292
152,293
479,293
152,294
479,294
152,295
479,295
152,296
479,296
152,297
479,297
152,298
479,298
152,299
479,299
152,300
479,300
152,301
479,301
152,302
479,302
152,303
479,303
152,304
479,304
152,305
479,305
152,306
479,306
152,307
479,307
152,308
479,308
152,309
479,309
152,310
479,310
152,311
479,311
152,312
479,312
152,313
479,313
152,314
479,314
152,315
479,315
152,316
479,316
152,317
479,317
152,318
479,318
152,319
479,319
152,320
479,320
152,321
479,321
152,322
479,322
152,323
479,323
152,324
479,324
152,325
479,325
152,326
479,326
152,327
479,327
152,328
479,328
152,329
479,329
152,330
479,330
152,331
479,331
152,332
479,332
152,333
479,333
152,334
479,334
152,335
479,335
152,336
479,336
152,337
479,337
152,338
479,338
152,339
479,339
152,340
479,340
152,341
479,341
152,342
479,342
152,343
479,343
152,344
479,344
152,345
479,345
152,346
479,346
152,347
479,347
152,348
479,348
152,349
479,349
152,350
479,350
152,351
479,351
152,352
479,352
152,353
479,353
152,354
479,354
152,355
479,355
152,356
479,356
152,357
479,357
152,358
479,358
152,359
479,359
