174,0
195,0
174,1
195,1
174,2
197,2
174,3
197,3
174,4
197,4
174,5
198,5
173,6
198,6
173,7
199,7
172,8
200,8
171,9
201,9
170,10
202,10
170,11
203,11
170,12
204,12
169,13
206,13
169,14
208,14
168,15
209,15
168,16
211,16
167,17
211,17
166,18
211,18
165,19
211,19
165,20
213,20
218,20
231,20
164,21
232,21
163,22
235,22
272,22
304,22
163,23
237,23
262,23
306,23
163,24
239,24
259,24
312,24
162,25
242,25
258,25
313,25
162,26
243,26
253,26
314,26
162,27
243,27
252,27
315,27
161,28
243,28
251,28
315,28
161,29
244,29
250,29
315,29
161,30
244,30
249,30
315,30
159,31
244,31
249,31
315,31
158,32
245,32
248,32
314,32
158,33
314,33
157,34
314,34
157,35
314,35
157,36
314,36
157,37
314,37
157,38
314,38
155,39
314,39
155,40
313,40
154,41
313,41
154,42
312,42
154,43
312,43
154,44
312,44
154,45
312,45
153,46
312,46
153,47
311,47
152,48
311,48
152,49
310,49
151,50
310,50
151,51
309,51
150,52
309,52
150,53
308,53
149,54
308,54
149,55
308,55
149,56
307,56
149,57
307,57
149,58
306,58
149,59
306,59
150,60
306,60
150,61
154,61
158,61
305,61
158,62
304,62
159,63
304,63
160,64
302,64
161,65
301,65
162,66
301,66
162,67
300,67
162,68
299,68
162,69
298,69
162,70
298,70
162,71
296,71
162,72
296,72
161,73
296,73
159,74
295,74
159,75
295,75
158,76
294,76
157,77
294,77
157,78
293,78
156,79
291,79
156,80
291,80
155,81
291,81
154,82
291,82
153,83
291,83
151,84
292,84
148,85
148,85
150,85
292,85
147,86
293,86
147,87
293,87
147,88
293,88
146,89
293,89
143,90
143,90
145,90
293,90
143,91
293,91
142,92
293,92
141,93
293,93
141,94
294,94
140,95
294,95
139,96
294,96
138,97
294,97
139,98
139,98
141,98
294,98
143,99
143,99
145,99
295,99
140,100
140,100
146,100
295,100
148,101
295,101
152,102
293,102
152,103
293,103
154,104
294,104
153,105
293,105
154,106
293,106
157,107
293,107
157,108
293,108
158,109
292,109
158,110
292,110
158,111
291,111
156,112
291,112
155,113
291,113
155,114
291,114
155,115
290,115
155,116
290,116
155,117
289,117
155,118
287,118
155,119
287,119
155,120
284,120
286,120
286,120
154,121
284,121
154,122
283,122
154,123
281,123
154,124
280,124
154,125
278,125
154,126
277,126
154,127
277,127
154,128
276,128
154,129
275,129
154,130
274,130
154,131
274,131
154,132
274,132
154,133
275,133
154,134
274,134
154,135
275,135
154,136
275,136
154,137
263,137
265,137
275,137
154,138
262,138
266,138
275,138
154,139
262,139
266,139
275,139
154,140
262,140
267,140
275,140
154,141
260,141
267,141
275,141
154,142
260,142
267,142
276,142
155,143
260,143
267,143
276,143
155,144
260,144
265,144
279,144
155,145
258,145
265,145
278,145
156,146
257,146
265,146
279,146
156,147
257,147
265,147
279,147
156,148
257,148
265,148
279,148
156,149
257,149
266,149
279,149
156,150
256,150
266,150
279,150
157,151
256,151
267,151
279,151
156,152
256,152
267,152
279,152
156,153
256,153
267,153
279,153
156,154
256,154
267,154
279,154
156,155
256,155
267,155
279,155
156,156
256,156
267,156
279,156
156,157
256,157
267,157
279,157
156,158
256,158
267,158
279,158
156,159
256,159
267,159
279,159
156,160
256,160
267,160
279,160
156,161
256,161
267,161
279,161
156,162
255,162
267,162
279,162
156,163
172,163
174,163
255,163
267,163
280,163
156,164
165,164
174,164
255,164
267,164
280,164
156,165
164,165
175,165
255,165
267,165
280,165
156,166
163,166
176,166
255,166
267,166
280,166
156,167
163,167
176,167
254,167
268,167
280,167
162,168
163,168
176,168
254,168
268,168
280,168
163,169
163,169
176,169
254,169
268,169
281,169
176,170
254,170
268,170
281,170
176,171
253,171
268,171
281,171
176,172
251,172
253,172
253,172
268,172
281,172
176,173
251,173
253,173
253,173
268,173
281,173
176,174
251,174
253,174
253,174
268,174
281,174
176,175
254,175
268,175
282,175
176,176
255,176
268,176
282,176
176,177
256,177
268,177
281,177
176,178
257,178
267,178
280,178
176,179
257,179
268,179
279,179
176,180
258,180
272,180
279,180
176,181
259,181
272,181
279,181
176,182
259,182
272,182
279,182
176,183
259,183
272,183
279,183
176,184
261,184
272,184
279,184
176,185
262,185
272,185
279,185
176,186
262,186
272,186
279,186
176,187
263,187
273,187
279,187
176,188
264,188
274,188
279,188
176,189
264,189
274,189
279,189
176,190
265,190
274,190
279,190
176,191
266,191
274,191
279,191
176,192
266,192
275,192
279,192
175,193
267,193
275,193
279,193
175,194
268,194
276,194
279,194
175,195
268,195
276,195
278,195
316,195
320,195
175,196
269,196
276,196
278,196
306,196
306,196
314,196
322,196
175,197
270,197
276,197
278,197
304,197
307,197
309,197
324,197
175,198
271,198
276,198
278,198
305,198
328,198
175,199
271,199
276,199
278,199
303,199
329,199
175,200
272,200
276,200
278,200
302,200
331,200
175,201
272,201
277,201
277,201
302,201
333,201
175,202
273,202
277,202
277,202
301,202
335,202
175,203
274,203
277,203
277,203
300,203
337,203
175,204
277,204
300,204
337,204
175,205
277,205
299,205
339,205
175,206
277,206
299,206
340,206
175,207
277,207
298,207
340,207
175,208
277,208
297,208
340,208
175,209
277,209
297,209
341,209
176,210
277,210
296,210
341,210
176,211
277,211
296,211
341,211
176,212
277,212
296,212
342,212
176,213
278,213
296,213
342,213
176,214
278,214
296,214
342,214
176,215
279,215
295,215
342,215
177,216
280,216
295,216
342,216
177,217
280,217
295,217
342,217
177,218
281,218
295,218
342,218
177,219
281,219
295,219
342,219
177,220
282,220
294,220
342,220
176,221
282,221
294,221
342,221
176,222
283,222
294,222
342,222
176,223
283,223
294,223
342,223
177,224
283,224
294,224
341,224
177,225
283,225
294,225
340,225
177,226
284,226
294,226
340,226
176,227
285,227
294,227
340,227
176,228
285,228
294,228
340,228
176,229
286,229
294,229
339,229
176,230
286,230
294,230
339,230
176,231
287,231
294,231
339,231
176,232
287,232
296,232
339,232
176,233
288,233
296,233
339,233
176,234
289,234
296,234
339,234
176,235
289,235
296,235
338,235
176,236
291,236
296,236
338,236
176,237
291,237
296,237
338,237
176,238
291,238
296,238
337,238
176,239
337,239
176,240
337,240
176,241
337,241
176,242
337,242
176,243
336,243
176,244
334,244
176,245
334,245
176,246
333,246
176,247
333,247
176,248
179,248
181,248
333,248
176,249
178,249
182,249
332,249
175,250
175,250
184,250
332,250
175,251
175,251
184,251
332,251
175,252
175,252
185,252
330,252
175,253
175,253
186,253
328,253
175,254
175,254
186,254
325,254
175,255
175,255
186,255
322,255
175,256
175,256
187,256
318,256
175,257
175,257
187,257
313,257
175,258
175,258
188,258
309,258
175,259
175,259
188,259
302,259
175,260
175,260
188,260
299,260
175,261
175,261
188,261
299,261
175,262
175,262
188,262
299,262
175,263
175,263
188,263
300,263
175,264
175,264
190,264
301,264
175,265
175,265
191,265
301,265
175,266
175,266
192,266
302,266
175,267
175,267
192,267
303,267
175,268
175,268
193,268
303,268
175,269
175,269
193,269
303,269
175,270
175,270
194,270
304,270
175,271
175,271
194,271
305,271
175,272
175,272
194,272
306,272
194,273
307,273
194,274
307,274
194,275
308,275
194,276
309,276
193,277
309,277
193,278
309,278
175,279
175,279
193,279
310,279
175,280
175,280
192,280
310,280
175,281
175,281
191,281
310,281
175,282
175,282
190,282
311,282
175,283
175,283
190,283
311,283
175,284
175,284
189,284
312,284
185,285
187,285
189,285
312,285
184,286
187,286
191,286
313,286
185,287
186,287
192,287
313,287
192,288
313,288
178,289
178,289
192,289
313,289
177,290
178,290
192,290
314,290
177,291
178,291
192,291
314,291
177,292
178,292
192,292
315,292
177,293
178,293
191,293
315,293
191,294
315,294
191,295
315,295
190,296
315,296
190,297
315,297
190,298
315,298
190,299
315,299
189,300
316,300
189,301
316,301
187,302
187,302
189,302
317,302
187,303
317,303
187,304
318,304
187,305
318,305
187,306
318,306
186,307
318,307
186,308
319,308
185,309
319,309
184,310
319,310
184,311
319,311
184,312
319,312
183,313
319,313
183,314
319,314
182,315
319,315
182,316
319,316
182,317
319,317
181,318
319,318
181,319
319,319
180,320
319,320
180,321
320,321
180,322
320,322
180,323
320,323
180,324
320,324
180,325
320,325
178,326
319,326
177,327
319,327
177,328
320,328
177,329
320,329
177,330
320,330
177,331
320,331
177,332
320,332
177,333
321,333
177,334
321,334
177,335
321,335
177,336
321,336
177,337
321,337
176,338
321,338
176,339
321,339
176,340
321,340
176,341
321,341
176,342
321,342
176,343
321,343
176,344
321,344
176,345
321,345
176,346
321,346
175,347
321,347
175,348
321,348
175,349
321,349
175,350
321,350
175,351
321,351
175,352
321,352
175,353
321,353
175,354
321,354
175,355
321,355
175,356
321,356
175,357
321,357
175,358
321,358
175,359
321,359
